73.8271026611
75.3532943726
76.0306777954
77.4666519165
80.208404541
83.4858779907
86.9490737915
89.3636550903
177.719924927
151.515045166
172.09147644
164.602279663
160.387771606
155.441543579
169.665084839
75.5989074707
76.916267395
77.45362854
79.0550613403
82.0461654663
85.976020813
89.912437439
92.8414382935
189.785614014
166.589202881
183.180725098
179.533508301
177.795471191
172.699111938
182.698272705
68.152130127
68.8405380249
68.9746856689
69.8446273804
71.9529571533
75.2988128662
78.678855896
81.3862762451
179.551864624
154.5730896
172.807723999
167.188781738
164.5181427
159.801757812
171.434371948
68.9307174683
70.4082641602
71.0010986328
72.8257598877
76.1508407593
80.5676269531
84.9644241333
88.1383132935
193.915817261
171.10484314
186.414199829
185.059402466
181.435836792
175.970565796
188.728149414
72.5056991577
73.8076553345
74.1641464233
75.1862182617
77.4530105591
80.4831008911
83.916847229
86.246887207
182.863967896
161.490402222
175.550384521
175.224212646
169.153106689
164.038406372
178.937347412
88.9437637329
90.3523864746
90.837928772
91.9193725586
94.0443954468
96.6148757935
99.4985656738
101.32068634
179.555633545
161.851547241
172.75869751
176.053619385
167.663116455
162.476593018
179.09286499
64.3570785522
65.9295883179
66.4065704346
67.5686035156
70.1614532471
73.4947738647
77.3371276855
79.9220581055
184.323272705
157.10987854
176.491943359
172.266815186
167.087081909
160.819732666
177.928924561
