94.6720123291
102.953948975
52.0469894409
126.286270142
62.4645042419
60.1677055359
66.0227584839
58.3774986267
56.1737213135
54.6188430786
58.7990493774
63.025302887
55.5126152039
66.9178085327
59.7237319946
58.0528640747
55.7250900269
54.5396003723
67.0806274414
58.9218215942
58.6565704346
60.1179733276
67.758895874
63.3503265381
57.2002410889
62.9827880859
67.5021743774
66.0278091431
68.0548629761
68.4289703369
68.5169830322
61.72215271
59.5718269348
59.1090240479
56.5088577271
57.3837013245
54.9196510315
55.8265380859
54.72315979
51.9742431641
55.2625541687
50.0354003906
58.8480758667
62.3747825623
50.2881355286
52.1801528931
51.0747871399
61.2097015381
51.4801063538
51.4127502441
63.5332832336
66.997467041
55.2725143433
56.0703430176
55.6886291504
52.3712348938
53.3671836853
56.4047164917
57.0053977966
55.5251693726
56.6975631714
60.3281974792
56.5828323364
63.8100357056
64.1236495972
61.2327537537
66.1854248047
64.0865707397
55.6468505859
64.0038223267
64.0851669312
66.8859710693
60.1336669922
63.5546875
60.8258247375
62.2641792297
62.1764717102
62.5001068115
60.3660812378
56.0607757568
65.5477828979
61.25522995
63.105178833
64.3125
61.3746910095
64.1958847046
58.5769309998
65.2649765015
65.5901031494
55.8954544067
58.3064308167
57.2116699219
64.3987121582
64.3310852051
70.2186126709
78.2034835815
68.7045288086
61.0238304138
66.1135787964
67.3790435791
65.2682571411
58.1034507751
67.8142242432
79.7967529297
65.3838653564
62.9571685791
65.1796951294
63.2520980835
62.3983688354
63.4851951599
66.1299285889
71.6136322021
71.2909240723
70.4259338379
73.4835586548
75.1281967163
67.6555709839
69.0554885864
73.579788208
65.5566635132
63.0431175232
74.2500915527
63.3000183105
66.1474685669
67.5835342407
76.0779724121
70.8272171021
70.9590759277
75.8745193481
87.8277816772
75.1547317505
74.2467727661
74.5687484741
71.9728775024
76.0088043213
68.8064041138
67.0701675415
66.1590805054
62.3115615845
64.5387420654
66.4123153687
77.0718917847
67.8535232544
71.5550384521
71.6680984497
70.9155654907
77.3360137939
77.2050628662
69.9459762573
69.3689575195
67.6816711426
68.6422729492
69.5995254517
68.7016601562
77.7199783325
70.4493789673
72.0214767456
74.7011108398
72.708984375
74.7424163818
81.4215621948
69.7579498291
71.3151321411
65.5835952759
70.1229553223
66.8567276001
67.2718887329
68.3897018433
63.014831543
65.3221664429
69.6057357788
60.1915168762
63.4213066101
69.8085403442
60.5661811829
57.6818885803
65.6589736938
63.8256416321
57.7439727783
66.2146682739
74.4684524536
73.7149505615
63.9597969055
63.8503646851
66.8290939331
69.0018386841
71.4257278442
70.1200408936
80.3651351929
73.376991272
72.7308120728
69.7402038574
70.1209869385
85.4355773926
73.3846588135
75.7197723389
85.8415908813
72.2920837402
72.7770233154
77.5631332397
68.5108108521
74.1777114868
147.570053101
160.537811279
185.191711426
169.067626953
98.9395980835
108.782279968
50.9952545166
135.267959595
60.6624412537
59.3016967773
64.5277481079
57.4371185303
53.2268867493
54.1292152405
58.2364997864
67.1365356445
59.7907867432
71.5936050415
64.3042221069
60.3739814758
58.5792961121
59.3383102417
71.0117797852
61.3354187012
62.2174186707
64.6467971802
70.8310470581
65.8161239624
60.7620429993
66.7352523804
71.7421569824
69.035446167
70.4159622192
69.5658187866
69.8786315918
61.988948822
60.3576087952
58.0598602295
54.7459373474
57.2042503357
51.1738510132
54.5135307312
49.5609474182
49.3915138245
56.5897216797
60.3281936646
54.6724090576
65.1526947021
68.0786056519
54.296333313
58.0076255798
56.6330795288
65.3113021851
55.554485321
57.0754432678
68.3663635254
71.2985610962
57.5917129517
56.1485786438
55.7674827576
47.739364624
48.9129486084
47.9865493774
45.7923202515
43.8093719482
43.8767585754
39.3967666626
45.870891571
48.2679748535
47.8341293335
52.5671424866
47.8043174744
42.6456832886
52.4138641357
52.3643341064
56.5131912231
51.0540008545
54.2993164062
50.8389625549
55.287109375
55.7155685425
54.3366165161
53.6884765625
51.2330245972
62.0632324219
56.6608085632
58.9675521851
60.8670196533
57.4071235657
63.0477371216
55.4878730774
65.8718414307
66.7071380615
50.6844673157
53.9641036987
48.138961792
55.4096908569
55.1823387146
59.3502845764
69.5338287354
57.3134231567
50.950920105
57.9415817261
57.6143226624
55.7299194336
50.0777320862
61.1104431152
76.2645187378
60.207824707
57.5247573853
62.5008544922
60.1395874023
61.8106689453
61.0269584656
65.2256240845
70.3624420166
69.7343139648
67.5351409912
69.5176696777
72.2204360962
64.4183959961
63.7923622131
70.9277420044
62.4468078613
61.1436080933
73.1144332886
63.1189422607
64.6039505005
65.0085296631
76.4286575317
70.90184021
68.7465896606
74.2663497925
88.516784668
74.7062225342
75.0722808838
75.4513626099
72.6057815552
77.4815139771
69.8025283813
65.5876464844
65.1981277466
58.4773979187
59.4512176514
60.9591217041
71.069694519
58.3843917847
63.5173187256
64.6352539062
63.8561859131
71.6617507935
73.8788223267
65.118347168
66.4547195435
66.1653060913
67.8552246094
68.3920974731
70.1495361328
79.4641036987
72.1217880249
74.4433135986
76.1838150024
75.5877838135
76.3775787354
85.3058624268
72.207321167
73.6737976074
67.4004135132
74.2560424805
70.5151748657
69.1058120728
71.1753463745
66.7069549561
68.0830612183
71.6561508179
62.6358985901
67.3682098389
73.2921218872
61.9453086853
60.9755821228
68.3668518066
64.986114502
57.6917533875
67.788482666
76.2752380371
74.0414810181
64.1291122437
64.6831283569
66.5058746338
67.0961380005
70.9880599976
69.7294769287
80.2565994263
72.4284439087
70.6777038574
65.9043426514
64.8681259155
81.403717041
66.4691314697
69.5962982178
81.8298416138
66.9465866089
69.3942947388
75.4114456177
66.2025756836
73.0906066895
161.298721313
174.723373413
198.159332275
181.346450806
87.2914199829
97.1953430176
39.9382705688
123.438171387
48.7762031555
48.9080352783
55.2144584656
50.7933235168
47.4165916443
52.2752952576
58.5355529785
66.3991394043
59.8910598755
68.7367782593
61.1781539917
56.0027770996
54.0651397705
55.0538253784
65.0801696777
54.1166648865
55.8630752563
58.3609657288
62.900932312
57.1500778198
53.4532470703
58.2080764771
62.0594139099
58.5664978027
60.1457023621
58.1303329468
59.3365783691
51.86769104
52.0877456665
49.0849609375
47.2565879822
52.455368042
47.0034370422
53.944984436
51.6669502258
53.8350982666
60.7633323669
63.5546913147
56.9862823486
65.4466705322
66.2448272705
54.1474685669
58.4834518433
54.8909606934
61.7805366516
54.1950302124
55.5862083435
63.6133346558
65.7383499146
52.2398986816
51.0092277527
53.2406539917
45.1459007263
50.8588180542
48.596988678
53.2393493652
49.9252090454
53.4759292603
54.2993087769
45.4808959961
51.6803283691
50.4786186218
47.1385650635
49.2607688904
48.6590995789
42.5968551636
46.7941398621
45.4333190918
51.3811721802
43.8045310974
41.3191146851
46.4834976196
43.8321266174
41.1142234802
44.2874412537
41.7311096191
49.3649177551
44.4424858093
45.870803833
49.3230209351
47.0631599426
54.3882217407
48.954990387
60.9974021912
63.372543335
48.1767883301
54.1757698059
49.3284683228
53.2024154663
49.7054634094
53.4678573608
61.5720596313
48.5996818542
40.912940979
48.2915611267
46.4878463745
42.5754852295
37.1334495544
49.122718811
64.3405838013
47.6479263306
47.4604225159
52.9595069885
53.7440910339
56.1698875427
57.0932731628
62.2046165466
66.3668212891
65.0331039429
62.0076370239
64.6251373291
68.4976577759
62.4506645203
60.8761940002
68.511756897
62.3205108643
61.9173278809
71.697052002
62.4645347595
66.0919723511
64.6542510986
74.6840438843
70.900428772
70.0279464722
73.389755249
86.2606582642
72.5473403931
72.2271270752
71.5308227539
69.0100784302
72.7645263672
64.234664917
59.4480934143
57.4266090393
50.9139213562
49.4658851624
52.1462249756
62.4286842346
50.4110450745
56.7872123718
59.1747169495
58.4778518677
63.8608970642
65.439491272
55.7004432678
58.0903091431
56.6568107605
59.6722297668
61.6460227966
64.0001831055
73.9374313354
68.2096176147
71.0058364868
74.0536804199
73.9337158203
75.8048934937
84.2822113037
71.9446716309
74.5095214844
68.1960067749
74.1064834595
70.0402603149
67.9669723511
69.9490203857
65.6638565063
65.9643249512
68.4270858765
60.0398368835
63.5111083984
67.6976852417
57.6094017029
56.2688560486
62.033657074
57.785320282
50.5870552063
60.0519561768
67.1795349121
64.6488647461
53.9684410095
54.0103530884
55.6578941345
55.6692848206
59.1803894043
57.682849884
67.7206726074
60.643032074
59.2226905823
53.5081863403
53.0768966675
69.5460968018
54.0515670776
58.3502731323
70.8093566895
56.5307350159
58.5859146118
63.3118133545
55.3145523071
60.6897735596
149.707183838
163.010391235
186.584518433
170.476379395
94.818031311
105.276702881
42.5873985291
134.009262085
54.145401001
51.4000091553
57.4571685791
48.6908912659
43.7606964111
45.1169929504
49.1054000854
59.6178207397
51.2008094788
63.133140564
54.3621177673
49.1487884521
49.4493713379
50.4693183899
61.9278831482
51.3853263855
54.2750587463
56.0190963745
62.1670036316
57.7796325684
53.2175445557
58.1867332458
63.8820037842
60.3289718628
62.3110046387
61.5560379028
62.4503860474
55.0114212036
52.891872406
52.7271270752
49.5325508118
51.5011100769
45.1309890747
48.9355773926
42.5370750427
43.0135154724
54.1154022217
57.2116699219
48.8756446838
59.5304718018
62.3823127747
49.3547058105
53.3883476257
49.4747772217
60.658821106
51.9439735413
51.4461975098
63.9599342346
68.1788864136
52.592666626
52.3671684265
52.9488372803
45.4203414917
47.1845436096
45.7595405579
45.8339385986
38.7739562988
42.7355194092
48.1389732361
40.2300262451
45.9328689575
44.5333175659
38.9009246826
47.751033783
46.5702552795
36.9244499207
45.797088623
49.0294647217
54.8198394775
45.4157562256
49.3284606934
48.9599647522
52.6034812927
50.3046722412
49.9920845032
51.7576332092
47.3836402893
57.5396270752
50.2501449585
51.1443061829
51.932346344
47.6208992004
52.9681854248
43.2669258118
55.5633964539
56.0272102356
38.2757835388
40.8076591492
42.2012367249
43.6255531311
50.4676170349
61.4448394775
49.015335083
41.5545082092
47.2154121399
47.9555282593
48.0818519592
40.7400016785
50.569732666
67.0810928345
50.1312599182
45.8747825623
50.4771766663
46.8124046326
48.43334198
46.161315918
51.3384208679
56.7055244446
55.4490776062
53.1162986755
55.392993927
58.3839454651
49.5549964905
48.9468841553
57.9405975342
49.114566803
47.749370575
60.5839157104
49.4641685486
51.4309921265
50.820728302
63.4833297729
57.4195022583
55.4532966614
60.4638824463
76.519821167
61.1284217834
61.3883056641
61.6021118164
58.6044120789
65.3024291992
56.6731300354
51.8691558838
51.9474372864
44.3992004395
46.4922218323
48.3081855774
59.4547729492
46.6918449402
50.3632354736
50.8587532043
50.0299530029
59.3012275696
61.9274330139
51.9693527222
52.957950592
53.2361106873
54.9492645264
54.5573883057
56.5968894958
66.4647140503
58.9283638
61.2041473389
63.2065315247
62.2957191467
62.9758987427
73.9646911621
59.5176467896
61.8217315674
55.3186836243
63.6053009033
58.749042511
56.3548278809
58.9964485168
55.0990791321
55.1011924744
59.0758972168
50.3529434204
55.5904769897
61.7214889526
49.1495132446
49.1649246216
55.8991584778
52.3763198853
45.0558700562
57.1804084778
65.7332305908
63.3600120544
53.4902534485
54.2492866516
55.3699989319
56.8776512146
62.4549636841
60.3117446899
71.961807251
61.6836051941
59.8134498596
55.0197715759
53.2149124146
72.3211746216
56.0093574524
57.7768096924
71.186882019
54.2511558533
56.785282135
64.3362579346
53.5624389648
62.3901023865
164.135803223
175.653686523
204.09324646
183.534255981
91.8863983154
100.533561707
42.6104545593
127.08165741
58.2585487366
55.2291755676
63.7232208252
55.5884094238
55.2323303223
56.2962799072
61.8989067078
67.3197021484
56.8818359375
65.2233047485
53.7402954102
48.0847434998
51.9187889099
49.4303855896
57.194442749
49.3811416626
53.6138496399
51.3654785156
56.2221221924
54.8572273254
51.1037940979
51.120880127
56.4618301392
52.2675666809
57.0097999573
57.639629364
60.4125022888
56.630771637
55.8728713989
58.7337417603
58.9143867493
60.8052749634
58.7027053833
63.0555114746
60.9441986084
60.1535110474
68.3610992432
68.7016677856
60.1840400696
66.2000427246
68.1281356812
59.4408836365
60.8983726501
53.5402793884
65.8583450317
60.0650482178
55.1660232544
66.3323669434
71.7049560547
58.4046592712
60.9566230774
64.1480865479
60.2288856506
63.4209671021
64.2804489136
66.6635665894
61.520942688
65.1829986572
70.1495285034
63.5133857727
69.185295105
66.6619186401
60.3061561584
67.4792938232
68.3996505737
58.8185272217
64.6374053955
66.6127319336
71.6108474731
62.1978187561
64.0001831055
65.1264648438
66.5446624756
62.4587020874
62.301235199
64.6555786133
58.3626976013
65.0058822632
58.4155044556
56.0479660034
55.747592926
54.669883728
57.1736450195
51.1937484741
60.4396476746
62.8684272766
53.6182136536
55.8503265381
56.5969161987
59.9643135071
60.046710968
66.727355957
73.8422164917
63.9058036804
56.8573875427
58.6095581055
58.7321624756
60.0606155396
51.6798706055
56.701084137
68.9186706543
54.6267127991
52.8149375916
51.9815101624
50.1750450134
47.3118362427
45.9515075684
48.6185379028
50.9763717651
45.6431694031
48.9923057556
51.9787368774
54.3427886963
47.7795829773
51.9860839844
62.6019325256
56.4729728699
52.9646606445
59.9109725952
47.0745925903
53.3945617676
51.6435546875
58.6141700745
53.2784118652
55.071762085
56.5719299316
69.0501785278
52.7998542786
49.6571731567
48.6408004761
47.3795127869
54.5463523865
46.0423851013
45.2888450623
46.2876281738
44.9137268066
47.5143165588
54.7419242859
65.5430679321
57.7345123291
57.6374130249
58.471244812
54.5852012634
61.410194397
61.9581336975
50.531124115
47.1554260254
46.24949646
43.9443321228
42.1252784729
49.6596794128
44.5056686401
46.671169281
52.134349823
50.2195053101
52.3154640198
65.6328430176
51.7077636719
57.3353996277
53.5282058716
59.7660140991
52.0092468262
49.1013221741
53.9894676208
48.9480819702
43.6539344788
49.5121231079
44.8934555054
44.4399032593
48.8253822327
42.2725944519
41.5722694397
41.8379020691
41.1040725708
41.3955421448
49.8310470581
55.9599075317
56.3001251221
49.9157714844
47.6303024292
47.6954154968
53.7880973816
59.4630355835
54.9306030273
66.8320770264
54.168762207
54.1120796204
52.2169342041
53.1598091125
71.067565918
57.5667572021
57.0430717468
70.2351379395
52.104473114
51.5306053162
58.1941986084
44.1525878906
54.4662475586
153.829498291
163.247680664
192.858184814
172.08605957
105.728881836
112.245544434
67.7961425781
132.618225098
80.38621521
77.0757675171
83.7068786621
75.7080078125
75.1942749023
74.2110366821
77.8606719971
81.5156860352
72.0406265259
80.1021957397
71.0131912231
68.4260482788
71.2708129883
68.6319351196
76.7021408081
71.4396972656
74.19581604
71.8942489624
77.7624969482
76.6437683105
72.0956573486
73.3285064697
77.6402359009
75.2682418823
78.8679733276
80.5844573975
81.6738510132
78.2752456665
76.5373764038
79.2968826294
78.9483108521
79.5670166016
77.4902648926
79.6581573486
77.6078186035
75.1649246216
81.8443984985
81.4215545654
74.5683364868
80.1954727173
82.789894104
75.7106018066
76.1449737549
70.3524246216
82.5653839111
76.789855957
71.5955047607
83.2589263916
88.1776428223
77.2018737793
79.1603622437
81.5911026001
78.3612518311
79.5779342651
81.6702041626
82.1711730957
77.3175582886
79.7682189941
85.3058700562
80.5587539673
85.3090057373
83.3287887573
78.5627593994
85.6045455933
85.9658508301
77.1239013672
83.7388916016
84.6923217773
88.8084640503
80.9813308716
84.2822036743
84.6642684937
85.7961502075
83.1778564453
83.1674118042
84.5808486938
79.0405654907
85.3081665039
80.0463027954
78.7163772583
78.8455429077
76.4841690063
78.7202377319
72.5101318359
79.4158630371
79.2305831909
72.9992599487
72.8042907715
73.9646911621
78.3432693481
79.6335754395
85.4625396729
92.2032546997
83.6293334961
77.8246383667
79.4228591919
80.8623886108
82.1023635864
74.9595870972
79.6648330688
89.9591827393
78.1213912964
75.2442932129
75.7025985718
72.5854187012
69.6522598267
66.7908706665
67.1889572144
70.361076355
67.2699508667
70.8357009888
71.9713973999
71.9660263062
64.1828536987
70.1234893799
77.1015701294
70.5868225098
65.7648010254
73.5172348022
60.9355125427
63.1129150391
64.2285919189
68.5504684448
60.2098922729
62.4761199951
65.7733612061
76.6958465576
64.4810180664
61.4676628113
64.5608596802
64.3478927612
73.2235870361
69.171546936
69.1168899536
70.4137115479
69.1585159302
72.4832000732
76.4396057129
85.9540481567
78.8412857056
78.0443954468
78.0812149048
75.0616989136
82.0385818481
82.2750167847
75.2313842773
72.3108673096
72.0545120239
70.7081832886
68.5111312866
65.6328430176
70.8807601929
63.381023407
61.2978019714
62.3518981934
56.9859657288
55.7971687317
55.5938186646
60.9516906738
60.827709198
66.8630065918
59.2974243164
60.3329925537
65.6792221069
62.3844833374
57.9083251953
67.6332168579
63.4299125671
63.8393554688
70.8834075928
64.4894790649
63.4610099792
66.3666915894
67.3324279785
65.8787078857
73.7208633423
79.6817092896
79.975982666
74.1566085815
72.669670105
73.6507720947
78.5319061279
82.5651397705
78.7682266235
89.5561141968
78.7942428589
79.4242095947
77.5028686523
77.3675537109
92.9781188965
81.5876159668
80.2982711792
90.9080581665
76.2833099365
76.2320022583
82.4943237305
71.4661560059
78.8580245972
152.484680176
157.456924438
192.190948486
168.044677734
86.1453704834
95.5956344604
32.9766349792
124.295928955
49.3942909241
45.6939620972
54.9345321655
45.6379966736
45.7170715332
45.961681366
52.4621810913
57.249004364
45.486656189
54.6858520508
41.9110145569
37.1630630493
40.0365447998
36.2769432068
46.2578125
38.5523872375
41.7317085266
39.7935523987
47.0061264038
45.0225982666
39.7883682251
41.7704467773
48.2128791809
44.7459983826
49.1855621338
50.287815094
52.2146110535
47.0355567932
45.4369049072
48.3414726257
48.0854110718
49.8910293579
48.4619598389
52.5292396545
51.3135452271
50.1589584351
57.8476905823
57.6819000244
48.7835731506
54.7804489136
57.0537147522
47.2994384766
48.3758239746
40.3493919373
54.1434783936
47.3372993469
41.9358329773
54.540145874
60.3467521667
46.4311485291
49.5312232971
52.6355133057
49.1582183838
52.7810821533
54.4611549377
57.125793457
52.7546577454
56.1043548584
60.9755554199
54.5433387756
61.3935241699
59.5464172363
53.8104286194
60.6132354736
60.7128601074
50.3163337708
57.4027519226
58.7348327637
63.3647003174
53.7130737305
56.2688446045
55.868686676
57.1948242188
53.858417511
54.0276222229
54.8444061279
48.1000061035
56.4234085083
49.8327713013
48.6332855225
48.6409912109
47.0712890625
49.1194534302
43.4154396057
51.5155601501
54.4039649963
45.2671165466
48.0971336365
49.1649360657
54.2604026794
54.0430488586
61.3361587524
69.3543624878
58.6696548462
50.28698349
53.5483512878
54.2640686035
53.9472351074
44.6033248901
52.6619567871
65.4555740356
49.1721801758
47.0915718079
46.6478118896
44.9684143066
41.5674819946
42.982673645
45.3605461121
50.6076850891
47.8468475342
49.3684272766
53.0826873779
55.198928833
47.3271408081
50.9025115967
59.399055481
51.7288398743
47.9580955505
57.4258003235
43.1604919434
49.6326255798
49.5526428223
57.8483161926
51.5605773926
53.2534065247
56.7645606995
70.036491394
53.7429580688
50.9042320251
51.0906410217
48.6723175049
54.7794532776
45.0569648743
44.2419624329
43.5094566345
41.6260414124
44.4184951782
50.6409339905
63.0322189331
54.2511634827
55.9021072388
56.2838020325
53.5362014771
60.5361938477
60.59116745
49.6145858765
47.1350479126
44.8658180237
43.6878356934
44.4706840515
41.5722732544
53.1201477051
45.4252967834
47.4193496704
52.2383537292
49.2824630737
51.9514160156
63.4610099792
48.9913101196
53.264465332
48.3315048218
53.8352432251
46.6107788086
45.7290153503
48.5453186035
41.3760299683
40.2524642944
45.9334487915
36.3035469055
36.9496421814
44.4055252075
35.0419960022
37.1940002441
37.3249282837
33.6973724365
42.0536346436
51.6095237732
52.2659912109
43.0829467773
41.2900733948
43.849571228
49.2017478943
53.6017112732
50.1109848022
63.1469230652
51.7502593994
51.8162460327
49.6302871704
50.9566230774
69.7449035645
55.7221603394
56.6756019592
69.8132095337
51.9686355591
51.3298797607
57.5731582642
43.836566925
52.8654441833
151.255584717
163.342300415
194.005752563
172.975311279
