21.2791652679
19.9448719025
19.1352500916
18.4264526367
18.5811653137
19.1877117157
20.4574928284
21.3959503174
22.9255943298
23.0331840515
22.186132431
20.6114196777
20.0745239258
12.588766098
12.7674198151
12.1366348267
15.5918321609
17.1364860535
19.1383056641
18.5388317108
17.4217948914
16.5554771423
18.3654747009
19.3472251892
21.1251430511
22.8497428894
24.0789527893
25.0972557068
29.3563022614
28.4043540955
27.7962856293
27.3172054291
27.3352813721
27.9105949402
28.7709312439
29.1655578613
30.4848270416
29.7645206451
28.3071708679
26.2507266998
24.8824043274
16.5151634216
15.5669460297
18.0416297913
19.5819206238
19.9246864319
22.4294776917
20.8895339966
18.0710144043
23.0011405945
24.9920406342
26.2220802307
28.2403678894
30.0514068604
31.5185432434
32.4160118103
