16.0817584991
21.9161338806
19.2152290344
16.9092750549
16.5433521271
14.8344602585
10.2633676529
11.097026825
10.2953138351
5.88969087601
4.80137681961
8.31261825562
4.7014503479
4.58170604706
7.04580974579
6.54872131348
6.42798852921
9.13476085663
10.1558818817
11.1391916275
12.1794910431
16.9446372986
17.9334907532
17.1156959534
14.3365812302
15.134475708
9.46698665619
12.990445137
8.851521492
15.7843265533
13.1413345337
15.1029253006
10.5284461975
14.9734172821
12.9944505692
19.2290229797
20.3814659119
16.6037158966
17.2542915344
11.240483284
16.3468608856
14.2300138474
17.1826457977
18.2582778931
18.5797615051
23.1163749695
24.8093662262
28.963344574
31.6692504883
31.7312431335
27.7826290131
29.4597053528
23.1231746674
25.9149684906
21.1222362518
25.8136997223
28.8180961609
30.9407749176
30.2851200104
30.83319664
26.6903800964
28.7551326752
25.7440376282
19.950838089
23.0036239624
26.434671402
21.6318473816
19.5895881653
24.8896369934
27.3709316254
23.3825759888
23.4197273254
27.8325080872
27.7978858948
24.8507671356
27.4742584229
24.811914444
21.0666007996
19.8740558624
20.9276180267
23.5989646912
19.2707099915
21.290845871
19.5979804993
16.7397346497
13.1274900436
13.3882932663
17.740322113
14.0669250488
21.4696617126
25.6891384125
20.976524353
18.7238349915
16.6536750793
17.8044166565
14.900976181
16.5758037567
17.68592453
12.7876806259
12.934794426
10.6044101715
10.5194301605
11.2404823303
8.0437335968
5.75019741058
11.6315135956
11.3803949356
6.98865413666
9.19501018524
12.4430675507
12.1076345444
13.6618671417
11.8653240204
11.3824462891
10.5540828705
11.7676210403
9.53986740112
13.0264568329
10.6878738403
16.3881244659
11.4844617844
11.0568647385
6.49176168442
7.44763183594
6.13778114319
9.67056083679
10.6865139008
7.72789669037
7.30745315552
6.27822875977
7.66433954239
10.1634244919
14.8701295853
16.0116195679
19.1219387054
22.9936218262
26.1852054596
29.7731513977
30.4821681976
26.7843589783
27.054599762
21.0650978088
21.3001232147
15.693898201
19.182434082
21.4806251526
23.1967658997
24.0175762177
26.0005607605
22.3527526855
26.451461792
24.6046447754
19.0536804199
22.0265274048
23.8757972717
18.0382080078
16.717792511
21.9744644165
22.3730735779
17.5352630615
18.5791053772
21.9292621613
20.5586032867
16.6988105774
19.7247962952
16.2992134094
13.3902740479
10.2409534454
12.419760704
16.2912597656
13.986032486
15.7156953812
16.1915969849
15.4818267822
14.2177019119
15.83659935
21.4783496857
19.8450565338
