32.0010108948
28.325214386
25.7709407806
24.3538551331
20.7812728882
22.702703476
20.6447868347
19.4734249115
21.0332508087
15.9584321976
14.3899650574
10.5201950073
8.26844978333
6.72573184967
5.61534309387
6.11441993713
7.62806463242
9.64358043671
13.1259489059
13.527507782
10.7379188538
7.57807588577
7.40645456314
6.6848359108
10.2792701721
12.2422399521
15.8094539642
19.7509727478
22.3129310608
18.6062583923
16.3315677643
14.5936851501
12.5769557953
11.2520246506
12.0903263092
11.105588913
14.3635616302
12.611905098
17.2232074738
18.0893821716
20.3738574982
22.6890411377
25.394536972
28.2347488403
30.3296260834
24.7790699005
25.0662765503
28.9632835388
25.7793903351
21.3272972107
26.0084323883
27.8079280853
24.0067100525
23.4475231171
26.8270244598
26.1695384979
22.9554748535
27.7451953888
30.0752811432
26.4637203217
29.111907959
28.676733017
27.576795578
26.323841095
24.323890686
19.5845546722
21.7248687744
21.7523727417
20.5735034943
19.9623222351
21.7092037201
18.2685184479
21.0580101013
21.223941803
17.103761673
14.7705106735
17.4051456451
15.6991090775
16.130361557
16.1304416656
16.0347290039
18.3762073517
13.6891460419
16.274061203
16.9132232666
16.1552791595
15.9330720901
16.4480686188
20.9204673767
17.8966999054
16.1976833344
20.4994602203
23.0565471649
21.5556697845
17.867067337
20.124256134
24.1232566833
24.3567695618
28.6752510071
27.1047058105
32.7755737305
34.4255371094
34.8545188904
29.5773925781
30.1607666016
33.6050682068
30.8340892792
27.1837654114
29.9352760315
32.267364502
28.3289680481
27.1586284637
30.7174892426
31.7035045624
28.529548645
28.6411132812
33.4457435608
30.6558837891
28.0833435059
31.9742412567
34.5768852234
32.456237793
32.9690361023
28.5468578339
28.7833175659
23.5801963806
25.8605194092
21.2184314728
23.6479473114
19.9962863922
20.1497497559
16.9970932007
17.8248596191
20.6116905212
17.2835388184
21.0359973907
20.883272171
22.2483139038
22.8846473694
26.2285022736
24.6179466248
24.0322036743
21.5103282928
22.1541996002
18.7631149292
17.2031993866
21.9763088226
20.170419693
20.2981357574
22.8795604706
25.5816783905
21.9822044373
20.5521087646
25.3008060455
28.3840141296
22.1841678619
21.7381401062
22.570602417
20.9128952026
19.1614437103
21.1170711517
24.9761734009
25.4115600586
24.0382499695
27.5550765991
31.3310260773
33.9010391235
34.5935401917
30.7218418121
30.5333747864
35.6268730164
32.0266532898
37.0234527588
36.2177772522
34.9989509583
33.5614509583
32.629119873
29.1295547485
32.7618370056
33.7938232422
35.3218421936
30.6520175934
28.8755378723
32.2250175476
31.3135032654
27.7147331238
29.8397655487
30.483165741
28.2652835846
26.4743022919
30.7240619659
30.5261898041
25.8049659729
28.234621048
32.1670188904
30.7617912292
27.3483295441
28.2400379181
24.9538440704
28.1841907501
30.2942218781
29.2960567474
32.6705780029
31.5598468781
30.0054512024
30.3820934296
25.500875473
30.161277771
33.6869125366
30.2658081055
30.2944221497
36.2167739868
36.089717865
33.5114974976
35.6749839783
39.7641296387
38.8781700134
40.6675415039
35.5891952515
36.0249862671
34.2418899536
36.3618087769
37.3895225525
38.8965835571
34.8654212952
36.4623374939
34.2058753967
39.7520866394
38.5437393188
38.1377449036
39.724571228
43.1063575745
41.5622367859
37.0590438843
39.5264549255
42.8877220154
37.7476158142
35.3854522705
38.3749542236
40.2744483948
35.3767471313
34.8028831482
39.6769065857
38.9504356384
42.1472244263
38.1476783752
41.9859199524
42.8049964905
37.0741348267
38.2782783508
37.8069038391
33.3956222534
38.0788154602
40.7030677795
36.1924819946
36.0701026917
40.1312141418
40.1976966858
36.5300445557
38.6333656311
42.993888855
40.0766944885
39.7463302612
42.877494812
44.0588607788
41.7659759521
42.7560806274
30.1094474792
26.8840827942
23.7131175995
23.7248783112
19.9817466736
22.5762958527
21.5701980591
20.0740509033
20.6795253754
15.6457710266
14.4680147171
11.3142404556
9.05900669098
6.65661096573
5.61534166336
4.4227643013
7.17286109924
10.3207035065
13.7054681778
12.5085449219
10.4802322388
8.11617660522
5.43365097046
7.03981399536
8.01076412201
10.5582857132
14.6090288162
18.0433349609
20.3286762238
16.2935428619
13.5066223145
12.0378198624
9.58606147766
9.6633605957
10.6216449738
11.6075649261
14.6772327423
14.4004878998
18.7412147522
20.4867305756
22.3043384552
24.0731258392
26.8381156921
29.3055610657
30.7117080688
25.4940185547
25.3169765472
28.5972995758
25.2910346985
20.7072105408
25.2037734985
26.5109176636
22.3833618164
21.6349124908
24.6823596954
23.7053852081
20.2499828339
25.3114147186
27.1193370819
23.035369873
25.5904655457
24.4602241516
23.1413135529
21.8200740814
20.226852417
15.540772438
18.0146160126
18.9570922852
17.7784633636
17.9421195984
20.5570716858
18.0199108124
21.4063510895
22.1705913544
18.5260353088
16.2568054199
17.8435077667
15.1415433884
14.3762636185
13.9966535568
12.7879686356
14.4435386658
9.74878787994
11.7485055923
12.6838855743
11.566075325
11.3843040466
12.0021047592
16.5918502808
14.5510663986
12.4475650787
16.3067722321
19.2179698944
18.3072280884
14.9588403702
16.7383708954
20.9287509918
20.4104347229
24.8702812195
22.7455368042
28.4177265167
30.0118598938
30.2442455292
24.9417953491
25.7157249451
29.0326309204
26.1076183319
22.5571594238
25.4272041321
27.6091423035
23.6531143188
22.7407875061
26.3630867004
27.2434463501
24.2920398712
24.6710338593
29.3648967743
26.7521209717
24.4179229736
28.4199943542
30.9493980408
29.0657920837
29.935426712
25.4275474548
25.8997688293
20.355802536
23.5324344635
18.4064464569
20.0723705292
16.7159042358
16.2462253571
13.4056444168
14.0277996063
16.2153739929
12.7049980164
16.2808647156
16.2442913055
17.7617950439
18.2718505859
21.4921283722
19.8576946259
19.3374195099
16.9664955139
17.9680500031
14.9454641342
14.2422208786
18.8155994415
17.7743797302
18.6659984589
21.4081707001
24.448141098
21.3904666901
19.8391208649
24.8037185669
28.2512588501
22.562921524
22.9780750275
21.5463161469
19.9316883087
17.5146827698
19.0662403107
23.0987911224
22.951417923
21.039686203
25.2917537689
28.7841281891
31.5930690765
32.2656288147
28.7180976868
28.8766689301
33.9532814026
30.8478984833
35.4586372375
34.8256797791
33.7222137451
31.7067928314
30.6460571289
26.9853801727
29.948059082
30.5354137421
32.138710022
27.720243454
25.5778179169
28.6575641632
28.2190246582
24.28465271
25.8531723022
26.7925415039
24.8564777374
22.5539741516
26.6817798615
27.0684146881
22.0893001556
24.0565814972
28.1206321716
27.1578521729
23.8123874664
25.1663246155
22.0870018005
25.4274635315
27.9430866241
27.146774292
30.79728508
30.0370731354
29.1738166809
29.68318367
24.6320323944
29.5828208923
32.6708259583
28.6956233978
29.0305614471
35.0171394348
34.4242630005
31.4477787018
33.8129653931
38.221321106
36.7005233765
38.8210716248
33.3961524963
33.3470878601
31.27617836
33.3744049072
33.9835319519
35.6196289062
31.6029567719
32.7010040283
30.2794437408
35.8706474304
34.4070167542
34.0058631897
35.4316062927
39.0173988342
37.3077774048
32.8279190063
35.6572608948
38.8493003845
33.6857795715
31.5578346252
34.7570571899
36.5603065491
31.716550827
31.4711208344
36.4403457642
36.2033081055
39.3024368286
35.3967552185
38.957988739
39.547000885
33.8155097961
34.5288009644
34.0875358582
29.411775589
33.9837150574
36.6137084961
32.0394668579
31.6582756042
35.7107467651
35.8092498779
32.0312614441
34.0284881592
38.4181289673
35.5422210693
35.0757637024
38.1742095947
39.4254570007
37.1745376587
38.0971336365
29.3533535004
25.9228591919
23.0832366943
22.596282959
19.5911407471
22.2479133606
21.1579303741
20.4354457855
21.2635574341
16.1237545013
15.9839859009
12.2032327652
11.0029277802
9.68084144592
6.11441993713
4.42276477814
3.92595648766
6.37862825394
9.64868736267
8.77466011047
6.62350320816
4.99826049805
4.03301715851
7.07621526718
10.7613258362
12.6021633148
16.8385238647
18.9797039032
21.8100700378
18.4380626678
16.0890407562
13.5638208389
10.3497991562
9.37139034271
8.27859973907
9.54059886932
11.5094604492
11.0793838501
15.4191732407
17.4591789246
19.4844398499
21.1668510437
23.6404304504
26.2643146515
27.5571670532
22.1318454742
22.5715045929
25.8208694458
22.19688797
18.0274486542
22.8915328979
23.8728141785
19.6404438019
19.6259288788
22.6838226318
21.5610084534
18.5727577209
23.9725112915
25.5697746277
22.0564136505
25.3409748077
24.3776893616
23.685842514
21.9962749481
19.7549819946
15.3277101517
18.2505970001
18.2207946777
18.0551548004
17.2927818298
19.1463928223
16.5996837616
19.5934619904
20.9077892303
17.2007675171
14.2965459824
15.3454360962
13.2651729584
12.7715110779
13.713095665
12.8638811111
15.4540271759
12.2767734528
13.7396812439
15.7118186951
14.1545782089
13.3411254883
12.8159780502
16.9823970795
14.2238950729
13.808921814
17.816783905
19.7998142242
18.4346923828
15.9224596024
18.5101890564
22.1479549408
22.0559883118
26.474861145
24.1710758209
30.0445480347
30.9640655518
31.5134086609
26.3699321747
26.4639415741
29.5815849304
26.979516983
23.1595306396
25.4629459381
27.9770679474
24.1198406219
22.3854866028
25.8322505951
27.0662555695
23.6528110504
23.4689693451
28.4095535278
25.9008312225
22.9641456604
26.7004356384
29.5230369568
27.6264533997
27.850233078
23.393245697
23.4289855957
18.1691513062
20.5667686462
15.8339262009
18.3586730957
14.9203681946
15.5665006638
12.2020025253
12.6247587204
15.9540243149
12.9589500427
17.6599502563
18.186252594
20.3587989807
20.5270767212
23.3726444244
21.2085895538
19.9107170105
17.4927120209
17.2405014038
13.6402740479
11.7954998016
16.8227729797
15.1331338882
15.6323642731
18.0254440308
21.0586128235
17.872335434
16.0446434021
20.9647579193
24.4689617157
18.8354759216
19.0018634796
18.0177383423
16.8018436432
14.8241558075
16.3008556366
20.4940376282
20.9672641754
19.199848175
22.6036739349
26.2412319183
28.9543094635
29.4617137909
25.6801605225
25.8515930176
30.8579540253
27.3479824066
32.1282463074
31.3448581696
30.1704845428
28.4450798035
27.4760379791
23.8931484222
27.3683013916
28.4135189056
29.9367408752
25.288728714
23.4820766449
26.944026947
26.2462310791
22.551361084
24.8175907135
25.5760993958
23.5078315735
21.765127182
26.1192111969
26.3230457306
21.5882549286
24.1971874237
28.2187404633
27.1004619598
23.994058609
24.9193534851
21.1917514801
24.1356163025
26.3147277832
26.1945037842
29.5912590027
28.3306617737
27.4482212067
27.3862342834
22.0381774902
26.7739181519
30.1638011932
26.3769721985
26.1807937622
32.2054328918
31.9975013733
28.9985942841
31.057062149
35.3866691589
34.3206214905
36.3927650452
31.3677787781
31.6142024994
29.8336620331
32.4336395264
33.0966110229
35.0789909363
31.2553920746
32.5651283264
30.8786201477
36.3754577637
35.1238327026
34.2419624329
35.6689834595
38.8897705078
37.0721664429
32.6086006165
35.1806335449
38.2249488831
32.9057044983
30.7036266327
33.5532188416
35.2353744507
30.2939548492
29.8736667633
34.5996665955
34.0172119141
37.0026779175
32.846206665
36.6569671631
37.5916023254
31.8096446991
33.0374069214
32.4974861145
28.1975727081
32.9669113159
35.5913276672
31.1486663818
31.2559719086
35.3219070435
35.4417915344
31.9459838867
34.1649017334
38.5366020203
35.7652931213
35.6976203918
38.7680206299
40.0621337891
38.1208114624
39.3919258118
30.8604202271
27.1627082825
25.0465373993
23.5335903168
21.7615680695
24.1656341553
22.6817474365
23.0611572266
24.3841648102
19.4148578644
20.1884021759
15.9436130524
15.6910867691
15.1208543777
9.64358139038
10.3207025528
6.37862825394
4.27165365219
4.09372711182
6.19042205811
4.55966520309
5.60040044785
8.45900917053
10.9046354294
16.5611457825
17.8070087433
21.8935432434
22.9019126892
26.2283592224
23.6176490784
21.7246685028
18.4916439056
15.0217695236
13.0284824371
9.51543331146
10.1815872192
9.54530715942
7.92624521255
11.9516506195
14.0623636246
16.7203903198
18.3988990784
20.0971126556
23.1487979889
24.4376487732
18.5778713226
20.5180473328
23.7699699402
19.6882591248
16.7036304474
21.9682598114
22.4189090729
18.278968811
19.6848621368
22.6145381927
21.3255729675
19.4150104523
24.9468631744
26.172498703
23.7604980469
27.9081840515
27.1725616455
27.2816295624
25.1562385559
22.2696285248
18.5786151886
21.8058223724
20.4696006775
21.5383720398
19.6064510345
20.0497093201
17.436258316
19.3719329834
21.2504196167
17.5344791412
13.9023942947
14.2713851929
13.9085330963
14.2181720734
16.8286705017
16.6466789246
19.998966217
18.0799713135
19.1480026245
21.6639823914
19.7702255249
18.341299057
16.7777004242
20.0498008728
16.1055927277
17.7246017456
21.8594779968
22.5065593719
20.3660106659
18.843662262
22.3633899689
25.1083106995
25.9030303955
30.0581703186
27.9692516327
33.9255714417
34.0648651123
35.1579437256
30.3470554352
29.4973258972
32.4333076477
30.4703235626
26.3713226318
27.8918800354
30.9199752808
27.3672924042
24.5858974457
27.6701450348
29.474281311
25.5978031158
24.5060100555
29.6733055115
27.540933609
23.7822761536
26.7946376801
30.0981941223
28.3005542755
27.3670349121
23.2092666626
22.302362442
17.9110984802
18.4398994446
14.7322750092
18.6255226135
15.0877113342
17.3477897644
13.6818313599
14.1663475037
18.6380138397
16.7827625275
22.075334549
23.3315887451
25.9208908081
25.6153717041
28.1795406342
25.6458148956
23.5217533112
21.3190517426
19.4961624146
15.5163965225
11.9778823853
17.2190227509
14.4903650284
14.0227899551
15.2211933136
18.031332016
14.6023569107
11.987912178
16.4630737305
20.0357532501
14.5702352524
13.4431524277
13.8410081863
13.1335535049
12.4562797546
14.0473680496
17.9752178192
19.6314754486
18.6066093445
20.2046966553
24.1065349579
26.4106807709
26.8009529114
22.6085929871
22.4498767853
27.287443161
23.0968914032
28.2946796417
27.3247203827
26.1923866272
25.2368431091
24.3266868591
21.1305980682
25.6463832855
27.6303157806
28.7582130432
23.7762012482
22.81681633
26.6558036804
25.1960582733
22.2642555237
25.6792163849
25.8781547546
23.5097351074
22.9301567078
27.4012622833
26.9072551727
22.8950500488
26.4301452637
30.132774353
28.55818367
25.8248519897
25.9217510223
21.4755382538
23.6807537079
25.0810756683
25.7253055573
28.5184764862
26.4434947968
25.2272014618
24.2908573151
18.7973957062
22.9118919373
26.871591568
23.7582569122
22.6813850403
28.582567215
29.1433677673
26.4600048065
27.9683380127
31.9077587128
31.8120441437
33.5667762756
29.3591804504
30.2825336456
29.1057605743
32.2469291687
33.23985672
35.4962806702
32.0058517456
33.8594665527
33.2061347961
38.4296722412
37.6364555359
36.2041358948
37.7350692749
40.3006134033
38.5585746765
34.199306488
36.0987701416
39.0667877197
33.7558555603
31.301651001
33.5056304932
35.1328582764
30.1893253326
29.2743339539
33.5392913818
32.1807403564
35.09608078
30.7958087921
35.0030326843
36.4020767212
30.7354450226
32.9442558289
32.4182815552
28.8992919922
33.8875274658
36.2870025635
32.1365623474
33.0904083252
37.0178184509
37.0370750427
34.0402870178
36.6513290405
40.7766227722
38.081035614
38.6137619019
41.6994476318
42.8558692932
41.24243927
42.9894294739
26.5920715332
22.9210605621
20.857717514
19.4913425446
17.9326725006
20.5426921844
19.64985466
20.1854400635
21.1154975891
16.3669929504
17.9758968353
14.0771160126
14.6499090195
15.0372533798
10.7379188538
10.4802322388
6.62350320816
6.49481391907
4.55966520309
5.0257358551
4.15932798386
4.25499200821
6.73500871658
9.57216072083
15.0836076736
15.5973491669
19.630903244
19.4958610535
22.9645004272
20.9010066986
19.4701786041
15.6836881638
12.1551818848
9.92612457275
5.79564094543
7.10281705856
6.11265516281
6.61045598984
9.87274837494
12.792388916
14.5659894943
15.7380857468
17.7863883972
20.389837265
21.3966884613
15.9043617249
17.0036735535
20.1107082367
16.1980800629
12.7399902344
17.9336967468
18.5740814209
14.5342597961
15.5034208298
18.5606384277
17.5617923737
15.4730615616
20.8012561798
22.3970870972
20.0996665955
24.1686630249
24.1554985046
24.4903278351
22.7159976959
19.324224472
15.5733623505
18.3585109711
16.4655971527
17.7937393188
15.5134162903
15.8553819656
13.5696401596
15.690117836
17.9948272705
14.7365016937
11.2316951752
10.6985177994
9.90604972839
10.1056880951
13.077255249
13.2476654053
17.0609817505
16.2352809906
17.2970981598
20.5379295349
19.060918808
18.1467666626
16.7318916321
20.0186367035
17.3671016693
18.7515258789
22.3060626984
23.3933353424
21.8963508606
20.7352771759
23.7305698395
26.7627830505
26.683511734
30.9966812134
28.1056957245
33.9878311157
33.9777030945
34.613368988
29.7614650726
29.2867832184
31.7250900269
29.2948226929
25.5174789429
26.86536026
29.3040046692
25.6343955994
23.0581092834
25.9067726135
27.2229690552
23.1849708557
22.3857326508
27.2312393188
24.4594097137
20.9590606689
24.3549041748
27.1292819977
24.9303855896
24.3140125275
20.1986942291
19.9647159576
15.8346281052
16.6775531769
13.839846611
17.5932731628
15.0346746445
17.426815033
13.8762874603
13.0546951294
17.6403465271
15.2957458496
21.1368789673
21.5578689575
24.5753860474
24.8618507385
26.8087406158
23.853105545
21.7652721405
19.0485610962
17.2157802582
13.0617113113
9.69503974915
14.2026224136
11.1594905853
10.489361763
12.6165819168
15.1962995529
11.6431055069
10.3648395538
15.0217351913
18.0963363647
12.4068775177
12.9780454636
14.6052742004
15.1097784042
14.2828645706
14.9690361023
19.370721817
20.9347877502
19.1272735596
20.6326637268
24.1534042358
26.7552967072
26.5561847687
22.5400505066
23.248085022
27.7597179413
23.2760124207
28.0750236511
26.7197875977
24.9602146149
23.7932357788
23.4701824188
20.0171260834
24.1009521484
25.611492157
27.4669303894
22.7815799713
21.3945331573
25.631061554
25.1468734741
21.8232002258
24.8014698029
25.6893405914
23.8318157196
22.7816448212
27.1834163666
27.7332992554
23.4912643433
26.5298271179
30.4639053345
29.5693511963
27.0335617065
27.5638923645
23.1203479767
25.1856746674
26.8174667358
28.1060123444
31.034942627
29.0304012299
28.3860912323
27.2067203522
21.4263687134
25.4589347839
29.2747192383
25.8216400146
24.4482498169
30.3790473938
30.8826580048
27.6487560272
28.9238739014
33.1506385803
32.8648986816
35.0152168274
30.8837413788
31.4256820679
30.1156425476
33.6287498474
34.0118675232
36.712890625
33.3497924805
34.563533783
33.9367027283
39.1922645569
38.0313568115
36.4262428284
37.5929603577
40.3521499634
38.0953216553
33.8360099792
36.3388900757
38.7388191223
33.127368927
31.250705719
33.4883117676
34.6126556396
29.6510906219
29.3434886932
33.3531341553
32.4773712158
34.8682670593
29.9086017609
34.0464935303
35.8186759949
29.9958629608
31.765329361
30.6883296967
27.134349823
31.8183326721
34.7404327393
30.7284393311
31.2536640167
35.3384132385
35.7880401611
32.7975769043
34.9016571045
39.4517784119
37.1644439697
37.5021896362
40.201499939
41.9182815552
40.6443939209
42.2243652344
26.1220245361
22.7168922424
19.8425350189
19.4985675812
16.3161869049
19.0965309143
18.4256839752
17.6009044647
18.1075344086
13.0601863861
13.4068040848
9.96716117859
9.47922420502
9.36904716492
7.40645313263
5.43365049362
4.03301715851
6.99447488785
8.45900917053
10.9176769257
9.00453662872
6.73500871658
4.85992765427
5.38676548004
8.8448677063
9.93100833893
14.2095346451
15.6790351868
18.5941410065
15.5342493057
13.5907382965
10.5234117508
7.27993249893
6.14044570923
6.0388302803
7.52921772003
10.1759185791
10.8575210571
14.6709308624
16.9149131775
18.2919216156
19.7034683228
22.485124588
24.7413330078
25.9592819214
20.932674408
20.5532093048
23.7461986542
20.4887695312
15.864657402
20.4159641266
21.7617073059
17.7865352631
17.0449771881
20.2334880829
19.4751548767
16.139793396
21.1643867493
23.2551250458
19.6615791321
22.615064621
22.3723201752
21.7137203217
20.4832725525
17.8947811127
13.1770267487
15.4906692505
15.2306575775
14.8181018829
14.0132226944
16.1037197113
13.6968793869
16.9938621521
18.3230552673
14.9463167191
12.4411792755
13.2517700195
10.5258722305
9.86482906342
10.3953847885
9.85089206696
12.8265695572
10.3403720856
12.1175708771
14.6976194382
13.7836236954
13.6939592361
13.5375928879
17.7231616974
16.1389961243
15.4218139648
18.7957134247
21.2593097687
20.4580383301
18.206079483
20.2300815582
24.1026306152
23.2565937042
27.7658138275
24.8329658508
30.575302124
31.4817695618
31.5754585266
26.3718204498
26.9253330231
29.6361522675
26.5503120422
23.0860786438
25.3358249664
27.2471809387
23.2473392487
21.8861961365
25.1579055786
25.8653469086
22.404088974
22.6199378967
27.2152614594
24.0716381073
21.5466175079
25.6718063354
27.9531764984
25.6827125549
26.3577785492
21.9573383331
22.6608295441
17.6065177917
20.3593788147
16.2768421173
18.5445957184
15.9029340744
16.5529022217
13.38210392
12.7280817032
15.9242811203
12.2936229706
17.3355922699
16.7965183258
19.2802257538
20.1892433167
22.5028629303
20.0265865326
18.9619274139
15.9749822617
16.0969314575
12.4756679535
11.2065515518
15.4109096527
13.7331638336
14.231511116
17.3351459503
20.0775184631
16.9033946991
16.1078014374
20.9842205048
24.0155487061
18.2738513947
19.406999588
19.4757022858
19.001657486
17.0389347076
17.9608039856
22.4177970886
22.8570098877
20.5689277649
23.8913784027
27.2481117249
30.1551380157
30.2499427795
26.6131572723
27.3515071869
32.1233139038
28.4075050354
32.9090309143
31.8548755646
30.236946106
28.3877754211
27.8509044647
24.1176967621
27.2027263641
27.8018531799
29.9102916718
25.5434169769
23.3819942474
27.086019516
27.1554508209
23.1752796173
24.9926204681
26.3245067596
24.6679039001
22.5200939178
26.7668132782
27.7975502014
22.9065952301
25.0223731995
29.21733284
28.6556720734
25.7017421722
26.9709606171
23.3096618652
26.1392650604
28.46434021
28.7639732361
32.232963562
31.0088615417
30.4536190033
30.2095737457
24.6718788147
29.3279685974
32.6789207458
28.7108345032
28.2895698547
34.332736969
34.1155433655
30.7684135437
32.6588668823
37.1614952087
35.9893341064
38.3186988831
33.3599014282
33.3460006714
31.4691257477
34.299369812
34.5144424438
36.7912864685
33.058506012
33.865852356
32.1216697693
37.6331863403
36.064704895
35.1134147644
36.2398147583
39.6587638855
37.444316864
33.069683075
36.1481552124
38.754573822
33.2248153687
31.4997596741
34.4008522034
35.6998786926
30.7695484161
30.8321342468
35.3679504395
35.1589279175
37.7595901489
33.1414260864
36.8662414551
38.0571289062
32.1782569885
33.003364563
32.0273857117
27.6507263184
32.1121711731
35.1794815063
30.8426265717
30.4886131287
34.6912651062
35.1789741516
31.6440753937
33.3691368103
38.1223068237
35.6879768372
35.3785133362
38.1096611023
39.890247345
38.1880493164
39.2454566956
22.9083938599
18.8778476715
17.7906322479
14.9939985275
14.479932785
16.6386184692
15.8455657959
17.3168888092
18.3918113708
14.4157390594
17.2649707794
13.8644189835
15.8746938705
17.844078064
14.3635597229
14.6772317886
11.5094585419
12.0801153183
9.54531002045
8.44781398773
7.67183828354
6.11265516281
7.60698843002
10.1759176254
11.2583284378
17.0702896118
16.2742900848
19.617351532
17.861328125
21.6459121704
20.8366413116
20.4538288116
16.0020103455
13.1540327072
10.0899095535
6.63304424286
5.75286102295
5.22818470001
5.88116931915
9.22915649414
9.82413387299
10.5092744827
12.9107685089
15.174955368
16.4814949036
11.3137331009
11.6719007492
15.2529687881
11.9674167633
8.1970911026
13.2705936432
14.8386383057
11.9144649506
12.315454483
15.7436361313
15.7708559036
14.0363941193
18.1112957001
20.7791900635
19.4159793854
23.1896743774
24.8743133545
25.6752433777
24.5334033966
20.395816803
16.8780975342
18.4309310913
14.9036798477
16.6014137268
13.0810213089
11.8907432556
9.34860515594
10.5716638565
13.3027114868
10.7418966293
7.47429466248
5.63999462128
6.29251623154
8.20184421539
11.8377904892
13.5923223495
18.083732605
18.483751297
19.9217834473
23.6123371124
22.840057373
22.5308361053
21.410697937
24.5872325897
22.7075519562
23.9433097839
27.1242008209
28.4798774719
27.2959251404
26.2863101959
28.9973278046
32.190246582
31.6558361053
36.0220565796
32.6362266541
38.3726425171
38.2082366943
38.4484329224
33.6363983154
33.4755363464
35.378616333
32.5615386963
29.2010345459
30.2347106934
31.9906539917
28.3167152405
25.9441165924
28.306060791
29.0262928009
24.8094520569
24.2216110229
28.4372615814
24.7734146118
21.6778583527
25.2055053711
27.1454677582
24.2479286194
23.7188892365
20.1201972961
20.6146945953
17.7337646484
17.8480453491
17.0872192383
20.856344223
19.3700275421
22.056892395
18.7218017578
16.936296463
21.4490146637
18.8222141266
24.8814220428
24.2015018463
27.5150146484
28.5702400208
29.8757610321
26.5372066498
24.5945148468
21.3079929352
19.4760608673
15.4268379211
12.4356918335
15.011349678
11.2437906265
9.2368183136
12.1242198944
13.2943630219
9.19964790344
10.7904481888
14.4268798828
15.8470544815
9.51226997375
11.6485033035
17.6820468903
19.4191856384
19.1519317627
19.265996933
23.6286869049
25.5337028503
23.4531555176
24.0776042938
27.189289093
29.7719707489
28.8524856567
24.965341568
26.3310928345
30.2186641693
25.048910141
29.477098465
27.4665565491
24.7893753052
24.1115493774
24.771604538
21.4697475433
25.3821868896
26.6311264038
29.2675132751
25.0109634399
23.5682621002
28.2651672363
28.5493927002
25.2775001526
28.0377216339
29.4397087097
28.0139350891
26.9019947052
31.1262779236
32.3805427551
28.2298641205
30.9512138367
34.9509429932
34.5079307556
32.1913337708
32.8460693359
28.3400001526
30.0915279388
31.5797786713
33.4492340088
36.2388000488
34.0123100281
33.483253479
31.8438587189
26.0212078094
29.5246753693
33.5028648376
30.2596683502
28.260684967
33.9668693542
34.8595123291
31.4310760498
32.155632019
36.2871551514
36.4171600342
38.6882705688
35.1116676331
35.6338157654
34.473865509
38.3867683411
38.3891105652
41.4838218689
38.3252105713
39.1765556335
38.7459259033
43.9400672913
42.5621299744
40.74659729
41.5826225281
44.3473587036
41.6293449402
37.5678710938
40.4362335205
42.2240180969
36.3956680298
35.072429657
37.0912857056
37.639755249
32.7795066833
32.9208488464
36.3770713806
35.6518936157
37.3842315674
31.6464557648
35.8168830872
38.2646865845
32.4622154236
34.0827674866
32.2997055054
29.1459121704
33.3164749146
36.8099021912
33.1845092773
33.3814888
37.5437736511
38.501663208
35.7068748474
37.20703125
42.1668548584
40.4091911316
40.6253967285
42.8142471313
45.1556816101
44.3065452576
45.7363624573
13.1074790955
9.81615257263
11.4466924667
8.96765613556
12.8062019348
14.480173111
16.8685798645
19.3532371521
18.5362224579
17.8626708984
22.6319503784
21.5688800812
24.6803245544
27.6855716705
26.0084381104
25.2037754059
22.8915309906
24.0563640594
21.9682559967
20.1033649445
17.8034896851
17.9336986542
19.6495418549
20.4159660339
21.341299057
24.7239665985
22.3817214966
24.2555828094
18.2985153198
21.5286464691
23.5675525665
24.8697910309
20.3478622437
18.9528369904
17.162984848
15.3737449646
15.9025163651
13.2705907822
17.3699550629
14.5422525406
17.3009147644
14.578455925
11.9974956512
13.4239139557
11.9615526199
10.5464525223
10.8534851074
6.4929561615
5.94560909271
6.70546531677
6.07092475891
5.97940301895
8.22975063324
6.63078260422
8.06622314453
10.807138443
11.3010492325
10.2899780273
14.2730035782
15.7985439301
18.4454860687
23.1201229095
25.1580104828
25.2570114136
20.400390625
19.0243625641
18.2499294281
12.5829229355
15.8475885391
11.6162691116
7.52355766296
10.2151145935
9.01740074158
13.3844079971
15.1444311142
14.6942977905
10.2746715546
10.943362236
11.6270370483
14.4552640915
16.8956718445
20.6928672791
24.4685115814
25.1447792053
29.7407989502
29.757730484
30.1789569855
29.1285018921
31.2816162109
31.6031894684
33.0312423706
34.7655258179
36.2071990967
36.0669708252
36.1902923584
38.1158332825
41.1893577576
39.3423233032
43.5269470215
38.8198204041
43.8236465454
42.8688850403
42.23828125
38.0836715698
38.331401825
38.6509437561
35.3689193726
33.2468185425
33.2216072083
33.3296775818
30.2368679047
28.3681545258
29.2388648987
28.6275234222
24.6481838226
24.5934410095
26.655714035
21.7398910522
20.2004756927
23.3330249786
22.919046402
19.0032157898
19.0394439697
17.464925766
19.8775882721
20.1078147888
19.6964893341
22.5296401978
25.107126236
26.1918907166
29.0147228241
26.6695308685
23.2212028503
26.761100769
24.5609912872
30.2506008148
28.1623420715
32.0596542358
33.9979095459
33.4221611023
29.4253768921
27.5898246765
24.0645751953
22.0314998627
19.465845108
18.2638702393
16.1984710693
13.5143194199
11.5128059387
14.1426963806
12.2440013885
11.2095050812
16.5138835907
17.4570484161
15.8517484665
13.3620510101
18.746547699
24.9695987701
28.4573383331
28.3309440613
27.0314178467
31.15691185
32.9378051758
29.9787464142
29.5701026917
31.1857662201
33.8461151123
31.4611606598
28.7208518982
31.7581005096
34.0878219604
28.9063415527
31.4141864777
28.5390110016
24.3955478668
23.7392368317
26.2574748993
23.4610691071
25.3914432526
25.2440910339
29.5114326477
27.0316295624
25.2621059418
30.1057243347
32.5487442017
29.4006748199
30.9992408752
33.5960960388
33.488609314
32.0606460571
35.4059638977
38.5979537964
34.8461456299
36.4849357605
40.3508071899
41.288356781
39.7800102234
40.9388237
36.6024742126
37.5979156494
39.0992774963
42.407661438
45.0778923035
42.8548622131
43.4281463623
41.1525192261
35.2608985901
38.0868377686
41.5718383789
38.1163368225
35.4700813293
40.5428695679
41.4766349792
37.2849960327
37.140914917
41.3472290039
41.3758163452
44.271686554
41.5212898254
41.3845062256
40.3037452698
44.9355888367
43.6429214478
47.6770744324
45.1958847046
44.7446060181
44.9249916077
49.6613807678
47.7163772583
45.3310012817
45.2087860107
47.8868141174
44.0648880005
40.7749671936
44.5533714294
44.6173744202
38.61485672
38.860370636
40.3928947449
39.4664611816
35.2466239929
36.713394165
38.7941703796
39.0636787415
39.1002502441
32.1459617615
35.6642341614
39.2137908936
33.858417511
34.4695777893
31.209438324
29.1522789001
31.5899600983
36.1280860901
33.698638916
33.067855835
36.9984817505
39.093208313
37.011341095
37.0120544434
42.5193557739
42.1885223389
42.1977958679
43.0184936523
46.7021179199
47.0809402466
48.2287330627
17.3029632568
14.9649944305
14.0672969818
14.781624794
16.6972637177
19.651884079
21.7178993225
23.3989257812
22.4445781708
20.2149848938
24.3792800903
22.4898872375
24.667093277
26.3823852539
24.0067081451
22.383354187
19.6404457092
20.1554203033
18.2789669037
16.1487522125
13.0879201889
14.5342597961
17.3771018982
17.7865314484
20.3573513031
23.5897541046
22.3310070038
25.2612266541
20.309797287
23.5575027466
24.2214488983
24.3745517731
20.03282547
17.4433841705
16.4137840271
12.749007225
15.5666770935
11.9144649506
16.3951969147
14.661819458
18.533870697
17.2746162415
15.3314466476
16.2488918304
16.0875873566
13.7585134506
12.2116146088
11.1262779236
10.0396366119
6.71308612823
6.80615472794
8.22974967957
5.53590154648
5.56402111053
6.10931873322
5.64981937408
7.27783632278
10.3165740967
10.8928747177
12.0146961212
16.6762657166
18.8762397766
21.2515468597
20.2457313538
15.4146509171
14.8412256241
15.9132080078
11.3991394043
15.8643751144
12.5903768539
10.936419487
13.3656692505
14.0431137085
18.6147136688
18.6862106323
16.7465496063
12.0500335693
11.6182823181
10.2540044785
14.2730321884
14.8783779144
18.3524875641
22.3431167603
21.9647979736
26.855260849
25.9665241241
25.6365737915
23.8002586365
25.1965408325
25.49908638
27.889509201
29.3787078857
29.9593982697
29.753068924
30.7655715942
32.912322998
35.3574752808
33.7498397827
37.6976203918
33.0343360901
38.0565757751
36.52085495
36.3898010254
32.5237960815
31.9886474609
32.2799263
29.6541881561
27.1775455475
26.6849155426
27.5091934204
24.6574249268
21.8955383301
22.7220058441
22.9669380188
18.6517219543
17.796749115
20.5482826233
16.7661914825
13.8616418839
16.5879116058
17.4346809387
14.3537569046
13.1613445282
10.828742981
12.3364143372
12.6372766495
11.9514875412
15.107831955
17.7288703918
19.2177143097
22.4188156128
20.3701248169
16.8566513062
20.5686855316
19.4328804016
25.2277927399
24.570350647
28.7008457184
29.5980434418
29.062582016
24.9793872833
22.2868118286
19.4912567139
16.0373077393
13.5059041977
11.9101686478
9.53460788727
6.74005460739
5.31062555313
7.05112934113
6.24085903168
6.75583696365
10.7551317215
11.8806085587
12.3324174881
11.0821962357
16.1757335663
18.1598377228
21.8527603149
21.6680259705
19.8878059387
23.8085842133
25.5109329224
22.5482292175
21.8471088409
23.2882022858
26.0064601898
23.7038269043
21.0210857391
24.225769043
26.6078910828
21.8571300507
24.3197822571
21.8027992249
18.2173252106
16.7258529663
18.7865352631
15.7980833054
17.7568759918
18.0499172211
21.9129390717
19.1507701874
17.5125675201
22.4287509918
24.6715736389
21.6870479584
23.6589298248
25.9779281616
25.8943843842
24.8419685364
28.1396255493
31.1661968231
27.7938938141
29.696105957
33.3326873779
34.1891365051
33.0069351196
33.9569664001
29.5699901581
30.1797122955
31.5810813904
35.318649292
37.8392868042
35.6474266052
36.6790771484
34.3162689209
28.4900608063
31.2674598694
34.3848648071
30.7468395233
28.1826038361
33.1924629211
33.8761749268
29.5400791168
29.4570045471
33.8383712769
33.5440979004
36.5638465881
33.7614974976
33.5251579285
32.5062561035
37.2693481445
35.9294013977
40.0762443542
37.8183288574
37.4062957764
38.1201972961
42.6357879639
40.9384078979
38.264591217
38.2424125671
40.5872077942
36.9200592041
33.6272354126
37.0481300354
37.205745697
31.2442054749
31.2918777466
32.6375160217
31.8339576721
27.5497779846
28.8596363068
30.9428653717
31.1487388611
31.3408527374
24.5740013123
28.2166366577
31.5562705994
26.1269168854
27.0605239868
24.1582260132
22.1546993256
25.1782569885
29.275718689
26.6962566376
26.7914524078
30.6440086365
32.3636054993
30.4570789337
31.1435375214
36.2379722595
35.6375732422
36.1226844788
37.3256759644
40.5024871826
40.8997116089
42.4897689819
30.8357143402
29.0786705017
24.7459926605
27.9884681702
23.9821128845
27.2753334045
28.0999641418
25.7434692383
24.5375442505
20.7184505463
19.5856170654
18.7459964752
16.4942798615
13.6447591782
16.1552791595
11.5660743713
14.1545782089
16.3647174835
19.7702217102
22.474237442
19.444896698
19.0609207153
17.9816532135
13.7836227417
16.0887889862
11.2880210876
13.9900455475
16.8406543732
19.5859279633
20.1313228607
15.6667633057
12.0758857727
13.4894914627
12.3026285172
15.5337209702
17.1639652252
20.2339420319
22.840057373
24.3176803589
27.9477119446
30.4770965576
31.5578346252
32.5334701538
35.333114624
37.045753479
37.3297958374
33.0705184937
31.9075069427
33.8819389343
30.822467804
26.3725204468
29.7577342987
30.1825847626
25.9665241241
24.5466003418
26.419462204
24.9391784668
21.2535953522
25.844078064
26.2952041626
21.0940608978
22.3025245667
18.9131584167
16.2006607056
15.2094659805
16.2356853485
12.9665107727
15.226729393
19.3075332642
17.5564403534
20.2494373322
24.5806503296
23.9980220795
28.0329380035
29.2545566559
26.7035675049
25.1073246002
25.4548664093
21.4890117645
18.8357925415
16.9803981781
13.5283517838
11.3254575729
7.8757891655
5.69451713562
4.3161149025
3.95924162865
7.21580648422
10.7319278717
13.2155990601
9.04257297516
8.86654949188
13.7897415161
15.438873291
13.1962804794
11.7546749115
16.105682373
12.7136602402
17.0278701782
13.6553430557
18.5813293457
20.9251689911
20.1627540588
14.7754163742
17.1737804413
20.2417354584
16.6474552155
14.1209344864
17.9688835144
19.1758060455
15.4148168564
16.6231822968
20.2579021454
20.4318904877
19.1310768127
20.7926979065
24.4390983582
22.6781311035
21.8653507233
25.7948570251
27.7191505432
26.7409381866
28.9153385162
24.6749401093
25.8823108673
20.150888443
25.3612613678
19.6913394928
18.3678531647
16.5061264038
13.3671121597
13.1522960663
13.3105888367
11.493350029
8.37131977081
6.97576951981
6.96911239624
7.10443353653
7.15787029266
10.6770038605
10.400595665
11.5841293335
10.8056344986
14.3631267548
14.0540857315
16.5208511353
19.1056613922
20.5161209106
22.980846405
25.661655426
28.9807243347
27.330871582
25.8175449371
30.5557556152
34.383102417
29.9987621307
31.6376399994
26.29545784
24.5829925537
21.1322441101
21.7300434113
25.1732883453
23.2619838715
20.4565525055
26.434091568
28.8184719086
31.9189472198
32.7337188721
30.3937339783
31.1176872253
35.8270187378
34.3500442505
37.7586860657
37.7067337036
37.0689239502
33.8275604248
32.412563324
28.763917923
29.5728664398
28.7248249054
30.298910141
27.0694293976
24.0819816589
25.6481838226
26.5077724457
22.0887413025
21.2554702759
22.958366394
22.0732097626
18.1987495422
21.1120281219
23.0855331421
17.9285449982
17.4007358551
21.4121208191
21.9101371765
18.8903484344
21.7659683228
20.4873752594
23.943819046
27.3827648163
26.3773708344
30.469417572
31.0159187317
31.5983581543
32.8434295654
28.3185958862
33.4504547119
35.1960296631
30.3453979492
31.7652549744
37.3505516052
35.4956512451
32.0225028992
34.934715271
39.7343444824
36.5616989136
39.2501487732
33.0657691956
31.6809844971
28.8333950043
30.0920448303
29.6429023743
31.0220394135
27.1132926941
26.64686203
23.003364563
28.4783859253
26.1564712524
26.4532680511
27.4100914001
31.8175582886
29.975025177
25.7648239136
29.6083679199
32.4732017517
27.7851886749
26.4189758301
30.3174495697
31.9958095551
27.7499923706
28.4372177124
33.5595092773
34.7531013489
37.6409912109
34.5518531799
37.0217132568
36.613735199
31.3413925171
30.328332901
30.2217483521
24.8625965118
28.6006469727
30.9539833069
26.3214569092
24.766450882
28.4849910736
28.524980545
24.2887897491
25.7191696167
29.9049053192
27.0205898285
25.6902427673
28.7398853302
29.947385788
27.3900318146
27.6599788666
21.1168651581
20.7983646393
18.2634067535
22.6330547333
23.5406360626
27.1712436676
30.042848587
30.7281990051
28.7861557007
26.5409622192
30.0385093689
28.578338623
29.7711162567
30.1860084534
28.5468635559
25.4275493622
23.393245697
23.7872638702
23.2092666626
21.7383747101
17.7476158142
20.1986923218
23.1149559021
21.9573459625
25.7074680328
26.7517185211
26.3232364655
29.4003639221
24.7215690613
26.9785251617
27.0329036713
26.47108078
23.322101593
20.7084999084
21.5732383728
18.2219200134
22.8442668915
20.1201972961
24.4056224823
23.9703807831
28.0476360321
27.3735694885
25.7194805145
26.5376091003
26.3668117523
23.3256130219
22.2645702362
21.4496746063
19.3721961975
16.6227684021
16.680311203
17.464925766
13.5516433716
10.8287439346
12.5913772583
10.4047365189
7.13530874252
9.34406280518
12.7050561905
7.97568178177
8.64885520935
13.8409261703
12.5321569443
15.7398395538
13.9427433014
10.254160881
13.17902565
15.2678260803
13.9929227829
18.520368576
17.6924057007
18.5177783966
21.7339572906
23.5098133087
27.8008651733
27.645740509
25.6105480194
21.4673252106
19.5450172424
16.3993606567
18.9787349701
17.25116539
18.3537940979
23.5068321228
21.2710533142
26.1339511871
24.674943924
23.9505405426
21.5806560516
20.9971199036
23.2809906006
26.2477416992
26.0748348236
25.7627391815
26.5360145569
29.1697463989
30.5709133148
32.0632553101
29.7185916901
32.9279708862
27.6916980743
31.7626724243
29.1449146271
28.9515285492
26.201423645
25.1071777344
24.1895198822
22.2448444366
20.5078887939
18.703868866
19.1621227264
17.4061088562
14.2306184769
13.6711854935
14.164806366
10.181060791
8.77329444885
10.4867668152
8.65884971619
5.07376241684
6.43578100204
7.79460144043
6.77599000931
5.01546430588
5.30863237381
7.7007598877
9.50130653381
12.5160484314
12.2026958466
16.1326732635
18.6159057617
18.3604354858
14.5035409927
16.1190814972
17.1163654327
21.2912406921
21.8508853912
25.9801635742
25.8580036163
24.1535263062
20.1373691559
16.7448444366
15.7188673019
11.0314884186
11.3748426437
12.1906547546
7.19254922867
9.37963962555
11.4705953598
11.415646553
12.4967775345
15.1386356354
15.9151878357
16.7871227264
18.9125499725
19.7490539551
23.9200210571
19.0018882751
22.2266693115
21.2526893616
18.4866275787
21.4804973602
21.9121360779
18.3307151794
18.1430511475
17.9190731049
20.9221324921
18.408082962
17.4302043915
21.4711647034
23.1599845886
20.7660980225
21.4065227509
19.9714012146
17.8130550385
14.0518712997
15.2242918015
12.4210786819
10.6293468475
8.77034568787
13.4274253845
12.3824920654
9.79305934906
13.7903690338
17.9539432526
15.0447711945
15.4662027359
18.492559433
19.7306156158
18.4246730804
20.4800281525
24.9214859009
22.3835163116
23.1874370575
26.2132148743
28.1516895294
27.9608974457
29.283870697
25.6967449188
25.5843315125
27.2512588501
31.7317962646
34.1820259094
32.6833152771
35.0692634583
32.9971008301
27.7123126984
30.4177398682
32.1931037903
27.9068603516
26.1153736115
30.5046081543
30.0879230499
25.1755981445
25.3248939514
30.0808734894
28.2670478821
31.9400043488
28.8890743256
27.5568370819
26.2569122314
31.0255374908
28.57837677
33.1642189026
31.5918312073
30.0277442932
31.4230422974
35.1918487549
33.3055458069
30.1795063019
29.5677471161
31.6553859711
27.5045166016
24.8186321259
28.6320896149
27.7964057922
21.9192848206
23.0136547089
24.1575737
22.6046619415
18.8432235718
21.2615756989
22.7745933533
24.3295154572
23.8578109741
17.4825534821
20.026506424
22.8886127472
17.7461872101
17.2954978943
14.035036087
12.2117404938
14.6844949722
18.9033279419
16.737323761
16.9033241272
20.4214744568
22.3455505371
21.0194816589
21.5461235046
26.3221073151
26.2475280762
27.0378112793
27.8834953308
31.1292133331
32.2272605896
34.0509223938
28.1384124756
26.2271823883
22.5257110596
25.4541110992
23.626663208
27.3865070343
28.4874229431
27.9694480896
27.0346221924
22.8725509644
24.2105083466
21.7917690277
21.1787395477
19.6001682281
17.8248634338
14.02780056
12.6247596741
12.7421302795
14.1663484573
14.8383026123
11.0808238983
13.0546913147
14.9362010956
12.7280836105
17.3251781464
17.7690753937
19.2732963562
23.2768802643
22.5958995819
24.8269729614
22.1795558929
19.7698516846
17.6848697662
14.186923027
15.6486082077
12.6529388428
17.6236858368
16.9362983704
19.290851593
21.720823288
25.2744140625
26.3708648682
26.5300178528
28.2462520599
29.8794460297
29.001543045
24.9293479919
25.2003116608
26.0902175903
22.0681247711
19.431760788
23.2212085724
21.690246582
16.8566532135
17.9627418518
19.0240116119
16.2907905579
14.393453598
20.4789714813
19.0327587128
15.4173412323
19.6127891541
15.7330760956
15.7941102982
12.6097078323
11.249130249
9.85232067108
14.6080474854
16.1070728302
18.0102500916
18.3433151245
20.946313858
21.3432540894
24.4647006989
27.4814243317
25.2097625732
22.4105834961
20.6082286835
17.8232002258
14.7749738693
16.3480949402
13.1504678726
13.7706985474
14.9344930649
12.5499219894
16.1581249237
13.3105859756
11.3371505737
8.27441310883
8.99191761017
9.70671463013
12.3830757141
13.3958969116
13.4422369003
13.5553159714
15.1287317276
16.9562511444
18.9181537628
17.4371986389
21.298828125
17.2222232819
22.7243118286
21.7602729797
22.4743003845
18.2251033783
17.065952301
19.0306072235
17.1137962341
13.2011852264
14.1195268631
17.1216640472
13.9098939896
10.7168169022
13.9184360504
16.0367965698
12.6645336151
11.8102455139
17.0143928528
16.3374481201
12.8648614883
15.7856140137
19.326883316
18.9136428833
18.8446083069
14.5035438538
13.9939317703
8.11462402344
12.5945138931
6.80135917664
6.75358629227
5.49224328995
6.278403759
4.93663597107
5.53261423111
6.44593954086
11.1459283829
14.1311674118
17.4342823029
15.9770498276
16.9682807922
14.0005483627
10.703040123
10.046749115
7.08508634567
5.24004745483
5.82332611084
9.19663238525
10.4816617966
13.3327980042
14.2471542358
17.9919052124
17.4416713715
14.776550293
18.837972641
23.2925643921
20.6651592255
22.3876819611
14.3971271515
14.1374578476
11.2442178726
10.2516736984
14.2279529572
13.4781332016
10.0392599106
14.2889757156
16.667842865
19.9115314484
20.1703872681
17.5499343872
18.8976840973
23.3188419342
21.4671878815
24.7270278931
24.5704078674
24.1047992706
20.8686771393
19.3286552429
15.739783287
17.1647472382
17.4972190857
18.6847743988
14.6824798584
12.2371912003
15.0219373703
15.5278978348
11.1528301239
12.7019433975
14.0934705734
13.0368375778
10.6491594315
14.8164758682
16.8469715118
12.3189888
14.3817958832
18.3963050842
18.6413288116
16.8148765564
18.2552146912
14.5749940872
16.4328269958
19.1437530518
21.0908088684
24.4793300629
23.6391582489
25.0221977234
24.4974727631
19.1317882538
23.6093902588
25.6076259613
20.7337818146
20.8007469177
26.4279956818
25.2496414185
21.0953655243
23.2395172119
28.2254505157
25.7633533478
28.749753952
23.5218582153
22.5682220459
20.4197826385
23.7750759125
23.0387268066
26.0696487427
22.9683609009
22.8979511261
22.4623279572
27.4778575897
25.9532051086
24.0630264282
24.9288425446
27.9102554321
25.4289283752
21.1821212769
24.2949924469
26.4606323242
20.8679428101
19.3299732208
22.1177349091
23.2779273987
18.406583786
18.8084068298
23.3408222198
23.8571453094
26.3144321442
22.423002243
25.5453243256
26.0941162109
20.3770523071
20.850856781
20.5176773071
16.039182663
20.971118927
23.2684764862
18.82954216
19.3537826538
23.246339798
23.3172779083
20.1431159973
22.7303066254
26.8365821838
24.3461551666
24.8219013214
27.7980575562
29.1440448761
28.003616333
29.8462238312
30.4545860291
29.6149196625
25.0304222107
29.6501865387
25.6637802124
28.9477043152
30.6884384155
27.9856700897
25.8898296356
23.1881885529
22.2552566528
22.6622867584
20.8604850769
18.8093395233
22.2483158112
17.7617931366
20.358795166
22.7782840729
25.9208946228
28.2932910919
24.748966217
24.57538414
23.6425933838
19.2802257538
21.1923122406
15.1433677673
16.8921546936
18.5172176361
20.3189640045
19.6839427948
15.8251142502
12.9519853592
15.5536842346
15.6365814209
19.4320354462
21.6977081299
24.8847732544
27.5150108337
29.685590744
32.8336791992
35.5161743164
36.0442962646
36.6366653442
39.5437545776
40.7392158508
40.629234314
37.0988082886
35.1358108521
36.5230903625
34.013053894
29.6077423096
32.0596504211
32.4310455322
28.700838089
26.5563526154
27.8305225372
26.5829429626
22.8899517059
26.3390464783
26.5510673523
21.1417598724
20.8456535339
17.1973381042
13.6211223602
13.9001731873
16.2989940643
14.3651313782
15.066868782
20.2708148956
17.9968528748
21.7784481049
26.6247119904
26.9269123077
31.0397777557
32.2161636353
30.405462265
29.4012012482
29.3785533905
25.0327606201
22.0020446777
19.3276424408
15.7716245651
11.8921127319
10.8030281067
8.03909301758
6.24059200287
7.10443305969
9.73636722565
12.425740242
14.0519742966
18.5023269653
14.689825058
12.2980117798
17.1825714111
19.9757957458
18.6562614441
16.078371048
19.7256546021
14.9003801346
18.2293624878
14.0053386688
17.1772785187
19.850019455
17.705575943
12.8067140579
16.9143619537
18.8518238068
14.3270349503
13.7636766434
17.5840110779
16.9756774902
13.6299219131
16.8779087067
19.7965183258
18.7297039032
18.7135105133
21.4207038879
23.6922988892
21.8634128571
22.5401821136
26.4331436157
27.3102855682
26.504447937
29.6895046234
25.9801635742
28.0000801086
22.9201850891
28.6680450439
23.7278156281
21.3146743774
20.8158302307
17.4513454437
18.2017250061
17.4342803955
14.3415117264
11.7579908371
8.11187744141
5.09024763107
5.53816413879
6.4414806366
7.65931510925
10.9918212891
10.8384380341
15.8932762146
17.0442581177
20.6283626556
21.5311851501
23.7955513
26.5550022125
29.4336776733
32.440372467
31.3315029144
30.4927902222
34.9418487549
38.4354400635
34.5114212036
36.908164978
31.4189224243
30.1791152954
26.6993732452
26.7368164062
30.0033302307
27.7151260376
24.5124473572
30.4864368439
32.1649475098
35.3635368347
35.8676185608
34.1611709595
35.4382781982
39.6908454895
38.6341247559
41.3472747803
41.2941055298
40.5117492676
36.867805481
35.7086524963
32.1225242615
31.778383255
29.9507694244
31.9521331787
29.6693325043
26.2693157196
27.2394943237
29.2683200836
24.7917728424
22.4963798523
24.9804458618
25.0064544678
20.5616664886
22.3780155182
25.7070274353
20.9449634552
18.7844829559
22.4018230438
24.1727104187
21.8182811737
25.2827167511
24.8065872192
27.8883686066
31.5013313293
30.8177242279
34.8756446838
35.8188056946
37.0032958984
38.2780380249
33.8693771362
38.8609352112
40.1891746521
35.1189727783
36.6229782104
41.9575195312
39.7549209595
35.9873847961
38.8409309387
43.7605209351
40.0292892456
43.0390357971
36.8559303284
34.8459358215
31.779920578
32.8256568909
31.5438537598
32.9963798523
29.4652423859
27.8170204163
23.7880115509
28.7331943512
25.712688446
26.3495254517
26.5999832153
31.4682712555
29.2069606781
25.5434322357
30.2326450348
32.2985877991
27.9201889038
27.5609130859
31.5880050659
32.7334861755
29.0450725555
30.571390152
35.2947998047
37.3643836975
39.7223968506
36.6918907166
38.515750885
37.9131088257
32.9926490784
30.8399963379
30.4677219391
25.0379066467
27.6677894592
30.2291507721
25.9654979706
23.2266159058
26.6612758636
27.116443634
22.8041248322
23.0525951385
27.4041690826
25.0999164581
22.8698406219
25.251625061
27.0601654053
24.706193924
24.117767334
33.6365470886
32.7140884399
28.0897331238
32.6636314392
28.9708061218
32.4478683472
33.9459228516
31.5345096588
29.7334823608
26.5025978088
25.647233963
25.2939739227
23.1988658905
20.3540916443
22.8846511841
18.2718524933
20.5270805359
22.2981815338
25.6153736115
27.9790554047
24.591753006
24.8618488312
24.3378295898
20.1892490387
22.8153095245
17.6884880066
20.0512619019
22.3151493073
24.2108421326
24.0873565674
20.1315422058
16.9236888885
18.8875102997
18.0459728241
21.6080188751
22.8139896393
26.4831295013
28.5702400208
30.5062160492
33.8491363525
36.6920471191
37.6020126343
38.239566803
40.8763046265
42.3073005676
41.9908370972
38.1784095764
36.8871879578
38.1397590637
35.1374397278
31.1235485077
33.9979057312
33.7439079285
29.5980358124
28.280752182
29.3553466797
27.5349445343
24.255607605
28.4491901398
27.7736492157
22.5271606445
23.1010456085
18.0768642426
14.8624868393
13.861117363
16.8875370026
15.5781898499
17.6057052612
22.6329479218
21.2584857941
24.5798072815
29.1700611115
29.4505329132
33.4928970337
35.0437812805
32.8979301453
31.3544216156
31.1336593628
27.0279045105
23.855670929
22.0057563782
18.1276416779
14.6934576035
13.5068721771
10.181178093
8.64969444275
7.1578707695
8.00383377075
10.0148801804
10.5139255524
15.2988672256
11.7783136368
8.2498664856
12.804766655
15.9635848999
15.2853507996
12.3603105545
15.3545007706
10.2745885849
13.4814720154
9.21111679077
12.7875480652
15.4414100647
13.936753273
8.77060317993
12.5194063187
15.132019043
11.4148378372
10.2244338989
14.4100952148
14.9021883011
11.9600257874
14.7077045441
17.8503646851
17.7541885376
17.9611797333
20.1178150177
22.7591819763
22.188583374
22.2420330048
25.4999103546
27.1338291168
27.0439243317
29.6032104492
25.8580055237
27.1228599548
21.8794136047
27.5543708801
22.053440094
19.1894302368
18.4424476624
14.4504041672
15.9407520294
15.9770517349
12.1381692886
10.9751529694
5.70805311203
7.09847545624
5.53816461563
5.43666410446
7.50340795517
9.80530548096
11.4114494324
15.3064928055
16.7739582062
20.1666183472
21.5620346069
24.0375976562
27.005947113
29.2512054443
32.59375
31.7355194092
30.0768127441
34.4299964905
38.4303703308
34.9131584167
36.8590393066
29.6130828857
27.8925266266
24.2691307068
24.3581562042
27.0687332153
24.3371334076
21.4329624176
27.7520580292
29.3179283142
32.3408851624
33.2812767029
31.7933006287
32.6968994141
36.9575271606
36.556930542
39.159526825
39.521900177
39.3111228943
35.5427131653
33.8713264465
30.5134334564
30.076505661
28.5386104584
29.7678661346
27.4666614532
24.3322257996
24.6392688751
26.1045780182
21.8984336853
19.5477771759
21.4697723389
21.3708305359
17.005443573
18.5394592285
21.3866291046
16.8600597382
14.4380321503
17.8418807983
19.4547634125
17.1479930878
20.7284832001
20.7778873444
23.8300380707
27.5090179443
26.5318431854
30.5548458099
31.8152179718
33.2366638184
34.7735137939
30.8084526062
35.7215309143
36.6232223511
31.5537815094
33.5111618042
38.5732460022
36.0579071045
32.5115318298
35.6060447693
40.3969764709
36.363368988
39.2591247559
32.9168930054
30.7877445221
27.6411151886
28.2609558105
27.1203041077
28.2551727295
24.7046470642
23.128490448
18.9212303162
23.9352321625
21.0738277435
21.8365802765
22.401473999
27.2105331421
25.4088764191
21.6082744598
25.9113483429
28.4737014771
24.4311828613
23.6229133606
27.7457771301
29.3322925568
25.7787761688
26.9633464813
31.8982715607
33.8961830139
36.5906906128
34.2966537476
35.9651527405
34.8429107666
30.1867980957
28.1740474701
28.4772930145
23.0925617218
26.0596141815
27.8646678925
23.4315509796
21.3171768188
24.4585704803
24.2748336792
19.9397716522
21.0950832367
24.7294864655
21.8019046783
19.9385414124
23.0469856262
23.9584751129
21.1780395508
21.0738964081
24.2451095581
23.3080997467
19.2314186096
23.9664974213
22.4323883057
26.4172039032
28.6909561157
28.030664444
26.130449295
22.9333095551
24.8913421631
23.5304412842
23.4551620483
22.619020462
22.1541976929
17.9680500031
17.2405014038
18.2688102722
19.4961624146
19.8248157501
15.4182157516
17.2157821655
18.9214172363
16.0969295502
20.1913490295
19.2097091675
19.8708362579
23.2359752655
20.9553642273
22.6263999939
20.8299865723
19.05443573
17.2029819489
14.5130138397
16.8315296173
14.9136543274
20.0473804474
19.476064682
22.9626541138
24.6060028076
28.3868312836
28.6141662598
28.1546173096
30.0110607147
30.8474464417
29.3158607483
26.3929824829
25.4426021576
25.3921432495
22.1344661713
19.5684585571
22.03150177
20.2148227692
16.037311554
16.0596675873
16.1503372192
13.4910287857
11.5283927917
16.6258678436
14.4448680878
10.2510652542
13.9081125259
9.3266620636
9.80246829987
6.69445228577
5.31054496765
6.34420728683
10.4898424149
12.9377374649
15.2184648514
16.3949127197
19.5960674286
21.3589305878
24.6046733856
27.8454341888
26.5138149261
24.3921356201
21.9292736053
18.5205192566
14.7315473557
15.4918661118
11.89960289
11.2257575989
15.095123291
11.8710050583
16.2267894745
14.3631267548
13.6098184586
11.6426353455
11.3527793884
14.9679937363
16.5416030884
15.8342590332
16.5846767426
18.0886230469
19.9974117279
20.5830001831
22.607793808
19.6217670441
23.1500911713
17.8325977325
22.3869113922
21.0138664246
20.6078720093
16.8105678558
16.5528049469
16.9388542175
14.0475883484
11.5251817703
11.6629562378
12.8251743317
9.51972484589
7.19091129303
9.53520011902
10.3195886612
6.76871728897
7.50464487076
11.6381082535
10.2638511658
7.99773073196
11.8567485809
14.0960512161
13.6967992783
15.0172681808
11.0314912796
12.3900690079
7.78248691559
13.6321372986
10.4664983749
8.05062294006
10.386674881
10.4381895065
10.7781829834
7.08508729935
6.61054182053
7.23350095749
10.717300415
12.0084934235
15.8932800293
15.3064899445
14.320763588
10.5206842422
6.99378442764
6.19339179993
4.52004146576
8.58143424988
7.33932828903
10.646109581
14.0913686752
15.6354751587
18.6299934387
19.0035514832
18.0246124268
21.3797302246
24.9748535156
23.0763206482
26.1392116547
19.2578258514
20.0578193665
17.4662456512
15.7588071823
19.2802848816
18.187953949
14.1772851944
17.8574848175
18.9070014954
22.3373966217
21.7213611603
20.117313385
22.621295929
26.0917186737
24.5592880249
26.6273002625
26.2126140594
25.2131404877
21.3841152191
20.6262264252
17.1190929413
16.4527359009
14.9952735901
17.5327987671
15.0791635513
11.5362110138
14.053106308
17.0619087219
12.4731740952
11.583533287
14.8072128296
15.3971986771
12.0331287384
14.8782091141
19.2622699738
15.1950950623
15.1998023987
19.1248874664
21.0021724701
19.8986167908
22.0806407928
19.2487277985
20.5862407684
23.4258575439
25.979637146
29.3110313416
28.7979354858
30.8495807648
30.2102565765
25.0040283203
29.0932502747
30.6669178009
25.6516418457
25.5526485443
30.7315368652
29.3079051971
24.6750965118
26.4528598785
31.568321228
28.5969963074
32.0805244446
27.1360282898
25.4054660797
23.0750751495
26.552324295
24.600063324
28.1474380493
25.5427856445
24.0360851288
23.6090679169
28.2194538116
25.9695892334
23.8932189941
23.8379459381
27.184967041
23.7111129761
19.9624919891
24.36195755
25.206287384
19.3125648499
19.3825359344
22.2086677551
22.2686729431
17.8278579712
19.769361496
23.5360088348
25.3028049469
26.6905384064
22.249162674
24.6247386932
25.403465271
19.8663806915
18.6989917755
17.3763256073
12.4538125992
16.4068756104
19.7294807434
15.5984888077
14.6970310211
18.9271278381
19.9332752228
16.7378482819
18.0403366089
23.0188751221
21.4762382507
21.4237632751
23.5279521942
26.0078334808
25.6411914825
27.075592041
24.6769046783
22.3677005768
19.2515659332
21.2957382202
20.1851654053
23.8216972351
24.9093475342
25.0337753296
24.3114395142
20.2815418243
22.483581543
19.8449344635
20.1305179596
19.6818370819
17.2032012939
14.2422227859
11.795498848
11.9225358963
11.9778814316
11.6440248489
7.38805246353
9.69503974915
12.3861713409
11.2065505981
15.6340255737
17.6930160522
18.3505210876
22.3459396362
20.5672492981
23.3837070465
21.5392742157
19.8411178589
16.6348209381
12.9200210571
13.29682827
9.06084537506
14.1256761551
12.4356937408
15.434969902
17.1047840118
20.899181366
21.6533565521
21.5142860413
23.1213417053
24.6227378845
23.6940288544
19.7078781128
19.9977741241
20.8964824677
16.7946624756
14.334271431
18.263874054
16.7722320557
11.9101734161
13.4488143921
14.8133058548
12.2993545532
10.6735639572
16.9505844116
16.1541671753
13.3907670975
18.2464332581
16.2692241669
17.1553497314
14.5916023254
11.383392334
9.56199550629
13.6914596558
13.2513847351
15.9951915741
15.0695447922
16.7330627441
17.1942539215
19.8896350861
23.2868022919
21.2884960175
18.4100475311
15.9386425018
13.6288433075
10.8624258041
13.628247261
11.4695262909
13.7476263046
15.7049970627
14.3362159729
18.6466159821
16.5208492279
15.1911621094
12.6941652298
14.1537590027
13.9807786942
16.5873527527
18.2665309906
18.5722827911
18.2204704285
19.2635726929
21.5087413788
23.7698955536
22.5305519104
26.510723114
22.413734436
27.883026123
26.8077583313
27.3031654358
23.0529174805
22.1080913544
23.607793808
21.4031658173
17.8795108795
18.3100357056
20.648525238
17.3708362579
14.1420183182
16.6024169922
18.1767024994
14.0345935822
12.9526844025
17.8931121826
15.9941778183
12.0494022369
15.3492031097
18.4823303223
17.1506729126
16.592124939
12.1906547546
11.9530200958
6.9119477272
10.1113700867
6.64635276794
8.99045753479
8.63515472412
11.1992721558
8.91793727875
5.82332658768
10.2419347763
9.57909202576
15.4785346985
16.9023036957
20.6283664703
20.1666183472
20.8253116608
17.3329601288
14.2002391815
12.279042244
8.58143424988
4.80083227158
6.13265037537
5.66476488113
8.20787239075
9.52560329437
13.1181993484
12.2718172073
10.3902406693
14.5451850891
18.539434433
15.6959180832
18.0166110992
12.8336963654
14.097442627
12.2881994247
11.039642334
15.5317344666
16.1022624969
12.960267067
15.0710229874
17.5634765625
20.7325191498
20.1752090454
17.0583381653
18.9728717804
23.0750274658
19.878282547
23.409614563
22.4865550995
21.1284599304
18.398973465
17.7681465149
13.9667205811
16.2854137421
16.9777526855
19.042766571
14.8744192123
12.662194252
16.7846660614
17.637758255
13.6905593872
15.9298648834
17.5675811768
16.6424922943
15.030371666
19.0856342316
21.1867027283
17.0904693604
19.4187068939
23.3136806488
23.5340423584
21.8310222626
22.8929576874
18.6892566681
20.1130619049
22.2214050293
24.8038024902
27.8580131531
26.3349609375
27.3510932922
26.0784244537
20.2650222778
24.3169898987
26.9991664886
22.5794506073
21.5347423553
27.2504692078
26.8776760101
22.6627407074
24.0537185669
28.9230270386
27.3914871216
30.3362789154
25.910654068
25.4351444244
23.7711524963
27.7363319397
26.998260498
30.4056415558
27.5286750793
27.5997676849
27.6070575714
32.5110054016
31.0245857239
28.8611316681
29.5205554962
32.238067627
29.4104309082
25.3937644958
28.4816112518
30.1039047241
24.2736320496
23.1134700775
25.3571224213
25.9454116821
21.0579166412
21.5964946747
25.408039093
25.5611629486
27.4430141449
22.4339027405
26.0371513367
27.5939350128
21.7112960815
22.6735019684
21.4846305847
17.6836643219
22.3501262665
25.3182296753
21.3503456116
21.8744335175
25.9094429016
26.5117740631
23.7228240967
25.7766799927
30.3054332733
28.3672218323
28.895450592
31.3617858887
33.2969932556
32.6082763672
34.3989639282
21.0083236694
19.55493927
16.4209270477
19.944152832
19.6780395508
23.4662284851
25.6567401886
25.9638195038
24.4519100189
21.3923931122
24.3895931244
22.569185257
23.4447383881
23.6427631378
21.9763145447
18.8155994415
16.8227729797
17.4325942993
17.2190227509
16.3519077301
12.0265989304
14.2026252747
16.8309936523
15.4109153748
19.3312397003
20.5392875671
20.4219989777
23.8659610748
20.3281974792
22.8641624451
22.0620975494
21.0531749725
17.8048858643
14.7522583008
15.5876655579
12.1533670425
17.0753498077
15.0113487244
19.0430641174
19.5719032288
23.5805892944
23.4341926575
22.4914779663
23.9415893555
24.5555534363
22.6883392334
20.0692825317
19.3904037476
18.9805812836
15.5125274658
13.7781686783
16.1984672546
13.824306488
9.53460597992
10.724770546
10.7338943481
7.79249954224
7.01893138885
12.7001686096
10.7952413559
8.42624378204
13.8109416962
12.34745121
14.2751197815
12.1700687408
7.99186229706
8.44699192047
11.603263855
10.7412042618
14.6062202454
13.8287906647
15.4286546707
17.4933948517
19.9573764801
23.8354473114
22.8777084351
20.5786247253
17.15467453
14.6637525558
11.3204040527
13.8923053741
11.8169202805
13.5281133652
17.6866378784
15.8132190704
20.6638393402
19.1056556702
18.364276886
16.1666812897
16.7245464325
18.280960083
20.7155570984
21.2970237732
21.6675891876
22.1099205017
23.7937736511
25.391752243
27.5004043579
25.4014720917
29.1244087219
24.2196578979
29.0597362518
27.4217700958
27.3343582153
23.5968456268
22.9182052612
23.2417201996
20.7326927185
18.1320667267
17.6908283234
18.8712882996
15.9505138397
12.978313446
14.2872180939
15.0152597427
10.6047210693
9.9106464386
13.7641458511
11.0605430603
7.30271577835
11.1383056641
13.2791213989
11.6044158936
11.4837932587
7.19255113602
8.61375331879
5.63111639023
9.31395339966
9.00559616089
9.76875972748
11.9859037399
14.3130168915
13.1733579636
9.19663047791
11.9172449112
11.7274131775
16.9223556519
17.410200119
21.5311813354
21.5620288849
20.8780078888
16.8858566284
13.6609487534
11.7079334259
7.33933067322
5.64812135696
6.13265037537
4.65804862976
7.9072265625
9.31530857086
11.9391622543
12.6117343903
12.6088438034
15.4086408615
18.463848114
16.9869995117
20.6398162842
16.1329669952
18.47306633
16.9728164673
14.9116601944
18.8768463135
19.2737751007
15.6443014145
16.969203949
18.2689933777
21.5429077148
20.0590991974
17.8006858826
20.8513889313
23.9716587067
20.9687995911
23.3107910156
22.0479183197
20.1024780273
16.8601818085
17.1346168518
13.4839954376
14.088098526
13.5732803345
16.9286727905
13.9627466202
11.1120824814
15.4761743546
18.1393661499
14.2551250458
15.3485994339
18.0205688477
18.2168731689
16.3213310242
19.5427074432
23.122423172
19.4884414673
20.812417984
24.5214042664
25.7649326324
24.6945552826
26.1036243439
22.2643470764
23.1028022766
25.1798477173
28.5843772888
31.4921646118
30.0635128021
31.732793808
30.157989502
24.4868793488
28.0340633392
30.3376312256
25.849029541
24.4885540009
29.732049942
29.2834281921
24.6228694916
25.5223522186
30.4671840668
28.702665329
32.0646095276
28.1012191772
27.1164131165
25.4727478027
29.795835495
28.1532268524
32.1267662048
29.7476062775
28.8796958923
29.2823524475
33.7955551147
31.9340953827
29.4131908417
29.4119186401
32.0987319946
28.528301239
25.010931015
28.7678527832
29.2583637238
23.2370910645
23.2245693207
25.1926631927
24.800983429
20.2793750763
21.8655529022
24.8190746307
25.7707004547
26.6225166321
20.8803730011
24.0406932831
26.1311130524
20.4062271118
20.487701416
18.3143844604
14.8459625244
18.6470718384
22.4214305878
19.033454895
18.959197998
23.0277786255
24.3690471649
21.9676570892
23.1100502014
28.0892562866
27.0164470673
27.4265727997
29.1062450409
31.8648090363
31.9510669708
33.5987205505
20.7572727203
18.5040931702
16.0520210266
17.9129695892
18.0094947815
21.539686203
23.187297821
23.9745960236
23.0369663239
19.7354679108
22.9823093414
20.6900157928
21.9331302643
22.5741405487
20.1704216003
17.7743778229
15.1331348419
15.5070867538
14.4903650284
13.0912942886
9.07200145721
11.1594905853
14.1721258163
13.7331638336
17.3965473175
20.0010471344
19.6741409302
23.2418823242
19.7797641754
22.8473415375
22.1776161194
21.3600502014
17.4896736145
14.1840496063
13.9514856339
9.61067199707
14.103392601
11.2437887192
15.3533592224
15.4889068604
19.5517158508
19.4334106445
18.5051212311
19.8726234436
20.7213802338
19.1678504944
16.0587234497
15.8290319443
15.9583435059
12.022608757
10.2815828323
13.5143175125
11.4934043884
6.74005460739
8.88517093658
9.91688728333
7.54184579849
6.90638637543
12.8457479477
12.2712020874
10.8948945999
16.1751995087
16.0025138855
17.7926425934
15.9190196991
11.5416231155
10.5261249542
13.3303165436
10.9189186096
14.8377666473
12.8453226089
13.3761377335
14.815158844
16.8691310883
20.8974990845
19.7769832611
17.2215824127
13.5531129837
11.7634477615
9.10767173767
12.837521553
11.81437397
14.8299818039
18.1955051422
17.2070446014
21.9961223602
20.5161209106
19.7416439056
17.5840206146
18.8791713715
19.162853241
21.6959228516
23.1440944672
23.5600719452
23.3698158264
24.5211601257
26.6573867798
28.9715919495
27.4533786774
31.3877830505
26.8975811005
32.0963058472
30.6948108673
30.8402557373
26.8229579926
26.0705966949
26.8369312286
24.3946685791
21.4497032166
21.2811527252
22.7976436615
19.7199840546
16.6356220245
18.1806488037
19.0834007263
14.6353626251
13.6025667191
17.6044158936
14.6841964722
10.8710823059
14.1938705444
16.4122962952
14.2447881699
13.359336853
9.37963867188
10.0512971878
7.57048940659
9.056848526
9.44215774536
11.9648580551
13.0335597992
16.0233879089
14.0030603409
10.4816617966
14.4017744064
13.5474510193
19.4388504028
19.7418708801
23.7955493927
24.0375938416
23.9437141418
20.0305290222
17.0045661926
14.5759363174
10.646109581
7.51442575455
5.66476488113
4.65804767609
4.02445173264
6.10170507431
8.81386375427
8.59898281097
9.14054965973
12.1993494034
15.0745458603
12.8978509903
16.6273574829
14.4258899689
17.19181633
16.2591514587
14.5347166061
18.772562027
19.9375915527
16.7800922394
17.3074588776
19.1977214813
22.2508411407
20.7262592316
17.7997684479
20.5735378265
23.842540741
19.8564167023
22.8807907104
21.1998577118
18.8096141815
16.367647171
16.9883403778
13.3348722458
15.4466238022
15.8979501724
19.0274353027
15.4722175598
13.3553552628
18.1481952667
19.925699234
16.3901481628
18.4600467682
20.5881938934
20.2172794342
18.8743915558
22.4962921143
25.2532119751
21.5769462585
23.6042823792
27.3630466461
28.0193595886
26.6666316986
27.7007675171
23.4164733887
24.332611084
26.0862350464
29.3980236053
32.175327301
30.3200836182
31.4507331848
29.5874881744
23.7125911713
27.1278381348
29.9925498962
25.8881053925
24.0318088531
29.4392204285
29.5500984192
25.1545886993
25.7955780029
30.5308952332
29.5238666534
32.597946167
28.9583835602
28.5329532623
27.1782512665
31.6275367737
30.4806251526
34.3483428955
31.8326931
31.5593223572
31.9947223663
36.6697120667
35.0440368652
32.5619010925
32.8214454651
35.3537139893
32.0215606689
28.3774299622
31.710981369
32.5127334595
26.530134201
26.0728473663
27.854888916
27.6694927216
23.0264873505
24.0698127747
26.9965782166
27.2628898621
28.2645626068
22.252450943
25.9210624695
28.3848724365
22.6079559326
23.5052947998
21.3810348511
18.3672924042
22.3216705322
25.9560394287
22.6321315765
22.9345970154
26.9580783844
28.1689758301
25.8231811523
27.1756420135
32.0626525879
30.8321628571
31.3548240662
33.1690711975
35.7807846069
35.6975708008
37.4060020447
20.5909023285
17.8685092926
16.2117080688
16.6510124207
17.3486442566
20.5060005188
21.7855644226
23.095697403
22.5881500244
19.3728370667
22.9084720612
20.3844795227
22.0483646393
23.1855392456
20.2981395721
18.6659965515
15.6323623657
15.8292551041
14.0227890015
12.0456571579
8.78001785278
10.4893608093
13.6821727753
14.2315130234
17.3386554718
20.9842147827
20.3564949036
23.8179664612
20.1940879822
23.5714893341
23.2461948395
22.7428874969
18.4932727814
15.2867488861
14.1589670181
9.5232219696
12.9885997772
9.23681926727
13.4420213699
12.8078556061
16.8891849518
16.5890922546
15.4877910614
16.6729164124
17.5591564178
16.1370124817
12.8737850189
12.9854574203
13.3911085129
9.21248340607
7.86323356628
11.5128059387
9.76706695557
5.31062793732
8.26814937592
9.79885864258
8.22434997559
8.31682872772
13.331817627
13.5677051544
13.177069664
18.1969604492
19.0008335114
20.8697986603
19.2500457764
14.7371063232
13.3729448318
15.5916948318
12.1090726852
15.9824886322
13.0721330643
12.3902168274
13.4014959335
14.7974233627
18.9931640625
17.9610614777
15.3195886612
11.2646560669
10.4941959381
8.93447971344
13.3337488174
13.3691568375
17.0167064667
19.9771614075
19.6137466431
24.2883224487
22.9808483124
22.2737102509
20.2274780273
21.8479576111
21.4458141327
23.999080658
25.8991241455
26.3207855225
25.7765350342
26.6197795868
29.0499095917
31.4495639801
30.2666835785
34.2710418701
30.0061206818
35.3171691895
33.9823722839
34.2121009827
30.1227684021
29.3428421021
30.2134380341
27.8104133606
24.8092041016
24.6612014771
26.2081413269
23.1397037506
20.0466251373
21.5055599213
22.382396698
17.9411258698
16.7700443268
20.5627765656
17.4549427032
13.7766437531
16.6757888794
18.6854362488
16.2083110809
14.8387098312
11.4705953598
11.8516893387
10.4290189743
10.1269569397
11.6477890015
14.8937959671
15.5080757141
18.8232975006
16.4342765808
13.3327980042
17.5905380249
16.4748153687
22.5163593292
22.5703353882
26.5549983978
27.0059509277
27.1131286621
23.2343921661
20.3639011383
17.7308197021
14.0913715363
10.8170557022
8.20787334442
7.9072265625
4.0244512558
4.90741014481
6.74259185791
5.80442810059
7.69190120697
10.3201169968
12.5243988037
9.96748161316
14.0226202011
14.5528345108
17.7518901825
17.411151886
15.924495697
20.077293396
21.7967357635
19.0304660797
18.7585124969
20.8166408539
23.6092662811
21.9031028748
18.7098712921
21.3663730621
24.455537796
19.7638492584
23.0309486389
20.9420051575
18.0792942047
16.3929328918
17.5026454926
14.1241455078
16.9817085266
17.919839859
21.0190162659
17.3930416107
15.8240995407
20.7657318115
22.1623859406
19.0233459473
21.5325145721
23.3998146057
22.8164043427
21.8762760162
25.5689258575
27.9255619049
24.3789997101
26.7273216248
30.436548233
30.8175354004
29.3852901459
30.1669960022
25.6616764069
26.5042381287
27.9535541534
31.3011608124
33.8999061584
31.7247657776
32.510684967
30.358745575
24.4598693848
27.5705337524
30.8009109497
27.0916748047
24.786151886
30.1231460571
30.702960968
26.526720047
26.8313007355
31.3085651398
30.9235286713
33.7906074524
30.5782928467
30.5227146149
29.4315509796
33.9977531433
33.0867843628
36.9458732605
34.4445838928
34.4711112976
35.0214576721
39.7109298706
38.2178649902
35.7039680481
36.0398864746
38.4174194336
35.1519584656
31.5370464325
34.6313667297
35.4512367249
29.5169448853
28.9414215088
30.4966430664
30.2835998535
25.6877002716
26.4916343689
29.1775779724
29.0387802124
29.936170578
23.6709041595
27.5854167938
30.4262123108
24.7467346191
26.0916080475
23.8503170013
21.3151397705
25.1441802979
28.7731933594
25.6579170227
26.136888504
30.0870857239
31.3258190155
29.1276664734
30.4659519196
35.3245010376
34.1465873718
34.7450141907
36.5054550171
39.140335083
39.0815238953
40.8157920837
22.7613220215
20.3999576569
19.8513183594
19.6596412659
21.7494907379
24.4249458313
25.6755466461
27.7068309784
27.3574409485
24.6653881073
28.5169658661
25.9218578339
27.8293514252
29.0892181396
25.5816802979
24.4481372833
21.0586128235
20.5823822021
18.0313301086
15.0377445221
13.0895032883
15.1963014603
18.7459983826
20.0775127411
22.955083847
27.1796092987
26.4541568756
29.7679252625
25.5758075714
28.9883594513
29.2097015381
28.9403553009
24.595281601
21.5176696777
20.1270046234
15.3513765335
17.9936199188
13.2943639755
16.7334327698
14.6088018417
18.4229831696
17.8024597168
15.9173269272
15.6240081787
15.9491891861
13.2224025726
11.3065700531
12.8676328659
11.6485357285
7.34594297409
9.99923610687
12.2440004349
8.66388130188
6.24085855484
11.2481784821
11.3025655746
9.82744312286
12.3918104172
15.7606649399
14.9482107162
16.6618099213
21.800239563
22.8511924744
25.3984966278
23.6523113251
19.1267871857
18.8870105743
20.9477748871
16.9549503326
21.3504047394
18.0738792419
16.082490921
17.5644493103
17.5975494385
22.1086807251
21.6525707245
19.0892238617
14.5060415268
15.3829088211
14.6204977036
19.1078357697
19.45429039
22.9527359009
26.2388763428
25.7310752869
30.4609241486
28.9807281494
27.9933185577
25.543264389
26.5205020905
25.7931957245
29.1998462677
31.040555954
30.6863689423
29.8752441406
31.3852386475
34.1483840942
36.006855011
35.1914558411
38.9382286072
34.738609314
39.8830871582
37.8728752136
38.4009666443
34.7730369568
33.3813819885
33.8276634216
32.0054779053
29.0956859589
28.1773586273
29.8414859772
27.327047348
23.6626567841
24.3847503662
25.5665054321
21.1645965576
19.2338294983
22.422252655
20.010055542
16.1004047394
17.4372348785
19.3965473175
17.2733249664
14.2423286438
12.4967775345
11.7499523163
13.0218086243
9.65087413788
14.2514820099
17.7993488312
19.0034770966
22.9868927002
20.8483753204
17.9919071198
22.2339134216
22.0139102936
27.8748378754
28.3620948792
32.4403686523
32.59375
32.4217147827
28.4560146332
25.202337265
23.0238227844
18.6299915314
15.9763584137
13.1181993484
11.9391622543
8.81386375427
6.74259281158
4.38795566559
4.84934234619
7.57178354263
6.66072320938
7.41961765289
8.59408283234
12.8030700684
14.6199321747
19.0507526398
19.7822704315
17.8530845642
21.1424465179
23.5875911713
21.3282737732
19.0295715332
20.4745616913
22.6866970062
20.2573413849
17.3210353851
20.3508052826
22.30286026
16.9826049805
19.6185207367
16.8338985443
13.1726846695
12.5754451752
14.7944021225
12.4684400558
15.6652975082
17.4182815552
20.2993068695
17.1743431091
16.730670929
21.6590309143
22.8759975433
20.8015441895
23.8718223572
25.3672542572
24.9430217743
24.9696960449
28.2894306183
30.4190444946
27.7314128876
30.4007720947
33.663028717
33.9741325378
33.0414772034
33.3477172852
28.6297931671
28.6550445557
29.408613205
33.6520767212
35.6552696228
32.9811134338
33.9418067932
30.9945087433
25.4188709259
27.4285564423
30.6716003418
27.6265468597
24.4223766327
29.0290088654
30.2784004211
26.2606868744
25.6204566956
29.5905284882
30.0974731445
32.8235588074
30.8170719147
31.1116790771
30.633808136
35.6830825806
34.7008705139
38.9169692993
36.9543914795
37.0824050903
38.5505828857
42.8159942627
41.6105079651
38.6062545776
38.8213729858
40.5329284668
37.1945343018
33.9810905457
36.5686416626
36.8682441711
31.1387271881
30.7378959656
31.4828510284
30.8097610474
26.6217975616
27.2883491516
28.9348335266
28.3373432159
28.5129814148
21.7835025787
25.855342865
29.5191497803
24.3543014526
26.4245109558
23.9224243164
22.8028583527
26.2050437927
29.5912876129
27.2377204895
28.4263458252
31.9515628815
33.242603302
31.7829036713
33.1894836426
37.6732521057
36.8677597046
37.9614982605
39.4613265991
42.0948524475
42.5379295349
44.5982208252
22.6477146149
19.5241909027
18.9999084473
17.5817508698
19.2132911682
21.683555603
22.2617797852
24.3401947021
24.5078411102
21.4671821594
25.1276340485
22.2428245544
24.2281990051
25.7085418701
21.9822063446
21.3904666901
17.872335434
17.4694862366
14.6023569107
11.6209793091
10.1730213165
11.6431035995
15.0150308609
16.9033966064
19.3397655487
24.2358131409
23.4785366058
26.8215770721
23.254825592
26.890127182
26.8660392761
26.5851612091
22.0939998627
18.9989109039
17.018409729
12.2543325424
14.0794363022
9.19964694977
12.4262876511
10.2935228348
14.1871433258
13.8151979446
12.3798542023
12.6238155365
13.7174978256
12.3273458481
8.67990016937
10.5404062271
11.1722669601
6.45569753647
7.48708343506
11.2095060349
9.56499576569
6.75583791733
10.6911783218
12.2266902924
11.4397754669
12.5170669556
16.2801437378
16.941444397
17.6526679993
22.5069046021
23.8950080872
25.9192390442
24.3057765961
19.7443218231
18.3281803131
20.3124141693
16.1326160431
19.901763916
16.2654514313
14.0984783173
14.4371147156
14.4648370743
18.7118625641
17.7685871124
14.9931516647
10.6802444458
12.0628194809
12.1213283539
16.7514305115
17.6251029968
21.6354141235
24.0584964752
24.1721534729
28.6559257507
27.3308677673
26.4717235565
24.3283290863
26.0509319305
24.7038955688
27.6214733124
30.0224266052
30.12317276
29.0490188599
29.7788581848
32.684211731
34.9411811829
34.3493423462
38.3363761902
34.4356460571
39.8794441223
38.4429016113
38.9554328918
34.8835296631
33.8026504517
34.8020172119
32.6788368225
29.5038547516
29.2259502411
31.0397624969
28.0842056274
24.7062644958
26.0493545532
27.1604156494
22.6936645508
21.1228580475
24.8279075623
21.923910141
18.1370258331
20.3043727875
22.3586578369
19.8766326904
17.678478241
15.1386327744
14.7408924103
14.3586740494
11.9807577133
14.6522808075
18.6861553192
18.8265419006
22.6466236115
19.9561042786
17.4416694641
22.0834007263
21.0973186493
27.2354030609
27.4284114838
31.331495285
31.7355155945
32.1017417908
28.2742118835
25.3481960297
22.7410812378
19.0035514832
15.6315364838
12.2718133926
12.6117343903
8.59898281097
5.80442857742
5.37393808365
4.84934282303
5.9869055748
7.14885473251
8.155210495
5.54288864136
9.8498506546
14.4181060791
18.2153739929
18.8609161377
17.6237430573
21.3595428467
23.8712882996
21.7688179016
20.2157688141
22.4336299896
24.7291584015
22.8625507355
19.369764328
21.7005558014
24.4087162018
18.8266620636
22.397813797
19.8223991394
16.5104103088
16.1939430237
17.7695236206
15.0726270676
18.9522819519
20.7265777588
23.4297065735
19.704957962
19.0165958405
23.9959850311
24.6801795959
22.2349510193
25.4439163208
26.814540863
25.9248180389
25.7007083893
29.449213028
31.1320285797
27.956943512
30.8343029022
34.3695983887
34.3132591248
32.8970680237
33.2105178833
28.4063835144
28.9683742523
29.8758335114
33.3987045288
35.6092262268
32.9366264343
33.3018531799
30.6372127533
24.884809494
27.3231105804
30.9932327271
27.9844398499
24.9987373352
30.0465831757
31.3491306305
27.5880584717
27.3481140137
31.3199291229
31.9148540497
34.4103164673
31.9612407684
32.4814186096
31.8484287262
36.5955200195
36.0496330261
39.9056816101
37.5258789062
38.0279998779
38.9414901733
43.5535011292
42.3506469727
39.6963615417
40.1761703491
42.1963615417
39.1003112793
35.5465698242
38.1416549683
39.0193328857
33.2211456299
32.3981819153
33.5368309021
33.3420181274
28.8535442352
29.2126483917
31.5071315765
30.6880950928
31.4756851196
25.0895328522
29.3130512238
32.5963935852
27.1700134277
29.2769756317
27.0645084381
25.2411270142
29.0309009552
32.4341850281
29.603061676
30.5530128479
34.3339004517
35.4785957336
33.5611991882
35.0870742798
39.7419815063
38.565662384
39.4235992432
41.2089233398
43.7158508301
43.7090873718
45.6170120239
27.2110443115
24.202501297
22.9119911194
22.1430110931
22.8441257477
25.575094223
25.6934661865
27.2942504883
27.645986557
23.860578537
26.7424449921
23.3359031677
24.499961853
24.9619121552
20.5521087646
19.8391189575
16.0446395874
14.7293100357
11.9879140854
8.91310501099
7.97554254532
10.3648395538
14.1890277863
16.1078033447
19.3089637756
24.2267169952
24.3457527161
28.1761302948
25.8356838226
29.3776550293
28.4156837463
27.3768234253
23.2865219116
19.684595108
18.0560092926
12.6437654495
15.2418556213
10.7904510498
12.7497234344
12.224855423
15.9025592804
16.8027458191
16.2526435852
16.3337478638
18.2085533142
17.1932277679
12.8169107437
15.7207202911
16.6452236176
11.883471489
12.2703104019
16.513879776
14.5373096466
10.7551279068
14.8247642517
16.2300682068
14.3927106857
15.0759477615
20.0805721283
19.7146034241
19.6020870209
24.8424339294
24.5957527161
26.3357448578
23.9859828949
20.0466251373
18.6245193481
21.7524108887
18.8029975891
22.2893867493
19.3842658997
18.2782325745
18.0703697205
18.7665367126
22.5874557495
20.7405929565
17.4017696381
14.1441488266
14.921913147
14.4368696213
18.8589038849
18.7653598785
22.3596229553
23.9209461212
23.6633586884
27.801618576
25.8175430298
24.3011379242
21.6532249451
23.0643959045
20.8162479401
24.4611740112
27.1010017395
26.4993076324
24.9591503143
26.0137462616
29.3291320801
31.1002597809
31.1583309174
34.9585838318
31.5929088593
37.1462516785
35.5871391296
36.665687561
32.6921272278
30.9986190796
32.4340934753
30.9294433594
27.2855453491
27.0213432312
29.6960887909
26.8727149963
22.9505271912
24.6417865753
26.5852985382
22.1927986145
20.047750473
24.5184898376
22.7556438446
18.2955780029
19.9743099213
23.1899795532
21.5740852356
18.9366836548
15.915186882
14.1277580261
12.6934556961
10.0578670502
11.1016807556
15.7718744278
15.0442934036
19.2006187439
16.4330692291
14.7765550613
19.7101821899
19.4757785797
25.4067611694
26.8014507294
30.4927902222
30.0768127441
30.9550094604
27.4274711609
24.1503696442
22.198759079
18.0246162415
14.5679864883
10.3902397156
12.6088476181
9.14054870605
7.69190216064
5.54587221146
7.57178497314
5.98690605164
5.57515335083
9.56721401215
7.65565013885
9.14476680756
9.34007358551
12.9194145203
13.8023662567
12.7045087814
16.2777061462
19.0345077515
17.4744548798
15.7083787918
18.4724578857
20.6260070801
19.426530838
15.4797468185
17.0894317627
20.3869533539
15.01491642
19.3737106323
17.4257450104
15.2817459106
14.786154747
15.1087884903
12.359916687
17.1820049286
19.7839717865
21.3467330933
16.9052772522
16.7486419678
21.4047584534
20.9236106873
18.7941818237
22.7463130951
23.3511962891
21.9402503967
22.2979450226
26.2196216583
26.9717578888
24.06939888
27.5437240601
30.8583145142
30.2373943329
28.8240756989
28.7283496857
23.7811908722
24.2186527252
24.9165153503
28.349855423
30.4079627991
27.6299800873
27.9142932892
25.2372398376
19.5091838837
22.0212783813
25.7111415863
22.7565078735
19.8665599823
25.0902290344
26.3568744659
22.8365192413
22.8475799561
26.8142795563
27.4145488739
29.7047348022
27.085893631
27.88722229
27.3731441498
31.998878479
31.9121303558
35.5229072571
33.1194992065
34.1349983215
35.2706604004
39.8081092834
38.9797897339
36.3254089355
37.1603965759
38.9206352234
36.3180084229
32.6141853333
34.5782051086
36.0309371948
30.4618625641
28.9789638519
30.0554904938
30.4303150177
25.8230209351
25.5071315765
28.1633472443
26.8356628418
28.2920131683
22.654750824
27.0695800781
29.827911377
24.3925437927
27.1320819855
25.7283973694
23.793636322
28.2348251343
30.899438858
27.7676696777
29.4042625427
33.036693573
33.5968055725
31.6692123413
33.9655265808
38.0887870789
36.3941574097
37.587978363
39.8991279602
41.7106971741
41.390586853
43.6024589539
30.9949207306
27.2386569977
27.0950527191
23.7427768707
24.8784561157
26.4886131287
25.1365261078
27.5371456146
29.1037197113
25.4773178101
28.135892868
24.2981719971
25.8568706512
27.0150718689
21.7381381989
22.9780788422
19.0018634796
17.3797130585
13.4431524277
9.91154384613
12.4404821396
12.9780454636
15.727350235
19.4069957733
20.9054489136
27.5107650757
27.3331203461
30.8075237274
29.0764446259
32.9216499329
32.2040176392
31.5311431885
27.2058448792
24.0066566467
21.158575058
16.5134048462
16.2100944519
11.6485033035
10.8685569763
8.90119457245
10.7370681763
12.4134254456
12.6000442505
11.5403318405
14.5913829803
15.4216957092
10.0068063736
15.0632820129
17.4682235718
13.642947197
14.579035759
18.7465438843
18.2966976166
16.1757354736
19.576877594
21.6829357147
20.9758968353
21.5292339325
25.4602108002
26.4938182831
26.8166885376
31.5943088531
32.4934234619
34.0614929199
32.0566101074
27.9132843018
25.6749973297
28.1672954559
24.3820514679
27.2234134674
23.5083694458
21.1145496368
19.3908004761
18.6435604095
21.5687847137
19.4228591919
16.1794815063
14.1172485352
17.0563621521
18.5928573608
22.8929958344
24.0901088715
28.3263187408
28.7815723419
29.6174659729
33.2719421387
31.6376419067
30.3016529083
28.1155185699
30.2683563232
26.8543643951
30.0109596252
33.518409729
33.1700401306
30.9924621582
31.0294475555
34.7715606689
36.7713356018
37.5808601379
41.4874801636
38.784576416
44.5696525574
43.4552154541
44.6672058105
40.3957214355
38.8443489075
40.7206306458
39.1262702942
35.3132514954
35.4276237488
38.1779441833
35.1331138611
31.4238071442
33.3030433655
35.1261062622
30.6963272095
28.7000102997
33.1013374329
30.8542556763
26.6439056396
28.3856239319
31.2829647064
29.2046508789
26.5419654846
23.9200210571
22.3251247406
21.2547645569
18.049621582
19.2573795319
24.1509113312
22.5441417694
26.5283718109
23.2778530121
22.3876819611
27.4696826935
26.5380153656
32.5607261658
33.4914283752
36.9081687927
36.8590431213
38.3095321655
34.9392280579
32.0412559509
29.6553478241
26.139213562
22.3170185089
18.0166053772
20.6398143768
16.6273574829
14.0226211548
12.7576332092
12.8030672073
9.84985256195
9.1447687149
9.23987674713
10.0421447754
6.29758787155
14.3816261292
17.1653518677
19.0697345734
19.131155014
21.992937088
25.3682937622
24.7299861908
22.4425506592
25.5142593384
26.9865932465
25.985408783
21.8347377777
22.3906612396
25.3514957428
19.2772064209
24.0441913605
21.770362854
19.4534645081
20.774679184
21.4485969543
19.6143779755
24.9870796204
27.964805603
29.3316173553
24.9031085968
25.2226886749
29.793800354
28.5542945862
26.9450454712
31.2186012268
31.4239425659
29.5566234589
30.2725658417
34.3451728821
34.2010154724
31.4082546234
35.2747039795
38.5628471375
37.2972717285
35.534992218
34.9963188171
29.9684619904
30.5504493713
30.7142944336
33.4668540955
35.1223640442
31.8675518036
30.9379177094
28.0118331909
22.915851593
24.5516643524
29.0230827332
27.3395690918
24.0160140991
28.7219543457
30.9535274506
28.4525585175
28.0665302277
31.0396728516
32.9901275635
34.4773750305
32.6499977112
34.2703285217
34.1810112
38.54662323
39.1789588928
42.3887290955
39.8524894714
41.6037902832
42.5829467773
47.2291793823
46.6722869873
44.2254905701
45.3370170593
46.9790115356
44.7020988464
40.9111595154
42.4322929382
44.2570800781
38.8545722961
36.9973106384
37.9095611572
38.5267868042
33.9987335205
33.1628608704
35.6853065491
33.5719680786
35.1654930115
29.7596759796
34.3582229614
37.3435096741
32.2247924805
35.4913825989
34.1250915527
32.4686431885
36.8579788208
39.4779129028
36.431388855
38.1212425232
41.7730445862
42.2746047974
40.3201560974
42.6532249451
46.7952690125
44.9624671936
46.1387939453
48.5487594604
50.272228241
49.7161712646
51.8922233582
30.2928524017
29.5149478912
26.5003948212
30.3546066284
30.3795757294
34.1716117859
36.1621208191
36.5081176758
35.0842857361
31.7779846191
34.2916488647
32.0663375854
32.2325897217
31.2324924469
28.875541687
25.5778236389
23.4820804596
22.8440475464
22.8168182373
21.6789455414
18.3530044556
21.3945388794
24.5158977509
23.3819904327
27.8817386627
28.925994873
29.7609348297
33.4629554749
30.6759128571
32.9120368958
31.5806083679
29.8903961182
27.3893260956
24.1243209839
25.2432537079
21.1803359985
26.2466983795
23.5682544708
26.6924514771
27.3482608795
31.3512630463
31.8250007629
30.8624267578
31.4104766846
32.1824836731
29.5476779938
27.1776294708
27.9825153351
26.7223701477
22.8873100281
22.9049186707
25.2621002197
21.3923110962
17.5125675201
20.4224147797
19.2668857574
15.6456766129
16.8419075012
21.6907749176
17.1637382507
16.3594856262
21.2438983917
16.7267723083
18.9598369598
15.482509613
14.0581579208
16.7019386292
20.6183185577
20.9709129333
24.74401474
24.4689178467
25.8388614655
27.8825016022
30.0105552673
34.0844688416
32.8210792542
30.0079421997
26.571805954
24.7735118866
21.638174057
24.3050384521
21.6196880341
22.1164131165
25.5916576385
22.7050647736
26.7182273865
24.0819854736
22.140630722
18.7855434418
16.6167755127
18.2410907745
22.6023654938
22.1875495911
19.983423233
20.3551445007
24.406085968
26.1628952026
26.298828125
24.9217567444
27.4232177734
23.0577831268
26.9907360077
23.517780304
24.7019004822
22.611322403
19.7515411377
19.2979412079
19.3009262085
16.6776924133
14.1009502411
16.9049301147
16.0381374359
11.1303853989
10.907087326
14.2423591614
11.1559066772
7.44196128845
11.3235330582
13.7810249329
9.50290203094
7.67035913467
12.8194932938
14.6012945175
12.0496320724
9.79306125641
6.72189426422
6.77177143097
8.21694374084
8.50827598572
6.73800992966
10.9948596954
13.4964857101
14.3762102127
12.2371873856
13.0695638657
16.5209026337
19.4904708862
22.733001709
26.269317627
24.3322257996
23.4318370819
20.2698230743
16.0594234467
17.029914856
11.5362110138
12.4681472778
12.662197113
11.1120853424
13.3553562164
15.8240995407
14.0774888992
16.7306728363
19.0165958405
16.7486362457
17.7347278595
21.7897548676
22.8665809631
25.222694397
14.8816585541
16.9470024109
15.8119344711
12.6613893509
14.0728292465
13.766456604
10.6468963623
10.2633829117
9.22423267365
12.4266061783
11.0169897079
10.6686105728
14.1517133713
16.1527328491
15.9206514359
16.4214897156
16.6574115753
16.9309196472
12.5746107101
10.8535385132
8.67880821228
6.27312469482
6.83159971237
7.08917331696
4.47761964798
5.4072022438
8.46898555756
6.21644878387
8.27850627899
9.68859100342
10.9412689209
11.1577072144
12.9124660492
16.2949924469
15.0498180389
16.6743869781
18.8680648804
20.1943416595
20.6941375732
21.3545265198
17.9582462311
16.8929805756
18.2764663696
23.3271884918
25.382976532
24.088476181
27.1655235291
25.2451171875
20.7510700226
23.1662635803
23.9865245819
19.5110759735
18.4503078461
22.416267395
21.2563400269
16.2749080658
16.9873695374
21.9550647736
19.2224807739
23.0206851959
19.5540103912
17.9724712372
16.7233257294
21.6649150848
19.3665714264
24.047750473
22.8499622345
21.7089233398
24.2227191925
27.5376987457
26.4045219421
22.83162117
22.7811412811
24.0748538971
20.7109699249
17.7935295105
20.3140335083
20.3063526154
14.6179733276
14.5223293304
15.3096313477
14.6756019592
10.2827806473
11.8850307465
14.0766181946
15.3508491516
15.9842443466
11.3075418472
14.0094547272
15.4784326553
9.86644649506
10.8710250854
10.1763963699
8.27886867523
13.0102624893
14.6750688553
11.638253212
14.4819841385
17.3082866669
17.574213028
16.5579872131
19.357126236
22.4699516296
21.2280273438
23.1546707153
25.2308597565
26.7395076752
27.4055175781
30.1113471985
40.782371521
40.8751335144
37.0732192993
42.3947219849
41.4974136353
45.4873352051
47.7661819458
47.2089805603
45.2720870972
42.0501403809
43.5705337524
41.8933486938
41.0758361816
38.8527107239
37.7476196289
33.6857719421
32.905708313
32.4394874573
33.755859375
33.694683075
30.4330120087
33.1273651123
35.4500350952
33.224811554
37.7176399231
36.5292358398
38.1760787964
41.5202331543
39.8718299866
41.0497016907
38.9753761292
36.656791687
35.8448905945
33.1961364746
35.505657196
32.6932182312
37.9291038513
36.3956642151
39.1549224854
40.7263908386
44.5988502502
45.378452301
44.7322692871
45.5924301147
46.4481086731
43.8562774658
41.4324378967
41.8866767883
40.6358718872
37.0670204163
36.430015564
38.6148529053
34.9984550476
31.2442016602
33.0983657837
31.7460536957
28.3441524506
28.649772644
32.8660011292
27.8489532471
26.0046348572
28.9141960144
21.8045806885
22.7177085876
19.331867218
21.6876373291
25.0938682556
28.6768455505
31.3791942596
33.9572525024
35.3250007629
37.9608764648
40.0718269348
42.8703536987
46.5325164795
45.0504837036
42.3883743286
39.6117553711
36.9919700623
33.3816452026
34.6796226501
31.0036315918
29.4038085938
32.2124061584
28.3170261383
30.6301708221
27.7851886749
25.7244338989
22.9046173096
18.4421348572
22.1639537811
25.5338058472
22.700302124
19.295211792
21.250497818
26.5198326111
26.5362567902
24.7531871796
22.7754077911
22.9232616425
19.352060318
20.1518936157
14.8031549454
16.7628860474
17.9779243469
13.9384002686
11.4257230759
14.976351738
14.5485191345
10.5765094757
13.4190797806
15.8500652313
13.1922702789
11.4390735626
15.1317577362
16.2555122375
14.6449956894
15.0270452499
20.611497879
19.2777900696
16.8500862122
20.093624115
23.700630188
22.9841690063
21.9192867279
20.2721385956
19.520368576
22.2973365784
20.2357692719
15.8530855179
18.9381484985
18.0228900909
21.2608699799
20.8679447174
17.9546203613
22.6146507263
21.3177471161
25.9732112885
27.9201927185
24.4311847687
22.8238315582
21.7772312164
18.6479701996
22.3769168854
19.3125648499
22.315038681
24.2736358643
23.2370948792
26.5301361084
29.5169429779
28.3551692963
31.1387310028
33.2211418152
30.4618663788
31.8240833282
36.0562057495
36.9624252319
38.8545684814
26.3808116913
26.281671524
24.2766056061
21.9978656769
21.2964630127
18.444688797
16.6707363129
18.6373691559
16.2606697083
17.7844600677
18.5050430298
20.6048946381
22.2067985535
23.1630630493
26.5060138702
25.5090885162
27.3774223328
29.2792453766
24.9198436737
22.3032855988
21.5948867798
17.7414951324
16.3999423981
13.8988790512
15.3754844666
14.6179742813
9.95502662659
12.188126564
12.2756567001
8.84339332581
8.61501216888
11.9465389252
11.8021688461
7.99863910675
12.4260663986
14.3427495956
12.679274559
11.345911026
14.7051229477
17.4501247406
18.7443695068
18.7782917023
17.0356082916
18.7811470032
22.5874786377
24.1903533936
25.0513973236
29.4965610504
29.1629638672
26.9104557037
29.0147228241
27.5126571655
23.1168956757
24.5481643677
26.5905838013
23.3117389679
19.5060253143
21.3675460815
25.2933044434
19.8358383179
23.5028686523
19.4165802002
15.6024942398
13.5284881592
15.7411613464
11.1634168625
15.3983259201
15.9588947296
12.0298309326
15.8829259872
16.6217861176
15.5335626602
11.2821922302
10.1129817963
10.3270959854
6.62830066681
5.75207281113
8.13994979858
6.58728456497
5.40553808212
6.31776428223
6.12016630173
6.15863227844
9.10211181641
10.6831960678
14.9486274719
15.8748083115
16.8369407654
15.7748851776
12.6193132401
11.2200603485
7.92698717117
11.582075119
10.700135231
12.1029186249
8.82844924927
6.87916517258
10.5216827393
9.89431476593
6.98975944519
8.0033416748
12.5484209061
11.5569353104
9.48989772797
13.0180282593
15.7625894547
14.7565574646
15.9608612061
19.4941520691
