17.9582118988
19.2590427399
20.8866176605
24.0537796021
23.1482257843
22.2390193939
28.4167079926
25.7796039581
27.7785778046
29.3319244385
26.940568924
25.0979366302
23.4214611053
23.4041023254
19.1607227325
17.7871170044
14.4547147751
18.0183887482
20.8633899689
20.7011184692
22.746629715
25.9693527222
24.5639610291
28.5574798584
24.9022750854
27.8534374237
27.3495483398
28.3858127594
32.0208129883
26.1574840546
27.2465877533
22.8938999176
20.5143756866
19.0982723236
15.9531421661
16.6317157745
12.9334402084
16.4138278961
11.8568983078
14.7792243958
16.2114887238
11.1244506836
11.8265762329
16.739151001
13.8021841049
11.5450658798
9.39390087128
7.88230657578
6.41946840286
7.77194929123
6.6205906868
6.36822748184
8.64524364471
7.65348100662
7.57491588593
10.7740421295
12.8853368759
12.5154123306
14.182888031
16.3991947174
20.1483612061
23.4240169525
25.5456562042
25.0768718719
20.1799755096
19.0020198822
19.4612731934
14.2503013611
19.1322784424
14.1772031784
10.2664194107
14.3414001465
11.6229858398
15.3046388626
16.1782035828
16.361951828
16.5131397247
11.4550561905
15.0689430237
13.1855049133
16.7181930542
17.584695816
21.9068908691
25.9690418243
25.6874961853
29.2551746368
31.2586479187
28.0052051544
27.5852108002
29.1430797577
29.9944190979
32.8035774231
34.0148620605
34.3553924561
34.4608840942
37.972618103
39.1244087219
39.6558990479
40.5217933655
36.389919281
40.7304801941
41.9997520447
41.030544281
36.7848739624
35.881652832
35.9769630432
34.5062026978
31.767326355
31.270154953
31.7074966431
29.2264099121
26.2695140839
27.6662311554
27.9082202911
23.3599529266
23.0155010223
24.9167823792
21.5434417725
19.7004528046
23.2502212524
22.6590366364
18.8986606598
19.2118415833
16.649143219
17.744392395
18.3081073761
16.7572402954
20.9927845001
22.9286403656
23.3674888611
26.7207698822
25.1122150421
21.2000102997
24.6045246124
24.1769485474
28.6654033661
29.0532855988
31.6717166901
32.9915771484
32.1170654297
29.2629032135
26.8431987762
23.9929695129
20.3110275269
18.4045181274
16.8729896545
13.2122964859
14.0389184952
14.5022115707
13.3349456787
13.6273984909
23.33152771
21.837890625
25.1724643707
26.3565559387
24.2230739594
28.2775802612
30.0829029083
27.0983810425
25.3690872192
26.538772583
29.4921779633
26.649269104
23.5484294891
28.0651874542
30.4994087219
22.5640659332
23.4468002319
26.4108695984
23.5342407227
23.2780075073
27.8733825684
29.4481372833
26.4744701385
28.852935791
31.8390388489
30.6349334717
29.3050823212
33.9139976501
36.7890090942
33.3561172485
33.0159416199
38.5829811096
39.3343048096
36.904209137
37.670841217
33.7379951477
35.0513381958
34.3583297729
36.0999908447
37.4858016968
40.1946983337
37.9754943848
32.3147964478
36.4071884155
38.9666252136
34.4618225098
32.8055610657
38.155620575
38.1746635437
32.6829795837
34.6269874573
39.6689453125
37.047580719
40.0083961487
39.1698799133
42.7728652954
42.5730056763
44.3352165222
48.9659690857
45.3104629517
43.8873291016
44.5915679932
46.2561607361
42.9872894287
40.7720451355
43.7373313904
41.3640480042
36.7548904419
36.541683197
38.3969345093
38.5341644287
32.7856483459
34.0077514648
35.1122550964
33.5390777588
33.4344520569
29.8924102783
32.3261604309
35.746006012
30.4672107697
32.5875358582
31.2642326355
28.6778011322
32.5382232666
35.0744171143
33.3617248535
33.196395874
37.4510993958
39.1071472168
42.1710014343
40.1834869385
37.4714851379
40.3138961792
42.7963562012
41.515499115
38.1348457336
7.03335428238
10.4538974762
12.5524253845
15.1285352707
12.0012197495
10.4531068802
16.7267684937
15.7797870636
17.7852516174
19.7767810822
19.3004264832
17.0921363831
18.0557746887
20.3655090332
18.1705608368
19.5102748871
17.1215305328
16.4450473785
16.7236022949
14.0090303421
15.0388746262
15.1285495758
12.6887483597
15.6192922592
11.423707962
15.6670265198
14.6907739639
14.575835228
18.3043193817
12.365653038
14.0154714584
10.1782226562
9.65641498566
9.74251747131
10.5543031693
12.5742664337
12.526971817
17.1578292847
16.1970882416
20.3713855743
20.1322937012
17.2930412292
20.5282268524
24.796257019
22.1200408936
21.594827652
18.2024288177
18.291809082
18.6032543182
17.0650520325
12.6729602814
14.1772031784
16.474281311
13.047000885
8.40483665466
10.6858177185
12.4198760986
9.48212146759
7.70303964615
11.1215839386
12.0005283356
12.3390626907
16.626077652
17.2430019379
18.4016399384
14.0666332245
11.1820487976
9.17003059387
5.05771207809
6.14727401733
5.14309549332
7.5464630127
11.3623743057
14.345126152
17.3989753723
17.9776096344
15.2477579117
10.5646591187
9.40012454987
6.13441133499
4.29581260681
7.3701415062
10.9057655334
14.8919992447
15.8733873367
18.8054046631
22.0651836395
20.2618331909
21.7442874908
23.9926300049
26.6854419708
27.4057178497
27.6260204315
30.0978393555
30.4161777496
31.6864414215
33.2828369141
35.3990249634
36.4687347412
31.3967571259
35.05210495
37.3815574646
35.116065979
30.3450679779
31.4236717224
31.2616157532
28.5257091522
26.1206436157
27.861989975
26.9712772369
23.2945022583
22.8347568512
24.7324352264
23.501203537
19.6671257019
21.6520366669
23.0268039703
17.767780304
18.9337158203
24.302942276
21.9963531494
18.2886867523
22.9062671661
18.4813022614
21.1249389648
19.7293224335
21.6596069336
23.6352748871
22.8960723877
23.5015182495
24.3242549896
23.1834602356
19.027256012
20.2298049927
17.2323493958
20.5810146332
19.2786560059
20.7393436432
22.9288635254
23.2598953247
20.1862926483
20.5095252991
16.3847408295
16.2634143829
13.9934415817
15.6109056473
12.0876150131
16.3723545074
15.1240634918
18.7019958496
19.6425876617
30.0126094818
26.7740974426
28.26121521
28.5421943665
27.5612163544
32.2971229553
32.2140579224
28.2355556488
29.5334300995
31.0189228058
34.7562828064
32.8041534424
29.7983970642
34.5179214478
37.5746574402
28.1835136414
27.1382656097
29.8330955505
27.0981731415
24.8332519531
29.1404247284
32.0009346008
27.2483596802
28.0908508301
31.8074932098
30.9101409912
27.7953472137
31.9358844757
35.9963264465
31.6095809937
29.6427135468
35.514831543
37.18542099
34.6622085571
36.8163719177
33.8221549988
35.948184967
36.672416687
37.1897850037
39.772441864
42.5423088074
41.6988525391
37.4192466736
41.7199897766
43.0039634705
38.1881637573
38.5966835022
43.3400802612
41.2941131592
36.7129440308
39.9025154114
44.6989822388
40.5558242798
43.3209381104
40.6273612976
43.4407577515
42.1594276428
42.9621772766
47.0763816833
42.4561424255
41.7253494263
41.7541160583
44.4748001099
40.7653694153
38.7077255249
42.6453781128
40.7250022888
35.7133293152
36.2405395508
39.2440185547
39.2524261475
33.5680961609
35.8077011108
38.013168335
38.5834236145
38.2541275024
34.4979782104
36.7696723938
39.2199172974
33.5894927979
33.7153244019
32.0663452148
27.9706687927
31.4487991333
34.6699066162
31.7469673157
30.0716018677
34.8467140198
36.893573761
39.2570991516
36.7921257019
33.668636322
35.7405090332
37.8111495972
36.3214836121
32.3218650818
40.4454994202
42.0472488403
40.380191803
44.1247558594
42.3288421631
38.2700195312
38.9324989319
35.888458252
33.4077072144
29.0043087006
29.0059947968
25.2152404785
24.573015213
25.414680481
25.0280895233
24.3763198853
28.7950115204
28.5595817566
29.0380420685
27.0900840759
31.01978302
30.1925411224
33.2203559875
36.879032135
38.8697395325
42.562713623
44.3379821777
40.5822868347
40.2250938416
35.1768760681
32.7758407593
31.8322029114
29.2756347656
32.1642875671
28.4109687805
31.9414176941
31.3837985992
34.3891563416
37.833732605
36.6272735596
32.3793983459
32.9836845398
37.2030448914
34.2015724182
31.3710136414
32.8908500671
31.6447563171
35.6839981079
35.5380973816
30.9423923492
31.4969787598
36.9042015076
34.4201431274
29.2073097229
32.4561958313
35.6407318115
31.5601158142
28.5333824158
33.5276908875
34.9760055542
29.6225528717
33.4132347107
26.5031013489
25.7423725128
22.2024669647
24.3104248047
24.3952064514
29.7579116821
30.8916530609
32.6700210571
34.6622085571
36.4348335266
38.4793319702
41.0258560181
41.3962745667
42.7671661377
40.0301856995
38.4225349426
35.0405426025
36.0452728271
31.394952774
33.2944641113
28.6004257202
26.8430767059
26.1225528717
22.7783088684
23.2751045227
19.5763931274
17.7577724457
14.6492605209
11.7155637741
10.0163011551
12.6999092102
11.830540657
6.7280497551
9.65734195709
12.1075696945
10.0103273392
6.29226446152
6.31813764572
8.69969081879
12.5201568604
14.2870922089
16.2131557465
13.5218753815
11.7999658585
15.5400447845
17.1931838989
14.1521177292
15.2701950073
19.5042438507
19.3254508972
17.6612186432
20.9570674896
23.5760154724
23.5398521423
22.3569355011
26.3654174805
29.1420917511
27.7325687408
28.769821167
31.7327098846
32.9177322388
34.6767730713
29.1366481781
26.6321144104
21.7247867584
23.0103473663
17.846540451
15.4537200928
14.0788459778
10.7181606293
12.9715662003
16.4884624481
14.9113235474
18.5130500793
17.7372570038
21.6479549408
24.4551696777
22.9292144775
19.443977356
21.365945816
17.4378376007
20.8446178436
20.2594661713
20.9605312347
20.7579097748
25.0232963562
23.8335876465
25.5074939728
28.9268932343
32.2493095398
24.1575431824
21.1346130371
18.3858089447
14.6829710007
16.3646259308
16.1597614288
11.7576408386
11.6213140488
17.2303066254
18.8318519592
20.7460479736
23.4506988525
22.2159843445
22.0121212006
24.9290046692
27.19962883
26.6288375854
24.0834236145
20.6389808655
20.061340332
19.6310272217
16.3602085114
14.7443313599
15.0769443512
12.5268507004
10.5202331543
10.3401422501
9.97988033295
7.58917474747
4.97835350037
7.93599700928
7.51516199112
4.39283466339
4.70047473907
6.54164791107
9.335272789
12.5585823059
9.24692153931
13.1072978973
15.3943681717
18.1851673126
19.8236141205
21.5306053162
18.3399543762
15.7127847672
20.910823822
21.2939281464
15.4190092087
16.6748046875
20.9352092743
22.5510730743
18.3241481781
17.6383686066
13.8447608948
12.8015766144
12.691696167
10.2230730057
14.2033195496
10.5669717789
11.9587717056
14.9162139893
19.0252189636
17.6755638123
14.5795688629
15.2854118347
19.4741268158
16.9145851135
13.5229997635
17.4174518585
21.4758968353
17.5355987549
15.8446712494
21.241985321
22.9008846283
25.7062263489
24.7585582733
27.5986175537
26.0636997223
22.0645427704
22.8355541229
26.5236988068
23.593372345
28.9051742554
25.0344429016
20.848028183
23.1339149475
26.3137435913
21.1629123688
22.9610729218
16.7076206207
19.1326885223
22.9692668915
21.5398044586
18.336687088
19.9138011932
51.0858917236
52.9587211609
52.2080688477
56.3810310364
54.9435157776
51.5246315002
54.4556388855
50.7322235107
49.4424095154
46.3246421814
44.7278518677
41.1739311218
38.8637924194
38.0229759216
35.3094139099
32.1436500549
35.6355361938
38.7450637817
41.2093238831
40.6374969482
44.9763221741
46.4019432068
48.4704627991
52.9991950989
52.9882774353
57.0471572876
57.9674263
55.4988594055
56.7544555664
50.3331222534
49.0546035767
46.572353363
43.3135566711
45.0030708313
39.5505943298
42.5784721375
39.8056945801
42.5495948792
43.4600067139
41.3195610046
38.3401374817
37.4529418945
39.7299728394
35.7734642029
32.9344367981
33.3113861084
33.9913635254
37.6186141968
36.0335121155
32.6458816528
36.2594947815
39.6689529419
35.4609832764
33.588722229
38.6201515198
40.1890830994
36.0548553467
36.391910553
40.8992767334
41.1997337341
37.2652931213
42.65417099
37.0008087158
38.3232574463
34.5582313538
34.9467124939
36.6713562012
41.376033783
40.8006134033
44.8261260986
44.6989822388
44.2993354797
48.0366363525
48.1264877319
49.4435462952
49.8715515137
47.2257385254
47.207611084
43.0969696045
46.0675697327
41.4768104553
44.9662742615
41.0591850281
41.0293273926
42.8218154907
39.5284614563
41.5556144714
38.8561592102
35.895526886
32.3649215698
29.6985759735
27.6750392914
32.642780304
32.5927505493
27.7871875763
29.7190189362
34.1283149719
32.2022247314
28.451593399
27.2441101074
28.7292537689
31.2180252075
29.2184886932
32.5869445801
32.4379844666
27.5548782349
29.1623954773
32.0713615417
30.3975963593
26.4824409485
30.7532119751
32.4809112549
28.0792598724
28.8678607941
32.6128082275
31.9038467407
28.3227596283
31.5398464203
36.0443229675
32.3317642212
30.1280250549
35.0293960571
36.7564926147
34.3214797974
31.8029880524
27.5836009979
26.0782222748
24.2274932861
21.2528381348
23.0363826752
23.3002681732
25.1432914734
26.4014091492
28.0622062683
29.2236022949
34.11120224
35.5529937744
39.1681671143
42.5695266724
40.8525733948
37.5523872375
37.8753204346
32.2406845093
35.1188392639
30.9079113007
32.43227005
29.5470600128
33.2091674805
28.6940746307
31.0240936279
29.84034729
32.1160812378
22.4165439606
23.0089588165
23.3774471283
20.8402042389
19.5046901703
14.8102407455
15.6375579834
18.6185112
15.6296701431
14.1034107208
11.0770568848
14.5122337341
16.4463214874
12.4272947311
10.9379968643
22.4106121063
24.3787307739
20.8082237244
19.3603286743
22.4333667755
20.5801372528
14.3528690338
19.4519290924
21.6625652313
17.9757766724
17.2891807556
21.7151317596
21.5773620605
17.8245029449
21.2636489868
24.7798843384
23.8522281647
21.6599159241
22.5510730743
19.3831806183
17.205537796
13.9633483887
11.123380661
15.8055047989
14.2869548798
16.3457317352
15.1256027222
14.9502344131
13.1059942245
10.2837266922
11.1874227524
9.58351230621
6.4152340889
8.95216560364
8.74901294708
5.83755970001
6.91900873184
6.45798110962
11.6376495361
14.0830621719
17.3611736298
20.2912921906
23.5950298309
24.7812728882
22.5132198334
25.2046337128
24.1818199158
24.5567207336
22.7297916412
20.3819198608
21.3534603119
21.4159755707
17.7938194275
15.9768066406
19.6020622253
18.0809726715
13.5392980576
14.0968999863
9.8996591568
14.6699008942
16.6351737976
18.8903598785
17.5205879211
17.1051712036
21.5908718109
26.1095409393
26.9671936035
31.298122406
26.116809845
25.7594623566
30.1045036316
31.2133274078
26.5921211243
29.2644424438
27.0130214691
28.9251403809
32.7166786194
32.9776382446
31.7838153839
33.3083152771
48.4371337891
50.9336700439
50.0628318787
53.8134765625
51.4703941345
47.715423584
49.3378295898
46.5975914001
44.5143165588
40.3910064697
40.5096244812
36.2811927795
35.6861114502
36.4484977722
35.0572471619
33.4397125244
37.4905929565
38.5682106018
39.6862487793
37.5317802429
41.752532959
40.758190155
43.2826919556
46.7937355042
47.7461471558
52.1844024658
52.9632644653
49.2033920288
49.5642318726
43.7840499878
42.1175575256
41.1234931946
38.7904434204
41.9083824158
37.7152557373
41.6852340698
40.2559318542
43.8903388977
46.0857963562
45.0772018433
41.2969932556
40.7671165466
44.5371932983
41.6479263306
38.2648162842
39.0139160156
38.1772613525
42.1569786072
40.8797721863
36.3393783569
38.1772155762
42.5729942322
38.9349327087
34.7435302734
38.6210784912
40.7418518066
35.8952903748
34.3981742859
38.9856987
39.3339500427
34.0907211304
37.9827308655
30.5094528198
30.5647163391
26.9709339142
29.6852493286
31.7793502808
36.2340812683
37.8269691467
40.0812950134
42.1594276428
43.5417251587
46.9322891235
48.9581718445
50.2811279297
51.6664428711
49.1929855347
47.8549156189
43.5632247925
45.1175384521
39.7613220215
41.6500091553
37.1322364807
34.8961601257
35.8014564514
32.2157592773
33.0042533875
29.3065071106
28.0366153717
25.2198143005
21.2951335907
21.4637966156
24.7012310028
22.0296993256
17.9874858856
21.9949817657
23.3349952698
20.0523376465
16.8746471405
14.1949920654
16.2506332397
16.3711566925
13.6749897003
17.6551685333
19.3695831299
14.5920152664
16.3960857391
19.9436798096
19.6074638367
16.6765003204
20.6585922241
23.0517501831
20.9187602997
21.754535675
24.9419250488
26.2318248749
24.0897388458
26.7883052826
31.591463089
29.6641616821
28.3009853363
32.2205085754
34.7789497375
35.0785865784
31.209438324
28.1827983856
25.2120666504
26.6262168884
22.011756897
20.2442455292
21.4002418518
19.6229248047
22.7194480896
24.7412052155
22.9354152679
27.4639415741
26.5488910675
29.8878974915
32.4562606812
29.8708114624
26.7131462097
28.2266998291
23.8028430939
27.9800491333
26.1859302521
28.6651077271
27.5530471802
32.2016639709
28.897611618
29.9488983154
31.7028656006
34.3008575439
29.7004871368
27.7012958527
26.380065918
22.3553085327
22.3362979889
19.884771347
16.5332965851
17.3118419647
19.6906528473
18.8194522858
18.7061977386
21.9655361176
23.3349304199
22.2810287476
22.9050865173
26.0968208313
25.3645439148
21.7216033936
20.8386726379
20.8983287811
17.8296833038
14.8004102707
16.4054851532
15.4350805283
11.3083658218
12.3329677582
14.5866632462
10.8909902573
7.46628332138
12.7205696106
14.205537796
9.95826053619
9.25577449799
12.6916971207
11.7476358414
12.2415542603
9.57714176178
11.9392957687
14.1424322128
16.4008216858
18.8806343079
21.3990936279
23.2409381866
23.2896747589
18.2982063293
17.4109153748
20.7880039215
19.0302505493
13.849861145
15.5344181061
17.6509723663
17.3611755371
12.3444566727
12.2424621582
6.83582735062
5.51591062546
5.63702726364
8.62046813965
8.97780513763
6.10831260681
8.88925361633
9.6364736557
10.2099428177
8.27043151855
5.66248321533
10.4548635483
11.215514183
7.86951637268
8.69559860229
13.3014831543
13.0872612
10.8630609512
14.4554195404
17.7904682159
19.7779979706
20.4785346985
21.9836025238
18.8710460663
17.87317276
17.8139438629
22.5159397125
21.8129138947
25.6195106506
19.8458919525
17.5825805664
21.1815853119
22.0215034485
15.4918603897
16.9786300659
13.0257539749
16.6788635254
19.9841346741
18.6383972168
17.0141925812
20.1073322296
50.6180229187
53.844291687
53.5245819092
56.9264259338
53.9045791626
50.4054908752
52.1173210144
50.1392669678
48.1517562866
44.0967750549
45.0126991272
40.3975906372
40.6656341553
42.1501693726
40.7362594604
39.4303741455
43.056602478
43.9413299561
44.8007354736
41.88098526
45.983291626
43.882900238
46.0694999695
48.9004211426
49.45079422
54.3586463928
54.350063324
50.2483787537
50.7682647705
45.0129852295
43.7866592407
43.4044761658
41.7698974609
45.450302124
41.8608894348
46.2633552551
44.9857254028
49.2622413635
51.0412635803
50.8385543823
47.2795181274
46.1399002075
50.0756454468
48.1015739441
44.3062973022
44.6461029053
43.3928642273
47.1537284851
45.4220619202
40.8159065247
42.3868141174
46.2561607361
42.5231132507
38.2963943481
41.5914421082
43.1600646973
38.0381317139
36.7312202454
40.645565033
40.3648376465
35.1488800049
38.020690918
30.2753734589
30.2054862976
27.2108821869
30.8869934082
33.9802436829
37.312702179
39.9746208191
41.5476150513
44.4747962952
46.3217124939
50.1835784912
52.6433486938
54.5499649048
56.3455619812
54.2922668457
52.5722846985
47.8092002869
48.9740905762
43.1757659912
44.1973152161
39.8822364807
36.6133003235
38.1091041565
34.5601959229
35.0054512024
31.330827713
31.1499118805
29.1620464325
24.8268718719
27.0183753967
29.4864883423
25.0265712738
22.6238746643
27.6150722504
27.1094722748
23.330953598
21.6162548065
18.2750377655
18.7209758759
16.1406898499
11.2631196976
15.1558036804
19.6989784241
14.9122753143
14.7393798828
18.5385322571
20.4333724976
16.8522758484
19.0693416595
22.6543979645
21.9248695374
21.2058048248
23.6336841583
26.3712406158
24.9020042419
26.0251560211
31.287569046
30.197353363
28.1926765442
31.518196106
34.8731384277
35.6161460876
32.5446815491
30.2925338745
28.2632160187
30.9879169464
26.964635849
24.3610210419
26.8844966888
24.5799160004
28.2838306427
29.2306480408
26.3002929688
30.3644180298
28.5324325562
30.9887256622
32.8454780579
29.5776252747
27.0847301483
28.5841350555
25.1486225128
29.5829982758
28.5261878967
31.9768390656
31.3793239594
36.0099449158
32.5684700012
32.5277786255
34.4524612427
36.4546890259
37.068561554
34.7126846313
33.8274497986
29.6977310181
29.2595558167
27.4548149109
24.1607608795
23.6497116089
26.0318717957
24.3522224426
24.3504257202
26.8151168823
28.9798107147
28.9759616852
28.9394264221
28.6169128418
26.7648983002
23.4650058746
24.4371528625
23.457529068
19.5408992767
19.5959129333
20.3826732635
17.6424655914
15.1630945206
17.7558383942
18.6442184448
13.7691850662
14.0062112808
18.5254135132
17.5862140656
12.8766355515
15.286488533
19.0252170563
19.4539966583
19.8372821808
17.3073749542
19.7221641541
22.7134609222
25.3508110046
27.9492855072
30.3893527985
31.6526241302
31.9420413971
27.041934967
25.8956642151
28.4809474945
26.9702968597
22.2952270508
22.8425121307
24.4232673645
24.1818141937
18.5735969543
19.8667964935
14.1203966141
13.936756134
9.63647174835
12.0850019455
12.1471881866
11.8251180649
7.91905927658
5.66342449188
4.43919038773
6.27443361282
6.06003952026
6.87565803528
10.0997247696
10.7188796997
10.5702142715
11.7330312729
14.7102117538
15.2547302246
16.7128658295
22.3067455292
22.2128753662
22.9074211121
22.9993190765
19.3765258789
19.926864624
17.1925487518
20.9443702698
20.8122234344
22.5910797119
16.8554382324
15.4748506546
18.1833782196
17.1936302185
10.7381744385
10.4220466614
9.16576290131
12.954117775
14.4898490906
12.7764730453
12.7127494812
16.5456104279
45.069152832
47.6298294067
47.6251029968
51.6108512878
49.6312789917
46.5683250427
50.2886428833
47.0368041992
46.210647583
43.5769500732
42.2834358215
38.2530021667
36.4191856384
36.1781463623
32.8179359436
29.6073493958
32.3807601929
35.867855072
38.4796562195
37.2508087158
41.6845207214
42.6702690125
44.1464614868
48.4690322876
47.5234870911
52.0755767822
52.1675834656
49.85887146
51.7626724243
44.8861503601
44.2479553223
41.6701698303
38.7289810181
40.6397361755
35.3167457581
38.8122215271
35.7287826538
39.3885650635
39.3401489258
38.2213668823
35.7054214478
33.6397209167
36.0305252075
33.5000495911
29.8031673431
29.416677475
29.6065502167
33.0003547668
30.6255722046
27.1134204865
30.8724117279
33.5390815735
28.9452056885
27.3552246094
32.2140884399
33.0905342102
28.6585044861
29.76927948
33.7427406311
33.4660263062
29.8320426941
35.103263855
29.8770084381
31.7278137207
28.2499847412
28.3706607819
31.0200443268
34.8857345581
34.5134048462
38.6630973816
38.5834274292
38.1229896545
42.6791152954
42.7632827759
44.9263076782
45.71534729
43.6009979248
43.344291687
38.4311065674
41.398639679
36.2860412598
39.4155464172
35.8451004028
35.6091499329
38.577419281
35.307220459
37.7113609314
35.4937210083
32.6802253723
29.6110076904
26.7451629639
26.493724823
31.6143341064
30.5188293457
26.7236747742
29.6453552246
33.4684715271
31.504907608
28.7684459686
27.2912063599
26.7943153381
29.0564670563
26.6802768707
29.351556778
29.3795108795
24.107542038
24.6569824219
27.2279338837
26.1326999664
21.1022014618
24.6292915344
26.6275691986
21.9421405792
21.7207698822
25.3499069214
24.5540313721
20.7452430725
23.2870693207
28.0109081268
24.1245536804
21.2115402222
26.2033061981
28.1941757202
25.365776062
23.5508365631
19.4453392029
19.2452774048
18.1870689392
16.216550827
17.9523410797
20.1021270752
22.348028183
24.1267433167
24.1336860657
25.0431098938
29.9181175232
31.6054420471
34.6523399353
37.9921226501
36.1616096497
33.222869873
32.8352088928
27.1726570129
29.794046402
25.018453598
27.3797340393
24.3129959106
27.8807353973
22.5151004791
24.1038646698
22.239068985
23.9981250763
21.7922477722
21.5957508087
23.1835441589
20.3934364319
17.82695961
14.697728157
15.5942354202
16.2430915833
12.3045873642
8.81067752838
5.79380893707
7.67501974106
11.5220928192
10.4566440582
7.94870328903
13.637509346
15.3790054321
11.8881902695
11.9020633698
14.997133255
12.8840618134
8.87861442566
13.9264822006
15.8130903244
13.5772609711
14.0871648788
17.9330291748
18.2066402435
17.1753749847
20.0856342316
22.1014728546
22.4115886688
22.0294380188
22.9008846283
20.9388427734
17.4941444397
14.1650218964
11.837682724
18.5323162079
18.7583656311
21.9752693176
20.6676197052
18.0949020386
18.4646167755
16.6749744415
14.7629480362
11.9836387634
12.8399305344
13.6143274307
9.06106948853
6.99831438065
9.89965820312
7.04861211777
11.4380846024
12.4292259216
16.8742218018
17.7904624939
21.9638977051
25.769657135
25.4891586304
22.2380504608
23.71824646
22.3067378998
21.4744911194
19.91381073
19.3817119598
17.3494758606
16.4235916138
14.3045654297
12.1401519775
13.8479061127
11.6771755219
8.93755531311
7.06778478622
5.81338310242
7.2903137207
9.70799064636
9.50887298584
8.59495735168
13.5322380066
17.4415874481
18.8487586975
22.85272789
18.4035644531
18.8027515411
22.9833717346
24.0745983124
20.9916496277
24.0787448883
23.0755615234
23.5850963593
27.1765537262
28.4919242859
27.8974666595
28.3060665131
38.2139358521
42.3197822571
43.5582618713
46.7417793274
43.3478660583
40.906414032
45.0677642822
43.3853340149
42.9569664001
40.8025398254
41.000202179
36.2155265808
36.250869751
37.7479362488
34.5423431396
32.564956665
34.2322654724
36.6966705322
38.516708374
35.5226249695
39.6091880798
38.430934906
38.9855880737
42.0605010986
39.9559860229
45.447807312
43.8887786865
41.1766700745
43.7270812988
36.6729164124
37.128238678
35.4465827942
33.9262084961
36.9191894531
33.1249694824
37.5519752502
35.0844688416
40.2675209045
39.5081825256
40.6469039917
38.6026153564
35.3242378235
38.4509925842
38.6816749573
34.1479454041
33.0321578979
31.5877552032
34.3194580078
31.3002376556
27.4869594574
29.6277523041
31.2642230988
27.0866260529
24.6586151123
27.5615596771
27.2997398376
22.2619533539
23.5143814087
25.8555088043
24.2322330475
20.6321868896
23.9035053253
18.6102256775
20.8220062256
18.6637248993
19.8775806427
24.663110733
26.0017776489
27.7110557556
30.5344867706
32.0663375854
32.7468757629
38.22914505
39.5132980347
42.9295539856
44.798374176
43.7615089417
42.409866333
36.5346641541
38.3570365906
32.3421707153
33.449508667
30.4893436432
28.4050369263
32.9498786926
29.9119224548
32.0889015198
30.5326290131
29.2730178833
27.8944988251
24.6143054962
28.2853565216
32.0286483765
28.2460708618
27.3070526123
31.8898620605
33.0103263855
30.8080730438
30.4266490936
28.3869228363
24.8545475006
25.1882991791
22.334815979
22.9946403503
24.2999954224
19.5480690002
17.3093681335
18.7449321747
20.1270999908
14.1051111221
14.0962400436
17.1608390808
14.3258285522
10.6271648407
12.7961053848
13.8612880707
11.46397686
10.0761079788
15.8696327209
13.6992797852
9.30791854858
13.0405387878
16.9174575806
16.0534591675
15.3707838058
14.0221166611
15.9156599045
19.3152065277
18.7014369965
17.3643722534
22.4630966187
22.9764080048
25.9354381561
23.477766037
22.0425682068
25.7114982605
26.3126850128
27.5710258484
29.9306030273
27.4991416931
25.8274211884
24.5501728058
20.4642333984
22.8834438324
19.2689037323
23.6449241638
22.0407810211
25.3456192017
20.3652858734
18.9147491455
18.4416255951
18.812335968
31.2718639374
29.0768375397
30.8194046021
27.6851940155
25.125585556
25.1950244904
24.2738552094
21.4694137573
20.6591415405
17.6213035583
18.6395320892
17.5745925903
20.2646045685
23.4960269928
22.9389266968
12.797208786
9.44382667542
8.66219615936
13.1514234543
11.5162353516
8.49431991577
14.8804349899
14.4288816452
12.1809768677
14.5129337311
17.549911499
17.6013813019
17.050951004
21.1792373657
22.7961063385
20.8191242218
22.2471694946
25.3192272186
26.5236968994
27.1242656708
23.9951515198
21.8187561035
22.2949142456
27.9611358643
30.4299221039
34.1621246338
34.0418434143
31.1963634491
33.1890907288
31.1060752869
27.7673683167
26.8963298798
28.8015441895
26.8822193146
22.2920608521
23.1361751556
26.1095409393
20.3829479218
25.0386886597
21.1904830933
25.2722015381
22.5159378052
26.6775093079
29.8408737183
27.4272079468
23.6256103516
22.2696933746
20.9443740845
18.017080307
17.8621997833
20.9404354095
14.9000444412
12.3901834488
15.4095172882
14.8634023666
11.6244745255
10.5280323029
14.813035965
12.9660005569
17.4415893555
13.6580047607
11.4935102463
10.4038000107
11.0902709961
9.81980037689
5.43528699875
5.69544506073
6.60010528564
5.66178941727
7.79014110565
9.60134029388
10.0066051483
12.1686143875
14.8665752411
17.069732666
14.2547655106
15.9907140732
19.2873954773
20.2961711884
18.4398174286
45.1462554932
49.0767364502
49.5178184509
52.5301628113
48.9067459106
45.8805122375
48.1976089478
46.9387435913
45.4432983398
42.0137519836
43.3761062622
38.4526367188
39.3993606567
41.519733429
39.7386512756
38.6876106262
41.4921035767
42.3774223328
43.1645545959
39.5908546448
43.5160713196
40.7385368347
42.2131156921
44.5312728882
44.1351661682
49.4881820679
48.5254135132
44.4965362549
45.6311645508
39.627696991
39.167301178
38.9751586914
37.9774703979
41.9281272888
38.9294967651
43.6280250549
42.3499984741
47.3002586365
48.29737854
49.1189880371
46.0670585632
44.0764732361
48.0488433838
47.4161567688
43.1996307373
43.0063972473
41.2419128418
44.5639038086
42.4175224304
37.9310035706
39.0706748962
42.1709899902
38.5892677307
34.4665145874
36.9481544495
37.8522071838
32.7271766663
31.7568244934
34.7444458008
33.8527565002
28.9852695465
30.8725910187
23.4660320282
23.6211452484
21.4140796661
25.4040679932
29.4727573395
31.4010334015
34.7712974548
35.8955154419
39.2571029663
41.3513374329
45.7286529541
48.4016151428
51.0033226013
53.1795692444
51.7240905762
49.7096366882
44.4415817261
45.2971420288
39.2068557739
39.435005188
35.6422424316
31.803319931
34.4675636292
31.1390304565
31.7810230255
28.8341732025
29.1848297119
28.0953102112
23.8776264191
28.0480461121
30.2853775024
24.8030109406
24.2166843414
29.6993274689
28.4851303101
25.1236591339
25.0431461334
22.0125617981
19.5842075348
16.6289386749
12.0720281601
13.3490371704
18.2173519135
13.7913293839
11.0164461136
13.8962917328
17.4912242889
13.0697555542
12.7522630692
17.1499671936
17.4294490814
15.0097045898
16.3800811768
20.1003227234
19.4738502502
18.9039402008
24.1038284302
23.8981170654
21.7900905609
24.0820674896
27.8680953979
29.3406333923
26.9035396576
25.7759246826
24.8015499115
28.8084754944
25.8678379059
22.6824626923
26.6115703583
24.4542179108
28.3442955017
27.6238555908
24.1369380951
27.5227222443
25.6307640076
26.9688415527
28.3862190247
24.8738861084
23.2073860168
23.8403720856
21.2067165375
25.2203197479
24.4603118896
28.7154331207
28.523815155
32.7367095947
29.3044910431
28.0815830231
30.1722793579
31.5154571533
38.4113922119
35.5785827637
35.4949798584
31.5442810059
30.4536514282
29.9452514648
27.0254096985
24.8556175232
27.0201435089
24.9433517456
25.8026695251
26.9018974304
29.1113090515
30.8452701569
30.8579883575
25.4962158203
22.458322525
20.2924919128
22.5434303284
20.3068599701
16.5909099579
20.214263916
19.3709373474
15.4254751205
15.6898517609
19.1042385101
18.4474048615
14.4206018448
18.2215576172
21.0087528229
18.061832428
15.9713973999
20.2159538269
22.9610710144
24.4253921509
23.5752334595
21.5575752258
23.8631782532
27.6804428101
30.8637523651
34.0796699524
35.8245544434
35.4877128601
36.7801856995
32.827796936
30.4239635468
32.0942802429
32.1043968201
27.9188346863
26.2883033752
28.0491123199
29.2644462585
22.8628959656
25.8053569794
19.8512306213
21.5052032471
16.9786338806
19.8631839752
21.0004920959
18.6686725616
15.0899248123
11.6927556992
10.4220495224
7.5510134697
9.59694957733
13.35460186
8.64259052277
8.99210643768
13.0633716583
13.550403595
11.219461441
13.7246179581
17.2194690704
17.5680065155
24.0787391663
22.1152229309
21.6028900146
20.9604091644
18.4001083374
18.4050045013
13.3410558701
14.8665752411
14.4241027832
14.3911943436
10.2869520187
9.2551651001
10.0801086426
7.90131473541
4.38257932663
6.88735294342
6.60160017014
5.99394464493
6.81915712357
9.27369880676
10.5278205872
