19.3537483215
17.9910488129
14.4701547623
12.1977615356
9.54091358185
10.0772695541
11.8068971634
15.0043668747
17.2710151672
21.7529735565
19.2419242859
23.9119529724
27.1905670166
29.2108898163
25.0454025269
25.2283573151
21.0346984863
17.8549633026
14.6119222641
11.9245376587
9.46326828003
5.66201639175
7.25117778778
6.02607297897
6.48694992065
9.83537101746
6.03385210037
5.50014877319
4.96206569672
7.11677694321
9.22045040131
13.220864296
11.6596250534
8.01068973541
11.1535720825
14.8955841064
12.6022987366
11.5944433212
15.2346954346
16.8949928284
15.9387407303
16.4514923096
20.5585384369
20.7022819519
19.2881450653
23.0380687714
25.3062953949
25.2165966034
28.6145935059
27.1131496429
23.7266902924
24.2914218903
21.2856464386
17.579668045
15.0337743759
10.989027977
9.38822078705
6.94738006592
7.53802108765
11.0736198425
9.61119270325
6.09873628616
7.18934679031
5.33787202835
6.84669971466
7.59019804001
9.82637500763
10.4596776962
13.2346324921
13.7344331741
14.0037908554
15.8649692535
19.4411048889
21.6488304138
20.9984054565
25.189163208
27.6651229858
28.6718273163
24.6096611023
22.7251987457
27.5480899811
26.7324314117
22.5957565308
21.9436092377
17.742980957
16.2051544189
18.9197101593
17.6431446075
12.9815702438
18.4591083527
18.6929168701
16.1091156006
19.9270019531
22.0334072113
20.8210945129
24.8249187469
23.2700176239
21.9628887177
17.4812202454
17.1703681946
13.9267120361
12.4584770203
11.7673015594
11.4739322662
10.8405647278
10.1816368103
10.151473999
11.2658786774
11.9280204773
10.2101640701
9.02819442749
12.4344367981
13.9214115143
10.9147491455
12.9557142258
16.244890213
15.9206552505
16.1999549866
20.2203521729
19.7130050659
16.8635654449
18.7628231049
16.4670162201
16.1447925568
19.9826469421
17.1729412079
14.5328874588
14.4974012375
14.7433538437
14.5510959625
16.0672492981
15.5432834625
16.3068332672
21.2340755463
19.6447219849
17.8539733887
21.471868515
19.7078342438
20.8461360931
18.3423118591
17.7657032013
16.2560100555
18.478269577
18.3567733765
21.8050422668
23.4308128357
20.0958805084
20.4315605164
24.5932178497
25.8319511414
23.8874320984
24.2930717468
26.8853282928
30.0177688599
28.7778244019
24.6809768677
23.8540554047
26.6714229584
25.3838577271
20.5636692047
21.4870738983
25.0678329468
23.1207427979
19.3022670746
21.0028209686
17.3062572479
18.8942661285
19.5843276978
19.1361675262
22.3304615021
22.8186092377
20.6884059906
23.7891540527
26.7410888672
24.6659412384
23.4429283142
19.3974323273
19.77252388
22.4254760742
21.380022049
21.293390274
19.6330738068
20.3547916412
16.5763759613
19.0454235077
20.0029888153
16.1468982697
15.6658315659
19.6779747009
20.8207359314
18.7801322937
19.9869823456
24.1112117767
23.0121631622
22.4854927063
25.5675411224
27.5141849518
25.6942615509
27.2451019287
30.5839443207
31.2272014618
32.6353187561
29.4311599731
33.1053886414
33.1305961609
28.8836402893
28.8479709625
32.6194534302
30.1167755127
25.32122612
29.5807933807
31.3473644257
28.335067749
26.0968704224
30.4965934753
30.3704528809
27.2234611511
29.6143722534
34.1475791931
37.4282875061
38.0084571838
41.1832962036
39.7193260193
36.6741790771
39.2538795471
41.971824646
36.4606552124
37.106918335
41.2641334534
41.0052719116
36.3260040283
40.7045669556
43.5667915344
39.7554397583
39.275390625
43.6789131165
42.3147659302
40.1644935608
41.6645812988
38.1554489136
42.6472816467
43.9706802368
42.560092926
41.3430480957
43.8169364929
46.3194618225
44.1543006897
44.4683074951
48.5713615417
48.8592414856
47.042011261
44.7967300415
41.0070381165
39.4191398621
39.0071563721
36.2637748718
37.6934013367
33.3020706177
9.61957740784
13.7004318237
10.507188797
16.2569293976
17.1869678497
12.3952045441
13.3254394531
9.36054706573
10.5318441391
10.4343576431
15.1130561829
17.0099639893
18.9777736664
17.87541008
13.9165496826
13.8803892136
12.6724786758
10.0599470139
12.2401170731
10.719496727
15.4373512268
16.1335334778
18.0252838135
21.5700397491
23.5273094177
26.5712299347
25.0868740082
25.6282653809
20.7022857666
22.1132316589
19.8971996307
19.85181427
19.4315700531
16.4169826508
15.6630773544
14.8351106644
12.6950063705
11.5493097305
10.7162322998
10.0818386078
7.6784734726
5.36181545258
7.1761097908
4.77286958694
5.52969455719
7.60051488876
6.21787118912
6.95231437683
10.3256425858
11.2048225403
9.32328987122
12.4801177979
12.2937221527
10.6862821579
13.8371152878
14.4537258148
16.9930286407
18.9381351471
21.9664554596
25.20495224
28.0284671783
23.7773799896
20.263381958
22.3409004211
25.5146961212
24.1276874542
24.5856838226
25.216091156
29.4643173218
29.5184364319
25.5995159149
28.6842422485
33.6339492798
33.632648468
31.037355423
34.0556526184
35.0855484009
35.1601982117
31.1322650909
29.2646484375
31.0321826935
29.3279342651
25.5462646484
24.2351818085
24.6436595917
22.317609787
19.9065475464
16.8791904449
18.8603839874
17.9081993103
12.4243011475
13.6324577332
16.4559574127
13.938129425
11.8756093979
13.3436136246
10.9456090927
14.3794164658
14.1065044403
16.8761196136
18.6248779297
19.6853504181
22.9076519012
24.6162948608
26.8425292969
28.6718215942
25.6340637207
28.549413681
26.2072257996
23.0478687286
22.2792606354
24.3183193207
23.4899330139
18.2036876678
20.2528324127
23.054479599
18.688993454
17.7918148041
18.4620666504
20.5334339142
22.6754512787
23.0440387726
25.962890625
27.6648445129
31.9172897339
32.2274971008
29.046295166
31.0071239471
28.1025924683
29.974615097
29.894826889
32.0734443665
30.9798183441
36.6263847351
36.957901001
34.2410850525
36.2573280334
33.2609062195
32.5117874146
29.6671657562
26.3060283661
23.557849884
25.5278663635
27.8201236725
30.5973320007
29.4815444946
24.6203250885
29.7923545837
32.4836044312
30.3740367889
30.5062465668
33.346660614
35.6777114868
39.4706954956
40.0714225769
36.626625061
35.2122840881
38.5663757324
39.4484825134
34.41614151
34.7690544128
39.0915870667
39.0972328186
35.8292198181
37.5533409119
34.8270492554
33.2948226929
33.5834693909
31.2591152191
34.3951148987
35.4085998535
31.253200531
31.8740615845
36.5544242859
33.5226631165
30.4052333832
27.746181488
27.3914985657
26.9251785278
27.3193836212
30.0442333221
27.810552597
29.3613567352
28.0609073639
28.6820602417
26.208316803
23.3376579285
19.9566173553
21.5104866028
23.2244510651
19.6586208344
17.9391460419
22.3761520386
20.4275131226
17.0434970856
19.0674762726
21.124168396
18.3837890625
16.8316612244
20.3012905121
20.8039855957
19.7067966461
15.245631218
18.9947471619
21.4952411652
18.5958404541
17.8384284973
21.6750793457
22.1620121002
18.4614162445
21.178861618
25.0804615021
24.6413211823
22.4648723602
26.6217155457
28.7426395416
27.5806884766
27.5475463867
30.9111537933
35.2194404602
35.7934570312
37.332118988
34.7176971436
31.7156429291
33.7738647461
35.0613021851
28.8304710388
30.1724624634
32.7437667847
31.1865367889
26.2334728241
30.8369636536
32.6813087463
27.1124134064
26.882062912
31.1446475983
27.5562992096
25.4544620514
25.7531642914
23.8004665375
29.6614990234
30.2124881744
28.6544876099
29.2194919586
32.2554893494
33.4670600891
32.3852233887
34.8694343567
37.5495223999
36.7715034485
36.9184303284
32.7290992737
29.5268802643
27.183095932
24.7902374268
22.9423999786
21.42603302
17.514509201
18.3398780823
22.5891170502
19.9181118011
25.7181129456
26.7047939301
21.135559082
20.4986724854
16.0829315186
14.6470737457
10.9461927414
16.3308429718
15.0665836334
15.161860466
12.5127573013
11.3172559738
9.647772789
11.8291711807
12.2648134232
16.3570384979
17.0981025696
21.8529281616
23.7039375305
26.0612125397
30.4748859406
31.5456314087
35.1861038208
33.6546592712
33.4238319397
28.6145954132
30.7307796478
28.3014850616
29.2235679626
28.9064178467
26.2517089844
24.9183807373
23.7901420593
22.3776817322
21.3439807892
19.2093753815
18.6951541901
17.4580821991
14.1323337555
14.0801239014
11.9003610611
10.3256435394
9.78067016602
9.22416877747
7.8376865387
4.46861600876
4.49730634689
6.31398677826
8.77698802948
11.1770572662
13.0865659714
16.7637748718
19.7283535004
22.2670726776
25.0389976501
27.9562492371
30.4262962341
34.5327148438
30.3207511902
26.3006305695
29.4128417969
33.0270462036
31.9738903046
32.8512573242
34.2844352722
38.2011108398
38.8466262817
35.0738182068
37.4974784851
42.8695602417
43.0342521667
40.0043983459
42.7260169983
42.9156608582
43.4062919617
39.8297386169
37.4146194458
38.2074394226
37.2075614929
33.8498649597
31.9229984283
32.9359130859
30.0521087646
27.1820163727
25.0155010223
26.486207962
23.8611698151
18.9876461029
18.8301563263
20.4547863007
17.4332733154
14.5544052124
12.8180618286
9.70957279205
13.644036293
16.4094905853
18.4508323669
21.937795639
23.3729553223
27.2004337311
29.1732749939
32.130153656
35.0002822876
31.496547699
35.0380401611
32.8222541809
30.014629364
28.7658729553
29.8720035553
29.4841194153
24.4042034149
24.8991107941
27.2544517517
23.3627223969
21.126247406
19.6597709656
21.358663559
25.1633167267
24.1313705444
28.6882858276
30.8528862
34.569278717
36.3331069946
33.3855285645
36.1767616272
32.6871490479
35.7509498596
35.8463592529
38.8682785034
38.007194519
43.492401123
44.1910476685
42.1627197266
43.9292564392
40.7169952393
39.2270202637
36.0518684387
32.9858512878
29.8123683929
30.7633934021
33.1170730591
35.5709266663
33.6357803345
28.4680500031
33.7893066406
35.8980064392
32.9602813721
32.7815971375
36.1550750732
38.5109786987
42.7644271851
43.5480537415
40.3291015625
39.4511528015
43.1345939636
44.0741233826
39.3953666687
40.3582382202
44.7418823242
44.9285774231
41.9157676697
43.0929222107
40.5081214905
37.6171264648
37.3003349304
34.3026580811
36.9531936646
38.458065033
34.0028190613
33.1255989075
38.2421188354
35.5568161011
32.0424766541
30.5780620575
29.4117603302
27.4219703674
28.1144447327
31.5582542419
29.4434318542
31.1638774872
31.3535785675
31.3619976044
27.5806388855
25.7053852081
22.3586444855
22.1113166809
23.3089427948
20.194190979
17.8242664337
20.5578536987
18.6957817078
15.0385465622
15.5487747192
16.7769165039
14.7030277252
11.356844902
13.6659955978
14.2080593109
12.3439359665
8.37001514435
12.5947027206
15.4683837891
14.0560474396
14.3602848053
17.3550930023
18.8212375641
17.542552948
19.6387195587
22.931558609
23.5121097565
22.8514156342
26.2574234009
28.6719036102
28.7972335815
28.8625507355
30.7552185059
34.8258476257
34.4199676514
35.5730133057
33.2507591248
29.8364562988
31.0017910004
32.2146644592
26.3540306091
26.6260032654
28.3580474854
27.1986103058
22.0878295898
25.1681728363
27.0466403961
21.354642868
20.2401752472
23.9129772186
20.1785125732
17.5399265289
16.7159500122
15.0817708969
21.5281162262
21.362991333
19.3455505371
20.6862640381
24.06341362
24.3641204834
23.5256881714
26.8841915131
28.8528347015
27.5662975311
28.3593597412
23.6396961212
20.8377170563
18.3672733307
15.3244314194
14.1993761063
11.6555652618
8.73974132538
35.1766738892
34.7752456665
32.4085197449
30.7782840729
27.7259311676
31.5693531036
36.0357208252
36.8639602661
40.0160179138
42.9558029175
43.7246551514
47.5165138245
50.2697486877
50.7603416443
46.7840957642
45.4324684143
42.3617210388
38.833656311
38.2017555237
33.6901779175
35.4991760254
30.5745010376
33.0507011414
27.3806629181
32.5238227844
31.8841838837
27.6564540863
29.5895290375
28.671831131
24.2693386078
22.5051326752
21.144203186
18.3265895844
22.8304252625
25.1679801941
22.6017589569
23.8522720337
27.769405365
27.5296344757
25.6976394653
28.9149303436
31.89021492
30.770652771
31.9594268799
35.160194397
36.753200531
34.9140396118
36.4960136414
40.8144607544
43.4062805176
44.5695533752
41.2177047729
41.4349784851
39.8286972046
36.1910133362
37.2262191772
32.5830688477
34.842502594
34.2573699951
35.6275367737
38.9740753174
35.3696861267
32.7896308899
30.9564857483
27.9088153839
26.1525363922
23.0640525818
19.8324260712
19.3884353638
18.760848999
20.0664482117
16.5530853271
14.096113205
15.0665206909
12.4044799805
9.07474422455
5.29404115677
5.08314418793
5.58917808533
7.04243373871
8.11692714691
7.37051582336
9.88146781921
11.7369346619
12.2910785675
15.5755872726
16.7937221527
18.7581253052
20.0573387146
21.6553764343
24.8349761963
27.6059322357
26.6820869446
28.2144927979
31.4324893951
34.9341506958
37.157535553
37.4581794739
34.1483573914
37.1530418396
34.6720733643
36.3429069519
35.0094490051
37.4646148682
35.1115264893
32.4851303101
29.7015190125
28.1167526245
23.8884029388
23.1029472351
26.1246528625
27.174413681
23.3277988434
26.1898784637
29.6022262573
28.4379291534
26.6770610809
31.2900028229
34.3786087036
37.2683448792
35.3999557495
40.5261039734
39.0709953308
40.1496772766
44.1446380615
41.3488197327
37.0016746521
34.6246833801
32.5142631531
28.186252594
24.958820343
24.2729854584
20.662273407
21.8861045837
23.8410568237
19.2664680481
17.1597614288
16.3936481476
17.3457393646
19.5509929657
17.2088394165
20.0398902893
22.4788589478
23.4351501465
23.077507019
24.4322395325
26.7712306976
28.8414478302
29.3377590179
29.8556861877
33.6526298523
33.9747924805
33.399848938
32.4092903137
34.2316818237
33.5435218811
29.528968811
28.7899608612
32.2588043213
29.4000167847
25.1006584167
26.2576904297
28.7517356873
27.8964424133
31.444519043
32.7440795898
34.6003723145
38.1640357971
39.2505989075
42.139957428
39.1321754456
37.3458099365
41.7756843567
42.0939712524
37.9685020447
37.4909820557
34.1221656799
37.7082214355
40.8908195496
42.4820251465
43.4223556519
44.0276908875
46.1485023499
43.3545722961
46.6311149597
46.6323776245
41.6774291992
41.6767616272
45.3143310547
45.3349533081
42.1655235291
43.8632011414
47.7848358154
44.021194458
43.1621246338
47.4681816101
47.5299224854
43.6596565247
45.7031211853
49.1091842651
47.7792816162
46.6540718079
43.6838607788
43.7348175049
44.8576965332
42.038974762
39.2212142944
41.3629837036
40.6637382507
36.1050338745
35.9615325928
38.5868339539
37.3160324097
33.144241333
34.6165161133
35.1049118042
32.0755081177
30.1196022034
34.5590629578
36.8713493347
40.7305603027
41.6767349243
39.1496315002
39.5730018616
42.9360160828
43.0655899048
39.5099029541
43.4147224426
46.1833992004
43.8967170715
42.4090499878
48.5620727539
48.9790382385
46.0370407104
48.165019989
52.1751098633
49.9367637634
49.9092178345
52.8325958252
51.0370826721
53.745136261
56.0983352661
56.8582305908
55.647151947
56.7005767822
60.3207817078
59.9523658752
59.988986969
63.4093780518
64.748664856
64.5076599121
61.8170433044
59.248134613
56.4205627441
55.6606712341
51.7862968445
52.0669555664
46.9079704285
23.0672607422
25.4483833313
20.6453132629
23.6327819824
21.5575122833
18.9945106506
21.5028114319
19.9449939728
21.0407905579
22.101808548
23.2121181488
24.9445819855
26.8390808105
27.0714244843
24.5268211365
21.3266201019
19.1750545502
16.845249176
18.5031585693
15.2546434402
20.144985199
17.4344348907
22.753036499
22.7132797241
25.6238117218
28.8198604584
24.3239631653
23.8162269592
19.9270057678
19.6590690613
15.7939224243
18.3721580505
17.4875774384
18.2210464478
16.815908432
13.0852279663
15.5357913971
17.4038143158
12.1948232651
10.8761796951
15.7803640366
14.1883869171
10.5005598068
12.9885673523
16.4559612274
15.6241807938
11.8742284775
16.3038692474
18.9073314667
20.454782486
21.0146141052
17.5346088409
16.2014141083
15.1458339691
12.8567066193
15.573387146
13.3695220947
17.6364002228
19.7297363281
22.5460567474
25.8631248474
26.7511825562
22.0233211517
16.6470718384
17.9748020172
20.3528652191
18.1142673492
18.0805091858
21.2747650146
23.6249027252
26.3370056152
22.2978630066
21.9270019531
28.0487194061
28.4737586975
24.2775821686
26.2028656006
24.9817657471
26.6820850372
24.2513751984
20.4440174103
20.7334766388
21.5981426239
18.8520469666
15.6690654755
16.5808811188
12.8966016769
10.5503292084
11.7112150192
10.6140823364
5.62602472305
7.2256398201
5.04618024826
4.73061656952
6.35747718811
9.39126300812
11.9372797012
11.5540685654
9.79999732971
13.927977562
13.9692640305
17.3933410645
18.4684677124
22.5599060059
22.8836765289
24.1337547302
18.6337928772
21.1223945618
16.6921443939
14.3769674301
14.6674757004
14.5430908203
12.0810585022
10.2018728256
11.3893041611
11.0604190826
6.5232424736
8.65607452393
9.51303863525
13.7199296951
15.018579483
19.0981788635
21.0506706238
23.7482471466
28.2951278687
28.5760765076
23.6184692383
24.428232193
19.6012248993
20.367521286
18.6746444702
22.3986263275
20.422996521
25.343755722
27.3221588135
25.3330020905
25.8223361969
22.3715305328
19.9788475037
17.0730857849
13.8174057007
10.8166742325
11.3323898315
14.2491283417
16.0345878601
14.0062704086
9.80946445465
16.4028739929
17.7671966553
15.0578584671
17.1606006622
20.2821884155
21.5784893036
24.6389141083
26.2830867767
23.9458351135
21.6033039093
24.540348053
27.0060195923
22.5580615997
21.9563369751
26.123418808
27.6149673462
25.362285614
27.2287998199
26.6203231812
23.845079422
25.5672836304
24.0497550964
27.1129150391
25.9583282471
21.6968250275
23.4458675385
26.4273300171
22.0979957581
19.3038539886
16.9612026215
18.8006000519
19.4870376587
21.897983551
24.9141235352
25.1587028503
28.1412601471
27.5213241577
30.1062374115
27.4229793549
22.6682624817
22.0572681427
24.2319889069
23.5972576141
19.8446483612
21.3850040436
24.4216766357
19.6229038239
18.5068950653
22.9598827362
21.9813365936
17.7397480011
20.0016784668
23.0711860657
21.3653583527
20.3744354248
18.0268249512
18.2167339325
18.6343994141
15.5366621017
13.1220159531
15.8998098373
14.7014284134
9.90151405334
11.3583860397
14.2917613983
13.0702753067
9.17267608643
12.9184331894
14.5070104599
12.5975456238
12.1176137924
16.4687900543
20.5143966675
22.0086116791
23.8310375214
21.4142551422
18.9871082306
21.8861732483
23.4512252808
17.7469406128
20.0944080353
23.4890136719
22.2250022888
18.3706169128
24.0604133606
25.7717838287
22.1093845367
23.0133533478
27.3902225494
25.7514648438
24.8054904938
27.7251796722
25.1113319397
28.0260467529
30.2206993103
30.6907730103
29.2210712433
30.5505409241
34.0429954529
33.4134674072
33.5638198853
37.0019798279
38.2587242126
37.9251403809
35.3388404846
32.8503570557
29.9984302521
29.733877182
25.5744247437
26.8187141418
21.5915699005
25.8064575195
25.3907165527
21.4860019684
21.0964488983
19.3557758331
16.8562107086
15.6677408218
18.123966217
18.0649356842
21.5866794586
16.673948288
19.9728183746
22.7585258484
25.9032344818
23.1817474365
22.6193199158
18.5841217041
17.2089042664
13.995388031
14.255282402
11.4881830215
11.579624176
14.0509872437
16.2151470184
13.3843069077
17.7287406921
15.2236223221
11.9631910324
11.4739360809
15.2793102264
16.1013526917
19.8318557739
23.4003334045
21.8653316498
17.6474571228
19.6576251984
23.6695899963
20.9156341553
17.7924537659
21.7960681915
23.8629360199
20.6483688354
20.2279415131
24.9766139984
24.6162948608
21.1761169434
25.1928977966
28.5391635895
26.5836467743
29.1732807159
26.4556083679
23.3284454346
22.5067844391
19.2720336914
17.0268669128
12.7381134033
11.3156576157
8.03849983215
7.17772579193
5.87862920761
5.74726581573
8.60490036011
6.58417510986
7.59429311752
9.84435844421
12.4433307648
14.7756996155
18.0434684753
20.4766960144
21.7312049866
23.5116691589
24.4825592041
24.837474823
28.6667404175
31.4660339355
30.3900680542
34.2110061646
35.5765151978
37.4646263123
34.0295372009
31.2020492554
35.1882743835
35.4804039001
31.6170959473
30.0197563171
26.2759990692
23.6121711731
25.9632911682
25.5272426605
19.8654594421
23.3476848602
24.0581073761
19.0170211792
22.5599060059
25.1430511475
22.6164550781
25.5130062103
23.2778701782
20.1589870453
16.3728904724
13.301612854
10.0032730103
6.7573928833
5.12517499924
4.59365034103
8.90925312042
9.10333061218
12.2069177628
15.0277490616
14.8873329163
11.91908741
12.8007507324
16.7268619537
14.0614309311
12.1718969345
15.524348259
17.5449676514
15.209561348
17.9199810028
14.945432663
11.480890274
10.8854675293
7.16044855118
5.70536136627
9.24681377411
8.15369415283
6.43722248077
9.55527305603
10.3660488129
13.9743013382
17.264623642
18.0995540619
20.4045696259
24.4122867584
22.8887329102
23.6293182373
26.9616508484
25.212896347
25.2598361969
21.9923419952
22.8718242645
20.5519428253
20.8073654175
19.9283943176
23.2768135071
24.4368686676
20.3856430054
18.836353302
23.0892372131
24.5350894928
20.1286125183
20.2465457916
23.629032135
27.8769779205
25.6351604462
21.050485611
22.1854190826
25.8382778168
23.0289859772
18.9390697479
22.2312831879
25.7201156616
22.9404411316
19.4267425537
19.2495498657
14.8718957901
13.8412342072
12.2444372177
10.4889354706
13.1704025269
15.6334199905
13.7516326904
15.2740459442
18.9345283508
18.4627037048
17.3826789856
14.5228490829
12.6501369476
14.6819992065
12.170800209
11.0442314148
8.91620445251
9.35990905762
6.30059528351
9.71173381805
10.3387041092
6.80253696442
8.98746776581
12.194486618
12.2322463989
11.9844512939
14.4751214981
16.6952095032
16.6027908325
17.7245597839
20.208147049
21.6425685883
21.2787532806
23.5721416473
26.0135326385
26.9961853027
29.8664608002
27.8910388947
31.8840255737
30.5319252014
26.3290061951
27.6965942383
31.0971336365
27.4633369446
23.9417438507
29.1007041931
29.2721233368
25.6233615875
25.1456794739
29.3891181946
28.4391689301
25.8164348602
29.978767395
33.4933013916
36.1832809448
35.2772750854
39.1881980896
38.707572937
34.7999649048
36.6915931702
40.4029388428
35.3439102173
34.2708129883
38.732334137
39.7500915527
34.7510261536
37.5465660095
41.2668800354
38.3391685486
36.8480873108
40.8137626648
40.8389778137
38.2299537659
39.6372642517
35.3747177124
39.2202529907
40.400352478
38.6778335571
36.7907295227
39.1564064026
41.6477851868
38.8246421814
38.2932891846
42.7545814514
43.2751579285
40.4855155945
39.3630714417
35.5037460327
34.595085144
35.2994155884
32.6473007202
35.6055488586
31.797870636
26.9830570221
27.6847953796
23.1414680481
23.4437599182
20.1361274719
20.2531394958
23.4383983612
23.9127788544
25.8085651398
28.4764595032
27.8599338531
30.8519687653
33.3652305603
34.5359344482
31.3948307037
28.9930496216
25.7260627747
22.8719673157
22.5079479218
18.7015075684
21.1923503876
16.7009563446
21.7396202087
18.8652591705
22.1352367401
24.3942699432
18.863899231
18.3636379242
16.2560138702
14.274969101
10.948805809
14.2164525986
14.1166439056
16.7115211487
15.3617887497
12.2905406952
16.88530159
18.9056129456
14.6788692474
14.703950882
19.9725513458
19.5933742523
16.9605140686
20.5679702759
23.5578460693
22.730255127
21.3201732635
25.1550350189
27.5143070221
29.8123703003
29.7335395813
25.9343624115
24.8248062134
22.7331047058
19.4685935974
19.8689441681
15.5664749146
18.3508796692
18.8515853882
20.6421318054
23.7779426575
22.2132396698
18.2845134735
14.3304452896
13.1128101349
13.5126266479
10.8424491882
10.088555336
14.1869401932
14.840136528
18.7487506866
15.8645334244
13.2997360229
19.279876709
20.4364070892
16.4555664062
18.470785141
17.5227203369
20.0398960114
17.9929161072
13.7406425476
15.8474082947
17.5373859406
14.9680166245
12.1867227554
10.2271280289
6.82847213745
9.14344024658
12.0114612579
6.98407888412
7.97232341766
13.2884607315
11.3232707977
10.8166732788
14.5866184235
16.0966396332
19.7695980072
21.3606700897
19.8172492981
16.1139259338
18.3786735535
15.7370882034
18.1312789917
16.8580245972
20.551940918
18.8927307129
18.3304710388
13.0701417923
13.6837739944
8.25485801697
7.07974147797
9.19885158539
8.84541511536
4.84664392471
8.33423995972
10.3007011414
8.73540973663
7.80246591568
12.1433858871
15.39731884
17.6595497131
15.6661224365
21.1042137146
20.1774711609
22.0150871277
26.2752342224
24.9259223938
19.7924499512
18.7544708252
14.7568483353
12.5992946625
9.77416133881
12.7924757004
10.1161489487
14.8798341751
17.0712471008
15.0057935715
15.2105588913
11.8065643311
9.63887214661
6.75710582733
3.87418222427
4.01109743118
5.97697687149
8.21243953705
8.9019908905
8.03758144379
10.9296045303
12.8870306015
13.1212902069
15.0170326233
16.2597026825
17.0450553894
18.8719215393
19.9872760773
17.7455329895
14.5242395401
16.6284217834
19.0749912262
14.6491088867
12.6982164383
16.6760101318
18.2306575775
16.1219367981
18.7194862366
19.0366172791
17.9414539337
20.898557663
20.9507427216
24.0147247314
21.5854911804
18.6058712006
22.4213676453
23.7291069031
19.397310257
18.1460018158
14.700843811
18.0679759979
20.9751701355
22.8285694122
24.3115844727
25.2688617706
27.9560050964
26.3017673492
29.7700691223
28.6537647247
23.4764270782
24.1517772675
27.3239593506
26.5544319153
23.5148773193
26.0084991455
29.1128616333
24.969909668
24.88164711
29.4563159943
28.8738994598
25.3039302826
28.2482147217
31.3562049866
30.050037384
30.0887756348
27.8319625854
28.5789375305
28.328212738
24.8956413269
23.1427974701
25.6608581543
23.389093399
18.7697868347
20.5709819794
21.995891571
19.4691066742
16.0046443939
18.8279666901
18.5860881805
15.0929002762
15.9171209335
20.8334255219
23.716047287
25.7276859283
28.2453727722
26.5479984283
24.8130607605
27.9353656769
29.9040966034
25.3516273499
27.4453811646
31.2910995483
30.5242900848
27.4577026367
32.7054405212
34.5696411133
31.8800067902
32.7438735962
36.9302558899
36.0126228333
35.1062431335
38.1227111816
35.1451454163
37.7226829529
40.061580658
40.4231109619
38.5009002686
39.6645736694
43.4672698975
42.4161682129
41.8154563904
45.7418861389
47.2921867371
46.2290725708
44.3007354736
41.5267181396
39.039642334
39.214931488
35.0587730408
36.9054832458
31.7129116058
44.3133506775
44.7425079346
39.9642295837
39.7941703796
36.412651062
35.8950042725
37.325466156
38.4956932068
39.0175666809
41.3775672913
38.4031181335
40.2463569641
42.1148262024
44.4258460999
42.8286743164
39.5866928101
36.5407524109
35.2848625183
34.5289726257
32.6621437073
33.4968109131
30.3479919434
35.1245307922
32.8269119263
33.3915596008
35.9587364197
30.6413459778
28.068151474
28.7778244019
28.2999801636
27.005865097
31.3620376587
32.7448387146
34.9335823059
32.321395874
30.8234424591
35.951915741
36.6477088928
31.8090686798
33.1895141602
38.2308578491
36.2584114075
33.3345870972
37.7200393677
40.0714263916
37.4602661133
36.4844169617
41.3886909485
42.0494308472
43.5480422974
42.3132667542
38.7156562805
35.9314613342
33.7108955383
31.9096736908
30.6180877686
27.9272212982
28.8927936554
29.2212772369
29.2884292603
30.0268573761
28.2331542969
26.5593452454
24.4487323761
23.9197692871
23.4325199127
23.5571365356
24.6153068542
29.0308761597
26.8498096466
31.7908439636
32.0437965393
27.8047733307
31.5721187592
34.1778144836
31.4394283295
32.5290985107
30.369222641
34.2316741943
34.1040687561
29.9308547974
31.0789699554
34.5666542053
33.3131942749
30.7198963165
28.293384552
25.9049358368
28.6200256348
31.7922401428
25.802740097
26.2810840607
31.5760288239
27.2105331421
26.2830848694
30.5174865723
30.7227115631
32.8620223999
34.1714630127
30.3472442627
27.5770645142
27.0331420898
24.1168117523
25.6964015961
22.5755634308
25.6351566315
22.9197940826
22.9170513153
19.2568035126
18.9876499176
18.0364227295
20.6821804047
20.7675800323
17.3439178467
18.484910965
22.9210510254
20.4391307831
17.191034317
22.0017185211
22.8890228271
24.1337337494
23.5801258087
20.2911586761
24.7297019958
21.8970050812
23.1040096283
24.56965065
24.2693214417
20.3957843781
18.7726211548
15.9687223434
14.7953071594
14.0216627121
16.6873626709
17.5844936371
16.2865352631
18.6501178741
22.0009593964
21.2212295532
20.0481567383
17.5322093964
16.2438316345
20.0397644043
19.987279892
16.8186016083
14.1684160233
12.9636125565
14.4001121521
16.669511795
10.6273050308
9.13150310516
13.4828128815
11.3784170151
7.98549699783
5.84599351883
5.27103948593
5.0636267662
5.90596103668
6.21529340744
6.59751272202
9.13360309601
10.5058031082
10.4829187393
11.6786079407
13.406329155
12.4399595261
16.3093299866
12.7749490738
15.6826457977
17.5463886261
17.8399124146
12.9894304276
13.7776994705
17.1990737915
13.3638677597
11.0359516144
13.7377967834
14.185801506
17.3761310577
20.6318321228
22.5705509186
22.2427921295
25.9899520874
28.6656532288
28.8682746887
32.8141403198
32.0511703491
28.0416793823
31.3235187531
33.3279571533
30.7555885315
29.8577785492
33.8387641907
34.2467384338
30.5448703766
32.8342437744
36.8691520691
34.73777771
32.7128601074
37.0759048462
38.7729034424
37.1737365723
38.8507118225
38.6666793823
38.8247108459
36.2932090759
33.5248031616
33.2227287292
34.2852478027
30.2232551575
28.1898021698
30.0180435181
27.7664546967
24.2929325104
23.9997959137
24.4169998169
21.2966308594
18.8195571899
22.8330898285
24.6749267578
24.3561191559
24.2547931671
28.1419849396
29.2686691284
27.5285358429
29.3958511353
32.8608093262
31.1441173553
30.6899147034
34.7661056519
36.3353309631
34.4458389282
36.9213943481
39.5073013306
39.6972503662
39.6883010864
42.6868667603
44.5934715271
43.725440979
47.2477531433
43.4700889587
43.7750473022
46.4493865967
47.2573890686
43.8671073914
43.8804969788
48.4416542053
46.9193077087
44.0280952454
48.4565620422
51.2538108826
48.836769104
49.2434768677
46.9671897888
45.2639122009
47.3739318848
42.9085998535
47.0594558716
42.5254478455
29.078742981
28.6114749908
25.1705207825
24.9312915802
23.8081989288
20.8170928955
18.4615573883
20.8561191559
19.9310894012
22.9745159149
17.1250991821
19.6558094025
22.0447998047
25.6992473602
23.6738109589
23.541677475
19.9386405945
19.553106308
16.3083515167
18.0208683014
14.5814504623
16.3183383942
17.5910453796
20.8177146912
16.8933448792
21.0783863068
19.7997512817
16.5136966705
16.5763759613
20.7099075317
21.8649139404
25.301607132
28.9758777618
27.0272483826
22.8099479675
25.1333808899
28.7486915588
25.4808330536
22.7187805176
26.8008403778
28.2811374664
24.6493110657
24.5362205505
29.0382347107
28.0609016418
24.211479187
28.812461853
31.9646968842
29.0538082123
31.3535804749
28.0815410614
25.4879703522
24.5849304199
21.5267715454
20.1780204773
15.532752037
15.7411422729
12.0355472565
11.4533443451
9.60404396057
6.96746778488
11.5247364044
11.4719896317
13.2561616898
15.6507425308
17.9390926361
20.5468235016
23.8360080719
25.9831447601
27.1267528534
28.5675010681
30.0014228821
30.5393848419
33.9892692566
36.9294433594
36.1446418762
40.0197677612
41.4466743469
43.3545722961
39.8911399841
37.1280860901
41.1058654785
41.398349762
37.4967041016
35.9081611633
32.1919136047
29.5224666595
31.730966568
31.1429538727
25.67918396
28.8463096619
29.1644668579
23.9793872833
27.5213241577
29.846414566
26.8464431763
29.1853981018
26.4245605469
23.1254329681
20.1123542786
16.2002906799
13.9655609131
10.468173027
9.86193943024
6.30059576035
9.01608085632
13.1896104813
14.5949449539
17.2326049805
20.6865825653
20.7822628021
17.7997093201
18.2997531891
22.4019451141
19.6787815094
17.3533630371
20.5046958923
22.7186775208
19.6979293823
21.5741539001
17.7995948792
14.9528779984
12.3061666489
8.92222118378
6.35681438446
6.83551931381
7.40134239197
9.16092205048
12.8509073257
14.644569397
18.7937049866
22.4098968506
23.115650177
25.8149051666
29.3224220276
27.4953594208
28.8194026947
32.2354049683
30.7112159729
30.7767429352
27.5336112976
28.6713161469
26.3017673492
26.2507991791
25.2373905182
28.419916153
29.4534454346
25.3041744232
23.3278598785
27.364982605
28.808013916
23.6805591583
23.6163406372
27.1233844757
31.5825157166
28.868270874
24.3253517151
26.2811889648
29.9648284912
26.4253787994
23.0623455048
26.9440441132
30.0987796783
26.8746681213
23.6452331543
22.7407932281
18.1546592712
16.8668403625
13.9574232101
11.8400230408
13.1733007431
17.1818809509
16.1151332855
16.1218128204
19.9248485565
20.7754116058
19.926984787
18.0755233765
15.1041097641
16.0608787537
12.4727735519
10.2717819214
6.95783901215
5.13576698303
4.86812400818
6.75834798813
6.68775844574
9.26296520233
10.9011192322
10.9538469315
12.6045312881
14.6515216827
15.5008134842
17.1426258087
18.7733821869
20.045375824
21.7723560333
22.6353645325
24.609375
26.4286117554
27.9501972198
31.4899520874
29.9486045837
34.3441848755
32.6307868958
28.6296806335
30.6903381348
33.9463844299
30.142539978
27.3529701233
32.7417106628
32.4548377991
28.8116436005
29.0944213867
33.2101516724
32.1003227234
29.8697242737
34.4326820374
37.4717826843
39.9504203796
38.4021949768
42.4962120056
42.3690414429
38.1390762329
39.6392173767
43.657989502
38.7729110718
36.954372406
41.3674697876
42.8598747253
37.695110321
39.6483306885
43.7074890137
40.9974517822
38.9707145691
42.6398658752
43.086353302
40.1829948425
41.1869506836
36.7327651978
40.5357208252
41.3882331848
39.225025177
37.3127326965
39.8108863831
41.8980407715
38.6552696228
38.0021972656
42.4704322815
42.768497467
39.4668655396
38.8185501099
34.8599624634
34.5367240906
35.5491867065
33.4294815063
36.7460327148
33.5756721497
24.2822685242
25.8053951263
21.5736446381
24.2392902374
23.515296936
18.3046092987
16.1400165558
15.6091384888
13.4872493744
14.5298757553
10.4663133621
10.762969017
12.7213125229
15.7028169632
14.4386806488
12.2954235077
9.20526027679
10.1167144775
9.7565612793
12.2898826599
13.2162666321
15.4696989059
18.8350410461
23.1811294556
21.5669956207
26.2975940704
24.0879840851
21.6994495392
18.7801303864
22.5588703156
21.5262508392
25.0192546844
27.3052482605
25.176076889
21.2657051086
21.8795623779
24.5777702332
21.9749202728
17.7433586121
20.8471698761
22.4272785187
17.6265449524
16.6248626709
20.4721374512
19.6586227417
15.1412706375
18.5395908356
22.080789566
18.7426490784
20.194190979
16.9326934814
14.4074754715
12.5782032013
9.84747028351
10.0834579468
6.71589994431
10.2912778854
9.80101108551
12.5612564087
14.0299301147
14.7010831833
19.6884307861
16.4630794525
13.5698308945
17.7033004761
21.4198379517
22.3143100739
24.9379348755
27.6926784515
30.023935318
31.8481884003
30.8295459747
31.6588630676
36.6679496765
38.6745376587
36.4487113953
39.9062347412
40.3556480408
42.1655235291
38.7489242554
35.4865913391
38.0497970581
38.384967804
34.5769538879
32.3069839478
30.3553237915
26.88996315
27.1752510071
26.4455757141
22.5811424255
22.9931793213
22.0524463654
16.7322387695
19.8446483612
21.0676307678
17.2690944672
18.339887619
15.2500953674
11.7826433182
10.5741033554
6.40660238266
8.03730678558
7.23143196106
10.7241764069
11.9844522476
15.5018033981
19.8165531158
17.3241252899
21.3656368256
21.7616786957
20.5377807617
17.7250862122
17.877779007
20.511806488
16.2619514465
13.6709508896
16.8571567535
17.0408401489
12.6248350143
12.5292816162
9.12367153168
10.2091369629
6.14054584503
9.91600322723
11.6682605743
14.778512001
17.4937820435
15.4332008362
19.3067836761
16.9276542664
21.8253707886
23.8523597717
26.5710868835
27.6963386536
32.3283309937
32.0558013916
32.2257003784
34.7875938416
32.1926078796
31.0080070496
27.2823390961
26.831823349
23.514881134
23.2557182312
23.6863365173
26.70561409
26.0960388184
20.7651367188
21.9494113922
25.2034034729
24.4983482361
20.5800437927
22.5817108154
25.9430961609
30.9870414734
29.8577709198
25.7817935944
26.7582473755
30.9523468018
29.5314731598
25.4392738342
28.4972362518
32.5259780884
31.0540218353
27.9979496002
27.8414154053
24.5208339691
21.0046348572
19.2209300995
15.7872142792
17.9611282349
20.7726535797
17.1138153076
15.5739011765
21.0647602081
20.1110687256
17.3191661835
16.0669937134
12.924580574
11.1281690598
9.54241847992
12.0034103394
9.4018497467
11.3902235031
12.6045312881
13.331861496
8.93932628632
6.58033847809
5.64250993729
5.28938436508
4.34858417511
4.60964870453
6.27418422699
5.4194278717
6.35722351074
8.82422733307
9.95127773285
10.3189706802
12.2284212112
14.2847261429
15.6380643845
19.006778717
17.6944618225
22.0959815979
20.4580097198
16.552740097
19.0603485107
22.3342266083
18.9727916718
16.8234157562
22.2848072052
22.3415279388
19.4719524384
20.2166881561
24.4634475708
24.2813186646
23.0497665405
26.919380188
29.3664340973
32.3672447205
30.6121768951
34.1120414734
33.5550804138
29.0151519775
30.2623348236
33.9418334961
28.6608390808
26.7205543518
30.7372665405
32.0160255432
26.4963474274
28.3376731873
32.3278007507
29.1556587219
26.9229259491
30.6570663452
30.7817211151
27.7673435211
28.6990509033
24.2721042633
28.346452713
29.1400566101
27.0754261017
25.3398284912
28.0526771545
30.0874938965
27.1713085175
27.1424751282
31.3935890198
31.6199359894
29.0528278351
27.6123943329
23.7168216705
22.7908248901
23.6287879944
21.1433963776
24.4947071075
21.2109775543
24.5626068115
27.8417758942
24.0176143646
28.8353061676
28.9066162109
22.9141540527
21.2716178894
18.1013069153
15.3884000778
12.7865724564
13.5070352554
10.5747470856
10.0238637924
9.79124641418
10.8740129471
5.91564512253
7.9301366806
10.7555131912
14.4745836258
16.6434345245
20.4855155945
22.7268257141
26.1045837402
30.7288513184
30.5165500641
34.9591827393
32.8198127747
31.3197898865
27.2451057434
30.2264556885
28.0448665619
30.6526470184
31.4622955322
29.2363548279
26.4340324402
25.6584262848
26.5383052826
24.8806648254
20.8391532898
21.9400501251
22.6820793152
17.8539485931
16.5164909363
17.7156486511
16.8316631317
13.0608549118
13.5986461639
16.2803192139
12.3098926544
11.3568458557
8.59158325195
8.05314350128
5.15451717377
6.58220624924
10.685792923
12.4912500381
16.8556919098
18.7580928802
22.0006809235
24.4126434326
25.909740448
30.7443408966
26.8438816071
22.7321929932
26.6892204285
30.5399284363
30.3052368164
32.0613708496
34.6269302368
37.6913833618
39.3297996521
36.6648521423
37.9378585815
43.5543670654
44.6542129517
41.593914032
44.507686615
44.2587165833
45.7031135559
42.4413986206
39.1824913025
40.2862358093
40.4143562317
36.9777565002
34.4367485046
34.3810653687
30.8008327484
29.09441185
28.0661430359
26.7746963501
24.4831123352
21.7886505127
18.3294200897
20.0016784668
18.9780921936
14.9958562851
13.1559476852
9.90496253967
8.91913890839
12.4603424072
12.018787384
16.272315979
17.6665611267
21.4304866791
23.57213974
26.8382759094
30.6676712036
27.0574855804
31.0675449371
29.73645401
27.7544803619
25.7205753326
25.7992420197
26.7229690552
22.1544628143
20.5876407623
22.7751274109
20.7519798279
16.8300914764
14.260477066
13.8755846024
18.2383556366
15.7130746841
21.1095352173
23.5172519684
26.5391654968
29.524066925
26.903924942
30.3736553192
26.776802063
31.0901985168
31.8980579376
35.3994865417
35.395072937
40.3954544067
41.030002594
40.3304710388
42.200340271
39.079624176
37.1968078613
33.5787239075
31.7797908783
28.2482185364
28.0336647034
29.655040741
32.0953178406
30.1721305847
24.7365226746
28.5187721252
30.6064071655
28.0395488739
26.1437702179
29.3700790405
32.0595321655
36.905380249
37.0759048462
33.785987854
33.9474525452
38.0092926025
38.1301956177
34.0092086792
36.1123466492
40.3556747437
40.0875244141
37.3216629028
37.6455154419
35.0924835205
31.0482883453
29.9620399475
26.5219173431
28.5737419128
30.6040077209
26.291929245
24.1556568146
29.4872589111
27.6161117554
24.1155796051
23.6890525818
21.4679832458
18.3945808411
18.9602985382
22.6598625183
20.9704856873
22.997341156
24.6093711853
24.6776714325
19.9401626587
18.5479469299
16.3025741577
14.7776403427
14.6355295181
12.2284202576
10.7538995743
11.2761936188
8.84893798828
6.09721565247
6.51396846771
5.80452299118
4.90665864944
4.1776175499
5.64892292023
7.96989393234
7.27033090591
12.062333107
11.2399835587
8.71064376831
11.9657173157
14.7751693726
13.5014953613
13.5587482452
17.5199279785
18.4036502838
17.791841507
19.0105724335
22.4556522369
23.7333049774
24.1161174774
26.1852321625
27.4502067566
30.8311252594
29.0131473541
31.2401218414
30.0966682434
25.6408729553
26.2790584564
28.987279892
23.5832843781
21.6940860748
24.3912258148
25.1154575348
19.4232387543
20.684545517
24.1987094879
20.1182994843
17.433681488
20.9853248596
20.1669254303
16.7777843475
16.9147453308
12.7149600983
17.9026222229
18.1342182159
15.7971439362
15.0491056442
18.4387588501
19.6817588806
17.4208869934
19.1573371887
22.4486255646
22.0604724884
21.0307712555
17.9580802917
14.3525629044
12.3603639603
12.2193861008
9.6550321579
12.4671621323
9.561668396
27.0929470062
30.7163791656
26.3104381561
31.0709285736
30.2035903931
25.4708538055
25.9951286316
22.8421611786
21.8870563507
20.2108840942
22.2727451324
21.2047786713
21.4482860565
20.6528892517
20.4447841644
15.7239780426
16.2546272278
16.5096950531
20.2878170013
19.6831321716
25.0663337708
24.9303321838
29.6785030365
32.1372299194
33.7104797363
37.6979522705
34.1596565247
33.0698051453
28.8479709625
30.201833725
26.8313903809
29.4409580231
28.9165802002
28.2448368073
26.3605899811
23.6416664124
24.6549129486
25.1885032654
20.2853050232
19.4438247681
22.0195732117
18.5966777802
15.4626188278
15.9649105072
17.8384246826
15.8242607117
10.860294342
15.0605373383
15.3809661865
14.3602819443
14.9632091522
13.10891819
10.1095352173
11.6414146423
13.3504056931
17.1538276672
18.8388881683
22.6028747559
25.7617435455
28.6197052002
31.0883388519
34.2044525146
29.6208934784
24.2507133484
27.2884845734
30.5714015961
29.2064094543
29.9916324615
33.0863456726
35.7515220642
38.1639633179
34.3709030151
34.6148605347
40.7070922852
41.2074928284
37.1471214294
39.0723648071
37.5797615051
39.2212257385
36.8562583923
33.1975326538
32.6957473755
33.5363998413
31.010931015
27.9334888458
29.3717632294
25.7535552979
22.9506111145
23.1345119476
22.9114513397
18.1307411194
16.6071987152
14.3615322113
13.1220149994
11.5918979645
9.54456043243
5.85159635544
8.08001041412
8.06173038483
11.9941005707
14.8585662842
18.0679206848
21.3151264191
23.961183548
27.696598053
29.5991706848
32.4576148987
27.2920188904
30.7849216461
27.5707702637
25.5624351501
24.6444587708
24.0301609039
23.2013015747
20.1979694366
19.2610263824
19.5290927887
16.513256073
14.575428009
11.1743707657
14.3200588226
18.8014774323
19.7979335785
24.4390506744
27.5594882965
31.3548412323
33.6199531555
29.4749259949
31.8211078644
26.8659973145
29.8121967316
29.0991535187
33.301776886
32.1333999634
36.8208236694
38.6599273682
37.4787979126
38.1776847839
34.753944397
32.0383110046
28.8613529205
26.3653411865
23.1427974701
22.527633667
24.9286956787
26.3832855225
23.4966392517
19.0598526001
24.5898246765
25.3081455231
21.4916343689
22.2392921448
26.0949897766
27.6972503662
31.6513233185
33.2227287292
31.0071983337
29.9480667114
33.4140586853
35.3607978821
31.4579277039
32.1985054016
36.2901763916
37.4911270142
35.3677520752
36.2999763489
35.2204017639
30.895565033
31.2519798279
28.5154190063
30.8687419891
31.0094203949
26.3620281219
25.4349822998
29.4933891296
26.080991745
22.5464820862
22.2327709198
22.039773941
19.9247207642
22.5228347778
26.6329956055
26.5450305939
29.5448093414
30.6903495789
32.1397323608
27.8268527985
24.5686302185
23.3340454102
23.369846344
22.3724098206
19.0603485107
19.4780864716
20.7202281952
15.8008718491
14.250500679
17.3182640076
14.799580574
10.744354248
11.9657201767
13.6096477509
10.7996082306
8.30657291412
7.86849927902
6.07356119156
5.96877098083
4.45220518112
4.77996873856
5.45182132721
5.93119621277
6.39688110352
8.77169418335
10.2023582458
10.2968492508
12.561003685
15.0836439133
16.2653560638
16.2782173157
17.0957374573
20.8724651337
20.226858139
21.4168300629
19.409702301
15.6513824463
16.9142971039
18.5872840881
12.6728191376
12.8480644226
15.2851982117
14.7115192413
9.20925331116
13.4450826645
15.7788476944
11.3143262863
10.8460464478
15.3678255081
13.9323043823
12.2726840973
15.2836818695
12.4377355576
15.2247190475
17.268705368
17.9741973877
16.5692481995
17.971370697
21.2155857086
20.9961166382
21.711807251
24.5692653656
25.7338867188
26.0742168427
23.2043857574
21.3759784698
18.1579914093
18.141752243
13.6680984497
15.4176015854
10.6498832703
27.0929470062
30.7163791656
26.3104381561
31.0709285736
30.2035903931
25.4708538055
25.9951286316
22.8421611786
21.8870563507
20.2108840942
22.2727451324
21.2047786713
21.4482860565
20.6528892517
20.4447841644
15.7239780426
16.2546272278
16.5096950531
20.2878170013
19.6831321716
25.0663337708
24.9303321838
29.6785030365
32.1372299194
33.7104797363
37.6979522705
34.1596565247
33.0698051453
28.8479709625
30.201833725
26.8313903809
29.4409580231
28.9165802002
28.2448368073
26.3605899811
23.6416664124
24.6549129486
25.1885032654
20.2853050232
19.4438247681
22.0195732117
18.5966777802
15.4626188278
15.9649105072
17.8384246826
15.8242607117
10.860294342
15.0605373383
15.3809661865
14.3602819443
14.9632091522
13.10891819
10.1095352173
11.6414146423
13.3504056931
17.1538276672
18.8388881683
22.6028747559
25.7617435455
28.6197052002
31.0883388519
34.2044525146
29.6208934784
24.2507133484
27.2884845734
30.5714015961
29.2064094543
29.9916324615
33.0863456726
35.7515220642
38.1639633179
34.3709030151
34.6148605347
40.7070922852
41.2074928284
37.1471214294
39.0723648071
37.5797615051
39.2212257385
36.8562583923
33.1975326538
32.6957473755
33.5363998413
31.010931015
27.9334888458
29.3717632294
25.7535552979
22.9506111145
23.1345119476
22.9114513397
18.1307411194
16.6071987152
14.3615322113
13.1220149994
11.5918979645
9.54456043243
5.85159635544
8.08001041412
8.06173038483
11.9941005707
14.8585662842
18.0679206848
21.3151264191
23.961183548
27.696598053
29.5991706848
32.4576148987
27.2920188904
30.7849216461
27.5707702637
25.5624351501
24.6444587708
24.0301609039
23.2013015747
20.1979694366
19.2610263824
19.5290927887
16.513256073
14.575428009
11.1743707657
14.3200588226
18.8014774323
19.7979335785
24.4390506744
27.5594882965
31.3548412323
33.6199531555
29.4749259949
31.8211078644
26.8659973145
29.8121967316
29.0991535187
33.301776886
32.1333999634
36.8208236694
38.6599273682
37.4787979126
38.1776847839
34.753944397
32.0383110046
28.8613529205
26.3653411865
23.1427974701
22.527633667
24.9286956787
26.3832855225
23.4966392517
19.0598526001
24.5898246765
25.3081455231
21.4916343689
22.2392921448
26.0949897766
27.6972503662
31.6513233185
33.2227287292
31.0071983337
29.9480667114
33.4140586853
35.3607978821
31.4579277039
32.1985054016
36.2901763916
37.4911270142
35.3677520752
36.2999763489
35.2204017639
30.895565033
31.2519798279
28.5154190063
30.8687419891
31.0094203949
26.3620281219
25.4349822998
29.4933891296
26.080991745
22.5464820862
22.2327709198
22.039773941
19.9247207642
22.5228347778
26.6329956055
26.5450305939
29.5448093414
30.6903495789
32.1397323608
27.8268527985
24.5686302185
23.3340454102
23.369846344
22.3724098206
19.0603485107
19.4780864716
20.7202281952
15.8008718491
14.250500679
17.3182640076
14.799580574
10.744354248
11.9657201767
13.6096477509
10.7996082306
8.30657291412
7.86849927902
6.07356119156
5.96877098083
4.45220518112
4.77996873856
5.45182132721
5.93119621277
6.39688110352
8.77169418335
10.2023582458
10.2968492508
12.561003685
15.0836439133
16.2653560638
16.2782173157
17.0957374573
20.8724651337
20.226858139
21.4168300629
19.409702301
15.6513824463
16.9142971039
18.5872840881
12.6728191376
12.8480644226
15.2851982117
14.7115192413
9.20925331116
13.4450826645
15.7788476944
11.3143262863
10.8460464478
15.3678255081
13.9323043823
12.2726840973
15.2836818695
12.4377355576
15.2247190475
17.268705368
17.9741973877
16.5692481995
17.971370697
21.2155857086
20.9961166382
21.711807251
24.5692653656
25.7338867188
26.0742168427
23.2043857574
21.3759784698
18.1579914093
18.141752243
13.6680984497
15.4176015854
10.6498832703
45.7782440186
48.702922821
43.8394126892
47.1251182556
44.8754463196
41.9600563049
43.4549827576
41.5453300476
41.2006034851
40.5774230957
41.082118988
40.4078407288
40.6778373718
40.7337379456
40.943611145
35.9716682434
35.6812133789
35.6306266785
38.2065467834
36.682926178
41.2307395935
39.2854690552
44.9930801392
44.9357185364
47.0219573975
50.5652694702
45.4814300537
43.883140564
41.1832885742
41.1224746704
37.5366325378
40.9758605957
40.0255813599
41.6473464966
40.0332756042
36.3909072876
39.01404953
41.0208282471
35.4969749451
34.3039932251
38.8705635071
36.5999145508
32.7056007385
34.1930007935
37.3321151733
35.6004829407
30.2929515839
34.7227478027
36.424747467
35.5730171204
36.2099876404
34.0302734375
30.5563869476
30.9673271179
31.5161628723
33.8830337524
33.627407074
37.2225875854
39.7435112
41.8782539368
43.9275741577
45.1601371765
41.1255950928
35.8878746033
37.5944061279
39.411441803
37.826374054
38.0194168091
42.2139167786
42.7495384216
46.8435325623
43.4867591858
40.9679527283
46.7309494019
47.3260917664
42.5360717773
42.6679954529
38.7137298584
41.6767272949
41.758556366
37.336555481
34.5213432312
37.9051933289
37.4801063538
33.8805961609
35.8651580811
32.7118721008
30.8446140289
33.7709350586
32.3127555847
26.9017906189
29.891784668
27.6568470001
23.8310451508
25.0255126953
25.9828968048
24.4139118195
28.0399475098
26.1124248505
27.6273822784
29.6279659271
30.6641330719
34.3598632812
34.6481781006
39.1881942749
39.2159538269
41.1384544373
35.2198867798
37.4104156494
33.5137367249
33.2657966614
33.383430481
30.776971817
29.3119411469
30.6413707733
28.8146266937
25.8485851288
25.7882823944
25.9742603302
23.3263912201
25.8582668304
28.1089458466
31.3296356201
33.958946228
37.1700363159
40.064491272
42.2523384094
37.5163230896
38.4283981323
32.9137382507
34.2606506348
32.2305259705
36.9311065674
35.3505134583
37.3745231628
40.8657493591
40.9856376648
39.6211509705
36.6616897583
32.5942115784
30.742515564
29.8892230988
28.2453784943
25.4826545715
26.9521884918
25.5706367493
21.9724273682
22.3255558014
25.3297176361
22.3805351257
18.3389663696
21.7384586334
24.6249523163
23.4735469818
24.7557315826
28.1419830322
29.0727901459
27.6569213867
29.2233181
33.1824531555
31.9237518311
31.58502388
33.8477706909
36.9858436584
37.0193443298
37.535358429
39.3101348877
34.1262207031
35.7001495361
34.3618278503
35.5587501526
33.2407264709
29.9630584717
29.5741081238
29.9914875031
26.278345108
24.5793170929
26.4028930664
28.1923122406
27.2537269592
31.2666130066
34.5921821594
37.131149292
40.7270240784
42.4962120056
45.2076644897
41.4003334045
37.5797080994
38.5999641418
38.9866752625
36.4457778931
34.1120414734
36.5072822571
36.3685913086
30.8932151794
31.6961460114
35.2217102051
31.1474609375
28.0156459808
31.2401218414
31.6680297852
28.1441707611
26.8865089417
28.6842136383
24.5712985992
22.3579769135
23.1798152924
21.4168281555
18.9663982391
17.974937439
20.0623378754
16.638168335
13.3050756454
15.0105237961
16.0542945862
11.3777666092
11.1321821213
14.4677381516
12.9604539871
8.2989397049
5.52957582474
5.15219831467
4.800532341
6.03340005875
5.96219921112
6.66004991531
9.92888355255
10.7663679123
11.1460580826
12.3447237015
14.9149770737
16.1423854828
15.8760738373
18.8776683807
20.5899562836
21.6845645905
24.2214183807
25.5108127594
29.9815483093
28.339963913
25.3365402222
28.6479663849
31.9425010681
28.8662242889
26.8512229919
31.90716362
32.839302063
30.2752418518
32.72082901
36.3797798157
36.4949874878
36.359664917
36.2658157349
33.5438079834
35.5033149719
30.7547016144
33.9821815491
30.4269542694
41.2201385498
45.0335197449
41.1856117249
46.2720756531
45.9715614319
40.3657684326
39.3384590149
36.0015487671
33.5393829346
30.2734470367
31.5762462616
27.7614707947
25.8022766113
24.5754299164
27.8799266815
23.3260555267
26.1176776886
28.7054367065
32.5046195984
33.9780807495
38.2791099548
39.7114028931
43.8565483093
47.6294212341
47.896522522
52.3515319824
49.4065933228
47.6304855347
43.8169364929
46.1550521851
43.2780418396
46.2758178711
46.2721939087
45.0909347534
42.7012863159
40.7077560425
41.6500968933
41.3017730713
36.6694717407
36.5185089111
38.1691169739
34.0722122192
31.7114982605
31.8653774261
32.2554893494
29.5903015137
26.5578651428
29.0981483459
27.0003395081
24.0634174347
23.667766571
24.3854579926
21.3189353943
23.6018409729
27.2608604431
29.6658191681
33.1829185486
35.7034339905
39.0274848938
41.306427002
42.5170135498
47.0058822632
43.0907821655
38.3737831116
42.1273765564
45.6555328369
45.057723999
46.4584732056
49.7895088196
52.2297592163
54.7739372253
51.5691070557
51.7069015503
57.7691726685
58.621421814
54.6563072205
56.5893707275
54.7561035156
56.7005805969
54.5545349121
50.728729248
49.8955383301
51.1282958984
48.7746429443
45.6168289185
46.9183120728
43.1784477234
40.6711273193
40.8731994629
40.1361732483
35.6756477356
34.242805481
31.4458351135
30.5505428314
29.3428554535
26.9480876923
23.1033706665
23.1731185913
22.3365383148
26.8418598175
27.127904892
31.031414032
33.3749313354
36.2040863037
39.156414032
41.8327674866
45.7026481628
41.1317520142
44.9546051025
42.8471488953
41.4324035645
39.864440918
38.6530342102
38.9721717834
36.1406402588
33.8916397095
34.1219329834
32.7259635925
29.5679855347
25.4693260193
25.9056911469
30.6872501373
29.0370769501
34.5031814575
37.3919868469
39.5406265259
43.546333313
40.6458930969
43.8986663818
39.3789215088
43.5954208374
43.6444168091
48.0718650818
47.6648864746
51.7834205627
53.5210113525
53.3722076416
54.1406555176
50.8477401733
47.8467903137
44.5346946716
42.9294586182
39.6645698547
38.2113571167
39.9627494812
41.0525093079
37.9852714539
33.9816589355
37.7758216858
37.8444633484
34.113445282
33.4212646484
36.9585800171
38.5002174377
42.6928977966
43.8804969788
42.1355781555
42.407459259
45.9735946655
47.1951751709
44.3281936646
46.1767158508
49.8647537231
50.7322731018
49.00548172
48.9423065186
47.7885360718
42.3485946655
41.4889755249
38.1915512085
39.2680282593
40.4474372864
36.3985023499
33.0981788635
37.0541419983
35.3051223755
32.1284370422
33.7816772461
32.0943145752
28.2009887695
30.2500305176
34.2435874939
34.3305244446
36.7987861633
39.8108940125
40.145980835
34.9758987427
33.936164856
33.0819168091
30.9419975281
29.3726596832
28.0526733398
27.8151493073
25.917509079
23.0843982697
22.7935066223
22.6102390289
18.7980327606
18.6978206635
18.4387607574
15.8237924576
13.5968160629
12.8348808289
17.412071228
15.0756826401
12.4112472534
15.8644609451
17.9713687897
15.8502244949
16.5268478394
21.285528183
21.2023086548
19.542591095
21.5666599274
24.7530860901
24.6895179749
26.0201053619
28.8419628143
29.76521492
27.7759037018
29.4583721161
26.3173751831
26.8512229919
26.7825050354
23.083940506
21.3899078369
23.1871356964
21.0574989319
17.3160171509
16.722026825
19.0010719299
16.1599979401
11.524646759
14.3683052063
14.1036024094
10.2787294388
8.99320983887
12.6527004242
10.8456220627
11.4519004822
9.65093994141
5.87698078156
5.74057674408
7.6467294693
4.67188024521
5.61315870285
6.8683257103
7.19880199432
7.55930233002
10.0273790359
11.5788373947
10.6432247162
12.2075643539
10.2170801163
13.1229047775
11.0277748108
14.9583978653
15.867313385
