30.352180481
27.6551399231
24.2310676575
21.9110183716
18.780714035
16.4052848816
13.9006233215
11.5828199387
10.1884584427
7.02691268921
31.268447876
28.6599636078
25.2868976593
23.0405082703
19.9434490204
17.918170929
15.3970918655
13.7322731018
12.3660774231
9.40413856506
32.7583656311
30.1298503876
26.698261261
24.3639335632
21.2796707153
19.2077922821
16.5514678955
14.9697885513
13.2241954803
10.537976265
34.8639793396
32.3063850403
28.9848079681
26.709104538
23.793340683
21.8294563293
19.2177009583
17.7615890503
15.7825269699
13.2431612015
32.5789718628
30.1377716064
26.9582443237
24.943365097
22.0740604401
20.7160110474
18.5130691528
17.8334159851
16.9376888275
14.5199699402
36.2254257202
33.8198318481
30.6811084747
28.614528656
25.8468074799
24.4514331818
22.0762481689
21.4097137451
19.9320926666
17.6544437408
37.6749649048
35.5301132202
32.6036338806
30.7713699341
28.2531147003
27.5623607635
25.5690975189
25.9274616241
25.0642471313
23.5259742737
37.591545105
35.3575668335
32.2917823792
30.308052063
27.6873893738
26.7976837158
24.6267147064
24.9008350372
23.8045482635
22.4336185455
42.038936615
40.066116333
37.3559341431
35.6712608337
33.3854484558
32.916885376
31.0524406433
31.6086082458
30.7167282104
29.3056926727
39.7456169128
37.7452888489
34.9169464111
33.1596374512
30.8228740692
30.3753128052
28.5448417664
29.3101482391
28.5580692291
27.5351047516
47.3154067993
45.5969467163
43.1144104004
41.6045227051
39.6068763733
39.4699630737
37.8341293335
38.8248329163
38.0664291382
37.1268539429
