5.38899612427
5.08636426926
6.77936029434
9.52920246124
8.52834415436
10.6157693863
11.3949203491
13.7681055069
14.6933908463
14.7932033539
18.1466693878
21.7232761383
20.612651825
19.8748855591
22.64295578
26.4259300232
25.3498706818
25.3307876587
29.5650920868
29.9959449768
29.8468093872
32.8515167236
33.9845695496
34.8427505493
36.3780136108
38.8041343689
39.547454834
39.2276916504
42.0009994507
44.0140342712
44.6994285583
7.52374458313
5.08636426926
4.35895395279
7.23293399811
5.97348880768
7.04793167114
7.79205513
10.2416267395
11.0600357056
11.1041383743
14.5339536667
18.0475826263
16.9045200348
16.335603714
19.0492897034
22.745475769
21.8635940552
21.9399242401
26.0286750793
26.3754291534
26.4351139069
29.4467353821
30.4093971252
31.2789649963
32.9317359924
35.3350715637
35.9608535767
35.7026329041
38.5627708435
40.5492095947
41.1394615173
8.75216579437
6.77936029434
4.35895395279
4.44846725464
5.8828496933
8.2437620163
6.05643177032
8.88865661621
11.2256526947
10.2260866165
12.881608963
17.4434623718
16.1763134003
14.8278799057
17.31158638
21.7222099304
20.7577075958
19.9434051514
24.1605854034
25.1935482025
24.9067878723
27.4187202454
28.7917022705
29.9931373596
31.3399333954
33.4914093018
34.5645675659
34.5653114319
36.9794082642
38.7251815796
40.0070648193
11.2873506546
9.52920246124
7.23293399811
4.44846725464
5.32718610764
9.29856967926
5.80134010315
7.22598314285
10.7766237259
10.5503320694
11.4129981995
16.3712406158
15.8739595413
14.5849561691
16.1774845123
20.8119926453
20.7424659729
19.1914558411
22.6169319153
24.4547462463
24.5720748901
26.3348884583
27.5573348999
29.3049201965
30.6943740845
32.3542976379
33.5208930969
34.0690193176
36.279006958
37.5455741882
39.2965126038
12.8847532272
10.6157693863
7.04793071747
8.24376010895
9.29856967926
6.81870412827
6.32889461517
7.20894575119
5.92790079117
7.5493016243
10.6865329742
12.5962877274
11.8829317093
12.7233657837
14.9892129898
17.5720005035
17.6130905151
18.5528125763
21.7395305634
21.4390239716
22.4696578979
25.6359634399
25.7460823059
26.4681835175
28.6588039398
31.05037117
31.0038127899
30.8089523315
34.1784172058
36.1499061584
36.0198287964
15.8448877335
13.7681064606
10.2416248322
8.88865566254
7.22598314285
7.02457904816
7.20894527435
4.2890291214
5.15179252625
6.4772105217
5.55736351013
9.53311443329
9.89900779724
10.1022453308
10.7759103775
14.4950876236
15.7793092728
14.9329166412
17.1591682434
18.558172226
19.8629703522
21.6641654968
21.8860969543
23.644493103
25.6500015259
27.228553772
27.6805171967
28.4277095795
31.1620101929
32.354183197
33.4153556824
22.3892269135
20.612651825
16.9045200348
16.1763134003
15.8739585876
15.7575016022
11.8829345703
10.7193937302
9.89900779724
8.51114273071
6.61092758179
6.28236150742
5.55523252487
4.90530872345
5.52832937241
6.55942344666
7.07191514969
8.87654876709
11.1982984543
9.90180206299
11.5957860947
14.7441654205
14.3779029846
14.8693208694
17.2597198486
19.6651287079
19.4447574615
19.3316612244
22.7032241821
24.7130622864
24.5257072449
21.4354496002
19.8748855591
16.335603714
14.8278779984
14.5849561691
15.7500076294
12.7233657837
9.77389431
10.1022453308
10.4256944656
6.19325876236
6.27930164337
8.84181594849
4.90530920029
4.78406476974
8.70102500916
6.83308649063
6.49386405945
11.1023588181
10.9879283905
10.5936164856
13.551410675
14.7558546066
15.4389266968
16.8320903778
19.2863082886
20.1901130676
19.9834156036
22.4557323456
24.5190753937
25.4528026581
28.1479854584
26.4259281158
22.7454738617
21.7222061157
20.8119945526
20.9395141602
17.5720024109
16.067445755
14.4950876236
13.5192480087
12.3301181793
9.83029174805
7.34362363815
6.55942392349
8.70102405548
6.18200063705
7.36569213867
8.54004859924
7.29224967957
5.59017944336
9.52679824829
11.2069063187
9.27831268311
10.2551136017
13.2463827133
14.9047937393
14.0321216583
14.7820081711
18.2060260773
19.6489963531
19.3824100494
26.7924385071
25.3498687744
21.8635921478
20.7577075958
20.7424640656
21.5591812134
17.6130924225
15.7591333389
15.7793092728
15.0597190857
11.4651794434
11.3405370712
11.141210556
7.07191324234
6.83308553696
7.22840070724
7.36569356918
6.24076366425
9.77189731598
7.01482248306
6.07297897339
10.4153299332
11.2151222229
10.4296579361
11.8775730133
15.121843338
15.5477905273
14.438076973
17.3054389954
20.0998287201
20.0502090454
36.3044815063
34.8427429199
31.2789592743
29.9931354523
29.3049259186
30.1166553497
26.4681835175
24.5846881866
23.6444892883
22.9209308624
20.506975174
18.5673599243
16.5656757355
14.8693208694
15.4389286041
13.3729429245
10.255112648
10.4296569824
11.4150829315
9.33103466034
5.74684333801
7.0256562233
7.19646167755
5.04516839981
4.60055780411
6.86451005936
5.8084526062
5.47811460495
8.4663476944
10.9224023819
10.3300437927
