23.5088119507
26.5867233276
21.4962463379
22.5215053558
24.6197605133
21.9476776123
21.423866272
18.876499176
15.4485445023
16.2564659119
15.5390892029
16.7077331543
14.9082555771
18.0289115906
19.9828243256
25.3826389313
23.5184135437
26.8663234711
26.6581935883
31.4810638428
30.44962883
30.3505458832
34.6589775085
35.0430870056
39.2713813782
41.2565345764
46.0499267578
47.2359619141
47.6469039917
53.2470474243
53.5415840149
57.039390564
59.7937164307
60.6769256592
58.2352828979
59.2643814087
57.0985183716
62.2532081604
59.8989677429
62.1669120789
63.0512390137
65.0351486206
63.1241455078
57.7544212341
57.0394248962
53.2167816162
52.4496879578
51.9061775208
49.9487113953
50.8250198364
52.2991600037
46.7398033142
45.7560119629
51.2496070862
49.4495735168
44.6635475159
48.9425506592
48.7193832397
46.5238494873
46.5835342407
52.1827430725
48.2837028503
45.8357543945
49.2074012756
46.2573432922
50.1876411438
52.3973426819
49.2732543945
52.0412445068
47.2537269592
46.7317504883
52.1212081909
49.7414512634
46.1944847107
48.5342597961
52.6098518372
48.5358734131
45.8865890503
51.4289093018
53.4886856079
48.0195350647
47.785774231
53.2822875977
55.7548408508
57.9866142273
60.7312240601
57.5345497131
56.4349212646
61.4396896362
62.0035171509
58.1324653625
59.7506980896
58.8991203308
55.0914382935
58.813129425
62.3510475159
58.1853599548
59.7259216309
55.1105880737
58.4912719727
59.6073036194
54.7405090332
53.9173965454
57.6264381409
54.3533859253
50.9995498657
53.1345252991
50.466632843
46.6962356567
46.667552948
46.5362586975
44.1836929321
42.084487915
42.846157074
42.2490386963
38.4885101318
37.8253479004
38.9192428589
35.7470054626
32.6592216492
33.744468689
34.1472702026
32.5605888367
28.6537418365
28.2267074585
24.3513431549
24.1867160797
19.7747497559
19.4426345825
22.5879402161
23.0017719269
26.5705699921
22.4655590057
26.4613304138
25.7344264984
26.1546115875
28.2885227203
30.2604579926
33.0909461975
32.7729225159
34.1339073181
37.5644683838
40.0499458313
41.1330718994
42.9321289062
38.7750549316
41.1515769958
38.148563385
35.711933136
40.2999038696
42.9148902893
39.3622131348
41.8437004089
40.1603431702
43.4036407471
44.0598068237
42.153503418
42.4699821472
38.5051765442
37.5152626038
40.2329292297
35.147518158
37.5970840454
35.3721313477
36.4412612915
33.5204391479
30.5136966705
27.0159645081
26.7631874084
22.1091365814
23.1675395966
22.7438163757
24.9639549255
25.2680778503
26.4153862
30.6729011536
29.8161315918
30.3736495972
34.6770973206
35.6810417175
37.7505493164
41.3152084351
41.7553405762
39.445640564
36.5917167664
32.2598152161
31.6409416199
28.1556224823
27.9041900635
23.6362705231
22.9652366638
18.273015976
15.5353164673
14.1112613678
16.3085289001
17.1249465942
20.8373889923
22.8393268585
25.4502258301
25.8633785248
29.36693573
30.8366394043
32.5937423706
36.7678375244
36.7398719788
33.8547973633
31.9024295807
29.6044445038
26.3783607483
28.1289901733
23.5330276489
25.2684020996
21.6878871918
21.3619976044
23.7974624634
22.6888637543
22.9453449249
20.3686256409
17.043176651
16.5852165222
19.0027580261
18.6029777527
16.2900390625
16.2889518738
19.8263492584
19.0356178284
16.7817363739
20.2954502106
21.8895397186
20.3940620422
20.355676651
22.9879951477
23.4097137451
21.8577709198
25.3541526794
26.742143631
26.1376419067
27.8756885529
29.44165802
32.930431366
31.05052948
30.462387085
32.9510765076
35.615852356
34.2336845398
34.4408073425
39.2214698792
38.9967689514
37.3178329468
39.5865020752
43.2730636597
41.5247573853
44.3300132751
40.6041221619
42.2597160339
38.6719512939
37.1568260193
41.3595848083
38.3388595581
33.5359230042
35.4259605408
37.4264144897
34.2760810852
31.843164444
36.5270309448
36.2604408264
30.9368591309
31.7886924744
35.7808647156
35.8705711365
32.2784423828
33.0537796021
30.4681129456
29.2040500641
31.4755649567
29.8108100891
36.6854896545
35.9652442932
34.1963272095
34.1857910156
33.4314117432
35.6244773865
38.174446106
41.2902755737
44.5629348755
45.2848739624
42.1334762573
44.1460762024
48.0777053833
48.3553695679
50.2169837952
51.92811203
54.0709571838
51.8929672241
52.3834342957
52.4622001648
49.396938324
49.0387039185
48.5028800964
47.0113105774
44.0049324036
46.3174171448
40.9998016357
43.8730010986
39.2205696106
39.6858978271
35.8396568298
31.8981170654
34.3534317017
38.2437973022
37.2824440002
42.257068634
38.2989959717
44.3912162781
41.4574356079
45.5443153381
42.4021568298
44.0180854797
43.1376037598
42.7525482178
48.0321769714
45.598323822
42.2915725708
46.878993988
48.2096405029
43.6268424988
43.6202201843
48.6320648193
46.7351150513
42.7879829407
46.5079879761
50.2870483398
50.2328529358
46.8958282471
49.8743438721
47.8672294617
46.8516654968
44.7145767212
40.4457778931
40.7131080627
37.7168617249
40.4322013855
40.0885467529
34.552532196
31.9255428314
28.7174663544
28.2332801819
30.882434845
29.3368434906
25.5682506561
26.3886146545
29.2586212158
26.2837104797
22.9247169495
26.5157737732
27.6288604736
23.6927185059
22.1706123352
20.2761173248
23.2681598663
23.0564403534
26.0763492584
23.6547260284
23.6887435913
27.443365097
28.1124954224
24.7057132721
27.4702854156
29.4690151215
28.6039237976
27.0100307465
29.0315208435
31.5425643921
30.3132591248
29.4119434357
33.513381958
35.0873222351
32.9122314453
33.8898048401
37.2207260132
37.7459983826
36.6650085449
39.5854263306
39.7250404358
42.9828033447
42.2313232422
42.9885520935
39.3534851074
41.2451629639
40.7878074646
37.7107772827
37.2024345398
39.7153358459
37.3332595825
32.8458328247
35.9005508423
39.2122116089
34.2100296021
32.7122573853
37.103302002
35.1017837524
32.057975769
33.8204231262
36.7298965454
33.8187026978
31.8792915344
35.507522583
32.8316802979
38.1996269226
39.4311408997
41.9622650146
44.5736198425
44.3428192139
47.1898269653
49.828666687
48.4045066833
47.9042625427
52.7730789185
49.1663246155
49.414894104
54.4351997375
52.8565864563
49.726348877
53.5229492188
55.7917823792
52.4731292725
52.7430038452
56.9944038391
57.3438568115
54.7894821167
57.0273094177
60.9589157104
58.0533256531
57.965461731
61.9254875183
63.5899887085
61.7610626221
61.1286239624
66.2698745728
55.6787338257
57.6943740845
57.3830184937
53.7671661377
53.9993286133
54.689655304
53.004360199
48.6046180725
50.4097213745
51.4533004761
48.3042678833
45.3301620483
48.40391922
49.1444396973
44.1540794373
43.7399635315
46.0377388
44.5843696594
40.6944503784
43.1367950439
46.107460022
42.2261734009
39.3648605347
43.9662971497
42.5041732788
38.0883026123
34.7733268738
33.3998947144
30.6806087494
29.2678356171
29.009929657
29.574546814
26.6975746155
25.2265281677
26.7583217621
26.8400821686
24.1523246765
24.6395359039
23.7073879242
27.1515617371
28.4300403595
27.5518341064
28.7124080658
32.2941093445
31.3376541138
30.1592578888
32.6184692383
34.9900512695
35.021232605
34.3163452148
34.620716095
30.9747009277
33.9150123596
36.144821167
32.2328720093
29.0115947723
31.3109836578
31.3235378265
28.6769390106
28.5440788269
29.4256629944
26.7562465668
23.8630256653
24.5527229309
24.1433811188
21.6202201843
23.9470462799
26.2880764008
25.4243965149
23.0893516541
25.6273555756
27.270488739
29.6284561157
29.0570220947
25.6393508911
27.7618427277
25.5892524719
62.3470039368
69.2564468384
62.7551765442
63.383934021
71.2140655518
63.8101501465
66.6331863403
63.1758460999
59.852180481
63.0771789551
63.0120620728
61.4396972656
60.7835617065
55.5102424622
53.4686851501
57.220287323
59.0180702209
49.402015686
51.2636642456
45.9634170532
46.2938613892
45.2264785767
41.6947212219
39.9441757202
35.8736419678
40.6114883423
37.2653198242
35.982208252
27.8959121704
30.8116092682
32.7991523743
29.699432373
32.3380279541
29.8610534668
33.0008583069
30.7002429962
24.196805954
19.7676792145
22.9949970245
13.9772844315
18.7620391846
26.2506523132
21.3933601379
21.6895008087
19.1613388062
20.3761806488
18.5146636963
24.7608318329
26.5379295349
23.6891174316
25.3319168091
22.7534351349
24.9903850555
24.4091472626
25.7054042816
29.6092567444
26.9347934723
26.0147571564
31.9203262329
31.2340335846
31.7743740082
30.6760520935
34.2719116211
33.5165557861
35.74036026
33.1919059753
24.4843406677
25.5623073578
27.065202713
23.1786575317
24.4507484436
23.2323169708
19.9522418976
19.7985515594
20.3500747681
17.5703697205
12.9526052475
15.7498283386
17.0331420898
13.1712331772
9.22846794128
14.119052887
14.7005729675
9.48991298676
8.69236564636
6.33064985275
7.28802394867
7.46956205368
5.82421016693
5.5347738266
7.64176225662
8.38186359406
11.9418039322
15.2637329102
16.2331867218
13.8199481964
14.7979764938
18.6421604156
18.5917358398
23.1081142426
23.6878547668
21.6985225677
25.4911365509
28.0844936371
27.704750061
27.0409374237
30.8462123871
43.1573219299
45.1597747803
48.7276268005
44.6021461487
42.2354011536
46.6470031738
48.2320518494
43.9188194275
42.8570327759
48.1816864014
45.3808097839
42.7624664307
46.8254165649
49.4366188049
47.2128944397
42.8943138123
46.6268424988
50.1696014404
50.0174255371
53.0649986267
53.6147117615
57.3989982605
60.4573478699
59.0456466675
55.2142601013
53.6597480774
50.5922622681
46.0738677979
44.5590896606
40.87241745
41.5471000671
38.0260658264
33.9467773438
32.7323303223
29.6382007599
25.6210384369
24.2312793732
23.4804019928
27.6096172333
30.0374069214
31.845539093
36.2046966553
34.1474990845
32.4192962646
30.3784885406
28.328081131
26.2403945923
26.1251945496
22.2937679291
22.336648941
20.6780471802
25.6852359772
25.2591915131
25.5635318756
29.1888446808
28.2598609924
32.1556510925
30.7778892517
30.6688423157
35.0283126831
38.0855484009
41.0981826782
44.9809112549
47.5844421387
51.2012062073
51.8694839478
54.8408279419
51.1953697205
49.3252868652
45.9300117493
43.3153419495
41.5635757446
38.1609153748
35.1593017578
35.3443489075
33.4685630798
32.4068145752
35.4603462219
37.4865341187
34.8346405029
39.5878334045
42.5163879395
43.3104286194
48.0916519165
48.0358848572
52.4425392151
52.0922050476
48.148651123
48.2936096191
43.5763893127
44.4699287415
39.934589386
37.8682975769
34.2278823853
31.8562450409
30.2530384064
25.7345809937
26.9819450378
30.9173107147
31.5347232819
33.7910308838
36.6631813049
35.4498519897
40.2173805237
40.9340286255
44.6088256836
48.5008773804
49.5990142822
50.8517494202
53.9944000244
53.8701515198
56.8334617615
53.2836227417
51.1776504517
56.3952102661
58.88230896
54.9356842041
55.8665351868
62.096370697
59.0528297424
56.3976821899
58.9437675476
64.2116928101
61.0532608032
61.8244743347
66.4962615967
65.5400009155
64.0647125244
68.0901947021
70.4923019409
68.8154830933
67.1295318604
70.6865310669
70.2669372559
66.1118927002
66.7010574341
71.2192687988
67.8342666626
64.4868774414
69.3770751953
70.4476318359
66.1597824097
65.357131958
70.0528564453
67.1540679932
68.7755203247
63.7993354797
60.8268203735
59.0510101318
62.4160194397
63.8510704041
57.2111549377
59.7979888916
60.9813461304
59.2239646912
56.4474182129
59.1834716797
61.0366249084
56.2904701233
55.6566009521
60.5290679932
61.8652954102
57.155292511
54.8638839722
52.5315589905
48.632396698
49.5972709656
47.008140564
44.9836578369
40.0719413757
44.0599327087
47.1826095581
50.8517608643
49.7762641907
46.1828117371
48.7684631348
44.6085853577
49.5958862305
45.6737174988
46.9080429077
52.2553863525
53.5529556274
57.9202766418
59.0876464844
64.1036758423
66.5953674316
62.7804336548
64.6581802368
68.2977828979
65.4126739502
68.2423400879
66.4115982056
61.0373497009
57.8878822327
54.3769302368
53.2310943604
48.2848815918
47.0124511719
42.094127655
43.4687347412
43.0729064941
40.606967926
39.6458244324
43.8810424805
46.4049224854
50.799785614
52.116973877
55.64295578
58.2244949341
59.9926223755
63.7419471741
63.7681465149
67.3251800537
69.5693664551
68.7766342163
63.1207771301
62.6145782471
65.3534927368
62.4115600586
58.4141426086
60.8038406372
60.9223823547
57.5730628967
54.9366188049
57.5834007263
55.0999298096
51.9351234436
48.1345977783
46.8671913147
43.785610199
46.793712616
47.8020935059
52.1065940857
53.1781272888
52.4125022888
55.2302818298
52.6537590027
50.1814994812
49.9268074036
52.1797714233
54.6995048523
55.3461456299
54.6162376404
57.3107299805
61.1826705933
59.4087486267
60.3546333313
63.3427848816
64.5467453003
63.9774169922
65.2332000732
60.021156311
59.7282981873
55.6050376892
54.3759765625
52.9825057983
57.4737625122
59.0566062927
53.7381439209
57.3863143921
62.8616752625
60.372756958
59.131111145
61.2843780518
64.9835357666
63.1461906433
63.0487556458
67.5700302124
68.0763626099
66.5033035278
67.4128570557
72.1271057129
71.1758880615
69.1936645508
71.587272644
74.6076049805
77.2891082764
77.6150436401
73.8138961792
72.6179428101
70.0572052002
67.8945846558
68.5894546509
69.8228607178
64.4795837402
64.7379150391
66.2713851929
62.5395698547
60.5114402771
63.9879264832
62.1689987183
58.1817131042
58.419216156
59.5029830933
57.7247428894
54.5867080688
55.8329772949
56.8802108765
53.090045929
50.2924804688
50.0388031006
48.1259384155
48.0200195312
45.0842437744
46.9013748169
47.2531013489
42.6456680298
46.7745246887
49.1420974731
52.1945571899
52.7747535706
54.3908729553
57.1682624817
57.8598365784
57.1377449036
60.0275154114
63.4281082153
62.9258041382
62.6230659485
66.2598953247
67.8317337036
68.9275665283
70.7114868164
71.767829895
73.5322494507
73.3414840698
76.8243103027
78.465133667
79.2506713867
81.4559783936
81.7298049927
82.773223877
83.104095459
81.0737075806
80.851234436
80.6934509277
77.8959884644
75.4800109863
76.8341445923
74.7102966309
71.2756652832
70.996421814
71.4094085693
67.1605300903
65.9054946899
67.7724838257
65.8691253662
62.5027198792
61.5920715332
62.6327323914
59.9433135986
55.9165153503
58.0389213562
59.6480293274
54.6097106934
52.9355316162
51.1239929199
52.6154251099
50.7388076782
53.8835754395
50.962272644
49.5074882507
53.7360534668
55.0964241028
52.3729286194
51.132358551
52.2349510193
58.1717605591
61.7064208984
60.8932914734
64.7124938965
64.910736084
63.8559494019
66.1195068359
69.2989730835
68.1634902954
68.3069458008
71.2273178101
74.1659469604
73.3872070312
72.1104125977
68.5436096191
67.3141860962
63.7459602356
63.1321258545
63.2407493591
60.9951477051
59.1029396057
55.4700317383
54.955581665
52.7605361938
54.9667854309
59.2297134399
56.0792274475
54.4066123962
57.7088470459
60.8771858215
61.0467262268
63.7078971863
64.4788360596
67.4906768799
67.2960281372
69.1082458496
72.7032775879
74.4111099243
75.5099563599
69.221824646
71.9435272217
66.0973434448
59.4853019714
65.4370269775
59.132774353
59.3082504272
67.4934997559
60.5876045227
63.4167900085
59.5468254089
57.7249946594
60.6673927307
60.5512886047
58.8990974426
58.9554977417
53.3862686157
52.3732948303
56.0430908203
58.421169281
48.1836280823
50.7831611633
45.2752418518
46.0793685913
43.5308914185
40.7714233398
38.2658081055
35.4534111023
38.6037406921
35.4122123718
34.9546737671
27.1259689331
29.6317100525
32.0173072815
27.7454147339
30.3407173157
28.7487850189
30.1553993225
27.2811775208
21.3529968262
16.1754302979
18.829082489
9.83030605316
13.9981803894
20.8206729889
19.947101593
20.1990222931
19.3905277252
23.0721874237
18.5026111603
26.6595058441
27.7908153534
25.3678302765
24.2374019623
21.4401416779
23.1229362488
21.288728714
20.6230373383
25.0194797516
22.4956817627
18.3347110748
25.0954685211
25.227180481
23.8654727936
21.8247852325
25.5393886566
24.537311554
25.4699783325
24.0433692932
14.5843811035
14.6331224442
16.8004741669
13.2405691147
15.9720239639
14.7469301224
9.95715713501
12.3527774811
14.1873235703
11.2957992554
7.07032632828
12.7228240967
14.3955974579
10.2927598953
10.0580034256
15.3483562469
16.324224472
12.481844902
15.4971208572
15.8288087845
16.4563446045
12.5024709702
11.9295930862
11.9418001175
9.43130874634
6.51061439514
4.67974567413
5.47892904282
5.07088327408
5.60315275192
6.7986035347
11.6193008423
11.6506032944
15.7395477295
18.7125167847
16.9179992676
18.6602783203
21.5530929565
23.7548694611
22.1813335419
23.8291721344
40.7452049255
41.3718338013
45.8099594116
42.9562721252
39.6956176758
43.2579536438
46.1839790344
42.6456336975
40.4249420166
45.757900238
44.5707054138
41.544254303
44.6319541931
47.8094406128
46.8475799561
42.4556159973
44.8395690918
48.4099082947
48.8329353333
52.3919830322
52.336063385
56.4345474243
59.5359115601
57.4517593384
53.6739501953
51.4605636597
47.6970176697
43.8753089905
41.3431282043
37.6317596436
39.5467720032
35.6624259949
32.4441146851
29.5441989899
26.7581939697
23.3154563904
20.3082942963
17.8738250732
21.718214035
22.1300792694
24.6022968292
28.8859634399
25.6781311035
23.7794151306
23.3898181915
21.4680728912
20.9412460327
18.3818588257
15.8435983658
17.6977329254
17.990644455
22.2244491577
24.7930412292
25.4883060455
28.9979133606
29.9757175446
34.1460494995
33.6100006104
31.8176231384
35.829246521
38.7389411926
42.0027427673
45.1485557556
48.2900238037
52.0324363708
53.6336555481
56.1615066528
52.5082168579
50.9820404053
47.8956947327
44.846988678
43.8715553284
40.8135719299
37.6537208557
38.8523178101
37.8492965698
35.9998855591
39.2449607849
39.5347709656
36.9127044678
41.4232330322
44.5344047546
44.1514358521
49.3607749939
48.0351409912
52.1859741211
51.3856048584
47.0361709595
46.4076118469
42.6128730774
43.5654983521
39.2786445618
37.3381309509
33.058719635
31.1359081268
27.9371299744
23.9481334686
23.3684177399
27.0919723511
29.4384422302
31.1656417847
34.833278656
32.7973632812
38.1227684021
39.147354126
42.0344314575
45.989238739
46.1059532166
46.7705917358
50.2839698792
50.6970024109
54.2532119751
50.6584815979
47.6708106995
52.4909934998
55.4840316772
51.2083435059
51.1627807617
57.7559814453
54.9856719971
51.3285140991
53.4530982971
59.3180809021
56.1080360413
56.145324707
60.9067497253
60.5963363647
58.2092170715
61.901802063
64.8840866089
62.99010849
60.6872901917
63.9237823486
64.3408126831
59.9683227539
59.738735199
64.5648574829
61.776550293
57.6884803772
62.1021270752
63.9552536011
59.8845062256
58.2119789124
63.1553001404
60.9994316101
63.1115570068
58.3642578125
54.7082099915
53.7368354797
56.6394233704
57.2777099609
50.9112014771
54.0826148987
54.4074287415
52.1109237671
49.6522750854
52.6674804688
53.4214439392
48.6981086731
48.7909698486
53.3493270874
53.9108810425
49.0715827942
47.2367630005
45.0593757629
41.669631958
43.4709358215
40.8429260254
39.6190757751
32.6642112732
36.7127494812
40.0957260132
43.8815155029
43.5287971497
39.5557556152
41.349571228
37.1258659363
41.7549972534
37.3012733459
38.5490341187
43.7002906799
44.3780975342
49.088634491
49.6061439514
54.7561454773
56.7670898438
52.7783889771
54.4057350159
58.3298225403
55.6844902039
58.9493217468
57.5211448669
51.7498474121
49.0343132019
44.9290122986
44.5081710815
38.9743003845
38.5067520142
33.4528579712
35.5188140869
35.9764633179
33.006111145
31.1942043304
35.2780456543
36.9039840698
42.084438324
42.421962738
46.4920692444
48.5618972778
51.0692100525
54.7181053162
55.2401428223
59.1268386841
61.2762527466
61.1627845764
55.2671737671
54.1123390198
57.2857322693
55.0270500183
50.5855102539
52.754650116
53.6625709534
50.5264396667
47.1883354187
50.3209457397
48.3010864258
44.9316062927
40.7845993042
38.9443473816
36.4291343689
40.0247001648
41.3076324463
44.9549179077
46.5408668518
46.4980659485
49.8641395569
47.0549240112
45.2047576904
44.858833313
47.7532539368
50.0061416626
49.9235572815
49.8483543396
53.3534965515
56.0965576172
54.2241630554
56.1751899719
59.0436134338
59.4053382874
59.1115150452
61.0645599365
55.7085990906
54.7276535034
50.5953865051
48.6162338257
47.3960876465
51.7619667053
52.6692771912
46.8901596069
51.1614990234
56.2000694275
53.1949768066
51.9693603516
54.5014457703
57.8990592957
55.4600219727
55.6593170166
60.5094146729
60.2215042114
58.2995185852
59.7491836548
64.4429397583
62.8443946838
60.7665672302
63.585559845
66.3999099731
69.3222885132
69.2971191406
65.4424133301
64.4570007324
62.4673271179
59.8512229919
60.2362136841
61.9527320862
56.6498374939
56.1919937134
57.9758110046
54.9886054993
52.390750885
55.2030906677
54.0490951538
50.3420639038
49.8040618896
51.0694236755
49.836151123
46.3533096313
47.059627533
48.7115440369
45.2844848633
41.8048477173
42.0979614258
39.1340751648
39.0587310791
35.6310958862
37.083770752
37.8465538025
32.9820518494
36.7689323425
39.5681152344
42.3510971069
42.6878013611
44.9694519043
47.481842041
47.8791923523
47.7438163757
50.8292312622
53.6653366089
53.3980026245
53.6304779053
56.8865814209
58.1169548035
59.6786384583
61.7715301514
62.1825294495
64.072517395
64.4762878418
67.6625289917
69.0358276367
70.0561752319
72.4344329834
72.3530883789
73.2649154663
74.9757537842
72.6127090454
72.0389633179
72.203338623
69.7754592896
66.8365707397
67.9395523071
66.3913040161
62.8886566162
61.9393539429
62.5329856873
58.8881492615
57.0937690735
58.4714813232
57.0191459656
53.9406166077
52.3384780884
53.3277397156
51.192741394
47.0204811096
48.3143844604
50.3173217773
45.7348556519
43.2307624817
41.4433288574
43.7047615051
42.5194244385
46.033657074
43.8074226379
42.5381813049
46.6326789856
48.2303009033
46.2551956177
45.1087188721
45.6487846375
51.4927711487
55.7386398315
55.056476593
59.123840332
58.3584594727
57.2667655945
60.0638656616
62.9026412964
60.974822998
61.6653709412
65.1451034546
67.2751235962
66.0577087402
65.3190765381
61.6453590393
60.7995185852
57.5902557373
56.948513031
56.2295303345
54.0937919617
52.8818702698
49.5053482056
49.8563728333
47.6510696411
49.1549797058
53.8935813904
51.6737136841
49.5098190308
52.360042572
56.3300170898
56.3854980469
58.5813484192
59.2621917725
62.9278182983
62.6280441284
63.7535934448
67.0590744019
68.2791976929
69.3776245117
63.3049964905
65.5905303955
59.8527793884
34.4962615967
42.0981140137
35.962146759
37.2852668762
43.8108100891
37.2230873108
40.3871498108
38.0981903076
31.9344654083
35.9509963989
37.2390327454
35.3721313477
33.6481590271
28.6298522949
24.4345169067
28.6691455841
28.5672721863
21.3793315887
21.3520870209
16.6235866547
17.617225647
18.0873966217
13.3416805267
16.112455368
10.1859560013
20.7349624634
20.529510498
22.0472984314
21.6977081299
22.6168479919
29.7247753143
30.5330181122
34.234375
34.7582511902
38.2266349792
36.3112220764
34.1634407043
32.6961669922
38.5104370117
35.0270004272
39.5676193237
42.9581871033
41.6290473938
38.4253730774
34.2310371399
31.3663825989
27.4251708984
29.3961830139
26.9378452301
24.0187454224
29.3378448486
26.6539821625
22.2218532562
24.6889743805
30.3615150452
29.5778751373
23.4115810394
30.4570865631
32.5403175354
28.7839126587
31.1451301575
35.9259223938
34.9890899658
33.1737556458
38.6557617188
33.5741424561
31.5256977081
35.1687202454
34.1016540527
34.8105506897
31.0769748688
28.1224975586
31.7686367035
30.4158782959
26.3573417664
25.2375354767
28.1017436981
25.3314380646
21.477148056
24.4935131073
26.4622840881
21.0319328308
18.5456256866
23.8145008087
24.5025005341
27.3063201904
29.1016521454
27.2232189178
27.627828598
32.1556587219
33.0537567139
30.4914913177
33.7645454407
34.1460380554
31.4299106598
35.6607246399
37.1752624512
32.8493347168
34.4806900024
30.2124404907
34.6845664978
33.9630393982
28.9134159088
31.0193099976
34.7393035889
29.1867027283
27.0445251465
32.6124916077
30.2946739197
30.7458209991
31.5120296478
27.0625476837
25.3512687683
28.1412277222
27.4445495605
22.999578476
21.7453422546
25.1614456177
21.0755462646
17.7559509277
21.2187919617
22.7902145386
19.047164917
14.6278715134
18.8076820374
21.7352027893
19.9680595398
22.1266059875
23.4415092468
26.6752414703
29.393573761
28.7781581879
25.5883560181
24.7710380554
23.8531780243
18.5141391754
19.6342697144
17.4188652039
15.5597515106
15.0382699966
10.3192043304
14.6639194489
14.5321035385
14.2828035355
17.7927627563
21.4844055176
22.245634079
27.2068958282
25.9391422272
27.7439727783
31.2682132721
32.9791641235
27.4724979401
28.7939357758
24.2519645691
27.4939460754
24.0794658661
21.7255458832
17.8686103821
16.5695743561
11.4136562347
10.581867218
7.44916963577
4.85802507401
4.60147619247
6.20470571518
5.785384655
9.83327674866
10.132390976
14.830622673
16.3272209167
19.7491664886
21.0971508026
23.0882415771
19.2431316376
17.620174408
14.1090660095
11.4631195068
10.7202892303
7.68495416641
6.50358867645
9.73916244507
8.96170902252
6.10050725937
7.69139814377
6.31425333023
8.61334991455
11.3752985001
12.1554317474
14.9808082581
17.9353580475
19.88879776
23.4253406525
24.6635684967
20.5707550049
20.8126277924
15.9542589188
14.9278421402
11.2247362137
11.1672000885
10.4544477463
12.3663787842
14.990228653
15.3366422653
18.8694400787
20.7156600952
17.701007843
17.439163208
15.8291845322
14.9904794693
16.0022182465
13.941286087
18.6501617432
21.0254001617
23.9543437958
26.2996006012
27.9690990448
26.7643699646
28.622051239
25.7692890167
25.7163314819
30.8080501556
32.3995628357
30.3300819397
32.5369682312
37.0921516418
34.9720878601
34.7713813782
37.4081573486
40.9992370605
39.4801750183
41.5695610046
44.6547927856
43.7697143555
45.0936698914
48.4124908447
49.6868286133
49.9472351074
49.7978172302
54.2447776794
52.8367080688
49.862701416
51.6790618896
56.2145347595
53.1973800659
51.2157974243
57.2169799805
57.6462478638
53.9438400269
54.8776016235
59.9011917114
56.9102592468
59.2586898804
53.9742088318
53.2882499695
49.7199668884
51.2589416504
54.8232421875
48.6182632446
47.3547096252
49.4704055786
49.5330429077
45.5892944336
45.988117218
50.1137771606
46.6641197205
42.6659202576
46.6827926636
49.9812660217
46.7221298218
42.5021362305
41.5353050232
36.2333717346
36.7119140625
36.2678871155
33.1629638672
34.2307815552
37.121673584
38.3659896851
41.3262557983
40.0224380493
38.7591018677
42.5655632019
41.7439422607
47.5726776123
45.3538131714
43.8985939026
49.025642395
52.3717575073
55.4151954651
57.162689209
61.3534622192
63.9662246704
60.2169418335
61.4041557312
63.861328125
60.3293151855
62.079864502
60.7664146423
56.381855011
52.5729637146
51.5730781555
47.4047203064
45.7536849976
41.6268005371
38.0080451965
35.9873542786
31.9231700897
31.3362636566
34.3050956726
36.6404838562
42.6692352295
43.4678077698
48.3641586304
49.0369338989
53.2858009338
52.812461853
56.2380752563
55.9097175598
57.9949302673
62.483089447
60.5549087524
55.0909118652
57.5094184875
60.0072860718
55.4142532349
52.846660614
57.4305229187
56.2786941528
51.7249259949
52.3731689453
56.3000602722
54.6151542664
50.5717201233
50.0962905884
47.9797325134
45.1890907288
45.6693649292
43.4081306458
46.7172546387
45.4655990601
46.5134849548
47.9990692139
42.8512802124
39.0714225769
36.6978340149
38.0640678406
41.7755661011
41.5096321106
38.3995399475
40.7135391235
45.636302948
42.608631134
41.0918121338
45.2729454041
47.0128517151
44.1713867188
43.9497833252
39.20104599
40.8986434937
37.5019798279
38.481388092
35.1479530334
39.0503349304
42.8041534424
38.5776062012
38.9375686646
45.1718826294
44.5769424438
42.4469070435
42.8215293884
47.1840629578
47.1594085693
45.52368927
48.6262359619
51.7736091614
51.169178009
49.8462028503
54.3018379211
55.6870231628
53.8885269165
54.4336204529
57.7809638977
59.3971405029
60.9465751648
57.814453125
56.4047813416
52.2717628479
51.9904899597
53.253326416
52.5611991882
47.9773750305
50.524394989
50.8260917664
45.2167205811
45.4523735046
50.7190208435
46.9443130493
42.7086906433
45.5928382874
46.2658500671
43.1082038879
41.7209739685
44.8931045532
44.4207801819
40.0566673279
40.3575363159
37.5013618469
39.8722076416
39.1164588928
38.9885368347
41.8281517029
40.827835083
39.4262237549
43.9792366028
43.9957427979
46.5489768982
49.4163398743
47.5395317078
50.1777877808
53.2781486511
50.8949813843
51.1967544556
56.2317237854
56.2730522156
53.6225776672
57.0672874451
60.4703445435
60.3707237244
60.0088005066
62.9278869629
65.3338623047
62.8765335083
65.8844985962
68.9738769531
69.6462554932
70.1238708496
70.8733520508
73.6644287109
67.5168304443
67.3412857056
67.819480896
65.9602127075
63.1927375793
62.7458381653
63.7654800415
59.6857566833
57.7880172729
59.3598747253
58.3690605164
52.9533081055
54.1314201355
56.8729324341
53.0365104675
49.6488685608
51.2695121765
51.8627128601
47.453502655
45.3840484619
49.9425354004
49.2808532715
43.5391921997
45.678401947
44.2153129578
42.2241287231
38.3273582458
39.3217391968
34.9109153748
33.6298332214
37.11302948
37.1269874573
32.888420105
32.1880912781
35.4154472351
39.4165878296
40.4274482727
39.0160217285
41.8981437683
44.5347595215
43.4489746094
43.9157218933
47.6485977173
48.8898086548
47.440662384
48.5317726135
53.3343391418
53.9240531921
51.4142417908
48.5666007996
46.6855278015
42.3500328064
42.4032821655
44.8029747009
42.0567359924
38.4922599792
35.2343482971
32.9763832092
30.6701202393
34.0581665039
36.5663757324
31.5480232239
31.1365528107
34.962310791
35.6783218384
36.2739868164
39.5279273987
40.3934593201
41.6013259888
41.7916183472
44.8792228699
48.8514060974
51.5463371277
52.6984939575
46.7425460815
50.6647415161
45.6077804565
34.8002967834
41.2919311523
34.0387115479
35.1086158752
42.3221969604
35.8854980469
38.4462471008
34.5317687988
30.8375511169
34.3034820557
33.8885345459
32.59375
32.4224853516
26.4184265137
25.8179225922
30.2485427856
33.1751327515
24.0667610168
27.197385788
21.6685638428
24.8689365387
22.3726062775
18.9762802124
19.9333553314
17.2932815552
23.4287624359
23.2040576935
26.244468689
23.9017124176
25.9054412842
32.0083236694
31.4217777252
35.1674423218
36.4727706909
38.3598175049
35.1901397705
33.2587203979
30.1954994202
35.7231292725
30.7501525879
35.1586647034
38.365146637
39.2340888977
36.4699134827
32.8085479736
32.5362625122
26.7426071167
30.0187969208
28.6100254059
24.6535968781
27.1887187958
26.1842212677
20.977897644
21.0126895905
25.810792923
26.093416214
19.5360813141
23.888376236
27.9229946136
24.3803539276
23.7469882965
28.5384063721
28.1149139404
24.3034858704
28.9584617615
23.5886516571
22.4286060333
25.0559558868
22.5386772156
23.5584049225
18.9087619781
17.7808990479
22.5167694092
19.816318512
15.699464798
17.7015304565
21.292963028
17.2417831421
14.1746044159
20.2562294006
21.9726238251
16.6406211853
16.7777786255
22.1736984253
25.2320747375
27.35338974
30.3215789795
26.7169723511
25.2159881592
30.2530384064
30.8267593384
26.8615818024
28.4379081726
27.9371261597
24.5740871429
28.6352081299
31.7754573822
27.9306983948
30.5424118042
25.8817691803
30.7699699402
32.2902336121
26.9333229065
27.4081935883
32.0277175903
29.3024520874
25.599811554
29.2146453857
35.027633667
33.3301506042
35.9230461121
33.3037605286
29.7472267151
31.2602138519
33.2300682068
29.8566989899
25.9761428833
29.8603248596
28.8365879059
24.279586792
25.4592914581
28.6286354065
27.379737854
22.4373035431
22.9278812408
26.1425933838
24.3408164978
27.530921936
26.1251449585
29.9173069
33.6304855347
32.1770935059
30.1460647583
26.6692504883
25.138130188
20.3484344482
18.339723587
15.4252738953
18.5244655609
16.8648109436
12.0501670837
11.1377134323
12.4107608795
12.0636568069
11.7257604599
13.4120798111
10.1739044189
15.4267578125
13.4052314758
15.1748514175
17.7723827362
19.0714550018
13.4070892334
14.9640026093
11.0227622986
15.2207832336
13.8483171463
11.1333637238
11.068819046
8.61316108704
7.75196075439
13.1112642288
9.39473056793
13.2350111008
14.9902296066
15.0404367447
10.1797361374
12.4194488525
13.2320175171
17.2052650452
18.7081069946
22.4504261017
26.0507774353
28.0620994568
30.6414260864
27.7301044464
28.1597099304
24.7355384827
22.3091697693
23.8163604736
21.6245326996
20.5267047882
24.1073894501
23.318025589
20.1281547546
20.3092575073
17.9038181305
14.1799621582
17.0308876038
20.268535614
17.9113292694
23.3250350952
20.7234649658
24.6486282349
23.6953296661
19.3430290222
19.0915145874
15.3337659836
17.6088924408
13.5002174377
10.733039856
7.6313829422
5.26331806183
5.13120508194
5.86522674561
6.27961778641
5.09881687164
4.8492975235
7.40687799454
6.53144073486
11.0149459839
13.9323682785
15.8892536163
20.5518875122
22.451292038
22.9017295837
26.4657230377
25.5381698608
27.8183479309
24.0102958679
21.8917694092
27.0709762573
29.1292133331
24.9722080231
26.5663280487
32.4485168457
29.0741462708
27.0249118805
29.9705162048
34.5203094482
31.5270195007
32.8542022705
37.2964630127
36.0454216003
35.5420646667
39.5366630554
41.4261550903
40.4288902283
39.4620094299
43.5674934387
42.6268882751
38.9526519775
40.2990074158
44.8991622925
41.7562408447
39.0562400818
44.8107376099
45.5883674622
41.6370544434
41.8889923096
47.0278320312
44.2247238159
46.7420730591
41.4632072449
39.9221076965
36.9859962463
38.749912262
41.6031951904
35.1732902527
35.0537109375
36.6751480103
36.1369476318
32.3909835815
33.6238555908
37.1209030151
33.1765289307
30.1023788452
34.6799240112
37.4866867065
33.6838912964
30.008556366
28.3551635742
23.372838974
23.7692546844
22.6060295105
19.7935276031
19.6086521149
22.6709442139
24.2921142578
27.5550689697
26.35987854
24.4617652893
28.1609725952
26.9813594818
32.8321151733
30.5187664032
29.1851806641
34.4184036255
37.7002029419
40.8287200928
42.6810455322
46.9559631348
49.7573242188
46.1297988892
47.7161331177
50.1669578552
46.6349372864
48.3768730164
46.7731056213
42.2875022888
38.4109649658
37.2275733948
33.2969703674
31.3639831543
27.338842392
23.7095565796
21.964466095
18.7846794128
18.2064342499
20.4946498871
23.4570236206
28.932970047
29.848531723
34.5165328979
35.4310150146
39.5894165039
39.1617851257
42.7543678284
42.2921295166
44.7684020996
48.7458343506
47.0721168518
41.407081604
43.3049278259
45.8846969604
41.5764656067
38.6186256409
42.9784698486
42.1223831177
37.6715545654
37.7916488647
41.8292236328
40.2510452271
36.0908699036
35.4646072388
33.1746292114
30.509223938
31.1376037598
29.039768219
32.3840789795
31.5806655884
32.707698822
34.7601089478
29.6523208618
26.2544937134
24.2019252777
26.3764419556
29.8392772675
29.4270553589
27.3121700287
30.5068149567
34.58411026
31.8708972931
31.9424514771
35.7034835815
36.8476142883
35.1590270996
36.0501060486
30.7582569122
31.1514186859
27.1725788116
26.9611053467
24.5954017639
28.9900360107
31.7139701843
27.1029167175
29.2392520905
35.1534042358
33.7092132568
32.371181488
33.775604248
37.7138252258
37.1341209412
36.7521820068
40.3061332703
42.1116714478
41.5465126038
41.6454315186
45.8254699707
46.1793556213
44.9967956543
46.6820259094
50.2685165405
52.5244369507
53.9653511047
50.7646141052
50.2649841309
46.8339385986
45.8974151611
46.1166496277
45.8444023132
41.3282012939
42.5085296631
42.6140480042
37.6313438416
37.2814292908
41.462600708
37.6744842529
33.6211891174
35.9380378723
35.644695282
32.6968612671
30.8197784424
33.3029403687
32.6091499329
28.3551540375
27.8679294586
26.2325897217
27.7982368469
28.7902088165
28.1631240845
31.3968524933
31.6969223022
30.5423469543
35.1688346863
35.8775177002
37.5194549561
41.0577468872
39.9955406189
41.9495697021
45.3924102783
44.1408729553
44.2601661682
48.5386810303
49.5715827942
47.625579834
50.1212615967
53.3451576233
54.368938446
54.2969665527
55.954826355
59.1554946899
57.6876945496
59.868598938
62.7872238159
64.1630783081
64.7296447754
64.5172195435
67.6075973511
63.2407875061
62.7092247009
62.3464546204
60.6953430176
58.9416618347
57.5247001648
57.5962524414
54.2546539307
52.6408119202
52.7911148071
51.5978927612
47.2459144592
47.7570877075
49.2881736755
45.5320053101
42.9053649902
43.2515640259
43.1644363403
39.2158737183
37.5130996704
40.5168228149
39.555480957
34.1441001892
35.4331665039
33.0549812317
31.6172866821
28.1553249359
30.2548084259
26.1922092438
23.8630409241
27.7986240387
29.5825309753
25.6560821533
23.4980831146
25.1221866608
31.0140285492
33.3490066528
32.9153137207
36.0769119263
37.3270645142
37.0320510864
38.8080215454
41.9452438354
42.3011131287
42.1683197021
44.2449874878
47.5450744629
47.733795166
46.8253135681
43.5848121643
42.7616424561
38.2347755432
39.047492981
40.0247879028
36.2622756958
33.229133606
31.2314987183
31.0526161194
27.5815391541
29.3480205536
33.793548584
29.9636230469
26.7455940247
30.0998535156
33.1607131958
32.2729225159
35.4479827881
37.0546684265
39.4615020752
38.4107437134
40.7554702759
44.3483467102
46.6605224609
47.2636260986
40.6239280701
43.4839096069
37.5932998657
53.9779624939
55.5339241028
50.1649589539
50.0484352112
55.0250701904
52.2742080688
51.9116020203
47.5559844971
51.2529449463
52.2842216492
50.0506706238
50.2169837952
52.2349433899
48.1165428162
53.1841583252
55.3083686829
61.0839881897
53.1893081665
58.1737747192
54.1399269104
56.9697723389
51.3415908813
53.0273208618
49.3133773804
53.577999115
53.2867469788
52.2425003052
55.05701828
55.4791107178
56.5400276184
59.2140922546
58.3127708435
58.3696517944
61.6840591431
59.6548347473
55.2455215454
57.777633667
53.8559608459
55.7768974304
52.6584243774
53.9287261963
51.6842918396
59.6810874939
56.0585327148
57.4348907471
61.1695709229
55.0983924866
57.8089637756
57.0114059448
55.2177047729
51.2967338562
53.3499641418
49.3691520691
48.8640327454
46.2428970337
48.840839386
48.1613578796
45.4112739563
48.5769920349
46.7726364136
42.3996162415
42.4880523682
42.9979858398
38.0805282593
37.2535133362
37.9236335754
39.8914604187
37.7264938354
34.1119728088
36.6696662903
35.0611953735
38.6040306091
41.281337738
39.5697822571
40.0304450989
44.600353241
47.0701446533
45.1843147278
45.886516571
50.2758522034
51.4984207153
50.3280220032
52.611907959
54.8603515625
59.2983970642
60.2366142273
63.0527610779
58.3042907715
55.8707695007
59.0876541138
58.2332038879
53.9139823914
52.1050338745
49.6061325073
46.7185668945
47.3483200073
52.1558380127
50.8930435181
52.8482284546
50.2743263245
51.9727935791
56.5201950073
53.5807571411
50.3910942078
53.5919647217
56.5825881958
52.5923080444
50.2605323792
64.0675048828
59.2518501282
63.2765808105
64.4625244141
59.8621520996
58.3425674438
63.27684021
62.6863937378
57.1064338684
59.3855209351
62.7112159729
58.516998291
56.3256416321
59.9333534241
62.1651954651
58.5076637268
54.9873580933
56.7880783081
56.153263092
59.1993331909
55.3187637329
58.0677070618
61.3519287109
58.9076766968
59.2082748413
53.9063262939
52.305015564
51.5349349976
47.461971283
46.5762863159
52.3177528381
51.1085891724
50.2450637817
46.1207199097
48.0300369263
48.7358016968
45.3632049561
42.87084198
37.8512153625
34.6224746704
33.7964401245
31.411108017
28.602519989
27.9959506989
32.0465888977
32.5360145569
36.755657196
35.3317718506
40.2216186523
41.1373519897
45.8890228271
43.9761161804
48.5923843384
52.7710456848
50.9174690247
55.3645210266
57.1627006531
57.5380592346
52.4706535339
53.5862808228
52.5797233582
56.0009231567
54.3161315918
58.1096458435
60.4303512573
63.1468849182
64.8365020752
63.5549125671
65.6001281738
63.3670272827
61.3759422302
64.1550064087
62.9415740967
62.0249595642
65.8361968994
65.7436523438
62.4784088135
62.3779716492
58.9825630188
55.1260948181
56.1317214966
59.2042617798
54.2236785889
58.6727600098
52.7685546875
54.3237380981
51.3561630249
49.338508606
47.9402389526
49.1793022156
52.1639938354
50.950378418
49.1509666443
47.5958518982
46.172252655
42.6810455322
44.2089424133
40.2372932434
37.5199165344
41.2648239136
40.5315208435
43.2988929749
42.9432487488
44.7197303772
48.781211853
46.0114021301
49.0373573303
47.6546287537
44.7907943726
48.4713668823
48.9101715088
50.7243919373
48.2499465942
44.4868011475
45.015586853
46.7981300354
42.3046646118
40.4267234802
44.4396018982
41.5974998474
36.7226142883
37.0715675354
40.6839103699
36.7814826965
34.1452522278
38.5502281189
38.2439308167
32.1371459961
34.3685302734
37.5522270203
33.4895401001
29.6017990112
29.1242580414
32.0516395569
28.3804588318
25.3319225311
27.7706241608
27.8077392578
22.7416286469
22.1151561737
26.0720558167
24.5173454285
19.3586959839
22.7344112396
24.8590927124
28.3409919739
26.9700031281
22.0621528625
25.8535175323
24.9570331573
20.9445037842
20.4054832458
25.0757007599
21.0417499542
17.2436065674
19.3468608856
22.4601764679
17.0711402893
15.8278036118
21.6095924377
22.0981731415
18.5037517548
16.4165973663
20.6204299927
19.1870918274
23.7358779907
24.5393505096
23.6993579865
27.2928276062
23.2645969391
20.5456905365
20.1359291077
19.077129364
21.7791481018
20.8891677856
16.572435379
18.0672359467
13.7924404144
14.8235626221
14.0909814835
9.48682975769
6.39383840561
5.54812765121
5.67724084854
8.32988452911
7.04863643646
11.1901044846
11.9424304962
10.057639122
11.2666788101
9.72171974182
5.78921413422
7.28980541229
6.73486280441
11.0619850159
12.3577518463
15.8888864517
19.9405632019
21.5201206207
26.3142108917
27.1241054535
24.1870326996
22.7319850922
17.2192840576
15.7659673691
11.9583778381
11.8162145615
9.70579433441
10.1955537796
11.1268262863
11.5243520737
15.4350137711
14.8751420975
17.785030365
13.6378631592
8.61464500427
12.8192043304
15.393737793
11.7079296112
11.1377277374
15.8265838623
16.1592597961
12.5671787262
16.6145992279
19.3023605347
17.5982685089
18.5745925903
16.1243114471
19.7536945343
19.6927604675
19.9098892212
15.8380861282
18.5497665405
21.7657814026
24.7621746063
23.7873191833
26.8882904053
27.6401920319
30.2340946198
28.8407287598
26.4986476898
30.4331207275
34.0069694519
29.8688087463
30.1101474762
35.7582015991
35.4119338989
32.2877731323
35.2715835571
39.3545188904
36.7577590942
32.7066497803
31.4290275574
27.3769035339
30.3347244263
30.6927318573
26.6911220551
25.8900527954
30.8600997925
29.5024642944
26.0060081482
28.6697921753
32.060333252
30.9838676453
28.5031166077
32.8026504517
35.1781578064
30.5701599121
30.4208583832
35.6210861206
36.1510124207
32.2153167725
34.1560211182
38.8278884888
41.2388534546
44.5448455811
44.9838981628
43.1220092773
45.9358444214
46.3150978088
44.0985183716
40.8328819275
41.9698257446
40.5495071411
36.6782073975
35.8785934448
36.6412200928
34.8438034058
32.0333480835
31.1205596924
31.5270690918
29.8496417999
26.0514183044
27.1549911499
25.811662674
22.6179218292
21.8986358643
23.9279212952
21.4007911682
26.3475112915
23.3934783936
29.3416576385
28.7380027771
29.582195282
33.6279678345
35.6211738586
35.9246635437
37.4463615417
34.3294067383
38.1449584961
39.5496902466
37.6343765259
40.7228164673
43.6023445129
42.3001251221
41.7920036316
45.9414672852
46.7265663147
44.6242179871
46.1071014404
50.2276954651
50.578125
47.6563110352
52.5385131836
54.3616867065
52.8283081055
54.4823722839
57.7772636414
58.0402450562
54.7056236267
58.3283157349
59.8057823181
58.6528129578
55.8006629944
55.0964622498
57.1968002319
53.6245117188
50.4321250916
50.5674743652
50.8449745178
46.6390914917
45.0226898193
46.1756401062
44.7983055115
41.508972168
39.7772827148
41.3827323914
37.7466049194
35.0757064819
35.4266738892
36.8001403809
32.3926353455
30.4022808075
31.1940364838
29.0481910706
25.6716556549
27.1440639496
29.2006244659
31.9930686951
33.502407074
31.5019626617
31.5003643036
36.1247787476
37.1014785767
34.3202857971
30.0050258636
33.7930030823
37.8849983215
40.2133598328
41.8210411072
37.9492073059
40.0031929016
44.0840911865
43.5803375244
40.9461860657
44.7410392761
48.3508262634
45.5683708191
44.353313446
48.6384048462
46.077003479
48.5912628174
46.3050117493
48.5147285461
45.4170761108
41.4570274353
42.117275238
44.6794509888
48.8389663696
45.7678833008
42.7345123291
47.957950592
49.091053009
43.2522010803
42.6307296753
48.4144973755
45.2644767761
45.7785072327
47.8906898499
51.7405319214
48.7118034363
47.5902633667
48.1602096558
48.0036201477
46.9063911438
42.3872795105
40.2658996582
36.1728286743
57.5122909546
57.9005851746
53.347530365
53.1670646667
57.3245391846
56.0377235413
54.9639320374
50.9146461487
55.5914344788
56.0960884094
53.9354286194
54.0709571838
56.1684150696
52.8122558594
58.1848297119
60.2973098755
65.4911651611
58.7383155823
63.3230209351
59.8428688049
62.6155776978
56.4370346069
58.613079071
55.1689109802
59.5994949341
58.1718254089
57.3575286865
59.8113861084
61.4574165344
62.2647666931
64.2469711304
63.7600746155
63.0785179138
67.0900802612
64.2940597534
59.8009567261
63.8308334351
59.9333763123
61.459438324
59.5456619263
60.1612052917
56.6489753723
65.4218673706
61.7000656128
63.6202201843
67.4292297363
61.5894927979
63.5752220154
62.5274047852
61.1844558716
56.554813385
59.2125015259
55.590007782
55.0188903809
51.5505943298
53.9964828491
54.2818450928
51.4346923828
53.8425521851
52.322101593
47.7961921692
47.8126068115
48.247505188
43.6441230774
42.5847702026
43.6665039062
46.4597702026
44.3026580811
40.9829177856
43.9105644226
42.4922142029
45.6486625671
48.319770813
47.1133499146
47.5490684509
51.7966346741
54.4485740662
52.8281135559
53.3679428101
57.5071296692
59.0492477417
57.9321708679
60.0189285278
62.2834320068
66.7376251221
67.8273239136
70.479888916
65.6182479858
63.4485206604
66.5953598022
65.508026123
61.1851272583
59.4593391418
56.7670783997
53.7547645569
54.2290267944
59.0316047668
57.7034263611
59.2844314575
56.8514480591
58.0499000549
62.5726470947
59.8927879333
56.3689422607
59.2406196594
62.4569168091
58.5557365417
55.7296257019
68.9943771362
63.8021316528
67.7193832397
69.4757843018
64.9210891724
62.9017753601
67.9968719482
67.8865737915
62.2470169067
64.0898284912
67.9557647705
63.9447174072
61.3018875122
64.7952270508
67.4808578491
64.1570205688
60.1734466553
61.6777496338
61.3018608093
64.2385787964
60.270236969
62.8029594421
65.801902771
63.2235832214
63.7772407532
58.5214614868
56.9422416687
56.8004188538
52.7290534973
52.1939086914
57.9017066956
56.8899421692
56.5690422058
52.4116134644
54.4566802979
55.4719161987
52.2125320435
49.7665214539
44.8809394836
41.3302993774
40.5141448975
37.8167076111
35.4490127563
35.2728996277
39.3590621948
40.1223716736
44.2658538818
42.5439300537
47.4289016724
48.5207328796
53.130355835
50.9299697876
55.7452049255
59.614151001
57.7496490479
62.3094749451
63.9662284851
64.5656433105
59.4665336609
60.2595024109
59.1949462891
62.3265533447
60.3531303406
63.9968490601
66.097618103
69.0276641846
70.3497467041
69.2423171997
71.3729553223
69.4547653198
67.493812561
70.4138031006
69.4374313354
68.5828399658
72.4460830688
72.6028518677
69.3380355835
69.2862243652
65.5628890991
62.0864982605
62.8230743408
65.658454895
60.609916687
64.7362594604
58.7391014099
59.8639183044
56.930229187
55.0807609558
53.4343719482
55.2440071106
57.9647827148
57.1683959961
55.6690101624
54.2353591919
53.2261276245
49.7573318481
51.5252304077
47.5393371582
44.8012542725
48.5186958313
47.5324783325
50.0398330688
49.5235519409
50.9660873413
54.7208023071
51.6329803467
54.171787262
52.3756637573
49.3180809021
52.6653137207
53.3330001831
55.0991096497
53.0173797607
49.2669448853
49.0654258728
50.7948722839
46.7762413025
44.3850746155
47.7015762329
45.4984436035
40.6737174988
40.3863296509
43.5211334229
40.2039604187
37.0962944031
40.6850128174
40.9936752319
34.7495269775
35.9151000977
39.1274299622
35.2980384827
31.2898540497
29.8036365509
33.6122093201
30.661447525
26.7999668121
28.5714855194
29.9644966125
25.1644458771
22.7405815125
27.4085674286
27.1247386932
21.5712089539
23.8825721741
27.5175418854
31.0866336823
30.8557662964
26.5278663635
30.7785015106
28.8775196075
24.254447937
25.5972251892
29.4615001678
24.8255729675
21.523733139
24.2269592285
26.4285545349
20.0341072083
20.6259708405
26.100151062
25.0476398468
20.5291061401
20.1421089172
24.7361011505
24.356136322
29.3078517914
30.388130188
30.1987953186
33.9528884888
30.4900398254
27.607793808
26.7464675903
25.1894550323
28.1557693481
27.9447460175
23.5627479553
25.7424755096
21.3243179321
22.693813324
21.6725120544
16.8315505981
13.9827213287
11.8039903641
8.32988643646
5.58913135529
5.54895830154
8.01279830933
6.33818769455
7.05136013031
7.84107065201
9.03873634338
8.29646968842
12.2560148239
13.0700244904
16.9787635803
19.2392921448
22.6301078796
26.8548183441
28.0619525909
32.4478988647
33.3321990967
30.7664070129
28.5643825531
23.0794620514
21.1168346405
16.9949169159
15.885216713
12.2684526443
12.8517446518
11.3610086441
12.8554477692
15.5620422363
14.085817337
18.6091403961
16.3413581848
11.5483961105
14.5816698074
18.946685791
16.8384151459
15.3530187607
20.1402282715
21.4967861176
19.0407123566
21.9865970612
25.24376297
24.3446617126
25.821844101
23.7869434357
27.5104370117
27.1658802032
27.1472053528
22.5350208282
24.6714992523
28.1549530029
30.5334587097
29.7955932617
33.1650543213
33.6935653687
36.0309638977
34.348400116
31.6168212891
35.5707321167
38.9832649231
33.8949127197
34.2612800598
39.9750022888
39.2439346313
35.5008773804
38.5144500732
42.7141914368
40.7952461243
36.6346206665
36.0699501038
32.1780776978
35.0618515015
34.5923538208
30.1900520325
30.167339325
34.3616485596
31.7697544098
28.5841846466
31.3185062408
34.3819770813
32.4165840149
29.8867702484
34.3204574585
36.0757331848
30.6830940247
30.5972518921
36.0923118591
35.7158317566
31.2610969543
33.675567627
38.3607368469
40.1854324341
43.3719825745
43.5485229492
42.219367981
45.5222663879
46.6469116211
44.4660148621
40.786693573
42.0449829102
41.5228042603
37.1203422546
36.1524467468
38.0927467346
36.3521614075
32.3841705322
32.3319358826
33.7356071472
31.5936393738
27.7734642029
29.6579666138
28.8950176239
25.2650413513
24.8210868835
27.8613300323
25.9153194427
30.5852069855
27.861913681
33.2088508606
33.0576095581
33.2952651978
37.1505393982
39.7969779968
39.2451477051
40.4055023193
36.6922340393
40.2711372375
41.585773468
39.044757843
41.9442176819
45.195514679
43.4413337708
42.0594444275
46.5658721924
47.6198348999
44.6632232666
45.800201416
50.1463012695
50.3456001282
46.7934646606
51.7591094971
53.9633979797
51.6463165283
53.0425720215
56.5655441284
56.5777511597
52.7649459839
56.4808158875
58.6355857849
57.5431365967
54.3535461426
53.7795181274
56.6113243103
52.9453964233
49.1973648071
49.9817733765
50.7778511047
46.0814628601
44.3854293823
46.6102142334
45.1503868103
41.1387367249
39.9270324707
42.3391189575
38.467666626
35.4837265015
36.6967849731
38.7614364624
33.5635108948
31.4054603577
33.5619392395
31.4676132202
28.7592449188
30.1493606567
32.8442306519
35.0170059204
37.3174629211
35.8339042664
35.0125198364
39.2592468262
40.970916748
38.6311988831
34.2574386597
36.6430282593
40.4548606873
42.8873214722
44.0823326111
39.6380882263
41.802734375
45.8306655884
44.6724281311
41.6856803894
45.8391036987
49.4046554565
45.6521759033
44.2347488403
49.1728630066
47.0078353882
49.9368400574
48.3030014038
50.5760269165
47.0588607788
43.489151001
44.771194458
47.8613624573
52.324382782
49.5983924866
46.1171684265
50.8931694031
52.7471847534
47.1232452393
45.9090614319
51.5348358154
48.4144210815
48.3435440063
50.2762565613
54.0937004089
51.0719184875
49.348777771
49.2982025146
48.6084098816
47.3450775146
43.8116722107
40.972946167
37.939994812
43.9100227356
46.1904525757
40.5917701721
39.6969871521
46.8480415344
42.1709823608
44.2285385132
39.6942024231
42.1928901672
43.8943634033
43.106388092
42.2570533752
44.4129524231
39.0546913147
42.2756080627
44.3532371521
49.9656791687
40.2061576843
45.0639610291
40.539894104
43.8695144653
37.7538261414
39.0028266907
36.6477584839
38.7431755066
39.6275596619
38.9030952454
41.8719596863
40.8711509705
40.9398956299
45.5113983154
43.5774993896
44.8876228333
46.9368667603
46.1595649719
42.7099113464
42.3930702209
39.7974357605
43.2455940247
39.3694801331
41.2654457092
40.0235710144
47.274356842
43.7395820618
44.5490074158
47.4014320374
40.4504013062
45.0915107727
44.222442627
42.4288253784
39.1344261169
39.2532997131
36.2400245667
34.9301109314
33.2957496643
35.9429473877
32.9560012817
31.3026485443
34.0957260132
32.2961959839
27.7877597809
30.1625976562
28.331363678
23.5064277649
23.5644817352
23.4186115265
24.9836006165
23.8951377869
20.4018707275
24.7001438141
22.3934707642
24.0633068085
27.7442913055
27.4597663879
26.9046802521
30.2118339539
33.7553520203
32.5682792664
32.1277923584
35.914390564
38.4892349243
37.0348892212
38.358253479
40.9283981323
45.3112678528
47.06640625
49.3091964722
44.2593765259
42.9473190308
46.4049224854
44.9988136292
40.4701461792
39.7677192688
36.9039764404
33.0468330383
34.3746528625
39.2807617188
36.8291244507
38.2250404358
35.1831092834
36.7902259827
40.9155502319
37.7341957092
34.4211921692
37.7595863342
40.1366271973
36.109577179
33.9945793152
47.2772064209
42.6812667847
46.8743171692
47.8373641968
43.2078132629
42.0396194458
47.0304298401
46.284362793
40.8160820007
43.5162162781
46.7136535645
42.6393051147
40.899723053
44.6635284424
46.8887023926
43.2187614441
40.1651153564
42.3489685059
42.4877281189
46.0085105896
43.0117721558
46.462600708
49.5661277771
46.6598472595
45.6530838013
40.9041061401
38.1298942566
37.1454124451
32.8205490112
31.4175357819
36.9867286682
35.2633323669
34.8155479431
30.2648487091
31.9416980743
32.9073944092
29.6639385223
27.3112926483
22.8083686829
18.8604869843
18.05676651
15.6555023193
13.3328714371
14.6106023788
18.2910194397
20.0673427582
23.6588401794
21.0194377899
25.6117134094
27.1188602448
31.1813030243
28.6937618256
34.1796340942
37.2871513367
36.0236663818
40.6314201355
42.6692352295
43.5942230225
38.6448669434
39.646938324
39.6363983154
42.6641998291
41.790309906
45.5446777344
48.2770385742
51.540851593
52.8032989502
50.7438201904
51.857963562
49.8560943604
47.3203620911
49.595790863
48.375
46.9843711853
50.6582107544
51.0395050049
47.8608016968
48.7380065918
45.0064163208
42.3064422607
43.79712677
46.538192749
42.4135169983
46.9946212769
41.9130401611
43.8800010681
41.5952949524
38.2041282654
36.0906524658
36.8008308411
38.773223877
37.2270393372
35.9368667603
33.4787330627
33.0910606384
28.9329624176
30.4647693634
26.4198379517
24.5677757263
28.9200248718
27.722574234
30.7230854034
28.9627037048
31.6845817566
34.6149635315
32.7319335938
35.7663955688
33.9369506836
31.6645946503
35.5852279663
36.5323829651
39.6236038208
36.7973327637
32.4668769836
34.134311676
37.0545845032
32.4940376282
30.0672073364
35.71251297
33.4893531799
27.8507194519
28.4430751801
34.1454467773
30.816411972
28.5689640045
33.2240333557
34.115322113
29.1326847076
31.60496521
35.6053619385
33.0420646667
29.3061084747
31.2661437988
33.8972549438
29.5564022064
27.0573577881
32.2911987305
31.7444782257
26.021944046
28.974407196
32.9331092834
30.217792511
26.4667282104
32.1589927673
32.6473083496
36.663898468
33.1160049438
28.9638595581
29.9878864288
29.6823444366
28.5623455048
24.4232196808
27.200378418
24.6047077179
21.4701061249
20.0830535889
22.7411613464
20.1880302429
16.6670322418
18.4973201752
20.9219398499
19.3603019714
14.8270139694
14.8087244034
13.8084688187
14.2440452576
18.1192169189
17.2242698669
19.8321647644
11.9825525284
11.9409675598
13.4162168503
15.7496576309
18.670583725
16.1414833069
14.1541442871
14.8082065582
16.5975017548
13.6320810318
11.0042333603
13.4784860611
14.1426296234
18.1733036041
17.2192840576
21.9373836517
23.0794696808
18.6928329468
19.7005386353
23.0677146912
20.0726718903
23.4914627075
23.3335494995
17.0707778931
14.9916038513
11.4680204391
10.568944931
6.73734760284
7.43927621841
7.0483379364
8.60158729553
12.7701196671
11.8995504379
8.83173847198
7.07062196732
7.47293806076
7.16727018356
10.4942884445
12.7778787613
15.4472208023
18.8083438873
20.4526348114
24.5385036469
27.8260955811
29.0438098907
22.6396274567
21.5918445587
25.986700058
24.9090595245
20.2758960724
23.5689506531
26.0815563202
23.1588535309
20.5653648376
26.3485546112
27.1392269135
23.0382900238
22.3877468109
18.1814651489
19.3517532349
20.8278522491
19.8534259796
18.5790481567
20.1985721588
24.4291152954
28.1301727295
23.6471271515
24.3109798431
23.062412262
26.9948539734
27.8648357391
24.6803035736
26.6305904388
31.8557624817
30.1164493561
28.0842285156
32.7876586914
34.6710968018
32.1882209778
32.7883110046
36.5388069153
32.079574585
29.0257549286
26.1571559906
22.2275352478
22.4877109528
24.7878913879
22.9891414642
17.7816028595
23.3432121277
25.4306049347
21.3683509827
21.424779892
24.971031189
26.3745136261
23.0708808899
25.4235210419
29.773443222
27.0679569244
25.4824295044
29.1369743347
32.261302948
29.3022632599
28.8122310638
32.9521255493
35.8275871277
39.2151527405
39.5070838928
36.4762039185
37.7608680725
37.0212516785
34.4748840332
32.4951019287
33.9358139038
30.5496387482
27.8476867676
28.1804256439
27.1821460724
24.631483078
24.4418182373
23.1584377289
21.3990020752
19.9383335114
18.4293842316
18.5014801025
15.2660617828
13.6992406845
15.1275081635
14.0319356918
9.33674240112
13.4395980835
8.91618347168
14.4590387344
13.1494503021
14.9932527542
18.7989807129
20.1770458221
21.7470703125
23.3354682922
21.4936008453
25.7162857056
26.6285896301
26.0258178711
29.455039978
31.1956977844
30.6237506866
31.884552002
35.0410881042
35.1402359009
34.7811737061
36.8910293579
40.1837120056
40.7684135437
39.3183822632
43.6960716248
44.6051597595
44.7054786682
46.7527770996
49.3943710327
50.1379508972
48.0017700195
51.2089347839
51.6012649536
50.1545410156
48.1196479797
47.4267349243
47.8748474121
44.5408439636
42.7698402405
41.8631668091
40.8633499146
37.8336410522
36.7107505798
35.7759590149
34.4166107178
32.8584823608
30.5656890869
30.3579216003
27.3954238892
25.843170166
24.6922187805
24.2890739441
21.9816074371
20.9694843292
18.9506568909
16.8367805481
12.9362668991
14.6746482849
15.6591100693
19.5626907349
20.0682449341
18.2733631134
19.9375343323
23.9818305969
24.4238891602
22.2891654968
19.3294773102
24.2098369598
29.3991069794
30.4388561249
33.6191864014
30.272277832
30.7958068848
34.9097824097
35.8098831177
32.9417915344
35.752571106
39.8307342529
38.9295921326
37.4846382141
39.8274230957
36.5290489197
37.9504089355
35.1969413757
36.5115699768
33.8709716797
30.1766681671
30.4251861572
31.1806259155
34.8564834595
31.8417263031
29.6630420685
35.3518218994
35.9439544678
30.813325882
31.1168365479
37.0511474609
35.0999832153
35.9273490906
37.4309959412
41.8304176331
39.9017181396
39.2082138062
40.9476699829
41.1457672119
41.1800422668
35.8185386658
35.8053894043
30.7015075684
71.6348342896
65.2542877197
69.4847259521
66.0420913696
68.1857223511
73.4741668701
75.3386230469
74.1755752563
79.6171188354
77.8898773193
80.6413040161
77.6754455566
82.2433776855
80.8689346313
81.8389129639
82.9728851318
80.6138305664
81.5688171387
80.4290084839
81.0482254028
81.6700210571
75.845703125
78.6213760376
78.6940765381
80.7343673706
74.2630004883
78.3701095581
79.3835601807
82.953086853
78.5205688477
80.3173675537
78.7616653442
79.6307525635
82.0553283691
79.5993347168
80.701713562
83.2111434937
84.516708374
87.3386230469
91.0777740479
89.2672271729
82.8475646973
89.5254135132
88.2610015869
90.2924118042
90.6238632202
86.6783447266
87.8833007812
86.4982528687
88.3074188232
82.7561416626
83.288520813
84.0188446045
81.7889938354
78.9466171265
79.4876098633
77.7288970947
78.8892440796
72.5721817017
75.6858139038
71.9878692627
77.7395324707
71.1283798218
71.9564056396
71.2976455688
72.6587982178
78.3406906128
79.2135696411
79.3589172363
85.3703918457
84.2350921631
81.1885757446
84.3916931152
88.5897750854
87.0370559692
85.6086730957
90.4783477783
92.0531082153
89.3123168945
89.2952270508
95.1833877563
93.9377822876
92.0666656494
94.5406036377
97.56275177
101.365646362
100.860038757
95.8979797363
98.6768798828
101.249565125
97.6764984131
94.10206604
95.9289321899
92.1320419312
87.3992385864
88.2447814941
91.6335983276
87.5917510986
84.7312774658
83.1496124268
80.1190948486
81.1577758789
81.0031051636
76.5573654175
75.6766891479
77.1489257812
75.9683227539
71.5111083984
69.6779327393
64.3959350586
65.1072463989
71.1174468994
69.5491714478
64.8121795654
68.546257019
72.8556518555
70.1863098145
67.881149292
74.4593505859
74.5987472534
70.6002120972
71.4510040283
76.9546356201
78.2208023071
73.5743179321
72.6905288696
76.8621368408
78.8196334839
78.3779144287
80.0381469727
78.8893432617
74.8703231812
73.4145278931
72.8813400269
69.17603302
73.8505859375
71.6073455811
73.005065918
74.6111450195
74.6012191772
79.6249542236
76.7320480347
78.1502380371
81.4488372803
80.9716567993
80.487991333
79.7586212158
75.6272201538
75.3512954712
72.6744308472
74.9127655029
78.6600494385
80.3591995239
83.6706619263
84.9041900635
80.8505859375
82.8490066528
85.2886581421
85.8502731323
81.7761459351
87.1750106812
84.9926528931
85.0811386108
88.8976898193
89.3516540527
92.6777267456
89.4634017944
87.3962478638
88.5162734985
87.4795150757
86.1026992798
87.1642608643
87.911781311
93.0039596558
89.8251800537
88.2673416138
87.6424636841
89.6775360107
87.2334213257
88.8433685303
90.1527557373
88.9294662476
91.3994522095
94.8053512573
92.8999328613
95.6870574951
89.8583221436
93.0811386108
92.8179321289
92.2246627808
90.4111022949
91.2504882812
88.5857315063
87.3948440552
87.36693573
84.0592498779
79.810508728
83.570350647
80.9223251343
82.7923965454
85.1374816895
83.3280715942
87.4693908691
84.4134140015
86.9492416382
84.4577789307
84.0888671875
87.0677871704
84.2313842773
84.5393218994
80.7801055908
81.0325546265
78.5421905518
76.6284790039
74.3425521851
69.3085708618
68.1057052612
67.2462768555
70.6348953247
74.403427124
75.372253418
72.3948440552
69.6992797852
72.9442825317
73.966003418
68.3434295654
68.7892913818
73.4763336182
69.8732299805
66.3719406128
69.4040145874
72.4952545166
69.1492080688
66.5591201782
73.3280410767
71.4104995728
67.1653213501
71.0609817505
73.4791488647
70.8075714111
71.0302658081
76.4617385864
75.7327651978
71.2571640015
75.7938690186
80.2868804932
75.8936157227
75.7657928467
81.5127487183
82.512840271
78.8247909546
83.1444702148
87.1174316406
92.2169647217
90.7575759888
88.7423858643
89.9543075562
86.1025619507
84.9396209717
84.6785583496
83.4831314087
79.7203369141
78.5036315918
77.8641662598
76.5746841431
72.8197860718
74.2845153809
73.3091888428
70.2337493896
67.7762145996
68.843536377
68.1404876709
71.7665939331
71.9887237549
77.0173416138
79.1982498169
81.3756027222
77.62550354
77.3201446533
76.8162612915
77.3342437744
80.9150009155
81.005859375
79.0289459229
82.1244125366
82.711807251
81.1699523926
77.8436660767
77.4536209106
76.8070755005
78.0364456177
74.3445205688
75.0813674927
71.3934707642
68.8819046021
64.6142120361
65.8903961182
66.4747161865
69.4012908936
74.1103668213
71.0834884644
72.8924560547
72.1134033203
72.0594482422
72.7964935303
73.3338317871
73.7919540405
72.7984695435
71.9796447754
71.1415557861
72.3290786743
68.3983612061
68.7870941162
68.7260284424
67.739906311
67.1212234497
66.1793289185
68.8640060425
67.9234313965
72.0010223389
72.8653488159
77.529876709
80.7270355225
77.1801681519
77.30027771
81.089553833
82.1875228882
80.149055481
82.885055542
86.1190567017
84.4034118652
84.0485229492
89.4935531616
91.9232406616
88.593421936
89.4870986938
85.4897766113
87.4315795898
88.1133651733
85.9124221802
82.615737915
82.5642623901
88.5699005127
90.826751709
85.2571792603
85.8653640747
82.6502456665
85.6390762329
86.7189178467
81.5604782104
81.709602356
86.7304916382
83.0620803833
79.6982192993
82.5489654541
84.8270111084
80.4750976562
77.909866333
80.7459640503
78.8221893311
77.4377975464
77.4548110962
75.7763061523
73.0743865967
72.0541687012
71.4746627808
68.4733886719
67.1939926147
66.2408905029
65.2105255127
62.2086143494
61.5415916443
61.0951576233
58.5063095093
56.0648117065
57.0812683105
55.8498764038
52.8997383118
51.3090782166
52.1826515198
51.0891265869
47.5064125061
45.7882194519
42.0917167664
41.1332550049
37.5841140747
38.3847236633
36.7595710754
40.6929740906
39.949344635
40.8748168945
43.0882987976
45.192199707
44.4988098145
46.4077072144
50.9765739441
49.6596908569
47.7744903564
52.7097511292
54.9315376282
52.3192214966
56.2627983093
58.9161338806
59.3162612915
58.9731521606
62.6014518738
64.1438751221
64.5328979492
62.8323440552
62.6289634705
58.4379196167
60.5824584961
58.11460495
56.0646324158
59.8056602478
55.9327392578
52.9886665344
51.2783622742
50.1763534546
47.5724906921
45.7464408875
44.9260025024
44.4725379944
41.9163208008
39.3079490662
38.8788604736
38.7763671875
35.9205131531
34.5599937439
32.5065803528
30.9514579773
30.7149848938
28.3322429657
28.0355453491
25.1624412537
23.3733158112
22.2458095551
20.0772609711
21.0571155548
19.4196968079
23.237695694
22.1860656738
22.2836074829
24.9674339294
26.5668010712
27.0473747253
27.4889240265
31.1684074402
32.0113067627
32.1616134644
33.735786438
37.4765777588
36.9846611023
36.5720748901
40.1133003235
41.8549919128
42.6245155334
43.6702575684
46.6078224182
47.9896087646
47.5914001465
48.689666748
52.3866043091
53.3867607117
57.0213394165
56.557434082
58.7209625244
56.2590560913
59.9297409058
63.3819274902
60.7867355347
57.5532226562
62.0186462402
65.5999526978
66.1761932373
60.3895835876
61.8192176819
60.1163749695
61.4412269592
57.3919258118
54.6494903564
55.0711250305
53.5763702393
49.3538894653
49.8004379272
51.7225036621
48.6183128357
45.5849914551
45.095035553
46.278465271
46.8501777649
51.7273254395
49.7147445679
46.5667381287
51.0933303833
55.4318656921
55.7702903748
57.9929504395
60.659992218
58.3683242798
56.4282913208
61.9929885864
63.9422798157
61.2517356873
62.0041236877
64.4577178955
60.642829895
57.8608665466
60.6240882874
63.0257301331
58.6564674377
57.1920433044
53.4035110474
55.6638832092
59.6922912598
59.8007049561
62.911567688
38.285243988
36.0771751404
35.7487831116
32.3533668518
38.8305778503
40.1823234558
42.7073822021
39.8655662537
43.7578697205
43.2625083923
46.7168769836
43.7399559021
47.6581954956
43.5741615295
44.5006256104
46.7871704102
47.8424987793
43.8192176819
43.6185188293
42.9404907227
44.7443885803
37.4602127075
40.215877533
40.4964103699
41.767578125
39.9277801514
41.7090454102
44.5435829163
46.0402069092
41.8074264526
47.9310874939
45.5603027344
47.0858612061
48.7636375427
48.1271438599
47.5096969604
47.9128684998
48.2577095032
52.786857605
53.8175239563
52.926612854
49.0007858276
56.3202705383
53.5655632019
54.3701095581
54.9512405396
48.7827377319
52.6274337769
51.1885223389
51.7799797058
47.2911911011
46.6184082031
45.754486084
43.7672042847
42.4394798279
43.5019111633
39.7717590332
41.7582244873
37.6006660461
38.458114624
35.0748252869
41.1707344055
34.6028900146
33.6826629639
35.123249054
35.5516357422
39.6217155457
40.9892234802
40.187953949
46.2087783813
44.0933380127
41.2223052979
45.4296875
48.5109367371
46.448223114
45.806350708
50.9576416016
51.5007667542
48.7020606995
49.9900550842
55.3956604004
53.4029159546
51.9850921631
55.1377105713
58.5344429016
62.0760231018
62.5000915527
57.4043464661
59.1924247742
62.5027198792
59.7430419922
55.6386642456
57.352191925
53.9406280518
48.9313621521
50.6824913025
54.639629364
50.2131385803
48.6277732849
45.8031005859
44.62474823
46.3910331726
44.4361724854
40.2252044678
41.240447998
41.9413299561
39.3412780762
36.0136184692
38.0061302185
31.6149806976
34.0837249756
38.6230545044
35.2836723328
30.9270553589
36.0947761536
38.7345542908
34.1858978271
33.554107666
39.8248443604
38.1307945251
34.2533950806
36.5885391235
41.5722618103
41.0197792053
36.2867698669
36.5481491089
39.9264144897
42.8888244629
41.6997680664
44.4929618835
44.9573631287
40.7354316711
38.7745780945
36.5297431946
32.1507530212
35.4759063721
32.2091598511
32.9871063232
35.9850769043
35.5373458862
39.6376113892
36.2162780762
38.0724754333
41.3422431946
40.5579376221
40.118434906
38.5589599609
34.8817481995
34.1073913574
31.2471179962
34.1385269165
38.2820281982
39.1921730042
42.6869087219
43.5994682312
40.2078895569
42.2675933838
44.2828559875
45.1656303406
40.8328208923
46.2600021362
45.1844863892
44.6433258057
48.8952827454
49.6488685608
52.5830497742
48.8115310669
47.2476348877
48.2450561523
48.147693634
46.9895935059
48.9466552734
50.5410423279
55.4587173462
53.6091308594
51.5203933716
51.3273239136
52.0620040894
49.3199043274
51.281162262
51.8732223511
50.5658416748
53.688079834
56.3491477966
53.9248085022
56.237575531
50.6229820251
52.602016449
52.7840423584
53.0193405151
50.6714363098
52.6565933228
49.3861732483
49.2374801636
48.7570571899
44.8080177307
40.6666526794
43.6844673157
41.861946106
42.8882598877
44.5965042114
42.5004119873
46.1422348022
42.9053611755
45.5521011353
42.9484519958
42.3962860107
45.4050216675
42.6331062317
43.2627410889
39.5337562561
40.31300354
38.6493759155
36.7718467712
35.7321014404
30.8342208862
29.3167686462
30.0499229431
33.3521270752
37.9481544495
37.5533409119
33.6405830383
32.4747619629
36.5919914246
35.8753509521
30.3503322601
33.5588417053
36.6167221069
31.8296890259
29.2186985016
34.6818199158
36.1767501831
33.1892814636
33.0054664612
38.8095054626
36.4105644226
34.3372650146
39.0245513916
40.4615707397
37.3946228027
39.5027961731
43.8955879211
41.5797386169
37.9223670959
44.1227035522
46.5932350159
41.4933547974
43.8637046814
49.0509300232
48.2921562195
45.0924415588
50.8522567749
53.020652771
58.0457305908
55.0737915039
52.7866592407
52.9650421143
50.2837562561
50.1960678101
47.7744255066
46.8348960876
43.9517250061
42.5644798279
40.710735321
40.0414581299
37.7482147217
37.4961128235
35.5916404724
34.3571548462
33.0895042419
32.3034744263
30.111541748
33.29479599
32.0091819763
37.447101593
39.2810287476
40.937828064
37.03515625
37.3312454224
37.2290763855
38.6445999146
41.8275222778
41.4117927551
40.4058990479
43.0877914429
45.2010040283
43.1521453857
39.5909194946
40.8732452393
41.5157432556
43.821308136
41.3827285767
43.9640426636
42.3391265869
38.3098526001
35.488155365
38.0076637268
36.434967041
39.9583930969
43.0646820068
38.2865142822
38.1804122925
36.9735603333
35.2931137085
35.355922699
34.5075912476
34.008769989
32.4689903259
30.9315433502
29.8891601562
31.7089881897
28.0083847046
30.3579273224
30.5342121124
31.4906711578
31.2243041992
32.3740119934
34.7457351685
35.6807403564
39.1724205017
41.1665267944
46.8814201355
48.7825622559
43.3758773804
44.2177276611
48.5263023376
47.7646369934
44.8337974548
48.8386116028
51.2566604614
48.2681541443
47.9459381104
53.9438819885
55.4693756104
51.388961792
52.0035820007
47.8457450867
48.8819351196
49.6022949219
47.1122169495
44.9894981384
44.7504043579
50.4574050903
53.0302772522
46.7687225342
46.550201416
43.1352310181
46.5138092041
48.2899932861
43.4480743408
43.1731376648
48.7035903931
46.5258407593
42.6537857056
45.5415611267
48.654499054
45.1358833313
42.4254760742
45.4823646545
41.8694725037
40.4858818054
39.1821670532
37.2479324341
33.9605445862
34.3809700012
34.5615844727
29.5784683228
29.3489761353
30.9309406281
28.8602867126
24.9320316315
25.2267303467
26.9177112579
23.3707237244
20.4404773712
24.5113353729
24.0370845795
20.0590724945
18.7327747345
23.4682674408
22.1969470978
16.9728927612
17.3463439941
17.562461853
19.7418766022
18.0358753204
14.0965089798
11.7433042526
11.8681659698
7.91778802872
9.33459949493
13.003241539
9.17003726959
8.65843677521
12.5325260162
14.2926168442
10.9181480408
12.7775764465
16.2609043121
16.0909042358
13.479432106
19.1500778198
20.802022934
19.991312027
20.9301261902
25.0647544861
24.8947620392
25.0118408203
22.3333778381
22.6808624268
17.7517757416
20.6314659119
19.2802906036
16.8770294189
21.8736457825
19.8938941956
16.3592185974
14.6319026947
17.3904666901
12.2485370636
11.1515607834
15.419752121
13.7309417725
8.65677928925
11.9432649612
14.1624307632
11.0431194305
10.1736650467
14.6578779221
15.0435562134
13.1713314056
15.0824832916
18.8969192505
16.9701328278
17.5656852722
20.9310283661
22.7806472778
22.4586582184
21.9901866913
25.8076572418
22.3059120178
20.8968009949
19.8774852753
18.9246807098
18.0352077484
15.5073633194
15.1201725006
12.9752893448
11.179444313
10.4069728851
9.48875427246
6.35126781464
6.19258260727
8.06095218658
5.42500257492
5.62642383575
7.55864953995
6.83797454834
7.99096679688
11.1070699692
11.4593458176
11.9876842499
15.0443239212
18.3322296143
16.5734367371
17.7264480591
15.5310840607
18.8679904938
22.4243278503
20.8025169373
17.676071167
22.0121765137
25.437833786
26.4408378601
22.3397331238
25.8493537903
23.8994960785
27.355047226
23.1356868744
19.7334384918
22.2462348938
22.8370761871
17.4740047455
18.6842060089
23.3423862457
22.4774742126
19.1744670868
18.3798713684
15.6974105835
16.1518611908
17.8366603851
16.2058067322
11.4350767136
13.9488897324
18.1509628296
17.6536922455
21.4141387939
22.4277629852
19.7588748932
20.9942588806
25.746011734
25.7727298737
24.0149669647
27.2684211731
29.1172237396
26.6662654877
24.812582016
29.6830921173
31.115447998
27.961353302
28.8683815002
26.8634567261
29.2961997986
28.362039566
29.9921760559
29.2743091583
19.2010211945
18.5829944611
17.7480831146
14.9134531021
21.742351532
22.9340763092
27.3623828888
25.4540672302
26.0248622894
27.72914505
31.9665660858
29.4256629944
32.0501670837
27.2238903046
27.4167060852
29.1442337036
30.316822052
27.6457195282
27.0874176025
27.0903015137
29.3701267242
25.8916854858
26.7223529816
29.3201847076
30.473947525
32.1286468506
33.9017181396
38.3437194824
40.1019897461
37.0873260498
44.3806266785
43.1383209229
46.0449371338
48.0449981689
48.6495132446
47.6789588928
47.9297866821
48.2312698364
53.5891647339
53.6173248291
54.1695022583
53.2278327942
57.1651229858
54.5031852722
51.9776077271
50.9813957214
45.6429634094
47.9290008545
46.5883331299
46.5176620483
45.0170173645
44.3316307068
41.0024757385
39.6664466858
42.8110809326
41.4946594238
36.1319007874
41.0114784241
37.1875495911
36.7370452881
36.0013504028
43.0758743286
36.4673309326
35.4693984985
38.8889884949
37.0900688171
41.3387565613
44.0866889954
42.4694290161
47.5382652283
43.7876319885
40.6762580872
46.0860671997
47.3220748901
43.8711662292
43.5408782959
48.9331207275
47.7068405151
44.0368690491
46.7998275757
51.6445198059
47.6855659485
45.8297271729
50.5045509338
53.2367477417
56.8782577515
57.8712615967
53.5516166687
54.9737472534
59.2297134399
57.693813324
53.6692390442
56.2065544128
53.893611908
48.9285507202
52.115146637
55.7279319763
50.5997695923
49.9608001709
45.8989219666
46.7799568176
47.4158630371
43.8203926086
41.3539581299
43.5970726013
40.9365615845
38.1468772888
38.1429252625
32.6213645935
26.8287639618
26.8847885132
29.95287323
27.3501110077
22.6660385132
25.4223384857
27.6479568481
23.2080593109
20.8531589508
26.3208236694
24.5034236908
19.1669979095
20.6817264557
25.4173278809
25.6600666046
19.6448497772
18.6368045807
21.3413143158
23.4815483093
22.3586139679
24.5263538361
24.4711971283
20.3157501221
19.192565918
17.0707855225
14.3085021973
18.8686199188
17.3767929077
20.1703205109
21.7960739136
23.7443618774
28.0951824188
27.1922149658
30.1447048187
34.1531486511
35.1835021973
36.5913543701
34.4807090759
33.9311141968
31.8096027374
28.8337421417
34.3456382751
38.7951850891
36.7225914001
40.4911842346
39.4589233398
38.8689117432
39.561214447
39.8885231018
39.4825592041
34.4104270935
37.2377433777
36.2465820312
33.8584747314
37.4529800415
36.5663757324
39.715171814
36.6192817688
33.4780654907
33.6293869019
32.1448059082
30.104341507
31.0491085052
31.7832393646
36.8430099487
34.1652069092
32.6469421387
33.0767059326
34.4875183105
32.5203704834
35.237663269
36.7579154968
36.7121353149
39.971031189
42.7358894348
40.5742378235
41.6713523865
35.5797729492
38.7423553467
37.4737968445
36.5302200317
34.639465332
34.9992752075
32.5848426819
31.3537006378
31.7774772644
28.2701339722
24.0024452209
28.0391159058
25.2099914551
27.9322490692
30.6612243652
30.3873405457
35.0469512939
33.7935447693
37.546169281
36.4018859863
35.3634376526
36.2228851318
32.963684082
31.5224132538
28.6114139557
26.9322052002
24.0045280457
21.537437439
18.4186916351
13.709774971
12.7153406143
11.1213436127
14.4921970367
18.8596782684
19.5542392731
17.1374530792
15.0880222321
19.0778083801
20.410823822
15.7334508896
17.7087116241
22.0193862915
19.8453388214
17.7527389526
21.8963813782
24.8552703857
24.0116863251
22.8222904205
27.9294700623
28.8567504883
27.4884815216
30.5026435852
33.4588928223
32.4441795349
36.1399269104
38.0472640991
36.3851470947
35.340587616
41.0608482361
42.1122512817
38.9227371216
43.2556800842
46.3709220886
45.0775718689
44.3422355652
49.9515991211
50.356098175
54.8621635437
51.123500824
50.5595664978
48.7269287109
46.2992324829
48.5230445862
45.2469749451
42.0609436035
41.229347229
41.4532852173
38.2985458374
36.4119911194
37.7711715698
37.2890205383
32.5287284851
32.2470626831
34.1238594055
33.5515327454
29.2882652283
32.064163208
28.7520198822
32.4229698181
34.9674949646
34.9402503967
35.5790557861
35.9542160034
35.1810073853
36.5144309998
38.2074165344
38.8598327637
39.9100036621
43.0101356506
46.590877533
45.3593292236
41.4737434387
43.884059906
46.5368804932
48.3384780884
47.957950592
50.6082572937
50.8931808472
47.2536239624
45.9655609131
47.5487785339
44.8288345337
46.7222328186
48.2248573303
44.4270515442
42.488910675
42.8665122986
38.6084709167
39.9073524475
36.392036438
35.6350402832
32.221496582
27.8845691681
28.2584114075
32.4884986877
29.8386669159
35.3518218994
33.5039710999
38.1308631897
36.4641685486
39.8810195923
39.4906387329
41.1566925049
42.7535896301
43.7380981445
50.2284851074
50.0050392151
44.8405532837
47.9417724609
51.2909927368
48.2776451111
46.3648719788
51.5872154236
52.0150794983
47.9812355042
49.6529541016
55.3076972961
56.0418357849
51.732711792
53.3435096741
49.7215576172
49.5394668579
49.1355018616
45.4241676331
44.5471458435
42.8001937866
47.8278160095
49.3570861816
42.3520050049
40.6314086914
36.4374351501
38.7478103638
41.4855690002
37.302696228
34.9160232544
39.463924408
39.4542732239
34.94323349
35.1967658997
39.3200645447
37.3321037292
32.7810554504
34.1175956726
30.5761184692
31.3328876495
30.2060489655
30.5294208527
25.6850776672
26.2657661438
29.2360897064
25.3447418213
22.032541275
25.8887443542
26.0797729492
21.6572570801
19.8571643829
23.548242569
23.2488555908
18.6947746277
21.0403404236
25.2829914093
23.9238853455
19.6915950775
24.4166564941
27.0633277893
23.9088363647
22.0128364563
24.4153747559
24.9955253601
26.6133098602
24.1424503326
22.3218097687
17.5459384918
19.0031223297
20.8592205048
18.9458217621
15.824016571
20.5527477264
20.2811336517
15.0683488846
17.2117729187
23.0644321442
20.1044616699
17.5961589813
21.2922286987
23.5668697357
21.5630455017
22.4535636902
26.1545181274
26.7810440063
24.5730400085
27.3946914673
22.6249370575
27.2822875977
24.1527175903
27.6378803253
28.9601612091
26.5978870392
30.4103412628
31.79429245
28.8778438568
29.0355930328
33.0508613586
27.9305057526
28.8022136688
33.4910011292
30.585193634
27.1694278717
31.9951515198
33.1130714417
28.9057884216
30.2882575989
34.8121681213
33.9200668335
31.2101478577
34.9603385925
37.9681854248
34.1504936218
35.4091339111
39.4384536743
40.3921394348
39.006855011
39.5826721191
43.9363594055
33.4790115356
34.7420463562
35.2343177795
32.1499824524
30.4807415009
31.3700428009
31.3611831665
26.2793674469
26.577627182
29.143201828
26.8345470428
21.7040481567
25.2940120697
28.0058422089
23.2040252686
20.9942569733
25.114944458
25.2247276306
20.6522960663
22.205739975
27.5894298553
25.1238956451
21.6746921539
27.3425178528
28.1411533356
23.5173931122
20.4177951813
17.1354598999
15.5442256927
18.0070457458
16.8487281799
12.3883523941
12.4180746078
16.5108108521
20.4371509552
15.8613853455
15.5194063187
11.7795324326
15.1253252029
16.0037212372
12.3371753693
11.376709938
15.067940712
15.8355932236
12.8036375046
14.1818227768
19.1404781342
19.4173488617
15.4892263412
13.1190519333
10.7820148468
7.11272001266
7.37529420853
11.1459255219
9.6897354126
7.19895124435
6.13631772995
6.35076618195
7.15947294235
6.6600022316
6.54443979263
9.34848499298
8.4549369812
7.99687671661
12.1421823502
10.6988925934
8.31313800812
12.2661590576
14.9093446732
14.3945608139
17.6524085999
18.5800952911
21.2521209717
18.4533939362
22.9964962006
21.5546092987
