45.6895523071
55.0766105652
37.9666786194
44.9046669006
37.7577056885
50.816078186
46.8221702576
56.2160720825
52.9774475098
34.368473053
28.2075996399
24.2236785889
35.4342193604
35.8457298279
51.2993469238
33.3591079712
30.2081947327
49.6456985474
32.3708877563
29.5200157166
51.4661483765
57.9962272644
40.5766029358
53.7042427063
53.5460319519
29.1953010559
44.4083976746
30.8177528381
32.0408477783
54.6093902588
52.1669921875
49.7917671204
53.4139251709
53.1930046082
48.3204460144
51.7406196594
54.6054153442
50.9057693481
52.7374763489
51.3201179504
52.7624359131
32.2435455322
34.3830680847
35.9321136475
40.8209114075
40.7335777283
38.1200790405
36.8760452271
38.4139976501
40.6387710571
65.46824646
64.2162857056
68.3416900635
69.6306381226
68.4859619141
68.2019119263
73.0876312256
73.8718109131
73.1253509521
75.7967529297
78.0779037476
77.9691314697
73.498336792
73.7191162109
70.5259552002
70.945854187
71.0043029785
67.4524765015
65.4513320923
66.637336731
64.85521698
61.3350257874
61.7202796936
62.977897644
59.794303894
55.527053833
92.5082244873
53.8829574585
85.0131225586
80.8404159546
85.9013366699
87.7143707275
75.4959259033
63.0789413452
53.7215118408
69.5131378174
62.6387519836
81.0178222656
51.042552948
93.2608947754
68.3483352661
75.0555877686
95.5900344849
69.5832061768
69.4248123169
92.5294418335
92.2771453857
71.292175293
86.7667236328
67.1246261597
68.8555145264
75.4171218872
66.6474914551
69.2017288208
32.774433136
32.593006134
34.7913627625
37.7116317749
37.5721969604
36.9743080139
41.715133667
43.0242156982
42.3274765015
45.9239082336
50.585231781
49.03074646
43.777721405
38.9779586792
35.4603652954
34.9884490967
30.7272510529
30.519487381
33.6747207642
35.1137733459
37.8330993652
84.5938568115
86.5634689331
88.9375228882
89.616607666
91.3313064575
92.4841384888
94.4606552124
95.6066894531
97.7424240112
99.6364440918
100.445320129
101.945037842
100.54132843
100.402664185
98.5719451904
95.709312439
96.1522674561
96.1986999512
92.8165359497
90.6680374146
91.1148605347
89.4492034912
86.4525527954
85.2867660522
86.1621398926
45.9008712769
83.421661377
45.1941757202
76.743057251
74.0096664429
77.2675323486
79.6431274414
64.9974822998
52.3153076172
45.5210762024
63.3562660217
56.5293884277
74.0657119751
43.2453117371
84.7305145264
61.6733932495
68.303314209
87.7885360718
63.5423278809
62.7274169922
83.8241348267
82.9715194702
62.5687141418
77.1631240845
56.6730537415
62.2879257202
66.3137054443
62.9576721191
65.0184249878
27.2440490723
28.2734508514
28.9143695831
31.3714904785
32.7374992371
32.2229003906
35.6692352295
37.679107666
38.1784858704
42.1699180603
46.696598053
45.977355957
38.7807350159
33.2662963867
31.1945419312
29.5343723297
25.2354507446
25.9058532715
27.6206455231
27.9048709869
30.1158275604
75.5386886597
77.3426818848
79.3540802002
80.4042892456
82.2456893921
83.1503601074
85.0349578857
86.4984970093
88.5838546753
90.1725921631
91.2222976685
93.0857009888
91.6698074341
91.8761367798
90.3220901489
87.4767532349
87.4903182983
87.6777648926
84.638053894
82.0517654419
82.3325195312
81.1466064453
78.1062393188
76.6331558228
77.3326950073
47.1711158752
78.8927459717
41.7190971375
66.8141403198
62.9264793396
73.3162841797
71.9393081665
69.524597168
58.3953742981
39.9144287109
50.3512763977
41.5832481384
59.1544151306
42.3387985229
77.068397522
52.9750900269
54.0271492004
75.1733551025
53.1310157776
48.0581321716
75.3474121094
80.5787582397
56.1006240845
74.4292449951
63.3365097046
50.4708442688
61.1776504517
39.4672470093
42.804775238
32.4621925354
28.9382743835
29.9787540436
34.6461715698
32.4446678162
28.3211994171
35.0173950195
36.7054176331
32.0231933594
34.6322250366
36.4096374512
35.2778816223
33.9182739258
31.3297309875
29.2473697662
33.7426109314
29.9764995575
26.624124527
28.4826316833
31.2981052399
35.8324050903
73.1328887939
74.4082260132
78.2369003296
78.350730896
78.8437194824
80.0964508057
83.291053772
83.676651001
84.9554443359
87.8122711182
88.6424484253
88.8576278687
86.3981323242
85.6725311279
82.801322937
80.9641036987
82.1260375977
80.7247619629
77.0142974854
76.7933273315
76.8686828613
73.5981750488
71.6734848022
71.9165649414
71.893913269
38.2089538574
68.0121765137
32.4494819641
60.0186920166
53.0923957825
61.478012085
61.4397583008
56.7889976501
47.1896476746
30.2350502014
40.9618034363
33.9010658264
54.0755729675
28.2860145569
67.2902145386
41.6187057495
46.7184715271
69.2539138794
42.351726532
42.1096954346
67.4731750488
68.8256149292
47.6818084717
63.7017822266
49.7391700745
40.7020072937
52.3115501404
40.9391098022
42.942489624
31.4574680328
29.4708480835
28.2934188843
32.9514770508
33.0159721375
28.596370697
34.0496406555
37.119228363
34.1936759949
37.8411102295
39.7846679688
39.9093894958
20.1706085205
16.6306266785
15.1552963257
19.2050933838
15.5196332932
12.2483968735
13.4115285873
16.283241272
20.7474212646
68.2370300293
68.8828277588
72.1949768066
73.3090515137
73.8899841309
74.4344711304
77.8636550903
79.0022125244
79.9757156372
82.2726898193
83.8591995239
84.7984237671
81.9427719116
82.0198516846
79.5220794678
77.9075698853
78.1382751465
76.6436767578
73.6620559692
72.7317962646
72.1980285645
69.6734619141
67.8627548218
67.6169509888
66.7289047241
34.1821594238
40.2565879822
31.9971256256
49.364025116
37.3142929077
32.2567710876
38.1826858521
23.1239185333
27.6383018494
30.6750736237
34.326587677
37.0033187866
51.363117218
17.3622550964
44.3159484863
27.6048278809
41.4664726257
58.6818466187
31.1986732483
43.1970710754
50.7466888428
37.3412246704
37.2453918457
37.1456336975
13.9684553146
32.3944282532
37.6986465454
59.1850700378
57.6807365417
55.2931404114
56.500831604
52.0627479553
53.8002128601
57.6576461792
54.772026062
54.7627716064
58.9291572571
59.9086723328
63.4749946594
64.3318786621
66.7465209961
28.6905498505
28.3878822327
32.9770851135
29.798412323
32.4637527466
34.7399024963
30.7438411713
27.6296653748
23.6819381714
62.0618782043
60.3010444641
61.2641944885
65.3352432251
65.7984161377
63.8811149597
67.5488586426
70.7516174316
70.3516540527
70.5040817261
74.2935791016
77.1284790039
73.3714599609
75.8661956787
74.860206604
74.4363479614
71.8631896973
70.1675872803
70.0777816772
67.5168762207
65.1133880615
65.3395462036
64.5611190796
63.1196708679
59.555480957
35.8613433838
33.9198188782
34.3536834717
46.328163147
35.2613639832
26.6383132935
33.5586700439
16.9092464447
26.854631424
33.3148803711
34.929485321
38.7425994873
49.8888282776
22.9612979889
38.9094390869
28.2589836121
40.6094055176
55.015953064
32.1407546997
43.4086761475
46.2054100037
30.3599147797
35.7098884583
31.1864795685
9.61218166351
32.7859954834
35.0256614685
61.2571220398
59.0780563354
60.7676200867
62.0759010315
57.3398284912
58.6934127808
62.6972427368
59.90625
59.2270393372
63.352935791
64.556312561
67.8555831909
68.2397918701
70.9870910645
35.4496994019
35.6063423157
40.5253105164
37.7304496765
40.3776245117
42.4400749207
38.2270736694
35.1019897461
31.4170532227
60.1725921631
57.8369407654
58.4057807922
62.9114074707
63.1583976746
60.7580528259
64.5106506348
67.9632873535
67.1492080688
66.9346084595
71.1098632812
74.1134033203
70.1364746094
73.0220184326
72.2572402954
72.2295837402
69.2091293335
67.3530426025
67.8804855347
65.2843170166
62.5033226013
63.159450531
62.7771682739
61.306476593
57.1748046875
22.1790599823
47.1467285156
19.2008953094
45.9134178162
40.960849762
41.1818199158
44.1811981201
29.9250068665
22.7958698273
18.2504291534
33.1325645447
29.4645824432
45.7034034729
12.4190034866
49.1294708252
30.0779190063
37.8266067505
56.6303596497
33.5072174072
35.4657707214
50.6861801147
46.4856300354
31.6822090149
41.5405426025
21.8669033051
31.1293716431
34.2422828674
47.4681129456
47.5372695923
38.6244506836
39.5761756897
35.162071228
37.2118034363
40.7992362976
37.7707099915
38.1844024658
42.3564453125
43.0387916565
46.7025794983
47.8643875122
50.0355033875
21.9871120453
18.6314201355
23.71808815
21.8774356842
21.9923038483
23.3581733704
18.6503810883
15.1069250107
13.463971138
54.2702903748
53.7028656006
55.5410957336
58.4723968506
59.2687759399
58.4601631165
61.8650093079
64.3602218628
64.7870483398
65.7854614258
68.6093978882
70.9129943848
67.7221221924
69.2967605591
67.8443756104
66.6304779053
65.0570983887
63.7837982178
62.4430847168
60.0411224365
58.5130500793
57.900188446
56.3344459534
55.0344009399
52.7970046997
48.160369873
58.9166793823
53.1796455383
39.091468811
71.9544219971
67.6812133789
65.636390686
55.6955871582
48.2285728455
56.4283638
71.2687530518
63.6456642151
47.2279624939
73.7422103882
58.0370826721
74.9767303467
58.5984306335
43.1059341431
78.5759963989
53.1803855896
41.7803535461
63.0979003906
43.5286331177
49.7338752747
62.0008659363
68.8414459229
41.5718040466
61.786365509
61.1977424622
70.4895172119
71.7114334106
67.538192749
65.0294036865
67.3536682129
67.366645813
61.7142486572
62.5194473267
64.9707336426
63.9777603149
60.6491203308
64.4368057251
85.0165481567
82.6675872803
87.9409408569
88.3865356445
87.0075149536
86.6764984131
82.1797866821
79.6932220459
80.3536453247
16.1244068146
15.465719223
13.525847435
11.035572052
10.2660179138
11.2534103394
7.10522603989
5.56350421906
5.8094959259
5.85793924332
5.43963193893
8.21133232117
9.83161830902
13.4233722687
12.7996807098
9.02358531952
13.4965295792
15.9229822159
12.8096075058
13.6456108093
18.2421646118
18.0861320496
17.0906352997
18.923248291
10.0571098328
43.7386817932
11.5109815598
25.6802806854
43.6733283997
45.0018386841
43.756729126
33.4856681824
19.818983078
14.8822784424
37.1395721436
26.7108078003
26.5751972198
34.1912078857
42.8853530884
40.3743591309
29.4368934631
37.202255249
43.897354126
21.1300640106
34.128616333
46.7744674683
14.2495355606
34.7624282837
33.6807098389
34.7030181885
17.9465942383
32.2541351318
34.1783027649
37.6482887268
38.0736656189
33.0108375549
32.908782959
35.635887146
33.2948150635
30.22889328
33.3007736206
34.141330719
35.4547691345
33.5018501282
37.2674827576
43.5897865295
40.9138641357
45.9909744263
46.9762802124
45.4317245483
44.7828674316
40.3738327026
38.2280044556
39.5035247803
27.3254108429
27.158241272
30.5187950134
32.0366172791
32.3460350037
32.5585441589
36.1836700439
37.662147522
38.2633018494
40.3953437805
42.3302993774
43.6370429993
40.5516319275
41.2693939209
39.3364295959
37.9911956787
37.1650314331
35.866394043
33.6920127869
31.895570755
30.8668441772
29.3547725677
27.5546703339
26.8792190552
25.29504776
25.710559845
51.0990867615
19.6814346313
31.8945922852
41.5382766724
50.2397499084
46.6217155457
47.0755233765
37.0932579041
18.4444904327
31.6825084686
18.3297786713
24.3605670929
34.9052238464
47.8776817322
37.8936920166
25.2100811005
40.0673942566
39.6503448486
15.4342193604
41.4059295654
54.8584213257
24.5277404785
45.3628387451
45.7478370667
30.596162796
29.6682262421
16.7814292908
19.3524608612
38.3036308289
36.4907035828
32.8516082764
34.8964996338
35.1092605591
30.9403915405
31.5694389343
34.2250175476
31.4932937622
32.4267272949
29.5752792358
32.462436676
38.6448059082
37.1853752136
41.0508613586
44.3957252502
42.5757484436
40.4649162292
37.2166252136
36.9022941589
39.6695976257
42.12292099
42.0866737366
46.5661888123
46.861366272
46.2640571594
47.0282669067
51.1706771851
51.4829940796
51.7060241699
54.79246521
56.1459655762
55.9646606445
52.458946228
52.0440292358
48.8987731934
48.2087783813
48.887348175
46.3877906799
43.289024353
43.9449882507
43.1639938354
39.4542312622
38.6561431885
39.7204437256
38.190032959
