7.93756914139
11.4283781052
14.6824359894
11.3328027725
15.6061191559
11.9887952805
17.4270629883
17.8435592651
12.3319692612
12.2277526855
15.1802530289
18.2218990326
16.5415744781
21.4592437744
17.9647407532
23.6729049683
24.4021835327
18.7748851776
22.006937027
25.107460022
28.102394104
22.6056346893
23.8780498505
20.7768516541
22.9430713654
20.4361934662
17.7203941345
14.0016765594
16.7965774536
18.6179428101
18.1248092651
23.5874938965
21.0719871521
26.7748012543
27.7430458069
22.3584842682
5.87807321548
6.86081647873
9.82786750793
10.3903236389
15.0452728271
12.2132263184
17.8657588959
19.9839763641
14.8257322311
8.20200538635
7.07020521164
7.22939491272
11.0463867188
15.2013435364
14.0943660736
18.8309326172
21.672088623
17.4913921356
13.2493867874
15.7964668274
19.6128482819
17.0785598755
20.949754715
16.6779403687
21.9398860931
22.4127159119
16.8704433441
20.2330551147
20.6670742035
22.8120155334
24.8710784912
29.7023448944
26.6508331299
32.298664093
34.518737793
29.0178756714
18.0656356812
15.4046878815
18.6867485046
20.3541507721
21.2118682861
17.7498626709
20.6217002869
24.0548686981
20.4085941315
25.9246063232
26.781671524
30.8443088531
30.0750465393
33.3779449463
28.6960792542
33.4552764893
34.6674499512
29.3460674286
27.1611175537
29.6848812103
33.1214790344
31.3555812836
35.7969093323
31.6607227325
36.9845848083
37.1901550293
31.6435680389
29.5453395844
31.3463058472
35.2756690979
31.1212921143
31.9396572113
27.7458133698
29.7678394318
28.5044116974
25.5313930511
28.0073127747
29.8715114594
33.36120224
28.5163536072
28.4068279266
24.8592948914
25.7726135254
23.7658405304
21.9514350891
36.8412742615
38.8111724854
42.6345672607
40.9689292908
44.8202476501
40.2678947449
45.158039093
45.3980941772
40.0618286133
24.1795825958
24.3503856659
28.6438369751
27.2637863159
28.9993648529
24.2347774506
27.7232398987
28.9208068848
24.476518631
21.7108612061
21.196811676
25.3889656067
24.9136943817
26.68450737
22.0632972717
25.7181549072
27.6123085022
23.0847568512
24.4582901001
25.5212211609
28.2023677826
23.3171577454
21.2714347839
18.9072608948
17.6121921539
15.2939872742
15.7182531357
