23.8837146759
21.458738327
22.1227493286
19.5460662842
16.8709659576
13.1996536255
13.1671819687
9.90525627136
10.872095108
11.3216772079
6.97442388535
5.13830041885
6.20382833481
8.81713485718
9.53295516968
10.813627243
13.0845212936
16.3251361847
17.5906925201
20.0593757629
17.028055191
13.8729944229
11.7494020462
10.0800027847
6.39068174362
7.78942298889
6.60966873169
8.16429805756
12.4408721924
11.2971878052
15.8655738831
16.4489974976
13.8865814209
13.1826400757
11.4452037811
9.29403018951
9.62871742249
7.3555893898
12.0282382965
9.96055603027
14.2887334824
14.9619188309
19.5998458862
21.7386894226
19.1762905121
19.8482475281
22.9282722473
20.0221652985
24.1858253479
22.9747467041
16.5314025879
19.0662765503
23.7850761414
19.1997375488
19.3540840149
22.7140922546
23.8682727814
20.3099918365
22.1442947388
26.9401283264
25.0594825745
25.5385761261
27.2595062256
25.9105796814
26.1061534882
23.7672576904
19.0466423035
19.073261261
17.2652454376
14.8502979279
14.0674800873
14.5491104126
12.210231781
15.9896287918
17.631855011
14.2695379257
14.3364725113
11.5699701309
14.1083869934
8.50659370422
12.556889534
10.8747558594
13.1252670288
15.9726514816
12.8136587143
16.7054195404
16.8483409882
20.2523536682
18.2755184174
20.59923172
24.8497238159
25.7576770782
23.234205246
24.8225479126
28.3961200714
28.2241344452
25.4047203064
28.9412479401
31.6219215393
34.3374671936
36.756401062
31.5895652771
31.6126213074
35.8233757019
37.7463264465
36.7228355408
32.8063735962
33.7425270081
36.5410881042
31.6784286499
30.0856971741
32.8779716492
33.919593811
29.444278717
29.3870792389
33.2670326233
31.8714847565
29.3482112885
31.2550430298
35.3651199341
30.5960216522
30.4449157715
36.282119751
35.827255249
32.671710968
35.7746353149
30.6829967499
31.6654987335
27.0053825378
30.1406326294
26.4105300903
28.9181537628
26.9682312012
26.0094490051
24.7977542877
22.7966785431
22.9260005951
19.5256977081
21.2757015228
21.3846359253
22.1433258057
26.6277256012
27.8182373047
23.9936523438
25.1381092072
22.0104122162
23.684463501
20.9008178711
21.2295684814
22.2263469696
23.0386943817
26.381105423
26.5811462402
29.7223548889
32.3364601135
35.7078857422
38.6518669128
39.9055252075
41.5711135864
39.9830284119
35.0802536011
38.2989425659
35.7813262939
34.4466018677
37.014087677
34.377117157
31.9351539612
32.0727729797
33.5075035095
31.1902751923
35.8066329956
35.3403358459
31.6146602631
35.4184532166
38.3787269592
41.6941452026
41.3565444946
38.1443138123
39.1528167725
42.7031402588
44.2483787537
38.1460266113
40.5259513855
35.4346656799
37.2988052368
36.6691131592
40.0133514404
36.2510490417
33.2928771973
37.134967804
38.7397689819
33.5649490356
33.9560279846
36.0824279785
34.5148696899
31.0781707764
35.1749382019
36.6821708679
31.3420276642
32.1239433289
35.9362678528
35.1839828491
33.1897163391
30.8391227722
34.5066719055
33.459564209
34.7848777771
39.0062904358
39.1209144592
40.4082870483
41.2645225525
41.6463508606
38.0366592407
42.5498275757
45.156463623
41.5846138
44.203918457
48.3194770813
46.4949989319
44.3265380859
48.9716644287
51.2498512268
50.095375061
46.050945282
44.9422607422
41.0959396362
43.555431366
44.9139442444
40.9868965149
42.5194969177
42.3508453369
42.0548095703
43.0789260864
47.1402740479
45.3864784241
41.3061332703
44.0561676025
46.6875648499
41.4032173157
40.4738464355
45.4231834412
43.9268951416
40.5101966858
41.0656929016
46.0951271057
46.584777832
47.3954696655
44.1673965454
46.8241539001
47.8533363342
42.5334510803
42.3170967102
40.9011535645
36.0384674072
39.7790145874
43.0289421082
38.8577384949
36.9445610046
41.9512290955
41.7408752441
38.1975479126
39.6444282532
43.2678947449
42.1589050293
37.8668060303
41.1352272034
44.6916236877
30.6028308868
27.2602844238
27.8511943817
24.425031662
23.0897006989
20.214553833
21.4048099518
17.1738414764
19.6209220886
19.8532943726
15.1516532898
13.2036848068
9.53295516968
9.85455608368
7.15918016434
5.60760354996
5.82603597641
8.10599994659
10.1126317978
13.5457448959
12.7030963898
9.06041526794
8.28689670563
6.86331605911
5.88478326797
8.59294128418
11.2984991074
14.7708883286
19.4655704498
19.4949741364
23.8400440216
23.3730831146
20.1730957031
18.4197025299
15.1083316803
13.4321880341
11.7369537354
10.0932397842
11.8574724197
10.3847150803
14.2814979553
12.6802024841
18.2811889648
19.0623188019
16.238193512
18.0997104645
21.8734111786
21.1479949951
24.6071567535
21.9977169037
16.9581451416
20.9588947296
24.0735282898
19.1438159943
21.3382472992
24.6846027374
24.8025360107
21.8426322937
25.37317276
29.3964729309
26.4938755035
28.0079994202
28.0239143372
26.8488636017
25.7035827637
23.9153633118
19.2753982544
21.5754070282
20.5130500793
19.4622440338
18.9530639648
19.5258636475
17.7753448486
21.038274765
23.704744339
19.9056377411
18.3676643372
14.7198019028
17.3827323914
13.4217596054
15.0334644318
15.4756402969
15.5218086243
17.8023643494
13.176782608
15.6980018616
15.3224143982
17.2271595001
14.2776947021
15.2894525528
20.2195587158
19.5954170227
16.6932220459
20.2135238647
22.8885974884
21.3138046265
19.0915527344
23.5967502594
26.9213886261
28.6612167358
32.1380805969
28.0251865387
27.3760700226
31.8778553009
33.7356872559
33.6171455383
29.5853404999
29.6425743103
33.3492355347
29.7472400665
26.8778171539
29.89802742
31.8826332092
27.872625351
26.9791584015
31.3515720367
31.0083236694
28.5082168579
29.6257591248
34.6679992676
31.183467865
29.9679050446
35.3008766174
36.1913032532
33.534538269
35.5495681763
30.6900730133
30.1062316895
24.7752475739
27.3388614655
22.5448226929
25.2123641968
22.2961940765
20.9346179962
19.2088794708
18.626707077
19.3099937439
16.825881958
18.4545726776
19.7934837341
21.5805568695
25.6722755432
25.408449173
22.9048061371
23.0750389099
21.2310504913
21.9494342804
18.8485355377
18.5636520386
21.3934955597
21.4690952301
23.9534168243
25.4731464386
28.8548927307
32.6926193237
35.0828285217
38.6158866882
39.2222900391
40.205078125
38.1043319702
33.1328239441
35.8826560974
32.9484024048
31.415473938
33.2088356018
30.2920703888
27.6226291656
26.685552597
28.6335525513
25.6957473755
29.7250843048
28.8663101196
25.9502391815
30.4356994629
33.7825469971
36.8628501892
37.3078308105
33.9444236755
34.0610733032
38.0140991211
40.1360816956
34.3314743042
37.3735961914
32.294380188
34.7995872498
34.6806716919
37.2054023743
32.8675079346
30.3833179474
33.8501281738
34.1280212402
29.3008899689
30.3753604889
31.5126113892
29.2896633148
26.5338687897
30.6898498535
30.6779747009
25.6323070526
27.2730445862
30.5134143829
28.9925937653
27.4535369873
24.2722682953
27.6105594635
26.2934074402
28.1065120697
32.40284729
31.7409915924
32.6276016235
33.8746604919
34.1740837097
30.996761322
35.5684089661
38.0468177795
35.0663757324
38.4635353088
42.0034942627
39.9500846863
38.4903030396
43.286857605
45.0275382996
44.3682098389
39.6067962646
39.2284736633
34.940486908
37.1263961792
39.1836509705
35.0969581604
36.3716125488
36.9760055542
36.9029998779
38.5133743286
42.3728370667
41.6442260742
37.0987510681
38.9088134766
42.3509521484
37.5760688782
35.7244567871
40.3881454468
39.8819770813
36.4427337646
36.0438804626
41.7674369812
41.7691116333
43.5958213806
40.7226104736
43.7967338562
44.3023757935
38.9416389465
39.3581047058
38.8257789612
33.9475631714
38.3967132568
40.9720077515
36.3113250732
35.5346717834
40.4937973022
39.352180481
35.4196434021
38.3601875305
41.307094574
39.3422927856
35.9195709229
39.7779693604
42.4906463623
29.9898052216
26.5543880463
26.3161430359
22.7351932526
22.8146686554
19.6281909943
21.8134860992
18.4091644287
20.5619716644
19.728302002
15.1233530045
13.6291713715
10.8136291504
10.1408166885
7.55480575562
5.60760307312
4.66212511063
7.68758773804
9.04031562805
12.3278131485
10.1057710648
8.80797767639
9.62464523315
5.50208997726
6.95238685608
6.58372354507
9.81403827667
13.682677269
17.9429149628
19.1302261353
22.7484321594
21.4857254028
18.3959922791
15.8770017624
12.2602033615
10.9902267456
9.01141452789
9.07161235809
11.0658874512
11.6046876907
15.8345584869
15.4423570633
21.3195762634
21.4239006042
18.0292797089
19.0055294037
22.8084468842
22.0167427063
24.7159156799
21.8338088989
16.9257106781
20.5697574615
22.9271335602
17.3063545227
19.7248516083
23.027545929
22.5294361115
19.3000431061
23.4245071411
26.8587970734
23.3459587097
24.4757003784
23.9160652161
22.5351085663
21.246919632
19.9618167877
15.4350376129
18.2105026245
18.0089492798
17.0323257446
17.4791755676
18.8828125
18.1733112335
21.7169685364
24.9169063568
21.8774738312
20.8321781158
17.0549583435
18.5940685272
14.1878395081
13.9282846451
13.890247345
12.5838527679
13.9919195175
9.09701156616
11.0546894073
10.792309761
12.6359100342
9.54542636871
11.0866498947
15.7805709839
15.8492012024
13.0188179016
15.7319107056
18.6851844788
17.968919754
15.4931688309
19.5158634186
22.8341674805
24.7001361847
27.9654808044
23.5700283051
22.8528232574
27.2977638245
29.1206817627
28.8519554138
24.8234977722
25.0415287018
28.623008728
24.9078121185
22.1539897919
25.290096283
27.1929512024
23.1519889832
22.5390586853
26.9467258453
26.6007328033
24.3331985474
25.6812019348
30.5221767426
27.4189586639
26.4036369324
31.6179122925
32.4778633118
30.2554244995
32.5424346924
27.7266101837
27.2820148468
21.6530952454
25.010591507
19.77850914
21.6509418488
18.7051353455
17.0084095001
16.079744339
15.1521930695
15.01978302
12.2692995071
13.6249284744
14.9846124649
17.0698165894
20.9646072388
20.6125221252
18.1042938232
18.3319664001
16.7544174194
17.8840293884
15.1777496338
15.7724943161
18.4812145233
19.6409473419
22.0284366608
23.0412921906
26.9780483246
30.2855300903
32.5131454468
36.3573379517
36.6303749084
37.3776550293
35.6893577576
31.2341842651
34.2205467224
31.5646972656
30.6566104889
32.6226577759
29.9283924103
27.0221004486
25.8725757599
27.0128097534
23.5968894958
27.7563095093
26.4331550598
23.0519161224
27.9303016663
31.1080112457
34.3180351257
34.785243988
31.7322063446
32.0910568237
36.2079544067
38.2465553284
32.7239570618
35.2691993713
30.0039997101
31.9080810547
31.3547477722
33.8227119446
29.8230075836
27.0361289978
30.1903133392
30.9032726288
25.8313808441
26.3283748627
27.6886825562
25.7463722229
22.5273456573
26.5166282654
27.0472660065
21.8795547485
22.9698944092
26.3719882965
25.2002983093
23.3836917877
20.6973419189
24.3246517181
23.4685878754
25.1861209869
29.6404972076
29.1257534027
30.5947685242
31.7475242615
32.6706047058
29.4246177673
34.1964073181
36.3125686646
32.885559082
36.3592529297
39.9072303772
37.5513916016
35.8091850281
40.8924293518
42.5528297424
41.3804473877
36.7233314514
36.0430450439
31.6238574982
33.7036437988
35.2616233826
31.2121391296
32.5297088623
32.7844009399
32.6803398132
34.1087722778
38.1392173767
37.1909942627
32.7195320129
34.9373779297
38.1599273682
33.3625259399
31.7572231293
36.6803131104
36.0373916626
32.692363739
32.5193901062
38.2915916443
38.9463233948
40.4523658752
37.5819969177
40.4312705994
40.7872123718
35.5120582581
35.4504394531
34.8454704285
29.972278595
34.185131073
36.774356842
32.0265159607
31.0203647614
35.930683136
34.7887039185
30.835193634
33.6526145935
36.5710487366
34.6371765137
31.080198288
34.9387664795
37.6688995361
34.6041679382
30.6274490356
31.045545578
27.1534004211
27.1191940308
25.0054893494
27.2559719086
22.8746013641
26.2237129211
26.0504322052
21.3306980133
20.1266002655
16.3251361847
16.6663684845
13.205332756
8.10599994659
7.68758773804
3.78907036781
3.46405267715
7.56012821198
9.54420948029
7.47563457489
9.40769863129
8.65309143066
11.2884073257
13.7284564972
17.0176429749
20.8935203552
24.716211319
26.0646514893
29.7587680817
28.6059093475
25.8719387054
23.1281681061
19.6177539825
17.9039592743
15.0240192413
14.107380867
13.076128006
13.3036193848
15.9472074509
13.9925384521
19.3999385834
18.3600711823
15.3057727814
17.2403202057
21.082025528
22.1044063568
24.2876491547
20.6763381958
17.5900096893
21.9620952606
23.2406520844
18.5182533264
22.0813217163
25.0478744507
24.2291660309
22.1344451904
26.678106308
29.7313499451
26.2428741455
28.700460434
27.426990509
26.7365818024
24.5220165253
23.0620651245
19.1267757416
22.9481811523
22.4086074829
22.6774730682
22.2416820526
22.8664112091
21.9617080688
24.7008457184
28.1887378693
24.7666702271
22.6953277588
18.8848228455
20.5461406708
17.9496421814
17.2761325836
19.1217002869
17.7903194427
19.589849472
15.7583312988
16.1646556854
16.4070224762
16.655500412
12.4114704132
11.1731081009
16.1407546997
13.8895301819
11.4936494827
17.1165981293
18.2318344116
15.401134491
15.0687322617
20.0274791718
24.1034984589
24.248298645
28.9452037811
25.8868579865
24.1699619293
28.5896377563
29.9412937164
30.6289672852
26.737745285
25.7100315094
29.8109931946
27.6451015472
23.6700515747
26.3264732361
29.0447635651
25.7906360626
23.8342323303
28.2863826752
28.8870677948
26.4129390717
26.6322612762
32.2922973633
29.9820022583
27.8391952515
32.4560050964
34.4845733643
32.2966537476
33.2364196777
28.8426094055
26.944355011
21.4463291168
23.3167362213
17.9089355469
20.6076526642
17.1082038879
15.7708129883
13.4042482376
14.2790393829
15.8264379501
14.9568395615
16.8835430145
19.4374275208
22.3935852051
25.4944877625
23.8119392395
22.143989563
21.051410675
20.2920627594
19.6504173279
16.5583000183
15.5811281204
19.7059497833
19.1674919128
20.5859909058
23.069234848
26.4786643982
31.0302810669
32.4545631409
36.3636741638
36.3720626831
36.743938446
34.3205833435
29.5868473053
31.8805294037
28.7955112457
27.3951816559
28.5444736481
25.6140594482
22.7665729523
20.8640022278
22.8752059937
19.4361667633
22.904510498
21.7869148254
19.5536613464
24.3827075958
27.9234352112
30.7560462952
31.7899913788
28.4347991943
27.8854904175
32.0930595398
34.5990791321
29.2520084381
32.621181488
27.7068862915
30.5980930328
30.9372138977
32.7002410889
28.0187358856
26.0827178955
29.14802742
28.302816391
23.9650096893
25.7792110443
26.0119895935
23.2860145569
21.4108715057
25.5653705597
24.3385906219
19.6769123077
22.3567581177
25.0888824463
22.9958171844
22.4152393341
18.0708217621
20.9075756073
19.0783081055
21.0396785736
25.2581787109
24.3263111115
24.9370212555
26.2683544159
26.5480175018
23.5806789398
28.2051696777
30.5455970764
27.8558216095
31.7207775116
34.8622016907
32.6948852539
31.666431427
36.5040550232
37.9162559509
37.5907249451
32.4947471619
32.579864502
28.189912796
30.3865394592
33.1613006592
29.0673007965
30.5969581604
31.7106628418
31.5268421173
33.5703201294
36.9404449463
36.9707832336
32.1917381287
33.0476264954
37.016242981
32.65965271
30.1041698456
34.3309669495
34.5080032349
31.0988292694
29.9802036285
36.0210380554
35.5864219666
38.1271972656
35.5848884583
38.932220459
39.065952301
33.7851829529
34.8115158081
35.0206565857
30.3317813873
35.297504425
37.2302703857
32.4054908752
32.7881240845
37.5581359863
35.7315940857
31.703338623
35.8741035461
38.2303390503
35.72215271
33.4211273193
37.5674209595
39.5486068726
33.4014778137
28.9650344849
29.4574985504
25.4022121429
26.337808609
25.3502693176
28.5225601196
24.3284931183
28.5721473694
28.0756568909
23.7201766968
23.8434581757
20.0593795776
21.5002384186
18.9978237152
13.5457429886
12.3278093338
8.74646854401
7.5601272583
4.70824623108
6.75659608841
6.85013723373
10.2645931244
10.6028585434
14.8654193878
17.8017368317
20.3429546356
24.166475296
26.300195694
29.0970211029
31.7936954498
30.3490505219
28.9224243164
25.2492179871
22.3268852234
19.9049930573
16.2476730347
15.5161342621
11.8950653076
13.7408504486
14.8232288361
14.1807947159
18.7688922882
16.2400722504
12.8877677917
13.7033958435
17.1163730621
19.1672801971
19.9272174835
15.8298006058
14.7405576706
18.7662887573
18.4155883789
14.5413217545
18.7877216339
21.1440162659
19.8286857605
18.8681640625
23.6468963623
25.8971767426
22.568523407
26.1734161377
24.6083984375
24.8094673157
22.1602535248
20.0940933228
17.0744628906
21.370677948
20.6781482697
22.3554801941
21.4504299164
21.8036460876
21.7899990082
23.74725914
27.8964939117
25.3310718536
23.2091789246
19.6221675873
19.7405261993
18.7258434296
16.0479564667
19.2346057892
17.4574203491
19.4718036652
17.8980884552
16.9022197723
18.9433746338
18.9492511749
13.5207052231
10.923828125
14.8237867355
12.3686313629
12.3780555725
18.0073986053
17.8164730072
15.3763608932
17.4862880707
21.5228748322
25.9803676605
24.8329582214
30.1566905975
27.2378177643
24.5446510315
28.4739608765
28.8946743011
29.7409572601
26.1530704498
24.3288803101
27.7443943024
26.4040489197
22.0061912537
23.4419116974
26.2898082733
23.68683815
20.473777771
24.490486145
25.4739398956
22.6513252258
21.9827022552
28.0242786407
26.0052471161
23.057264328
27.2376213074
29.8889312744
27.635892868
27.5939292908
23.6366519928
20.9269371033
15.916800499
16.798784256
11.7678937912
15.3237342834
12.3911895752
12.5049524307
8.82964324951
9.86352825165
13.1792049408
13.9096641541
17.1760158539
20.3069820404
24.1853523254
26.4307308197
24.1689662933
21.7887535095
19.5374031067
18.6683063507
16.2054748535
12.9607191086
10.6479320526
15.2751932144
13.6796274185
14.31690979
17.4475345612
20.4961547852
25.4988632202
26.3845233917
30.2615661621
30.1051025391
30.3452358246
27.6305179596
22.9148731232
24.9743785858
21.884847641
20.6906604767
21.800699234
19.0376358032
16.0770187378
14.2361898422
15.9060850143
12.7766017914
16.6013278961
16.3659915924
13.9455738068
17.7923355103
21.3292655945
24.1429977417
24.9811553955
21.4991855621
21.0719566345
25.1403999329
27.5688514709
22.2010536194
25.6252861023
20.8550510406
24.1197891235
24.9831695557
26.5928211212
21.6311740875
20.181098938
23.5226764679
22.3415794373
18.3530139923
21.1569595337
21.200843811
18.3914108276
17.3658981323
21.8133735657
20.8158512115
16.2786121368
19.9507045746
22.8267250061
20.975643158
21.7648925781
16.4381484985
18.64686203
15.9167604446
16.7594585419
20.4685287476
20.9369926453
21.4543514252
21.9044551849
21.8073501587
18.154800415
22.6764278412
25.3284225464
22.1469669342
25.326625824
28.919708252
27.2401161194
25.7577190399
30.2635250092
32.1921348572
31.9661483765
27.5711460114
27.3010501862
23.7643203735
26.833147049
30.1496334076
26.3304767609
29.0983886719
29.9201316833
28.9715976715
30.9555263519
33.5228538513
33.4145278931
28.8114871979
29.1112155914
32.8691253662
28.3149967194
25.7477493286
29.4503726959
29.2628383636
25.7370643616
24.7417240143
30.2070789337
29.2059993744
31.7245922089
29.1585140228
32.6800003052
33.0558319092
27.7518615723
29.4379558563
29.8206710815
25.3357601166
30.7226104736
32.4227714539
27.9600334167
29.1970329285
33.8804779053
32.0577278137
28.3831481934
32.9846534729
35.2876586914
32.9895057678
31.6563434601
35.6170005798
37.4815444946
28.7547264099
24.4701766968
24.3271656036
20.2975711823
22.0080604553
20.6341609955
24.3110713959
20.9410686493
24.7206993103
23.5476455688
19.4854869843
20.1265182495
17.0280513763
18.3799953461
16.8387336731
12.7030963898
10.1057701111
8.45378875732
9.54420852661
7.41141557693
6.75659751892
6.03156661987
9.47993087769
7.61903762817
12.4222583771
14.1780233383
16.0749454498
19.7074184418
21.1197910309
24.5986442566
26.6727905273
24.9352779388
23.9636878967
19.9350662231
17.3589229584
14.886885643
11.2129201889
11.3724956512
8.38267993927
11.5919475555
13.6769523621
14.6864624023
19.8627433777
18.1040210724
14.2231092453
13.787686348
17.2381229401
17.7220020294
18.5531463623
14.9324464798
12.3350486755
15.728972435
15.8007326126
10.6309261322
14.4986753464
17.1147632599
15.6992015839
13.8717956543
18.8681259155
21.1453285217
17.508398056
20.5444259644
19.2603092194
19.2282772064
16.9707813263
14.7378778458
11.3042497635
15.5236444473
15.1964187622
16.7566356659
16.4024677277
17.4050445557
18.088060379
20.4759464264
24.8018741608
22.8617095947
21.5019016266
17.8813819885
17.3037929535
15.3740959167
11.6925096512
14.2109804153
11.8512201309
13.6479415894
12.9586353302
11.6964292526
14.6294813156
15.3672447205
9.79292583466
8.5753698349
12.2274217606
12.1169805527
12.1142349243
15.6340503693
16.6012306213
16.2722053528
17.044298172
20.239238739
24.3548431396
24.2183170319
28.6236896515
24.6306171417
22.3004379272
26.1878967285
26.7206707001
26.7888889313
23.0848121643
22.0379924774
24.8547515869
22.3803005219
18.6971817017
20.2425193787
22.4810428619
19.2715892792
16.6569805145
20.7563781738
21.0119247437
18.1090831757
18.2874965668
23.9317512512
21.2303314209
18.9600334167
23.8271884918
25.6328296661
23.3153095245
24.3609771729
19.9269695282
18.4354190826
12.9356861115
15.7245540619
10.6177864075
13.3289422989
10.9752588272
10.9104700089
8.82031154633
7.1045498848
9.2497625351
8.93927955627
12.939250946
15.6787786484
19.5918102264
21.9506092072
20.3460178375
16.867773056
14.9969902039
13.3073015213
11.4298763275
8.02157878876
7.17402505875
10.9683704376
11.2324485779
12.9852781296
14.5153198242
18.4086208344
22.2956256866
23.8692722321
27.8448600769
27.8474979401
28.4054355621
26.4236946106
22.0305271149
24.889131546
22.3153800964
21.8297424316
23.8795433044
21.4884624481
18.4811992645
17.5945720673
17.9877281189
14.9167251587
19.5266475677
19.0266265869
15.1417741776
18.9893703461
22.0529499054
25.3144378662
25.4882926941
22.3831005096
23.0768356323
26.9944591522
28.8619785309
23.3765335083
25.7875213623
20.5751743317
22.721452713
22.6751804352
25.0503864288
20.7201919556
18.2715244293
21.8623561859
22.4067745209
17.4920864105
19.0512619019
20.3347415924
18.3771381378
15.8308000565
20.3819465637
21.3614025116
16.1568374634
18.4253845215
22.1549320221
21.2687892914
21.1747665405
17.1079120636
20.1367855072
18.3881053925
18.8555660248
22.7789535522
23.8498535156
25.3224697113
25.5188579559
26.1642665863
22.2876663208
26.8466663361
29.1707420349
25.1517333984
27.783870697
31.8213481903
29.9777622223
27.644952774
32.3751907349
34.6092071533
33.4542312622
29.647195816
28.4748516083
25.0179729462
28.1087188721
30.2989788055
26.5234546661
29.3992385864
29.3326034546
28.2491073608
29.6519775391
32.712677002
31.5971298218
27.2468318939
28.8281517029
31.8215103149
26.6786785126
25.0634365082
29.4698619843
28.332698822
24.7920436859
24.8620204926
29.9989376068
30.1428260803
31.5176029205
28.5747566223
31.6184005737
32.2572975159
26.903213501
27.5438804626
27.1357269287
22.3486442566
27.2762737274
29.6095581055
25.175994873
25.3338928223
30.2698879242
29.0436515808
25.4329433441
29.0429649353
31.8982582092
30.1457061768
27.950630188
31.6932449341
34.2165870667
26.8613014221
22.8742027283
24.2900619507
20.6385726929
19.2141628265
18.003868103
19.9814567566
15.1764755249
19.5854949951
20.0200233459
15.6861896515
15.9470911026
11.7494010925
15.0124950409
14.0198326111
8.28690052032
9.6246471405
7.57883787155
9.40769863129
9.15996932983
10.2645902634
9.47992992401
4.24588823318
5.78385019302
7.41687822342
12.8836259842
14.2382640839
17.5690917969
19.9034423828
21.5514888763
24.8378753662
24.4850788116
23.164440155
20.3428020477
17.921415329
14.6483411789
11.5555868149
8.66520786285
6.76484203339
5.05715417862
7.36180353165
6.80825376511
12.3329963684
12.2904510498
8.96534156799
10.4338979721
14.1493120193
13.863822937
17.0745449066
14.4594421387
9.9742641449
14.340883255
17.2387161255
13.3554449081
15.7734699249
18.8406352997
19.3122406006
17.3028430939
20.5562076569
24.6255702972
22.4855995178
25.4242286682
25.9211235046
25.7306022644
24.4640674591
21.4239463806
17.1391735077
19.4207878113
17.2592124939
17.754486084
15.7272148132
15.2904930115
13.751786232
16.0174713135
19.4279460907
16.1180171967
13.9875812531
10.2848396301
11.6911230087
10.1798400879
10.4848155975
13.2800779343
13.8772420883
17.4497909546
15.5181331635
16.9540519714
18.7940673828
20.7220535278
16.1076107025
16.0087242126
20.6539440155
19.9340782166
18.5334033966
22.6805648804
24.4304580688
22.9408531189
22.6362895966
26.8836536407
30.7822647095
31.4118309021
35.6324615479
31.459312439
29.8986682892
34.13621521
35.1884613037
35.1169891357
31.2260360718
30.6212501526
33.6801605225
30.5143680573
27.2961158752
29.2072868347
31.1755619049
27.5098495483
25.4401168823
29.4140472412
29.1096916199
25.9821586609
26.426399231
31.8261260986
27.8445301056
25.9541511536
31.3074626923
32.4341011047
29.1365203857
30.3643264771
25.6595573425
24.7812271118
20.2209129333
21.6829795837
18.0554866791
21.9376430511
19.8403320312
19.8111286163
16.9307098389
15.8591594696
18.1436367035
16.5855751038
20.002538681
21.9396324158
24.7625293732
28.2857494354
27.6191082001
23.9189929962
23.0931282043
20.5159721375
19.510717392
15.7944326401
14.0209693909
16.7586174011
15.2378883362
17.825428009
19.7730312347
22.3925914764
26.832195282
29.2638378143
32.3711166382
33.3329925537
34.6436500549
32.1053695679
26.662612915
29.2445011139
26.219078064
24.356086731
26.3703422546
23.5027122498
21.063747406
21.0415668488
23.1633834839
21.2944049835
25.6680355072
26.0005702972
22.9483528137
26.0164737701
29.2572154999
32.2853507996
32.2018013
28.5776977539
29.0218200684
32.4758834839
34.3232650757
28.160785675
31.3713951111
26.565952301
29.607383728
30.0951366425
32.8721389771
28.2501182556
26.1721420288
30.3057632446
30.5305557251
26.0129776001
28.0254306793
29.2466640472
27.0242137909
24.8969535828
29.4761257172
29.8281879425
24.7710380554
27.2734355927
30.8215274811
29.4662971497
29.0726051331
24.8476333618
27.7610034943
25.5671958923
26.4781150818
30.2270526886
30.8182144165
31.3727283478
31.8640670776
31.4375743866
27.6861171722
31.8887691498
34.9086685181
31.692325592
34.087726593
38.1760177612
36.8724937439
34.9962882996
39.1718978882
41.5982513428
41.2334671021
37.2841873169
36.5622749329
33.2487831116
36.3115501404
38.9712333679
35.0856895447
37.5171356201
37.8932418823
37.0871505737
38.630405426
41.7549133301
40.7429275513
36.3758964539
37.7360534668
40.9131660461
35.7690505981
34.0280303955
38.1833267212
37.113368988
33.504108429
33.4057922363
38.3364067078
37.5425682068
39.1935501099
36.1707458496
39.4158477783
40.439743042
35.02003479
36.136592865
35.5081710815
30.7420253754
35.6071166992
38.2001609802
34.0275688171
33.8512535095
38.8908996582
37.9898071289
34.4359931946
37.5445213318
40.6984634399
39.1009750366
36.4106864929
40.063205719
42.9034233093
27.1115264893
24.3870925903
23.7142868042
20.6866645813
20.4603805542
16.3247928619
18.0216827393
15.7448472977
16.4017562866
15.0559043884
10.8127450943
8.83428096771
7.78942346573
6.01035356522
6.16863059998
8.59294128418
6.58372402191
10.4484796524
13.7284574509
14.9788627625
17.801733017
14.1780281067
13.1735715866
12.8836250305
8.45973777771
7.21270656586
4.73467445374
8.18015003204
13.174706459
13.7009592056
17.4037704468
16.2806472778
12.6733150482
10.8833093643
7.41512203217
6.98523902893
7.20602607727
7.96713209152
12.5856485367
12.8802213669
17.6291275024
18.2179088593
23.8233661652
24.7896518707
21.510017395
21.9455337524
25.4539394379
23.3635616302
26.4713935852
24.3601474762
18.4779129028
21.231967926
24.5037879944
18.8189239502
19.923374176
23.287984848
23.2644557953
19.3745498657
22.5962047577
26.3685417175
23.2027378082
23.0858402252
23.4427280426
21.5452480316
21.2933578491
20.130197525
15.5268392563
16.7125720978
16.5948734283
14.2189216614
15.3680315018
17.2566547394
16.5226039886
20.5513153076
23.1318893433
20.481595993
20.4162826538
17.0708293915
18.5820503235
12.9661617279
13.7057886124
11.6447753906
11.0974445343
12.1463909149
6.9347486496
10.7397794724
9.78656482697
13.0846595764
11.9134254456
14.9318962097
18.7872886658
20.1525688171
17.3609828949
17.9408817291
21.8862171173
22.3364868164
18.8469905853
21.9055557251
24.3682403564
27.405752182
29.4703655243
24.2676734924
24.4718914032
28.6907863617
30.8256835938
29.8227272034
25.8897724152
27.0657176971
30.0924377441
25.272687912
23.7299880981
27.0233726501
28.1751022339
23.7011566162
24.2001419067
28.2963104248
27.1666126251
25.1501960754
27.2928085327
31.2815608978
27.5195484161
27.4848327637
32.9854278564
32.8390655518
30.5545463562
33.8207626343
28.8385219574
29.5362148285
24.2047691345
28.2341957092
23.507183075
24.8915252686
22.5278530121
20.8295307159
20.6612014771
18.8124866486
17.7794342041
14.0839920044
14.6963233948
14.6328411102
15.3365097046
19.8335800171
20.8528423309
17.7914505005
19.2280216217
16.9716758728
19.4709377289
17.3041782379
18.742225647
20.1236362457
22.2163257599
25.133939743
25.1460361481
29.1356239319
31.4499473572
34.2813529968
37.8836746216
38.4405899048
39.5184898376
38.3309402466
34.0873680115
37.4340629578
35.0844764709
34.400062561
36.8247108459
34.291217804
31.4660320282
30.8290691376
31.5926380157
28.3880805969
32.8203125
31.4950065613
27.6398220062
32.3096504211
35.2062911987
38.5693130493
38.6376533508
35.7878456116
36.6783905029
40.6329116821
42.3451499939
36.7398529053
38.7779884338
33.4424858093
34.7274513245
33.6269264221
36.5623626709
33.1004142761
29.8839626312
33.0533370972
34.7401733398
29.4009094238
29.0778636932
31.1332263947
29.7275829315
25.8766994476
29.5797195435
31.1584148407
25.9142894745
26.0029830933
29.6650695801
29.0858955383
26.5716285706
25.0090103149
28.9016418457
28.5376930237
30.0928936005
34.5492744446
34.2651138306
36.1006317139
37.154132843
38.3240509033
34.9571838379
39.7354431152
41.7752456665
38.0206604004
41.1870613098
44.9601669312
42.5682830811
40.4489479065
45.5662727356
47.3931274414
45.7729492188
41.4476661682
40.3371810913
36.0155181885
37.9937705994
38.7921104431
34.8721504211
35.9906921387
35.7012290955
35.6702842712
36.6418838501
41.023853302
39.4088554382
35.2845840454
38.3394050598
40.9960403442
36.0005760193
35.0803337097
40.31224823
39.1270446777
35.8956451416
36.3399238586
41.7823410034
43.0404548645
43.8652153015
40.8117790222
43.2896690369
43.8396720886
38.6572494507
37.9078216553
36.709197998
31.8597373962
35.3741989136
38.4145851135
33.8961029053
31.8530101776
36.7265052795
36.1839408875
32.4314842224
34.050403595
37.3635101318
35.9507331848
31.5004482269
34.9705848694
38.2622871399
30.1375522614
26.0483760834
29.2062778473
26.0436534882
23.3642539978
24.693819046
26.0202083588
20.825176239
26.4226417542
28.0393695831
24.7144508362
25.891336441
21.7386837006
26.1542510986
25.4420681
19.0623188019
21.4239006042
18.3639545441
18.3600730896
17.2651977539
16.2400722504
18.104019165
13.7594461441
12.2904472351
17.5569324493
18.4740562439
24.7896518707
25.556678772
28.2628173828
29.2193050385
30.9039173126
33.7032585144
34.0275421143
33.8858108521
31.1103096008
29.3682250977
25.6161060333
22.5199947357
19.2543373108
15.2033214569
12.9119462967
9.17088890076
7.65152740479
5.39390087128
4.50938272476
7.03448343277
8.14805603027
10.9498662949
13.605052948
12.110578537
12.3915977478
15.6285028458
17.6118354797
17.8820323944
19.8478622437
21.5097103119
22.7927417755
23.0435314178
24.769859314
28.5459289551
28.0884742737
32.5843772888
33.588218689
34.4696273804
33.0515975952
29.095703125
25.8916130066
27.7961997986
24.5538654327
26.358499527
22.7921218872
20.5433006287
18.5887203217
18.0890960693
20.7135696411
17.8076553345
14.4778213501
13.0668554306
13.6246423721
17.1515388489
17.6679477692
22.0449962616
23.5414333344
27.6451950073
27.1657352448
28.0200386047
30.5749092102
32.1688308716
26.9712181091
25.6811981201
29.7808895111
28.0777645111
27.8050384521
32.966091156
33.4835357666
31.0813598633
32.5626792908
36.9470596313
41.2445983887
40.6315612793
45.7426300049
42.1712226868
39.9047660828
43.8779792786
44.2431640625
44.6098861694
40.980556488
39.505645752
42.2186546326
40.0483894348
36.3413696289
37.1518936157
39.303440094
36.3695411682
33.0680618286
36.3548088074
36.4321479797
32.8719825745
32.1258506775
37.7542266846
33.6947288513
30.8361816406
35.4418106079
37.163433075
33.1947250366
32.6042251587
28.853729248
27.0094509125
24.5249233246
22.8845405579
21.9887466431
27.1954574585
26.0145053864
27.341878891
23.1455974579
22.8307189941
26.7149715424
26.5401573181
30.6354045868
33.0199928284
36.2907524109
39.3845977783
38.2110557556
34.2748413086
32.5683097839
29.9140930176
27.1849994659
23.4161453247
19.8296871185
22.1900157928
17.6530437469
19.1351070404
22.3290348053
22.4213523865
28.1129989624
30.068353653
31.913684845
33.5064086914
35.1950302124
31.5217857361
25.3434143066
26.6006660461
23.2077445984
19.7523174286
21.0016841888
18.1033496857
17.1142978668
18.6252727509
22.2372531891
22.8149719238
26.2333641052
28.5106906891
26.7653770447
27.3148097992
30.299041748
32.5628128052
32.0753898621
28.050031662
28.1019668579
30.2757987976
31.9195251465
25.6502227783
29.8268165588
26.4717636108
30.9161376953
32.8794631958
35.3945159912
30.3420848846
29.6709842682
34.2160415649
33.2977981567
30.2059440613
33.806728363
34.377986908
31.8794651031
31.4086055756
36.0232315063
35.5960121155
31.3741226196
35.1318130493
38.294254303
36.6081161499
37.6320838928
32.2317581177
34.0525093079
30.7000408173
30.8325595856
33.309513092
34.7534713745
33.9976882935
33.8139686584
31.6082057953
27.9200382233
30.7288360596
34.6548309326
32.3881034851
33.3803138733
37.563533783
37.6966323853
36.1660385132
38.789932251
41.822807312
42.7738189697
39.6921691895
39.2976951599
37.4038963318
41.1500434875
45.0524101257
41.5259475708
44.7683410645
45.5163536072
44.1800956726
45.9457435608
47.9356880188
47.2806892395
43.1209449768
43.1744880676
46.4101486206
41.4347343445
39.3482475281
42.224395752
41.142906189
37.5469856262
37.162311554
40.9409141541
38.1407165527
40.2932891846
37.4865455627
41.1293907166
42.7056312561
37.5582008362
40.2150268555
39.9336853027
35.7691345215
41.0886421204
43.2501525879
39.861541748
40.8903083801
45.6951408386
44.7917709351
41.7422790527
45.3768119812
48.3803443909
46.9129676819
45.3952980042
48.8711471558
51.4451446533
17.6750907898
13.9959106445
17.2617073059
14.7222042084
10.5806856155
12.071103096
13.3924484253
9.28832054138
14.8231649399
16.0048923492
13.8992624283
16.711145401
14.1083869934
19.4064502716
21.0983028412
17.3827342987
18.5940723419
18.195432663
20.5461406708
19.9014759064
19.7405281067
17.3037929535
13.9321374893
11.6911211014
14.1381216049
13.7443628311
18.5820503235
17.243642807
18.6365737915
17.7281589508
19.8716392517
21.5579814911
22.3476829529
23.5160713196
21.0384807587
20.6789875031
16.6044273376
14.6894216537
11.4344978333
9.99436473846
7.80669593811
6.48363494873
10.3202209473
11.9980306625
13.6246423721
11.9826211929
10.642241478
11.64930439
7.2185754776
11.8708372116
12.5676898956
7.59882926941
8.32043743134
14.0276136398
13.0539131165
12.0063018799
14.2531309128
16.9305362701
15.6414308548
15.4430780411
20.5850219727
20.9747619629
23.9669055939
26.7659130096
27.2115650177
27.2875080109
22.9898853302
19.4264030457
18.9727306366
14.9162225723
15.6934232712
11.4483318329
8.63759231567
6.03890132904
5.77147006989
8.91303443909
7.29213762283
6.50145435333
5.5840959549
6.88928890228
8.82089328766
11.6797828674
15.0165901184
19.541721344
20.440574646
22.3239269257
25.2531986237
28.2240867615
24.0391311646
24.7146472931
28.4370346069
28.9921627045
28.3069572449
31.0380420685
33.159236908
32.836151123
32.5177459717
35.9939842224
39.5752182007
40.5877380371
44.2255210876
39.2145690918
37.8596687317
41.6886253357
42.4053459167
41.5775413513
37.9412651062
37.791683197
39.6383056641
35.6833763123
33.5237541199
34.5624885559
35.5463829041
31.8187446594
29.9498596191
32.936870575
31.6079463959
28.1792125702
28.9137325287
33.2618255615
27.6264419556
26.4821338654
32.076210022
31.8196811676
27.4291152954
29.0931015015
24.5467739105
25.4225025177
22.873626709
23.7973632812
22.8972606659
26.94672966
26.4836597443
27.4434967041
24.8148097992
22.3577308655
24.5932254791
22.8055896759
26.7476406097
27.8457965851
30.197259903
33.6501197815
34.0043106079
28.7712230682
28.3284168243
24.3847427368
23.3039779663
20.0116424561
18.2167701721
18.1586799622
16.2162456512
19.5917167664
19.9619941711
21.0233592987
24.1882209778
27.8323802948
29.4879646301
31.6933174133
34.1594161987
31.8927268982
26.3601875305
29.132692337
26.749622345
24.8613967896
27.8336334229
25.6265087128
24.0776538849
26.0687141418
27.6138763428
27.4305400848
32.1409187317
33.5398445129
29.9162788391
31.1516151428
33.6582641602
36.6744232178
35.3376502991
31.9027996063
33.5069618225
35.8588562012
36.7272605896
30.3025760651
32.7081565857
28.5456352234
31.121723175
31.5470027924
35.3065834045
31.3632221222
29.2608318329
34.0260162354
35.5567436218
31.2143268585
33.0203704834
35.1803359985
33.7113952637
31.4319934845
35.9249305725
37.8174476624
32.7495079041
34.7619514465
38.8214073181
38.2250709534
37.9238128662
34.1008415222
37.0266532898
34.777507782
34.8349533081
38.0141487122
39.8854904175
40.5573120117
40.3246192932
39.5302391052
35.314037323
38.9293632507
42.2854385376
38.5941314697
39.401473999
44.2408294678
43.7360267639
41.030128479
44.3926124573
47.7384605408
47.1525650024
44.5363960266
42.9606552124
40.7961425781
44.4599723816
46.7668113708
43.2185516357
46.3605232239
45.9749908447
44.6263122559
45.5772857666
48.3945121765
46.2824516296
42.5865478516
44.5049705505
46.6758041382
40.9772605896
40.2408294678
44.194934845
41.8308486938
38.2869491577
39.315410614
42.8073997498
41.9147262573
42.3148193359
38.9287338257
41.7307128906
43.699092865
38.5150489807
39.4609909058
37.8565864563
33.4433670044
37.6388778687
40.8497962952
37.7180862427
36.8318710327
41.7873725891
42.0104866028
39.211025238
40.8696556091
44.7304000854
44.2263336182
41.2468833923
44.1237030029
47.7652244568
19.6971035004
16.3040351868
14.8365402222
11.3152093887
13.9261703491
11.161485672
15.6217908859
14.81731987
16.8282566071
14.1675806046
11.4420442581
13.7098646164
13.1252660751
14.5440664291
16.1233634949
15.5218095779
12.5838518143
14.6811504364
17.7903194427
17.055223465
17.4574222565
11.8512182236
13.2430086136
13.8772449493
10.2408390045
12.0641708374
11.0974445343
9.73450183868
11.713142395
10.5258131027
15.5143575668
15.9808397293
13.9950237274
14.5922870636
10.0514125824
9.40217208862
6.39560079575
4.65132904053
7.23982143402
9.11523628235
12.2653846741
15.4624729156
18.6305446625
23.5339889526
23.541431427
19.9227409363
18.2316493988
20.835767746
18.1094818115
19.6341304779
18.0956726074
12.9784526825
13.7796449661
16.0253715515
10.5272884369
10.4597425461
13.4335069656
13.2052354813
9.06577777863
12.3376293182
15.6114826202
12.6721792221
13.1672639847
14.5346536636
13.7052116394
14.0626354218
11.1413946152
6.80238866806
6.67537260056
6.22686004639
5.6887588501
7.11529636383
10.0868463516
12.1200304031
15.3935174942
19.1812973022
18.7494773865
19.3614692688
16.5294952393
15.0165901184
11.1012516022
7.07086992264
5.05064249039
5.10382509232
7.98409843445
8.87811565399
12.5496082306
15.7764387131
12.815741539
15.0909948349
17.3642158508
20.0619983673
19.453289032
19.2290401459
22.269487381
24.1777744293
22.7156333923
24.5399436951
27.3651275635
29.2602119446
31.6014842987
25.9534721375
25.0810241699
28.5259876251
29.4678325653
27.9607982635
24.4493560791
25.2721366882
26.6781578064
21.7629146576
20.6699848175
22.2914199829
22.6804904938
18.4241085052
18.1846065521
21.3782196045
19.5319976807
16.8921661377
19.1612224579
22.7022724152
17.7784328461
18.0074291229
23.8459148407
23.0479679108
20.2077274323
23.8412265778
18.837474823
20.6376285553
16.3170394897
20.8034057617
17.6759147644
18.931350708
18.3491287231
18.1869812012
18.1252880096
14.4803180695
13.8642911911
10.7715930939
13.7522287369
13.8992414474
16.1386833191
19.1719074249
20.0759124756
14.4649114609
14.9687919617
10.8822402954
12.2400541306
10.4040775299
12.2538003922
11.3102626801
14.5543069839
17.8249988556
16.2724514008
20.2337036133
21.3240852356
24.6036777496
27.9000015259
28.693069458
30.1864070892
29.4868144989
25.7262802124
29.4571304321
27.7876148224
27.9082965851
31.0530757904
29.1718273163
26.5404644012
26.9783973694
26.5189437866
24.255279541
29.2025699615
28.745929718
24.0108470917
27.0754165649
29.2724399567
32.775604248
31.8741149902
29.3762989044
31.3939380646
34.7050933838
35.6711616516
30.1379451752
31.168296814
25.993478775
26.4617023468
25.0380687714
28.7065162659
25.8569297791
22.387342453
26.0676498413
29.0783100128
23.7412071228
23.2801494598
26.2996845245
25.7115058899
21.7730808258
25.5783653259
28.9913597107
23.7462291718
23.7324333191
28.0851745605
28.4706230164
26.9867229462
25.1242485046
28.756362915
28.0409317017
28.2525901794
32.056842804
33.6071510315
35.783706665
35.7861099243
36.8904914856
32.8564720154
37.2817764282
39.4312324524
34.7979888916
36.5558052063
41.0619430542
39.2568435669
36.0899085999
40.6940002441
43.3540534973
41.2360267639
38.3613128662
36.1965408325
33.1568489075
36.0574989319
36.6690788269
33.2157058716
35.8347434998
34.579410553
33.5040664673
33.8760261536
37.5418205261
34.8114738464
31.3295574188
34.7349624634
36.3404426575
30.6581134796
30.7308616638
35.7036170959
33.1703720093
29.9351768494
31.5613632202
35.6548309326
37.1189498901
36.7578315735
33.3827857971
35.4708862305
36.7009468079
31.6624336243
30.6958236694
28.7325057983
24.0379104614
27.2921123505
30.8168640137
27.1077327728
24.8158035278
29.8058567047
30.1270751953
27.1166744232
27.9159164429
31.8650474548
31.467880249
27.4682998657
30.2881011963
34.1941986084
26.2080535889
23.3645992279
21.5428256989
18.4034748077
20.4207420349
16.4875965118
19.7061748505
18.5766963959
19.3097381592
16.6788311005
13.3118600845
13.0043334961
12.813662529
11.1447162628
11.5143680573
13.1767835617
9.09700870514
12.7293491364
15.7583322525
16.0220165253
17.8980922699
12.9586353302
14.5526666641
15.5181322098
10.3201131821
11.5220661163
6.9347486496
7.61226511002
10.3056678772
12.719078064
15.6318492889
17.4521560669
15.0180206299
12.6673498154
9.04702854156
6.01765727997
6.30589056015
6.18594074249
9.64503097534
13.1488924026
15.46296978
19.7517108917
21.3486003876
27.0102653503
27.1657428741
23.4764652252
22.9453105927
26.2274742126
24.2047748566
26.1793231964
23.939825058
18.752866745
20.7120876312
22.7812747955
16.7695903778
17.8444194794
20.848985672
20.0235500336
15.9922981262
19.7374954224
22.46434021
18.6106929779
17.8368930817
17.5273990631
15.3579339981
15.1999778748
14.6291131973
10.5114040375
11.9553909302
13.3369379044
11.3503732681
14.0306329727
16.9375095367
17.8197650909
21.6637077332
24.8850364685
23.385427475
23.6808853149
20.3805446625
20.440580368
15.3160142899
13.330447197
10.8957443237
7.98409938812
6.85278940201
5.3108921051
5.90573406219
9.59977912903
8.60477542877
12.25573349
14.7831964493
17.48387146
15.5857000351
14.3900318146
18.4622097015
20.3991718292
17.2849731445
19.0617351532
21.3858070374
24.3185691833
26.0162620544
20.3303585052
20.3066501617
24.1461772919
25.9601097107
24.5531997681
20.7661247253
22.2148265839
24.5851364136
19.4112205505
18.4000110626
21.4644317627
22.2123737335
17.6637649536
18.662279129
22.5109767914
21.1387882233
19.4223766327
21.9870872498
25.4507026672
22.0238685608
22.4217395782
27.7134799957
27.3391056061
25.6011638641
29.257276535
24.4662322998
25.5494098663
20.2738304138
25.1657295227
20.4964752197
20.772397995
18.9262123108
17.2530078888
18.1719398499
15.5832738876
13.449464798
9.47134113312
9.77484989166
9.22027587891
10.5695075989
14.5416688919
15.7015161514
11.7766389847
13.4781703949
11.1025428772
14.4315185547
13.2192201614
15.8999872208
16.4749202728
20.0016918182
22.6882724762
21.8323059082
26.2795124054
27.6782913208
30.3140182495
34.1461029053
34.3365631104
35.1894569397
34.5977554321
31.1280956268
34.7041778564
32.8222770691
32.9217071533
35.5589904785
33.4062728882
30.4701251984
29.8299884796
29.5810394287
26.1974315643
30.6897964478
29.1122341156
24.7377758026
29.3222808838
31.8055667877
35.2545623779
35.1572494507
32.7827377319
34.116973877
38.0286903381
39.4879417419
34.3116073608
35.6013031006
30.2288742065
30.63139534
28.9504108429
31.9081516266
29.0694389343
25.5189342499
28.306142807
30.7758541107
25.29870224
24.1521492004
26.6982402802
25.882478714
21.5302505493
24.8862857819
27.5564785004
22.3751583099
21.6171245575
25.5587043762
25.6923980713
23.1013679504
22.2520599365
26.2536315918
26.3455352783
27.4408092499
31.7744693756
32.0415840149
34.4847068787
35.1959533691
36.9282913208
33.4516448975
38.2312507629
39.9011955261
35.6097412109
38.5073928833
42.3594284058
39.8162879944
37.2321929932
42.4558372498
44.3321876526
42.0896186829
38.2515830994
36.6101531982
32.5077896118
34.5072021484
34.6448898315
30.956073761
32.4186401367
31.4656848907
31.1736831665
31.7377223969
36.145111084
33.9994354248
30.1765079498
33.8150405884
35.9229888916
30.8071231842
30.4657402039
35.8710632324
34.2474861145
31.19165802
32.1680717468
37.2800064087
39.304271698
39.521648407
36.4556732178
38.5500946045
39.0504493713
34.0795974731
32.6895942688
31.2333908081
26.4993457794
29.540719986
32.6943397522
28.2859611511
25.7907428741
30.6036567688
30.2870845795
26.7059497833
27.8514499664
31.2940158844
30.1861820221
25.5564937592
28.8573455811
32.3663330078
34.7374191284
31.7344741821
29.5061531067
26.2518367767
29.1319179535
25.4413356781
28.7013835907
27.2425441742
28.0298671722
25.4593334198
22.0184230804
20.8362598419
20.2523498535
17.2373905182
15.4653940201
17.2271595001
12.6359128952
15.1431236267
16.6555023193
16.9306316376
18.9492530823
15.3672504425
18.5690460205
20.7220554352
15.5790634155
17.8845043182
13.0846605301
15.5621833801
18.184217453
21.2232704163
23.6220912933
25.4939651489
22.558555603
19.4249820709
16.549451828
13.4134998322
15.0266218185
14.3986959457
17.4945716858
19.5108966827
22.2038612366
26.2518692017
26.9113864899
32.825717926
32.1688270569
28.3886051178
28.281671524
31.7939567566
30.992898941
32.2670478821
29.192615509
25.2149162292
27.6674346924
28.3193702698
22.2611865997
24.5222263336
27.1821784973
25.2855396271
21.9274673462
26.5681247711
28.0617084503
23.2579059601
22.3972892761
19.7450790405
17.2632675171
15.6961402893
17.5094203949
14.8907194138
18.1066818237
20.6217460632
19.540517807
22.4539279938
25.3461856842
26.3812847137
30.0706386566
33.5689735413
31.7873287201
31.5791778564
27.9492359161
28.2240905762
23.4537696838
20.9291706085
19.4632377625
15.7764339447
13.3633289337
9.59977817535
7.8740735054
5.00154972076
6.00397729874
9.30717182159
10.161532402
12.8339233398
10.5739717484
7.01889371872
11.5643491745
14.2454605103
10.1873941422
10.5818185806
12.5045232773
15.8876304626
17.1733779907
11.8607311249
12.0919208527
16.2001476288
18.6131896973
17.7640228271
13.8877925873
15.502204895
18.928527832
14.8121967316
13.2416572571
17.4734992981
18.9187679291
15.0875616074
16.7167186737
20.7825260162
20.5630302429
19.9585609436
22.1414279938
25.4817371368
24.4129104614
24.4527187347
28.5015506744
29.1487388611
28.802904129
31.8283538818
27.6896800995
27.6730270386
21.9812049866
26.9628372192
21.2521514893
19.9479560852
17.205657959
14.1670856476
16.7267608643
15.5926208496
12.0644130707
9.37946033478
5.87044143677
5.66441774368
7.18816518784
9.75104141235
9.31088161469
9.4823179245
10.9869394302
12.1924171448
15.531583786
15.4900760651
18.6109828949
20.2743644714
24.0355739594
25.6153964996
25.2815723419
30.0865402222
31.6481246948
33.1427192688
37.5864830017
36.8382492065
36.7369346619
36.3602294922
33.7103919983
36.9675865173
35.1590385437
35.7021331787
37.709854126
35.6383094788
32.4840011597
30.6881351471
30.0088386536
25.6002845764
29.1619434357
26.3143100739
22.5441761017
28.2892971039
30.7053661346
33.8870811462
34.6825485229
32.8040313721
33.473865509
37.8244590759
39.6784286499
35.4285926819
36.614566803
31.3448371887
31.3730697632
29.4873199463
31.3222827911
28.7875461578
25.4359359741
26.8436775208
28.6024074554
23.4555339813
21.5670051575
23.274274826
22.4505004883
18.0773677826
20.3940563202
22.2311420441
17.7348594666
15.9411916733
19.0310955048
19.1124229431
15.5645990372
16.2818984985
20.340713501
21.6208095551
23.3048400879
27.7864151001
26.9429111481
29.9206752777
31.1243190765
33.8217887878
31.1201343536
35.9774436951
36.7835159302
32.7803878784
36.6483345032
39.6122016907
36.2834625244
34.2597923279
39.9773406982
40.9189987183
38.3721008301
33.8428726196
32.6495056152
27.7059249878
28.6199264526
28.0908279419
24.3826904297
24.7631111145
24.0121021271
24.449005127
25.2211704254
30.1245689392
28.823595047
24.7559299469
28.3821315765
30.9310951233
26.756444931
25.9381122589
31.5048351288
30.9603595734
28.3280830383
28.5713844299
34.4701118469
37.2194862366
37.960609436
35.4282150269
37.4007339478
36.9871292114
32.4020423889
30.6271038055
30.0076999664
25.6289367676
28.4283027649
30.7531471252
25.7890110016
23.8045902252
28.0440139771
26.7022972107
22.6869258881
24.8315448761
27.2098426819
25.1053104401
20.703420639
24.5953636169
27.0508670807
46.3810005188
43.2943916321
40.7474060059
37.4969558716
40.9895896912
37.467086792
40.784828186
39.1655197144
39.9675483704
37.4113464355
33.9728355408
32.3677253723
31.6219177246
28.0446434021
25.2505207062
26.9213905334
22.8341655731
24.151424408
24.1035003662
24.3640785217
25.9803695679
24.3548431396
28.0876598358
30.7822647095
26.2375850677
28.8340377808
24.3682365417
27.3066368103
29.7931671143
33.0051994324
35.1361923218
36.9510574341
33.7578926086
30.3700637817
27.9775505066
25.0218791962
27.0172920227
26.2886199951
29.1798286438
30.3270606995
33.1223869324
36.8053474426
36.7705879211
42.5795822144
41.2446060181
37.6131629944
37.8330802917
41.3144950867
41.5233421326
42.1478157043
38.5489196777
35.7366218567
38.3848304749
37.8817443848
32.2435340881
35.1099128723
37.3663482666
34.7441635132
32.1191215515
37.1004333496
37.5308685303
32.3126602173
31.3993320465
27.1517524719
24.9229278564
22.5106964111
25.9579563141
24.8949146271
28.6407737732
31.7027206421
31.1343955994
34.174949646
37.0564308167
38.2225799561
41.7742958069
45.4516067505
43.5169639587
42.9718284607
39.1852226257
39.5752220154
35.1178207397
32.3103256226
31.3354454041
27.3651256561
24.4919548035
21.38580513
18.98005867
16.2643547058
12.5045204163
15.7354984283
16.2215766907
14.1735553741
15.2785987854
13.8991088867
9.46887207031
10.252617836
13.033498764
9.52956962585
4.97651481628
6.67085599899
5.85584449768
5.44114160538
6.1745724678
8.85671710968
12.2357387543
13.1405391693
10.8622903824
11.9495792389
16.3878269196
15.7778768539
14.1232271194
18.3608131409
20.3330211639
18.8825187683
20.7535457611
23.8623142242
25.0475749969
25.8190917969
27.2138690948
29.7604637146
31.3094387054
31.084602356
33.2701416016
34.933380127
36.0425262451
38.2344703674
35.109752655
34.1004180908
28.8233394623
33.2511863708
27.3762283325
24.5487728119
21.6176128387
18.0443153381
21.7963695526
22.4121723175
18.7967624664
18.4305114746
14.1915378571
14.4779348373
15.0072278976
13.8299179077
10.7787952423
16.4010219574
16.8239612579
20.6649551392
23.0883960724
24.1149635315
26.9999599457
29.1580677032
32.7446746826
33.1744766235
33.2826080322
37.9852485657
39.4950332642
39.7518196106
44.5338478088
42.827747345
41.6706619263
41.6127929688
40.1082954407
42.8104820251
41.2534255981
42.2700271606
43.4865951538
41.6767730713
38.5429382324
35.6725921631
34.5248222351
29.5132408142
31.3715362549
27.1847000122
24.9941673279
31.1813755035
33.152973175
35.6211585999
37.4743003845
36.4415359497
36.2611732483
40.7493019104
42.9211387634
40.1445999146
41.0641441345
36.3849830627
35.9046363831
33.9326133728
34.217300415
32.4367218018
29.7536869049
29.2148342133
29.8501720428
26.0222225189
23.4387264252
23.5828800201
23.0243015289
19.7685203552
19.6550579071
19.6736011505
17.6959915161
14.580124855
14.7198286057
14.7689647675
9.86844539642
14.45728302
17.222743988
20.4657230377
22.7078895569
26.5496578217
24.0054664612
27.5262203217
29.346950531
33.2752494812
32.0217399597
36.4389076233
35.880897522
32.6873703003
37.4978523254
38.9533996582
34.7199516296
33.7174491882
39.6279563904
39.1217269897
36.2487106323
31.0800647736
30.6828193665
25.0473575592
23.8053321838
21.8986415863
18.7350749969
16.4837779999
16.2820339203
18.3691520691
19.4317684174
24.6936645508
25.0802955627
21.2645168304
24.3467941284
27.2959461212
25.3102474213
23.8954811096
28.9450130463
30.1374454498
28.5380001068
27.6914577484
34.0026512146
37.6077880859
38.9486846924
37.3531188965
38.9475440979
37.323097229
33.7554397583
31.5913600922
32.1544532776
28.8782634735
30.8854122162
31.828168869
26.8290748596
25.8574028015
28.5707607269
25.9225311279
22.0229187012
25.2085895538
25.5423755646
22.1058311462
19.1471939087
23.1058998108
23.2991962433
31.2914581299
27.6142292023
25.0857963562
22.1819915771
28.2290267944
28.0095157623
33.2081031799
32.479019165
35.3804206848
32.4691390991
30.3474502563
32.5020103455
31.2550468445
31.8980636597
31.6973628998
29.6257629395
25.6812057495
25.6870212555
26.6322631836
24.2235870361
21.9826984406
18.2875003815
23.5006103516
26.4263973236
23.8333568573
28.180814743
27.2928218842
27.7341976166
30.0290260315
27.970785141
33.8712425232
32.9022979736
29.7951145172
31.3408889771
26.4293060303
25.837387085
24.4771785736
22.1417999268
24.5208492279
22.0484848022
26.7219104767
27.6552276611
30.6264724731
34.6812019348
32.1258506775
28.6095314026
25.9001522064
27.2429256439
27.3436336517
24.8012619019
22.4551372528
22.9763336182
22.6691913605
18.8044166565
16.5253067017
18.2463321686
17.9289340973
14.1455602646
14.8326225281
18.5997905731
15.6857652664
11.5283718109
13.8319664001
9.51581478119
12.0075483322
9.43459033966
9.05912780762
12.894197464
15.7282447815
18.0365142822
21.2651157379
22.6342449188
24.6506614685
28.0526027679
29.4079246521
33.965713501
34.6332588196
34.5876350403
31.8776435852
28.9137325287
27.8420124054
21.666841507
22.906162262
19.1612205505
17.6949386597
21.9870853424
17.9842739105
22.3316230774
22.1414279938
18.957862854
18.1356544495
15.3805437088
18.439874649
21.5448703766
20.2541790009
19.4613456726
23.0982456207
25.2672080994
24.4453735352
27.2138614655
25.9352741241
28.7960128784
25.1060791016
22.0008220673
23.0334510803
21.2441177368
20.4002418518
18.8668174744
17.5591831207
16.0666980743
15.3506736755
13.6673221588
10.5887746811
10.703962326
10.6798524857
6.90879917145
6.02039909363
6.55138397217
4.58031749725
6.5453286171
7.91506624222
5.68550682068
7.07342481613
9.74352359772
10.7019548416
11.4436578751
9.76613235474
9.47170066833
8.24117565155
12.6543178558
11.9121379852
8.2766752243
11.7474136353
13.8156795502
15.8116521835
12.8820371628
12.0390586853
14.6144704819
17.0010547638
18.498500824
22.2451210022
21.0462875366
19.164516449
15.4181861877
12.1089639664
12.0849237442
8.19854068756
11.1122608185
13.0718870163
11.2810411453
15.1272544861
14.388964653
11.6463537216
15.2162570953
14.1624240875
13.6464290619
18.1455402374
16.2327270508
15.5679883957
16.6052265167
16.8253917694
20.0564136505
20.2521476746
23.1747512817
25.7023525238
25.490228653
23.1590881348
23.0481624603
19.2675914764
17.4142398834
20.7200546265
20.1345882416
15.4988241196
16.0517158508
15.9662857056
19.0689811707
17.7978935242
17.5522441864
20.6144809723
23.1862888336
23.3874721527
20.6046009064
18.9652252197
14.7930088043
11.7361068726
8.5645532608
11.3304595947
11.0179948807
7.39019966125
8.78889465332
14.1649122238
10.217212677
8.17206764221
12.0010061264
13.8243131638
11.2588701248
12.8132810593
18.6855983734
15.9665727615
15.3165111542
18.8282585144
20.8780422211
21.8833599091
20.5393371582
22.362323761
22.0622882843
20.0326023102
21.7153091431
25.6066551208
28.6557102203
27.1683368683
29.3157787323
25.6652336121
28.9554691315
29.7518100739
24.1910762787
24.4054279327
28.6479320526
26.9438915253
22.5793418884
26.6801872253
29.4501552582
25.9096412659
25.3849716187
21.6774978638
20.8836345673
24.263130188
24.1389770508
22.2124061584
26.8175697327
24.339012146
21.635427475
21.1645317078
22.7972183228
19.1863098145
17.0365943909
20.1512813568
19.98645401
14.0938215256
15.7778434753
19.6840667725
15.581823349
12.9586992264
16.4515972137
18.311252594
21.5228977203
19.4749832153
16.3196544647
17.4282646179
18.4278774261
14.2137517929
12.0630311966
9.97649002075
5.73812007904
9.48821544647
12.4474248886
9.47338485718
9.62614822388
13.9613780975
14.0155506134
12.5593194962
14.6426277161
17.686920166
17.8938827515
17.5382194519
19.5311756134
22.2123641968
32.3144302368
28.9154396057
26.3804740906
24.1492614746
30.5393180847
31.2001342773
36.4572753906
36.1694297791
39.1860580444
36.2593917847
34.705581665
37.3957862854
36.2821311951
37.4008407593
37.5926246643
35.3008728027
31.6179199219
31.5023117065
32.4560089111
29.8881664276
27.2376251221
23.8271846771
28.6297645569
31.3074626923
29.2754859924
33.4840888977
32.9854316711
32.9887199402
34.9591331482
31.9496707916
38.2032012939
36.5453224182
33.5622596741
36.0080871582
31.118309021
31.0900993347
29.4921741486
27.2908210754
29.4105052948
26.5927772522
31.1582221985
31.3837718964
34.777217865
38.1620750427
35.4418106079
32.2596740723
29.0610389709
29.5783805847
29.6606464386
26.2209472656
24.6459980011
26.2230529785
24.9479675293
20.2764587402
19.8330688477
20.6733970642
19.2518844604
15.7233362198
17.6655654907
19.9907493591
15.6562013626
13.2732172012
15.8246574402
12.7618532181
15.9598846436
14.5385856628
13.5853385925
17.9304046631
19.4981536865
21.3367176056
24.9891777039
25.9314498901
27.5544719696
31.298418045
31.9442214966
36.3583526611
37.7535896301
37.9112205505
35.6578178406
32.076210022
31.8750495911
25.5852012634
27.0438613892
23.8459224701
22.6878261566
27.7134742737
23.9749450684
28.490568161
28.5015544891
25.3944129944
24.5477809906
21.8247318268
24.6305084229
27.927444458
26.6714305878
25.6676616669
29.1945381165
31.6996135712
30.7008514404
33.2701377869
31.7053585052
34.3598213196
30.9125804901
27.8366928101
28.2502441406
25.9561786652
25.0194282532
24.2150688171
22.8731689453
20.3466281891
20.3084068298
19.4212932587
15.5960607529
14.876367569
15.9597272873
12.8751335144
10.0971317291
10.2110061646
9.2116765976
7.07342433929
6.43896722794
8.40169620514
6.34872579575
6.20437288284
8.17712211609
7.27353143692
8.67353820801
9.39905071259
11.9658555984
14.4407911301
16.2744064331
13.4639110565
17.4369239807
19.9464740753
21.3989257812
18.6844043732
18.467092514
20.907333374
23.3888034821
24.6161518097
28.0660018921
26.5774440765
25.007358551
21.2117195129
18.2677345276
17.8873329163
14.1945428848
16.6992816925
17.8567523956
15.1862401962
18.0510883331
16.8242282867
13.4897527695
15.1869268417
12.052904129
10.4711122513
14.1119880676
11.6465072632
10.8191785812
13.3597221375
15.6191186905
18.5000762939
19.8780937195
23.5106315613
26.1193847656
26.6881713867
24.9857807159
25.6409053802
21.3244552612
20.8816146851
23.5656547546
23.8210124969
19.75233078
18.2563381195
16.9282646179
19.35496521
17.0310077667
17.8316936493
21.6285572052
22.9427471161
22.1757793427
20.4436531067
17.3669548035
14.6265792847
9.96920681
6.05884408951
9.15986919403
11.3776159286
9.32011508942
9.63937091827
15.7255601883
13.7666397095
12.3462629318
15.5559654236
17.9400844574
16.6855659485
17.2500514984
23.1408195496
21.3841667175
20.8980388641
23.8062114716
26.0788993835
27.5839080811
26.3093948364
27.5734443665
27.0704994202
24.4968509674
25.1109638214
29.8169269562
32.6413879395
30.5815391541
32.4086112976
28.8239345551
31.2942657471
32.0135192871
26.4815540314
25.1891155243
29.5413284302
28.5890159607
23.810716629
26.7096500397
29.9965724945
26.2458953857
27.4205951691
23.1552639008
24.0505981445
27.6136760712
27.3669929504
26.2592964172
31.259147644
28.4842185974
25.3690776825
24.4356155396
24.8770370483
20.7041568756
19.9521064758
22.5863552094
21.1322898865
15.8107624054
18.3956031799
20.9021244049
15.6570444107
13.9769916534
18.3226490021
17.5995311737
20.8437385559
17.1442813873
13.9836292267
13.9595336914
15.9441337585
12.9182691574
10.5273885727
7.1907658577
6.23961305618
7.48350572586
10.3294048309
10.4120836258
11.2694616318
13.8623752594
14.991063118
15.4360237122
16.1812591553
18.9085445404
20.2417125702
20.9824714661
21.8181476593
24.3008270264
25.1313819885
21.3705425262
19.7073955536
17.3025608063
23.1063919067
24.5252799988
29.6325778961
29.2013225555
32.6509590149
30.1900577545
28.7970046997
31.9879283905
30.6829910278
32.8169822693
33.5106430054
30.6900691986
27.726600647
27.4827594757
28.8426036835
26.2996349335
23.6366577148
19.9269638062
23.6000785828
25.6595516205
24.423620224
28.2258720398
28.8385238647
28.3256855011
30.1696548462
26.7093009949
32.9171829224
31.3816661835
29.0340023041
31.9410324097
27.1146659851
27.3172340393
24.8471775055
22.4571170807
23.8032741547
20.6024513245
24.787443161
24.4413280487
28.3215065002
31.2039108276
28.8537349701
25.8670902252
22.2771015167
22.4349403381
21.8912181854
18.4810428619
17.5621738434
19.0577545166
17.1017284393
12.6220836639
13.1000270844
13.1337194443
11.2240924835
8.11286258698
11.0640258789
12.6378650665
8.80731868744
7.81279182434
12.6786594391
12.4538908005
15.660074234
14.9301137924
11.326956749
14.3492841721
15.0919542313
15.3423614502
19.55900383
19.3374538422
20.2711410522
23.9889240265
24.1180515289
28.5063457489
30.1293640137
30.3527870178
28.4868450165
24.5467739105
25.112279892
18.9751224518
21.0359306335
18.8374729156
19.1626758575
24.4662361145
21.7177810669
26.6914825439
27.6896896362
23.7452220917
23.1957416534
22.1945571899
24.6348018646
27.2602176666
27.1484394073
27.0290412903
29.6566829681
31.723236084
31.99792099
35.1097564697
34.1904754639
37.3548355103
33.113948822
30.3292598724
31.8838920593
30.4002494812
29.3610134125
27.5182151794
26.4865894318
25.2356491089
23.5687999725
22.2037448883
19.7121391296
19.4925117493
18.5917377472
15.3667411804
14.8162736893
13.8401622772
10.8682699203
9.76613044739
11.9712171555
8.44524288177
5.71188783646
8.67353725433
9.29727458954
6.02818393707
5.80609846115
6.13421964645
9.04384613037
11.1253557205
13.8747444153
13.7796792984
17.2459335327
20.053232193
20.0474052429
16.6453170776
17.6616401672
19.1984710693
22.8664226532
24.1823749542
27.726228714
27.6297798157
26.6713562012
21.539478302
19.0151290894
16.7643127441
12.7350635529
13.5423164368
13.6144800186
10.0075340271
11.892156601
11.6690425873
7.44438028336
8.76793384552
5.67581415176
7.25699806213
10.7347393036
10.5742549896
12.1511697769
12.6654653549
11.9873542786
15.639339447
16.288438797
19.0589694977
22.4316425323
22.5958461761
20.9782028198
22.6484107971
19.3535881042
19.6421451569
23.475769043
24.6463012695
20.2004699707
18.6871566772
18.4950065613
21.3830986023
18.6667251587
17.7920093536
21.7086353302
23.0751914978
22.4221153259
18.6473464966
16.8259754181
13.2445955276
10.9926891327
9.32196903229
13.9412279129
13.1454639435
10.7671127319
14.4122524261
19.058303833
15.9915380478
16.3429584503
19.5390853882
20.5958003998
18.9540538788
21.3983516693
26.3510875702
23.2041015625
23.7862682343
27.4691543579
28.9305782318
30.1151580811
27.7089672089
29.5402469635
28.2272624969
26.0487384796
27.3810787201
31.8612136841
34.0597038269
32.2164039612
33.0808334351
28.8838977814
31.6660308838
33.425868988
28.0673408508
26.7868270874
31.8594779968
31.394153595
26.8535823822
29.677564621
33.5112075806
30.8430805206
31.1671733856
27.498418808
27.7746944427
31.8439102173
32.6394958496
30.6927032471
35.5361061096
33.3968963623
30.6130962372
30.2825317383
31.4010486603
27.7764606476
25.9728851318
28.3172302246
28.0495414734
22.3321361542
23.7403755188
26.6813526154
22.134979248
19.5102405548
22.8917827606
23.310760498
24.6028156281
22.0389003754
18.4627571106
19.723733902
22.2711830139
18.2484378815
17.8165969849
15.1920871735
12.344991684
15.3426189423
18.4633045197
17.4189834595
17.4190921783
21.1652431488
22.2534408569
21.5122146606
22.3709449768
25.849313736
26.7607440948
26.1168937683
27.5704555511
30.7494716644
34.2740135193
29.7637748718
31.3061084747
28.2621059418
30.0301780701
32.4610671997
36.2527999878
33.0591049194
38.4466285706
38.0363616943
35.3507499695
37.7795753479
34.4466056824
37.8870239258
37.1377449036
31.4154644012
30.6566104889
27.8317146301
27.3951835632
24.496099472
20.6906585693
21.8297462463
22.6813774109
24.356092453
26.7164287567
30.4732685089
34.4000663757
35.1421394348
38.0240974426
36.6787605286
41.2641296387
41.878112793
40.6716079712
42.1841430664
37.7722549438
36.5980834961
33.1282196045
29.4954719543
28.4986515045
22.8445339203
25.0139713287
22.0057086945
23.8240184784
23.9663772583
19.7523193359
18.7474060059
16.3618354797
14.7680225372
18.8278446198
14.5371732712
12.6172075272
18.8989429474
19.2402267456
14.3527317047
18.0170116425
20.4708919525
19.4790401459
18.4576530457
21.915555954
23.9309158325
23.689666748
23.5066261292
29.4099006653
28.9034080505
31.4424133301
29.2992401123
25.5613479614
25.6853847504
28.2585315704
26.4263362885
30.4916572571
28.0136108398
26.8097496033
28.1456832886
27.0648155212
31.1771183014
31.1051235199
29.329000473
27.7996311188
24.8613910675
28.261264801
24.0119667053
28.7376251221
27.9083023071
30.4050636292
32.921710968
31.0371513367
35.2580909729
35.7021331787
30.1064662933
27.5708045959
28.6407814026
27.5163459778
30.1149692535
33.9901733398
32.4449043274
31.5562992096
35.585231781
37.9624710083
42.27003479
39.6861953735
45.0855407715
42.2906341553
38.6861801147
41.1542739868
39.7433547974
40.4075698853
37.995716095
35.3529853821
36.1916275024
36.2460174561
32.5048065186
30.7384376526
32.6437072754
31.8599834442
27.0107326508
28.1670398712
29.2088298798
25.9587154388
23.1747531891
28.0362625122
26.1174278259
21.8506259918
23.5106372833
26.8015136719
23.8214836121
19.863986969
19.058965683
14.9330749512
16.6229019165
11.0853176117
15.4351902008
19.5368690491
21.0318450928
24.4165420532
20.900100708
20.5833244324
24.8878917694
27.3100776672
31.73462677
34.582660675
38.8791809082
39.8356666565
37.5575714111
33.6631507874
30.3042697906
28.6642303467
23.4789123535
21.5323162079
17.7220535278
18.6211395264
13.5489959717
11.192407608
14.255988121
11.5810279846
17.1199531555
16.1289710999
17.3424301147
17.8420391083
18.6933269501
14.1515312195
9.14252281189
7.94713115692
4.78844833374
4.59934139252
5.2596487999
6.26696586609
10.3650436401
9.94141960144
14.3403930664
16.3132991791
20.5579853058
19.2522449493
14.9457674026
15.8848991394
17.1029758453
15.2177371979
11.9005346298
13.3126497269
13.1220846176
13.4260616302
7.68455791473
11.4141407013
10.6618156433
15.4850969315
19.1343765259
20.54164505
16.2340660095
17.86835289
21.7097091675
20.424249649
19.9091815948
24.5720176697
24.6313114166
23.2047710419
24.8089427948
28.2216300964
28.7646694183
26.4304180145
30.3712215424
32.9255065918
32.2804985046
35.2791404724
29.9918518066
30.3667945862
26.8612251282
24.6303100586
24.6727466583
29.0476779938
28.6840667725
26.4624881744
24.3213214874
20.282743454
21.2558231354
24.7391300201
21.4782829285
19.0150489807
24.0678329468
25.7215080261
22.899887085
23.560218811
27.92927742
28.6354484558
28.5121536255
26.9007663727
28.0645542145
32.7709350586
36.7359733582
34.5507202148
39.5753059387
39.468170166
36.8392486572
38.0615348816
37.9922714233
37.0473213196
34.1425170898
33.0766525269
35.0079650879
30.5473060608
29.0942134857
29.9887809753
27.9174995422
24.9596385956
25.3099002838
26.0999107361
22.118680954
23.3838691711
20.9105510712
24.4365615845
26.6810951233
22.5946941376
26.659318924
26.9129924774
24.5557155609
29.6254615784
30.6343288422
29.0198726654
31.9957561493
35.5874061584
34.7569084167
33.2001228333
37.1830596924
39.4242134094
38.5930671692
39.4765014648
42.097038269
43.8891906738
53.004573822
48.8192672729
47.134677887
43.4801177979
47.8758201599
46.7066955566
51.1669616699
48.5183296204
51.7782821655
49.6637191772
45.9385070801
46.0001296997
43.5554351807
42.6624450684
39.6987342834
37.1263999939
33.7036399841
32.0885620117
30.3865432739
28.5708389282
26.8331432343
28.1087245941
32.641078949
36.3115577698
34.3007926941
38.8507995605
37.9937896729
40.8268852234
44.2334060669
45.5142173767
49.6359443665
50.8323936462
47.7105979919
46.4675483704
42.3041648865
39.7093353271
39.3293037415
36.5554389954
38.3857498169
35.6544456482
39.2695045471
40.435749054
40.5680923462
44.7066230774
41.1500434875
38.2212104797
37.7959251404
39.9052734375
42.6099395752
40.6886024475
36.686416626
38.0609970093
40.285774231
36.5368080139
33.7817420959
37.7070198059
38.4449157715
34.9038238525
35.2162857056
40.3189277649
38.8252182007
34.3240814209
36.5513000488
31.2818946838
31.8422527313
27.9321727753
29.8524646759
31.0001716614
35.88073349
38.0758743286
40.3192634583
41.6572036743
43.4051170349
45.2596740723
47.2218322754
51.8633804321
50.5247459412
49.0628929138
45.5158996582
44.4599647522
42.9669342041
38.2039146423
40.0933380127
36.0574989319
34.5926208496
34.5072021484
30.5302772522
31.7330780029
28.6199226379
26.5658435822
23.3443489075
20.0627403259
18.2060546875
21.6647567749
22.5716705322
17.6361083984
17.8731632233
22.9336280823
21.4459056854
23.8053359985
18.0401325226
22.882314682
24.9391498566
20.7253437042
20.4738636017
18.0060138702
21.419960022
21.3377399445
17.0287246704
18.7811946869
24.055765152
20.0418205261
18.8346672058
22.1474323273
24.3890895844
21.5004673004
22.3248214722
26.0894813538
26.4213466644
24.2631225586
27.4238376617
31.588306427
28.8195362091
27.6136722565
32.3838043213
34.1404647827
32.453338623
31.8439025879
27.8999977112
25.4079780579
26.1841812134
22.8509502411
19.6760635376
18.5553894043
18.1524181366
20.164981842
22.7435646057
22.4305324554
26.1207504272
25.8037242889
28.5662002563
32.0675468445
30.0880298615
25.4657249451
27.7931938171
24.334072113
28.0105819702
25.4717102051
26.67993927
27.1411380768
29.7891864777
30.891658783
28.6359081268
30.0916252136
32.91015625
35.1873664856
32.6540870667
37.0506019592
34.0336837769
31.2664260864
30.55950737
31.0205802917
31.6821804047
30.8780384064
32.7709312439
32.2773475647
31.7717685699
29.5656108856
26.0807380676
23.4813251495
19.7961826324
17.7270698547
13.8309373856
15.6363353729
18.1534099579
18.4776000977
18.6988182068
22.1204071045
22.6960010529
21.0488529205
24.4490795135
26.757982254
27.3248596191
27.7640266418
25.6235923767
25.3170681
25.2055225372
22.4337215424
21.1438961029
21.5590286255
18.7172756195
15.0638599396
16.271440506
16.6820335388
12.54712677
11.9871511459
14.9358873367
12.6774024963
7.6101140976
12.7923736572
14.0211753845
10.7051382065
10.0230903625
14.8528671265
13.6810188293
10.4124584198
11.7971248627
10.6248435974
9.45231723785
8.89449214935
12.4644203186
11.9476451874
16.8630867004
17.4135169983
19.3583049774
16.7703590393
14.3621273041
18.6689052582
17.8974189758
13.3424215317
13.5666027069
18.5214099884
16.5747261047
13.8627204895
8.73239040375
9.51589775085
5.47252655029
6.70753383636
6.3327088356
10.1707077026
11.4786186218
10.0346155167
12.7999820709
11.8626251221
16.1127223969
12.8892784119
7.99787092209
13.3762207031
14.3912611008
10.1691188812
10.1276102066
14.9308853149
14.7217035294
10.7876358032
16.2476482391
18.3986167908
21.6661319733
22.019235611
23.8913974762
20.9876117706
19.2562770844
19.9011039734
23.4011249542
22.5597610474
25.5170326233
23.6098880768
20.1162376404
24.451210022
25.5977706909
21.2857322693
19.1001205444
25.977148056
24.3417434692
20.3325634003
24.2039775848
27.3536701202
25.2370738983
53.6614379883
49.7728118896
47.4762458801
44.057510376
49.0095748901
47.5026016235
52.0861167908
50.0215415955
52.7396812439
50.1875228882
46.7611846924
46.8118476868
44.9139404297
43.4937362671
40.8270378113
39.1836547852
35.2616119385
34.3816490173
33.1613082886
31.520647049
30.1496257782
30.2989807129
35.3105735779
38.9712409973
36.2023391724
40.6336517334
38.7921066284
41.4133377075
44.5146255493
45.5653419495
49.8087081909
50.5795288086
47.1606330872
45.9694213867
41.9146385193
39.5744285583
39.7269935608
37.3973274231
39.7812576294
37.7114219666
41.610004425
43.2421035767
43.7611579895
48.3159179688
45.0523986816
41.8269996643
41.1261138916
43.3574447632
45.4457359314
43.5789604187
39.7548599243
40.541683197
42.4418525696
38.8274459839
35.6584358215
39.1948242188
39.9035415649
36.2160644531
36.1704139709
41.1566734314
39.2895393372
34.5777511597
35.8643074036
30.2379512787
30.4777832031
26.8126544952
29.6637516022
31.2826423645
35.8154907227
38.613735199
40.5517997742
42.5126342773
44.6963005066
46.87134552
49.0810623169
53.6791992188
52.6227416992
51.5414810181
47.9590110779
46.7668113708
44.7209777832
39.7834014893
40.9988670349
36.6690750122
34.4682006836
34.6448860168
30.4526081085
31.3748855591
28.0908279419
27.1018180847
24.5911941528
20.4113101959
19.9245090485
23.1206283569
22.153924942
17.6242809296
19.574962616
23.4602622986
20.593132019
21.8986377716
16.6335449219
19.8207988739
22.2479534149
18.3881320953
16.8629722595
13.8614206314
17.2794189453
18.238483429
14.3949651718
15.1226596832
21.1422901154
18.2114009857
16.8812446594
19.5664958954
22.4716091156
20.7215919495
20.8798675537
24.5123939514
25.6984348297
24.1389770508
26.074716568
30.9505996704
28.9737548828
27.3669910431
31.5817890167
34.0690383911
33.1080474854
32.6394920349
29.5066413879
27.0266494751
28.8442878723
25.4340324402
21.2870349884
20.5383720398
19.6719474792
22.8509254456
24.6508903503
23.1908359528
26.5147151947
25.3687553406
27.5062866211
30.4723777771
27.7028446198
23.2300109863
26.3298664093
23.3255996704
27.540353775
25.8542118073
27.8050556183
29.1614456177
31.147228241
33.2942390442
31.3585395813
31.9598579407
35.149848938
36.4538116455
34.0777015686
38.5319786072
35.3580932617
32.5173187256
32.6836128235
33.7364845276
34.859703064
34.4331970215
36.7359695435
36.7426948547
36.3234710693
33.9751815796
30.805896759
27.7796077728
23.9545898438
22.6991291046
18.7346515656
19.1934947968
22.0298042297
21.9638767242
22.5082015991
25.3469924927
26.3734798431
25.5467891693
28.8160152435
30.6590251923
31.2532844543
30.9189109802
28.5629673004
27.1729488373
26.1050224304
23.4539012909
23.2918376923
23.0226249695
19.5185699463
17.7236766815
18.2566947937
16.7768611908
13.6077718735
14.3672761917
15.8355073929
12.2151517868
9.96226406097
14.4973449707
13.4339904785
9.5391664505
10.7755117416
14.0577363968
15.4728555679
13.2811441422
15.956243515
15.0988893509
14.7585010529
14.4348020554
18.4004039764
18.095199585
23.0380382538
23.1848430634
25.3720855713
22.83436203
19.9645671844
23.6192264557
23.1725063324
18.7973423004
18.1564617157
22.9568023682
21.1691532135
17.2992935181
13.8671741486
13.2513713837
9.84511566162
6.70753192902
4.92194271088
7.73831558228
6.92669868469
5.50990581512
7.57798051834
7.04548549652
11.7020797729
9.32016468048
6.33802032471
10.2518386841
12.488779068
9.76992034912
10.765127182
14.7333183289
15.3380470276
12.8927593231
17.460773468
21.5846767426
23.4182071686
23.7187976837
24.6891059875
21.552324295
20.4259223938
19.3332386017
22.4675693512
22.0836162567
23.7570095062
21.7239704132
18.4123382568
21.9855327606
22.3104801178
17.8652381897
16.0801029205
22.31016922
19.9431114197
15.7322816849
20.0319252014
22.7694358826
19.9688415527
50.24792099
46.2185821533
44.2336349487
40.986492157
46.2597846985
45.8147354126
50.7426643372
48.7675132751
52.1567840576
49.684261322
46.5742301941
47.5584335327
45.4231834412
45.1804122925
43.1162757874
40.3881454468
36.680316925
35.3491249084
34.3309669495
31.9714775085
29.4503688812
29.4698581696
34.5489845276
38.1833267212
36.2316818237
41.0377044678
40.3122444153
42.362827301
45.4460716248
45.2672462463
50.3319091797
50.5052871704
47.2448654175
47.2506713867
42.6413536072
40.8173561096
40.0624046326
37.2904167175
39.3206672668
36.1458969116
40.3316421509
40.9694976807
42.1734619141
45.9526023865
42.2243995667
39.2463417053
37.8063812256
39.2080192566
41.5980606079
38.6822853088
35.2625579834
37.4527130127
38.5938873291
33.8972358704
32.2228279114
35.5041694641
35.3930625916
31.6161975861
32.7793464661
37.198135376
34.5112342834
30.6024551392
32.9873847961
27.7465782166
29.1910076141
25.6110839844
27.2387809753
29.7650947571
33.9800834656
36.2499580383
39.1637115479
40.4244689941
42.1320152283
44.7212715149
46.1548461914
50.8997116089
50.5026741028
49.4455947876
46.25390625
44.1949195862
43.3512229919
37.7370948792
39.7381629944
35.7036094666
34.1343307495
35.8710632324
31.4986038208
33.9463195801
31.5048313141
29.0281906128
26.2094650269
22.2953357697
22.11835289
26.2259292603
26.1405010223
21.8701972961
23.7570266724
28.5168609619
26.6513519287
28.9450054169
24.1255645752
27.9605846405
28.5718517303
24.330242157
23.450345993
20.0247478485
22.261713028
22.766746521
18.8616886139
17.9648265839
23.3668670654
20.3237304688
16.9817409515
19.2485523224
22.5683765411
19.1913661957
18.0669403076
21.8930454254
22.5061264038
19.6840648651
21.5132446289
26.6067485809
23.8626842499
20.9021244049
25.945098877
28.3645172119
25.9581737518
26.6813545227
23.0023517609
22.4495830536
22.9151916504
21.6267318726
17.7113056183
18.8008041382
19.8512535095
21.9464263916
23.1474838257
22.92420578
26.9528579712
27.4742889404
29.9098529816
33.59217453
31.1176280975
27.0221614838
27.8543014526
24.0613975525
27.1603240967
23.8133926392
25.7989082336
26.348815918
27.6096439362
28.9720172882
26.3164310455
26.7190685272
28.8573665619
29.781583786
26.5085468292
30.4799365997
26.9743900299
23.7387695312
23.9776439667
26.1476612091
26.7135658264
27.0245380402
29.9887809753
29.9624710083
30.3247184753
28.4980869293
26.1695957184
22.1144218445
19.8160915375
18.2089729309
16.0635452271
16.2937526703
15.9661455154
14.4078092575
14.2692422867
16.5873622894
18.6611633301
18.5650367737
20.7451229095
21.8955535889
23.6107368469
22.2822341919
21.0878143311
19.0813121796
18.6006946564
15.0026950836
15.7511796951
16.7355232239
12.5112276077
10.4074964523
13.2552843094
13.0998001099
9.75484371185
11.5875520706
14.7161130905
11.7000389099
11.8923549652
15.6928539276
16.1609306335
14.5429611206
15.9803209305
20.184589386
19.2646255493
17.3346138
17.8091945648
14.9960317612
12.7899932861
16.3766860962
19.434961319
17.2840385437
21.0156879425
20.2769050598
21.4780540466
19.3588008881
15.4295959473
16.5923194885
16.9830589294
13.9151973724
11.3071451187
15.1143951416
14.7599010468
9.79392719269
10.2036476135
6.90479660034
8.62219905853
10.1276092529
10.765124321
11.8897027969
17.1279258728
15.8203849792
12.5231637955
13.09283638
9.98975276947
11.7428827286
10.4386997223
6.3425245285
7.64788866043
8.31939601898
6.43901491165
6.07718896866
7.5838561058
6.3005232811
7.61725950241
12.2550811768
13.3251686096
14.0334615707
14.9030828476
11.7306919098
11.3281793594
11.4872522354
15.5159006119
16.3994636536
18.4235992432
15.6767902374
13.7924041748
19.2294387817
19.4626808167
15.6465950012
15.217669487
21.4129104614
19.7453384399
17.1112728119
22.2274074554
24.3094291687
22.5165576935
46.0434265137
43.0328292847
39.4780845642
36.9458045959
43.1383552551
41.4563713074
46.332485199
45.96144104
47.6096839905
44.1154899597
41.8931121826
42.7042350769
42.1589050293
40.5423049927
39.4809036255
39.3422966003
34.6371803284
35.3665161133
35.7221565247
34.0987434387
32.9895057678
30.1456985474
35.8223228455
39.1009712219
35.1830673218
39.2203712463
35.9507408142
37.2518386841
39.3357963562
38.7048301697
43.6941757202
42.866065979
39.0068283081
39.0410041809
34.9965019226
33.9581832886
34.6698303223
33.3529319763
36.7056350708
35.8307418823
40.3193016052
42.4688110352
44.4498100281
49.4080047607
46.912979126
43.1943092346
41.4182929993
43.4727897644
43.8129234314
41.9003829956
39.0158843994
38.6868133545
39.2252311707
36.0032615662
32.5700416565
34.5822677612
34.8844490051
31.2161273956
30.6286907196
34.6003913879
31.7802524567
27.2509422302
26.3844814301
20.6770515442
20.6157588959
18.2473564148
22.4855251312
25.5387439728
28.3999443054
32.1874809265
33.7312507629
36.7134513855
39.6095581055
42.7052345276
45.0054969788
49.3177146912
49.4422798157
49.455783844
46.2256965637
44.2263412476
41.5793571472
36.1434860229
35.967338562
31.4678783417
28.0202445984
30.1861858368
25.7898311615
27.3675537109
25.1053104401
25.408405304
24.8985671997
19.8179168701
22.9722175598
25.7039260864
21.3353652954
19.5249595642
24.7049617767
26.0790290833
21.9857273102
22.1058330536
20.3396224976
20.1844558716
19.2455615997
16.7631626129
13.9712963104
10.5866928101
9.92529773712
12.474650383
11.7861537933
6.91558170319
11.7466554642
12.9431600571
10.2688655853
9.2727432251
13.6010131836
14.6913957596
12.5083112717
14.6151390076
17.6372470856
17.8938846588
16.2869968414
21.8886737823
22.1757774353
20.2417087555
22.1382293701
25.8863315582
27.0263786316
26.7607440948
26.2404651642
24.4259243011
28.3864994049
25.7982730865
20.4965438843
21.4927654266
20.8438873291
25.2682380676
24.4017086029
21.1592845917
23.2608985901
21.6768512726
22.0461883545
23.9940013885
19.9103450775
17.2179431915
19.0821247101
17.295955658
21.1847000122
21.1414890289
24.617729187
27.6551418304
27.3096122742
31.5938301086
30.6369934082
28.8999500275
32.5071144104
31.1967449188
29.7709083557
33.9275741577
31.0013847351
28.7768306732
30.8517513275
32.7366065979
35.1141204834
35.5297775269
38.5930671692
40.1120681763
39.9170761108
37.4233474731
35.687828064
31.835100174
28.4775543213
29.5971126556
26.5749778748
23.8570384979
26.3037853241
25.6613864899
27.408000946
28.0952777863
29.4267749786
30.9030990601
33.762336731
34.3975944519
34.0230560303
32.0905418396
29.0662822723
25.4990673065
22.2414741516
21.2695808411
23.2338466644
21.1558246613
17.7449970245
21.1195526123
19.4633483887
14.4544029236
15.6778297424
18.6184539795
16.5976238251
12.7855510712
18.1119194031
18.8636112213
14.5662937164
14.4597043991
18.2929515839
18.0711803436
21.4746570587
22.2756767273
24.8270664215
23.6601276398
24.7220668793
26.4095573425
30.6992588043
29.9769592285
34.2677879333
32.5600395203
35.5288352966
34.1791229248
29.5497779846
31.4003601074
33.1190910339
29.713476181
26.6709022522
31.2476100922
31.4930763245
26.388053894
25.520029068
22.3448009491
20.4770679474
20.3325576782
15.7322788239
15.9552621841
18.2842121124
13.8184747696
11.9626970291
9.03582859039
11.5870304108
7.13896942139
7.9367609024
13.7664222717
11.5787439346
10.2088727951
13.4784069061
17.1112728119
15.4715852737
16.0952739716
18.3157939911
20.3676548004
26.8099327087
25.0778636932
24.0987644196
23.4359970093
21.5601596832
20.3809452057
15.5966749191
15.8533821106
15.8555688858
14.0973386765
13.465959549
10.9346151352
10.5408067703
9.35557556152
6.25153779984
6.36321401596
7.93807315826
5.21474599838
6.87247896194
7.84304475784
6.36026954651
