40.6654815674
14.9361219406
40.0144882202
27.523393631
36.6381607056
37.7956619263
33.7067222595
25.7296619415
46.593662262
48.9433937073
48.7805976868
47.7476119995
45.5550079346
46.7642555237
45.3174591064
43.1047019958
41.237827301
36.6512374878
36.4718894958
32.6304244995
34.522731781
38.1068000793
40.4307632446
41.4101104736
44.2101783752
53.4022941589
29.456861496
54.4808959961
40.52186203
51.4621086121
52.272403717
48.4033737183
40.6501731873
54.6641769409
56.5770683289
55.8347930908
55.026348114
52.9785461426
53.3548545837
52.2422790527
50.9153633118
48.423576355
39.9716682434
41.3381652832
38.9348220825
39.0326347351
42.0923461914
42.9287986755
44.1655311584
45.6875343323
15.1576471329
39.171672821
19.9808635712
23.0552711487
30.5205001831
19.0474281311
24.5147953033
24.194694519
18.7375354767
20.9177265167
23.6486988068
25.154542923
26.2090740204
28.9413108826
30.8630237579
31.0992889404
30.5644741058
55.4690589905
54.259223938
50.7169303894
50.0313796997
51.8007354736
53.2902030945
51.0496139526
54.6116828918
13.3807668686
29.0457763672
16.4241771698
12.2887716293
25.8985786438
13.7506074905
16.369764328
14.0669107437
20.5642032623
23.3349533081
25.3420944214
26.2071895599
26.2957744598
29.0871295929
30.3905677795
29.948392868
28.9740123749
50.676525116
49.5613594055
45.7016448975
45.4926109314
47.7272644043
49.456905365
47.6709671021
51.2876663208
32.1568832397
8.36525630951
31.2423267365
15.5249795914
32.1507987976
28.2276802063
22.6093616486
17.1575908661
39.9359169006
42.5873374939
43.1374702454
42.6794395447
41.0600471497
42.9053573608
42.2899284363
40.4584236145
38.684387207
44.0286445618
43.5632133484
39.4065322876
40.4337234497
43.7853012085
45.9042510986
45.8285331726
49.0577774048
23.0373249054
19.2173728943
24.9263286591
11.8806829453
26.3425197601
22.5456390381
21.4597129822
11.9162578583
27.4880104065
29.9917011261
30.4367218018
30.1885299683
28.8068332672
30.5803413391
30.4534168243
29.1703510284
27.2277469635
39.957988739
39.2876205444
35.278301239
35.260509491
38.0894432068
39.9065818787
38.8819999695
42.3597068787
34.9325752258
50.6211662292
41.4644317627
41.0958061218
39.1291999817
42.0777320862
47.7889442444
38.7878303528
21.7289295197
20.2689418793
17.5759868622
17.8796768188
18.07447052
15.3217496872
17.193403244
20.2642288208
18.4103431702
41.7772521973
41.41771698
39.9448890686
36.7793045044
36.6534843445
36.1828765869
32.8429832458
35.0258255005
34.9325752258
50.6211662292
41.4644317627
41.0958061218
39.1291999817
42.0777320862
47.7889442444
38.7878303528
21.7289295197
20.2689418793
17.5759868622
17.8796768188
18.07447052
15.3217496872
17.193403244
20.2642288208
18.4103431702
41.7772521973
41.41771698
39.9448890686
36.7793045044
36.6534843445
36.1828765869
32.8429832458
35.0258255005
35.593963623
43.7222251892
41.6947174072
35.4656829834
41.3184814453
41.0041999817
44.1140289307
35.518825531
25.466960907
25.2844924927
23.7160301208
24.3587417603
24.0628128052
22.5671844482
23.8223152161
25.5788326263
22.8039512634
39.5932006836
39.5847167969
37.7092514038
34.8546676636
35.6024475098
35.3709182739
32.85546875
35.0850982666
18.1894016266
27.7470493317
20.1624660492
20.5605373383
15.3154649734
20.3219795227
24.6019515991
12.1316280365
23.1551475525
25.5753498077
25.8608837128
24.4367084503
22.5299549103
25.2214298248
24.1608200073
21.6122379303
21.6126689911
38.1701507568
36.1680679321
32.3143386841
33.4741744995
35.5813217163
38.3070793152
37.1078491211
41.0444221497
26.3079681396
20.1184425354
28.7637329102
15.7490959167
29.742017746
26.4699859619
25.3731555939
15.9369163513
28.7268810272
30.9430332184
31.0489578247
30.8161754608
29.3713874817
30.6112327576
30.4206161499
29.3848171234
27.0150299072
37.8229827881
37.5264549255
33.6703529358
33.1465873718
36.0264778137
37.5409126282
36.5496749878
39.8556098938
43.8451843262
34.7197723389
47.3551139832
32.5600662231
48.4072570801
44.9221458435
42.8058586121
36.2601089478
41.0499420166
42.1287269592
41.4538040161
41.8373222351
40.883266449
40.397518158
40.7101631165
41.0410919189
37.9624443054
43.7427520752
44.8339920044
42.2983474731
39.9822463989
42.1678771973
41.9110374451
40.8563461304
42.6440048218
47.200302124
39.2620048523
51.563659668
35.525894165
54.8673362732
48.795955658
46.4981193542
40.8216896057
42.2767066956
42.9713287354
42.232635498
43.2323150635
42.7978439331
41.7453269958
42.7796821594
44.0819854736
40.4724731445
48.0042991638
49.8098449707
47.6314888
44.0687065125
46.0247688293
44.827255249
43.3375167847
44.6135177612
42.2612915039
36.5280418396
46.9668464661
32.3628768921
48.8663063049
44.6135559082
43.4528770447
36.1369285583
36.596321106
37.279083252
36.2546157837
36.9505691528
36.2497520447
35.1119194031
35.9064941406
37.0839538574
33.4257507324
41.8574981689
43.4164619446
41.1826248169
37.6083755493
39.5084762573
38.4960823059
36.838470459
38.4112930298
17.4109344482
26.0464248657
21.5529518127
15.1594743729
23.152715683
20.1759967804
22.8830928802
12.6977243423
19.2149391174
21.7506923676
22.2500133514
22.0465335846
20.8563423157
22.9565258026
23.2247505188
22.2372989655
20.5385856628
39.6883926392
38.6758041382
34.8889007568
34.4570732117
36.7446594238
38.4933662415
36.8318710327
40.4934387207
8.88469314575
39.3975372314
16.5233039856
24.4681167603
22.041267395
17.6977710724
26.2956848145
21.3225193024
8.51788806915
11.5997362137
14.3452939987
15.0464630127
15.8919658661
19.6559944153
21.3896560669
21.2448120117
21.7239513397
49.7738800049
48.0362243652
44.6767425537
44.3605880737
45.7185592651
47.5208015442
45.1494407654
48.8738632202
22.9412937164
47.5131416321
30.2333831787
35.6308135986
28.4476356506
31.9052639008
39.9868736267
31.4747962952
7.71637392044
6.30905818939
3.74111366272
3.782143116
6.02438688278
8.89660549164
10.954624176
11.8560266495
43.4194107056
41.8179397583
39.5407791138
38.0381622314
38.2678871155
39.3309364319
36.2739372253
39.5667877197
20.830871582
37.3196258545
26.1183280945
29.2674121857
19.3339366913
27.4633827209
34.1346931458
22.583776474
15.6717300415
17.0231895447
15.7623586655
13.364739418
10.4947452545
12.6643352509
11.0091285706
8.31579113007
8.48856830597
33.899559021
31.8825931549
28.8556690216
28.6075839996
29.6703910828
31.8159236908
29.6431274414
33.5494499207
16.0898036957
41.9507637024
22.7939357758
30.2266521454
20.4135379791
24.7931156158
33.3353233337
24.6819934845
8.2291727066
9.83460140228
10.0637235641
8.45814990997
7.66901445389
11.8389167786
12.5144071579
11.8187551498
13.2486009598
42.707572937
40.6879196167
37.7852516174
37.3809738159
38.1952209473
40.0574798584
37.539855957
41.2697410583
71.1684417725
46.0716362
73.1379547119
57.4496688843
67.7015075684
71.0021286011
67.351852417
57.6172561646
69.3256835938
70.3713989258
68.4637145996
67.3776702881
64.9308929443
63.537815094
61.7750434875
60.9085159302
57.6875686646
36.7306671143
40.1449279785
39.9906616211
38.1260643005
40.2514190674
39.0527305603
41.2281150818
40.4750175476
43.6770133972
19.4563369751
45.0783805847
28.141374588
43.260723114
42.4103546143
38.2276306152
29.4905166626
45.3039398193
47.1490592957
46.3874092102
45.7675018311
43.7355957031
43.8387641907
42.8361930847
41.6855278015
38.667552948
34.2433776855
35.5150794983
32.3553733826
31.5491638184
34.9676589966
35.730014801
36.2069473267
38.3223800659
40.4723930359
30.4459877014
41.9711761475
36.3760414124
30.8953437805
41.8364181519
42.9206237793
29.6880664825
40.8460884094
42.33203125
40.6846542358
38.3789787292
35.192691803
35.3371086121
32.3660392761
29.4620437622
28.0086975098
16.4972229004
14.9246768951
10.7025651932
14.0951766968
17.3727722168
20.8960380554
22.1955165863
25.426776886
55.9559745789
46.2436790466
60.129699707
50.0867080688
52.7209892273
59.3554344177
60.0590286255
47.6808815002
48.9942970276
49.1522254944
46.3512382507
44.8815689087
42.3768196106
39.9451789856
37.9179573059
37.6821899414
34.5269165039
17.8824539185
21.4006290436
22.2626571655
17.1761131287
17.6456451416
14.6234207153
15.3166475296
14.119644165
57.3548660278
45.7579498291
60.5673446655
52.0483779907
50.6948165894
60.1515197754
60.9302864075
47.916557312
52.3936233521
52.8476791382
50.1284866333
48.0933570862
45.1290092468
43.2272529602
40.4395904541
39.1666755676
36.7008666992
9.7610912323
13.6867361069
15.5180664062
12.2499017715
12.9357709885
11.5366659164
14.6496686935
13.8766832352
58.4314956665
44.1025505066
59.6550750732
53.6425971985
47.0491256714
59.6517753601
60.1433410645
47.3674240112
57.7243080139
58.7943458557
56.6180381775
54.0751190186
50.7596473694
50.0825881958
46.7060661316
44.0336647034
42.7169494629
14.7096347809
14.5614147186
15.167049408
18.5743675232
20.0967693329
22.5696659088
25.9960327148
26.9117546082
44.2546005249
37.005317688
48.6838188171
37.8393554688
43.8555374146
47.5506896973
48.162979126
36.4721832275
37.8695793152
38.3689193726
36.0680885315
35.070640564
32.8739204407
31.006357193
29.7061138153
29.7105884552
26.0830783844
23.054731369
24.9981784821
23.5530834198
19.1846523285
20.9331912994
19.710226059
18.6457576752
20.1598205566
31.995634079
28.4860649109
35.2048454285
28.6564483643
27.6726665497
34.7749824524
36.7025985718
23.3631744385
30.0254535675
31.4591655731
29.8539104462
28.0328769684
25.1568565369
25.2204265594
23.025642395
20.9174194336
18.502368927
22.0936470032
21.2652740479
17.5653514862
17.0984554291
19.8488121033
22.0392932892
21.3169727325
25.0316390991
52.7463340759
57.3848152161
58.8784370422
54.4080352783
52.0407524109
59.2280082703
63.3389091492
51.2909545898
40.1482772827
38.9376716614
35.3749732971
34.0643577576
32.3382530212
28.5061264038
27.1578388214
28.7459983826
26.2308444977
28.1991977692
29.4747142792
30.5868034363
25.2966785431
23.366733551
20.2841205597
17.0272903442
16.3069858551
58.0935211182
68.3944168091
65.192237854
62.1087799072
60.8957099915
65.6901550293
70.7006378174
60.2190895081
42.6651687622
40.5477714539
37.1345291138
36.8460693359
36.4782600403
32.3158683777
32.6007728577
35.6197357178
33.6362037659
43.7777328491
44.8141708374
45.7181282043
40.6276359558
38.7311172485
35.8537940979
32.4747505188
31.8176708221
59.5450248718
64.0683670044
66.1698684692
60.0284919739
61.7245445251
66.0815353394
69.6283950806
58.77085495
45.7254905701
44.1785583496
40.8521575928
40.4567985535
39.566986084
35.5753707886
35.4140052795
37.8880271912
35.1284408569
39.0326080322
40.9069862366
41.9316825867
36.3606567383
34.8225898743
31.3323459625
28.4732894897
27.1511993408
43.7706832886
39.5485916138
48.8138923645
38.210975647
45.2468338013
47.6687202454
48.6803970337
37.6122970581
35.876991272
36.0975723267
33.7525444031
33.1291732788
31.3255119324
29.1460380554
28.4263515472
29.1391334534
25.3473949432
27.3897380829
29.185251236
27.8574352264
23.2715358734
24.523431778
22.9490203857
21.1681213379
22.4943599701
40.7766952515
41.9677429199
46.559677124
37.6434440613
44.0226745605
45.6570472717
47.727809906
37.1757087708
31.0102386475
30.8888187408
28.4708385468
28.1828632355
26.8129482269
24.3715343475
24.3151397705
25.7769680023
21.9717483521
31.3508071899
32.5897293091
31.1757221222
26.6989765167
27.5060424805
26.0694942474
23.5109672546
25.1201572418
38.1197128296
41.9986038208
44.0985870361
36.8026924133
41.1045150757
43.5152435303
46.3782196045
35.5443725586
27.78789711
27.5861167908
25.0166931152
24.5445652008
23.0861282349
20.5803337097
20.4631443024
21.9850292206
18.2184333801
30.8025283813
31.5775299072
30.0424613953
25.8319988251
26.4913139343
25.4320354462
22.597278595
24.6353626251
44.2267112732
55.8181266785
51.409122467
47.4477424622
49.8309936523
51.4307899475
56.0057563782
46.6829795837
29.3379497528
27.6054286957
24.678358078
25.1507053375
25.2240943909
21.6136131287
23.0651779175
26.4756717682
23.8319015503
41.9667434692
42.5937538147
41.9259109497
37.382396698
36.8036575317
35.0155487061
31.4762401581
32.5540237427
44.2267112732
55.8181266785
51.409122467
47.4477424622
49.8309936523
51.4307899475
56.0057563782
46.6829795837
29.3379497528
27.6054286957
24.678358078
25.1507053375
25.2240943909
21.6136131287
23.0651779175
26.4756717682
23.8319015503
41.9667434692
42.5937538147
41.9259109497
37.382396698
36.8036575317
35.0155487061
31.4762401581
32.5540237427
54.2315139771
56.6959762573
60.6797561646
52.1209907532
58.5365753174
59.9133453369
62.2743530273
52.493927002
41.6437606812
40.5439186096
37.7693748474
37.9578437805
37.3134841919
33.8623161316
34.3364448547
36.8524894714
33.4949417114
40.1407623291
42.1332321167
42.105052948
36.6886024475
36.2743530273
33.2855987549
30.5659675598
30.1993312836
62.6028289795
60.4102745056
68.6017684937
58.6431846619
65.1555633545
67.6913146973
69.244392395
58.8567695618
50.9292144775
49.9985809326
47.0852622986
46.8976631165
45.8099746704
42.3138122559
42.1220970154
44.1167755127
40.7212982178
39.3532905579
42.1287879944
42.8755302429
37.1846923828
36.5657806396
32.8612060547
30.9661979675
29.361749649
64.141998291
58.411075592
69.6578063965
58.56823349
65.609588623
68.5626220703
69.3870773315
58.7205543518
53.7344818115
53.1095619202
50.2474937439
49.8372650146
48.4213676453
45.1408233643
44.5617713928
46.0738754272
42.5819892883
36.6931228638
39.873085022
40.7457847595
35.1511993408
34.7938728333
31.0174121857
29.8058319092
27.9017391205
