19.3797588348
20.3744087219
21.751750946
24.9415969849
23.7409076691
22.7714824677
28.7075042725
25.8624706268
27.6689586639
28.8001403809
26.7416934967
24.7957763672
23.0891551971
24.1850280762
19.7069206238
16.5176486969
14.6201286316
17.954914093
20.9532661438
20.2770271301
22.7697734833
25.7186336517
24.4724693298
29.0523891449
25.6801681519
28.5892429352
28.7818336487
28.7364654541
31.6021175385
25.4467182159
26.7057781219
22.3311023712
20.0707435608
19.0629501343
15.2769384384
16.8358001709
13.159485817
16.9809627533
13.0070676804
15.6250209808
16.4088954926
11.1803369522
13.2204494476
16.8698253632
13.7509288788
11.0200843811
9.223320961
6.90980911255
5.93896961212
7.71372175217
6.2712688446
6.91641569138
8.83114719391
7.4708776474
7.08265924454
10.6177959442
12.9876613617
12.4270210266
13.0572805405
15.8219480515
19.0599861145
22.4751262665
24.7093238831
24.1375865936
19.2676773071
18.5492153168
18.5066280365
13.6009979248
18.2691459656
13.6470918655
10.6323451996
15.2209396362
13.3442382812
17.0043697357
17.8031997681
17.6662082672
17.3775939941
11.8885641098
15.7933311462
12.8113107681
16.2981033325
16.9964523315
21.0109786987
25.3323478699
24.7713851929
28.3221111298
30.2385501862
26.8398361206
26.1922149658
27.9014568329
27.7797660828
31.3575572968
32.7397155762
32.7018737793
33.3264274597
35.6649551392
37.4750976562
37.9630470276
39.1561088562
35.1285476685
39.4099998474
40.3416862488
39.8773612976
35.4453620911
34.3289375305
34.5766067505
33.3959197998
30.5101070404
30.1277103424
30.7789764404
28.3632068634
24.7496700287
26.4074382782
26.9251174927
22.3123950958
21.8104400635
24.010515213
20.6313667297
18.3984851837
20.822347641
21.305847168
18.5225257874
18.4218978882
15.1877298355
16.7697677612
16.1803150177
17.0290145874
17.0191688538
20.777387619
21.3833770752
25.1051216125
22.8092060089
19.3707370758
23.229883194
23.183599472
27.7036724091
28.267950058
31.0127124786
32.4644508362
31.0543575287
28.5208454132
25.9453144073
23.1996707916
19.3032989502
17.599905014
14.6833810806
13.1169748306
12.0846595764
11.5156145096
12.6228942871
12.7898397446
11.896490097
14.6741790771
17.8070964813
19.1511268616
17.9078407288
21.4257030487
24.2389659882
25.61951828
27.5893115997
25.0621871948
23.0868396759
24.6948127747
27.9801139832
25.4571018219
21.5545558929
25.8356628418
28.1743507385
24.300901413
26.8869190216
23.1485042572
20.3094062805
22.4170665741
23.0019702911
25.9777908325
22.1694164276
21.709186554
26.5493583679
27.7987327576
24.7482452393
27.4330921173
30.1357555389
29.0659694672
28.0416030884
32.5321273804
35.1632003784
31.4443511963
31.6980361938
37.2012557983
37.6347846985
35.3143310547
35.7817459106
31.7620429993
33.3570709229
32.3337173462
33.616191864
34.0868759155
36.2402534485
33.7437858582
28.3397293091
32.5951118469
35.4118232727
31.230764389
29.8803520203
35.5177497864
35.4046630859
30.3032855988
32.5418243408
36.9354133606
34.7962226868
37.8452644348
37.207233429
40.8852462769
40.6682662964
42.7140808105
47.3779067993
43.8148078918
42.3139190674
43.5282516479
45.208366394
41.4243507385
39.2358627319
42.1318893433
39.994392395
35.4659576416
35.2076454163
37.1141548157
37.0446243286
31.3413887024
32.3875312805
34.2623214722
32.4238853455
32.4008750916
28.9440593719
31.2907829285
34.7603302002
29.6603107452
31.7004718781
30.8068161011
27.5943584442
29.7373008728
34.2005615234
32.2811393738
32.434803009
36.9748687744
37.9891815186
41.0662460327
38.9773979187
36.3667907715
39.8557052612
42.0680885315
40.3072433472
37.0820465088
37.0043945312
8.10778427124
11.0810585022
13.0447349548
15.4765930176
12.4909439087
11.1608963013
17.1895389557
16.0308761597
18.0592002869
20.0725383759
19.5236930847
17.3566093445
18.1310653687
20.9399795532
18.5296115875
17.3211154938
17.2533283234
16.1232566833
16.7759456635
13.963932991
15.2877960205
15.4420156479
13.0224685669
16.5153179169
12.7054452896
16.4472103119
16.0554637909
15.3357591629
18.3092594147
12.3047389984
14.2918815613
10.2268543243
9.83654594421
9.77402305603
10.4433135986
12.5101623535
12.4428863525
17.2618732452
15.9952526093
20.3645915985
20.2190952301
16.7996883392
20.6582565308
24.6583251953
21.9938755035
20.8913593292
17.9026432037
17.0631027222
17.4803123474
16.8864116669
11.6682138443
13.6470918655
14.6792058945
10.5781707764
7.78752088547
11.385061264
12.4508953094
9.29331588745
7.64165115356
10.9492397308
13.2254495621
12.7584867477
17.7158145905
18.1782035828
19.0806694031
14.6613931656
11.5991973877
9.22164535522
5.29172086716
6.1155371666
5.22724962234
7.55733060837
11.3155097961
14.4159975052
17.5800113678
17.4613018036
14.9128112793
10.3104104996
9.64300632477
6.2872710228
4.39681196213
7.52016592026
11.047498703
14.9233903885
15.9194107056
18.8276062012
22.1233673096
20.1210365295
21.4175205231
24.0776939392
25.4912052155
26.1643981934
27.6368122101
29.8516387939
30.1632995605
30.9099941254
32.9366149902
35.0905838013
36.5871772766
31.7278823853
35.492061615
37.6064872742
35.7129364014
30.6750736237
31.619846344
31.6613883972
29.1379261017
26.5037765503
28.4650230408
27.8933296204
24.1314373016
23.208032608
25.4022579193
24.4462776184
20.5163345337
22.319776535
24.182012558
19.1248703003
19.4841213226
23.6901702881
22.938615799
19.9657440186
23.9074821472
19.0023498535
21.9914417267
18.948135376
23.2444896698
20.4389591217
22.3702354431
22.3653564453
23.8465270996
21.7789840698
18.3236560822
20.3156509399
17.4178924561
20.9867210388
19.8771781921
21.3784275055
23.87616539
23.707654953
21.0556221008
21.240240097
16.8844127655
16.4653434753
13.6813564301
13.5153894424
14.4019355774
15.7012176514
16.7120628357
19.4794063568
21.4779834747
18.4704780579
22.8734664917
25.2004051208
28.0414867401
27.5026626587
31.8912220001
28.1641712189
31.0140533447
30.8850955963
27.5408420563
28.5673007965
30.6856231689
34.687297821
32.8594436646
29.2577133179
33.4422721863
36.6537704468
33.9709587097
35.7396888733
32.5042419434
28.5874729156
29.1713352203
28.0405197144
30.853597641
27.3722686768
24.9919223785
29.4708442688
31.9756450653
27.2993717194
28.3276844025
31.7419471741
30.9407672882
27.9917488098
32.2603492737
36.0167655945
31.2035140991
29.8799266815
35.7992858887
37.1044998169
34.4070129395
36.3333892822
33.2137832642
35.7586402893
36.0804214478
35.8899993896
37.511844635
39.5700874329
38.5462226868
34.5786628723
39.0380706787
40.4277648926
36.2039604187
37.0329399109
41.8867835999
39.9653511047
35.832649231
39.2911224365
43.2714576721
39.8534431458
42.5263290405
40.3280639648
43.273235321
42.0431556702
43.069644928
47.4017791748
42.7331924438
41.9893913269
42.6417274475
45.3223304749
41.1470375061
39.0993614197
43.0075035095
41.2181472778
36.2449645996
36.6587257385
39.7335968018
39.4698944092
33.8586349487
35.8616409302
38.8220291138
38.9255142212
38.7514152527
35.1368255615
37.2289581299
39.8485336304
34.3025093079
34.5462226868
33.255355835
28.6970081329
30.8373641968
35.6524085999
32.5032691956
31.1852607727
36.3225326538
37.7166061401
40.0506248474
37.4646492004
34.4702148438
37.2022209167
38.9462203979
36.9921150208
33.0887184143
31.7139129639
40.2922668457
41.1345291138
38.8579597473
43.7568893433
41.4302406311
37.4280509949
38.0737419128
34.3419914246
31.4761486053
26.5509967804
26.5390224457
23.4645118713
22.4751205444
22.6941833496
22.2904148102
22.945186615
27.3214664459
26.6250514984
26.8726234436
25.3901195526
29.0898418427
29.0402259827
32.2459526062
37.0473632812
39.0679397583
41.8320350647
44.2287139893
40.534702301
39.8385314941
35.0380821228
32.0750770569
31.4038581848
28.334651947
30.8729171753
27.1932678223
30.3263645172
30.3276767731
32.9721031189
36.8031768799
35.5576705933
31.3795986176
32.2269020081
36.8144569397
34.2969741821
31.1223335266
32.658416748
30.4258880615
34.6082038879
33.3212203979
29.6204147339
30.9086017609
35.3143348694
32.0533828735
28.0796871185
32.1421470642
34.3818092346
30.0223960876
27.9632987976
33.0107154846
34.8899497986
30.1006603241
32.6451187134
26.6800193787
26.2904491425
22.5398654938
24.5965385437
24.5133895874
30.7434997559
30.6726169586
32.8056297302
34.4070167542
36.6993026733
37.4527854919
39.9533195496
40.0821342468
41.5159225464
38.3046455383
36.2343826294
34.1049690247
34.8859558105
30.5549278259
32.8402366638
28.0868644714
27.0514755249
26.1512508392
22.6715488434
23.2293586731
19.6125259399
17.5963459015
14.5571308136
11.5305786133
10.7930803299
14.2256507874
11.6903705597
6.48575973511
9.36420822144
11.8761062622
9.92881965637
6.0959353447
6.33751344681
8.4334859848
12.174949646
13.8447332382
15.9931373596
13.1718149185
11.6337757111
15.5294799805
17.0616264343
14.0118207932
15.125287056
19.4385032654
19.3806037903
17.7166194916
20.6804351807
23.5051803589
23.0673179626
21.8910427094
25.9556102753
28.853302002
26.7217502594
26.4573917389
31.2203197479
32.4188346863
32.8950653076
28.2927093506
25.8447704315
21.600605011
23.5445728302
19.0347194672
16.2355728149
14.2946128845
10.886464119
13.6550559998
16.8519954681
14.8685235977
18.3151683807
17.5295391083
21.5326251984
24.4403533936
22.8621807098
19.4140071869
21.4553775787
17.592754364
21.2489814758
20.3600559235
21.0577945709
22.134393692
24.4557361603
23.4144706726
25.2871360779
24.5966205597
27.5759181976
27.3518257141
30.2934818268
31.0719795227
31.5184421539
29.8955078125
31.4707889557
15.2776346207
16.8881587982
11.9035348892
12.0655641556
17.6755828857
19.4554653168
21.1237201691
23.7891521454
23.0497074127
22.1200962067
25.5582580566
28.3054656982
27.8678894043
30.2795791626
26.5971012115
26.8743801117
26.115240097
23.9150562286
21.0169467926
20.1378803253
19.7080516815
16.6402130127
15.0039072037
15.1569013596
12.6287097931
10.6362314224
10.1480751038
10.0502786636
7.78566169739
5.23786640167
7.73356485367
7.53266859055
4.42093753815
4.80961751938
6.7187538147
9.47836112976
12.6786613464
9.28092384338
13.0757751465
15.3521490097
17.9611415863
20.0345897675
21.7220153809
17.4221420288
15.7646989822
21.4510650635
21.0412044525
15.4169225693
17.1735153198
21.4058628082
21.8847026825
18.2310295105
17.1847572327
13.8424501419
13.0453901291
12.5527181625
10.411822319
14.7477931976
10.5275554657
11.9454097748
15.1154632568
18.2612724304
17.4751319885
14.3842926025
15.2939462662
19.2930698395
16.8973083496
13.6749601364
17.4350738525
21.315870285
17.4227581024
15.8971700668
21.4106864929
23.2106132507
25.9361228943
25.0405311584
27.7296524048
26.3406867981
22.1546993256
22.9096717834
26.4445171356
23.208316803
26.664182663
25.3823490143
20.8225364685
23.1286697388
26.3326015472
21.1163082123
22.7509307861
16.5371112823
19.1625442505
23.2091617584
21.6461162567
18.3730449677
20.1081809998
21.4175701141
50.3937225342
51.1469345093
49.7113075256
54.8228149414
53.0955085754
49.7552757263
52.5665130615
48.1273918152
46.5654144287
43.0130310059
41.4223251343
38.6579170227
35.9198913574
35.0622215271
32.0501747131
30.4477882385
32.7076225281
35.7438964844
38.0646133423
37.9154701233
42.0584831238
44.3133087158
46.5406265259
52.2035140991
52.4077033997
55.4717597961
57.3450431824
54.6689529419
55.326587677
49.0956420898
47.4353294373
45.0497283936
41.3651733398
42.7080421448
36.9831962585
39.8329048157
37.4548072815
39.616230011
41.1093521118
38.5847969055
35.4392967224
35.2384490967
37.8491172791
33.9334030151
30.9466323853
31.7526550293
31.2955055237
35.2309341431
32.6336898804
30.1463241577
34.7973136902
36.9354019165
33.4291534424
33.4696578979
37.5404586792
37.6344566345
34.2762260437
35.755531311
39.9462127686
40.3881607056
36.6110534668
41.1282157898
36.1739044189
37.9393539429
34.1616401672
34.3799438477
36.0586624146
41.2987174988
39.6227226257
43.8507041931
43.2714576721
43.4793663025
46.1036338806
46.1853103638
47.170249939
47.344203949
44.5546035767
43.9915657043
40.8784637451
43.8316726685
39.4211120605
43.372505188
39.4944839478
40.1309623718
41.8580284119
38.412361145
40.5187835693
37.9943733215
34.7406387329
31.2003955841
28.6851539612
26.8777580261
33.2169189453
31.7870235443
26.6063041687
28.8051738739
32.5933189392
31.4050121307
27.5458202362
26.5995578766
27.9028511047
30.5313415527
28.5717887878
32.3098983765
31.6627235413
26.9812107086
28.8321990967
31.7067298889
29.7311477661
26.0113964081
30.3360481262
32.0575714111
27.2167415619
28.0762939453
32.0079994202
30.8254394531
27.1995162964
30.3914222717
34.6862678528
30.7175598145
27.8057136536
33.4280357361
35.1758232117
31.3435611725
29.9892520905
25.6031799316
25.578163147
22.279045105
23.08852005
22.4283924103
22.8262062073
24.353061676
25.652387619
27.062713623
28.0247020721
32.9342308044
34.5193405151
38.2450866699
41.8694992065
40.296257019
36.8055458069
37.1319732666
31.4989757538
34.6129417419
30.3192138672
31.86419487
30.4104557037
29.9520149231
27.8895931244
28.4925136566
25.0471591949
25.3040733337
27.7920055389
27.2719230652
27.3596153259
24.9798297882
22.9307155609
20.9440193176
17.8614826202
13.891125679
14.870803833
17.6380157471
14.9926204681
13.5587034225
10.3613920212
14.0606613159
15.9853429794
11.7593231201
11.1361665726
15.9913139343
14.6380987167
19.91365242
19.6192169189
21.3279438019
23.3981227875
20.1047458649
18.6261692047
21.7006835938
20.2719955444
13.7288608551
18.4867172241
21.2392177582
17.6290912628
16.4245586395
21.049665451
21.0384635925
17.1278324127
20.3396530151
24.0800476074
23.3662338257
20.8145618439
21.8847064972
18.4198036194
16.3352012634
13.1721849442
10.3783187866
15.1505889893
13.9378166199
16.5667743683
14.34233284
14.238038063
12.7432985306
10.2629413605
10.3866167068
9.2928352356
6.15002393723
7.73576259613
8.03751087189
5.47029972076
6.7844786644
6.4302740097
11.1443157196
13.4508295059
16.8510017395
19.7419433594
22.9380340576
24.2133026123
22.0797119141
24.9552364349
23.8941326141
24.3416442871
22.2794437408
19.8515529633
21.3804473877
21.3284473419
17.5782012939
15.9088249207
19.9408550262
17.7548656464
13.1592226028
13.9652061462
9.78848648071
14.7493686676
16.3255405426
19.130695343
18.0361232758
16.9246063232
21.5964241028
25.9999523163
26.3502197266
28.9008026123
26.4037265778
25.6190547943
29.9486083984
31.193780899
26.5408477783
29.3663253784
26.824174881
28.7912311554
32.9434623718
33.2046279907
31.6486492157
33.2810745239
36.1000671387
48.8241157532
50.40234375
48.8136253357
53.6068725586
50.9743156433
47.2122383118
48.743183136
45.2092323303
42.7228431702
38.0414199829
38.0516624451
34.5035171509
33.4694252014
33.7725486755
32.2314796448
31.7349071503
35.6864547729
36.4319534302
37.42710495
35.7150230408
39.8559761047
39.7399940491
42.5054588318
47.3128967285
48.5242652893
51.8866729736
53.4136695862
49.6405944824
49.5197219849
43.9082794189
41.7811012268
40.879573822
37.8947982788
40.6662712097
36.279624939
40.0049095154
39.0546760559
42.2425346375
44.9193496704
43.6437339783
39.7996559143
39.6642303467
43.8806610107
41.1262321472
37.5055656433
38.3988380432
36.4857940674
40.5469856262
37.7289810181
34.6761436462
37.4508934021
40.6682548523
36.187877655
34.1663169861
38.3103408813
39.19373703
34.4487495422
34.0967254639
38.6974906921
39.5258674622
34.3150901794
37.4193000793
30.597410202
31.0878582001
27.3397502899
29.9121074677
31.841835022
37.3813972473
37.7163009644
40.4250030518
42.0431556702
44.0177726746
46.1322021484
48.153465271
49.1279678345
50.4260139465
47.4707832336
45.6835365295
42.5420417786
44.0765953064
38.9086494446
41.3161354065
36.6004180908
35.0747032166
35.8351860046
32.0350189209
32.9362792969
29.3539505005
27.7741336823
24.9932994843
21.0445251465
21.8841304779
26.0473632812
22.2376251221
17.6573104858
21.5601501465
23.6604194641
20.1037769318
16.8952941895
14.0268001556
16.0842933655
16.3760242462
13.6831941605
18.0064468384
19.4077186584
14.7691431046
16.7420539856
20.2235183716
19.6832065582
16.6544570923
20.738161087
23.2254867554
20.9183444977
21.5764427185
24.9580001831
25.8183612823
23.6203289032
26.268163681
31.1366996765
28.7792682648
26.6411437988
31.6380023956
33.972869873
32.9782142639
30.3600826263
27.1325454712
25.4504127502
25.4279212952
24.157251358
20.5570220947
21.2439880371
19.5235958099
22.8843975067
24.5910358429
22.5499649048
27.0392990112
26.310798645
29.8000736237
32.6798934937
30.0974903107
26.8525924683
28.2423915863
23.705493927
28.1927261353
26.2149429321
28.6237812042
29.1266670227
29.5500164032
29.4170856476
31.6606445312
28.6493587494
30.1681518555
30.4351806641
31.3325157166
30.8801326752
30.6748428345
29.8790512085
30.6275863647
21.2054824829
19.9593505859
16.2074203491
16.9620723724
19.5453357697
18.7617321014
18.4372158051
21.4764251709
23.4406814575
21.8235588074
23.1686592102
27.1922168732
24.8661975861
28.228313446
26.0084915161
25.0451469421
24.4313488007
20.941532135
20.6897945404
20.8012619019
17.7270965576
14.6415510178
16.3297080994
15.4311485291
11.3197059631
11.9786157608
14.2599859238
10.7532129288
7.14064693451
12.6058654785
14.0731229782
9.95321750641
8.98830699921
12.5527162552
11.3669939041
11.9931936264
9.18388462067
11.7091341019
14.1895952225
16.8416118622
19.8852710724
21.3519821167
23.1268024445
23.5009822845
18.0200939178
17.2375526428
21.0579509735
18.8524188995
13.2615804672
15.5551691055
17.6708316803
16.8510036469
12.1799526215
11.9012479782
6.75975704193
5.49708366394
5.51826143265
8.33458995819
9.00031661987
6.19507980347
9.08764266968
9.20053958893
10.3776712418
8.24456882477
5.65465259552
10.4724693298
11.2886190414
7.73161315918
8.48962116241
13.3487281799
12.8866453171
10.6617279053
14.0611362457
17.4408454895
19.5580749512
20.2596969604
21.8283672333
18.8654060364
17.4137783051
17.6981620789
22.2541046143
21.480091095
23.9198760986
20.2477035522
17.6684074402
21.301109314
22.1106529236
15.6702136993
17.217628479
13.211183548
16.9849700928
20.4742488861
19.2220878601
17.4721412659
20.6997680664
23.6369953156
52.0235061646
54.3070869446
53.1168670654
57.5016517639
54.3781738281
50.7316627502
52.1464729309
49.3017654419
46.7632675171
42.004524231
42.7626152039
38.774520874
38.6086578369
39.5675582886
38.1831512451
37.6569519043
41.8029251099
42.1682891846
42.8879852295
40.3977012634
44.5168533325
43.265625
45.8545303345
50.0618896484
51.1913986206
54.8943786621
55.7080078125
51.5600013733
51.4386978149
45.9112739563
44.1459617615
43.8300018311
41.4050445557
44.7774238586
40.9695701599
45.1445770264
44.4226455688
48.218006134
50.6310157776
50.0433921814
46.315536499
45.6395111084
50.1551513672
48.0450973511
44.1090049744
44.621383667
42.3582611084
46.09608078
42.6570968628
39.9322662354
42.3225250244
45.2083778381
40.1018371582
38.2438468933
42.0789451599
42.6174697876
37.5158195496
37.1313247681
41.2894439697
41.7460708618
36.1723632812
38.5736503601
31.1935081482
31.3929100037
28.1708335876
31.7584533691
34.4731292725
39.303730011
40.7208900452
42.8025436401
45.3223304749
47.8254814148
50.2824134827
52.8495674133
54.2466697693
55.9578666687
53.2225036621
51.09375
47.5381698608
48.7271652222
43.0974388123
44.6868209839
39.9504890442
37.3215560913
38.4160690308
34.6059608459
35.0699882507
31.3851089478
30.9219760895
28.9564266205
24.5848140717
27.2501564026
30.2516651154
25.1899032593
21.9924106598
26.611946106
27.576461792
22.8057327271
21.0469074249
17.2096347809
18.2561454773
15.8890581131
11.3086957932
15.5874471664
19.7795524597
15.2480897903
15.4947195053
19.2597427368
20.7862186432
17.3198642731
19.7983665466
23.3365764618
22.6232509613
21.9862880707
24.5567245483
26.904291153
25.4322338104
26.6270904541
31.9199104309
30.5549888611
28.3438262939
32.3536834717
35.1836166382
34.9573478699
32.9793777466
30.4180088043
29.3838348389
29.958032608
29.4095592499
24.9853878021
26.6773071289
24.4619045258
28.3356208801
29.2261962891
26.1362247467
30.1056556702
28.4249668121
31.1307945251
33.386013031
30.1082248688
27.4641952515
28.8566112518
25.2720127106
30.074924469
29.024641037
32.2116470337
33.3021888733
33.239025116
34.3886680603
37.2686462402
33.7747802734
34.9714736938
34.4776153564
34.9807777405
33.8308753967
34.2731018066
34.4286804199
35.79063797
28.5503768921
27.4550132751
23.607339859
23.2452163696
25.993927002
24.5392532349
24.4294681549
26.6450920105
29.3487205505
28.6734104156
29.4607601166
33.1871681213
30.075170517
32.6720161438
30.6600990295
28.3010082245
26.7362594604
23.4283504486
24.9013156891
24.1433029175
20.1431350708
19.8325386047
20.8485603333
18.1079692841
15.4274549484
17.6044330597
18.4865036011
13.6760854721
13.4406757355
18.1995487213
17.3936042786
12.3467264175
14.4176559448
18.2612724304
18.5193500519
19.2911071777
16.8027858734
19.4137096405
22.277173996
25.2871685028
28.3394489288
29.8735256195
31.219751358
31.864490509
26.4834156036
25.4211597443
28.7062034607
26.7594947815
21.4112262726
22.8358917236
24.5282306671
23.8941249847
18.6000823975
19.5389232635
13.9628734589
13.3178911209
9.20053958893
10.8307466507
9.89072036743
10.7036046982
6.97809314728
4.99688911438
5.22498559952
6.57369375229
5.81209516525
7.65766382217
10.7255048752
10.694319725
10.7558355331
12.5737352371
15.2192401886
15.465306282
16.8941478729
22.3323764801
22.6531429291
23.4380073547
23.646446228
20.051908493
20.0626926422
17.9017086029
21.6238136292
21.5651245117
22.8611850739
18.2733211517
16.4573669434
19.198551178
18.2898769379
11.871088028
11.6704940796
9.77624607086
13.9432153702
15.6153316498
13.8534908295
13.4544553757
17.6402568817
20.9242210388
46.4540328979
48.0535850525
47.4212684631
52.1266174316
49.9285545349
46.8963279724
50.4420776367
46.5483093262
45.3967208862
42.2109184265
41.0095367432
37.5362930298
35.3767242432
35.3929367065
31.6826629639
29.3613929749
31.6183662415
34.9214820862
37.4559020996
36.3943061829
40.8536529541
42.4419670105
44.1150665283
49.5691947937
48.9705200195
52.593585968
53.5165023804
50.8252296448
52.0334625244
45.2425765991
44.3909568787
41.8940391541
38.5345497131
40.2786941528
34.584236145
38.175037384
35.4669723511
38.7439079285
39.2035942078
37.7628326416
35.0301742554
33.4373855591
36.3760108948
33.7112503052
29.8843383789
29.7320899963
28.7824954987
32.177822113
28.1933269501
26.3843288422
31.1564998627
32.4238739014
27.8797550201
28.9795742035
32.7650604248
31.9884433746
28.368473053
30.733663559
34.3296470642
34.0963363647
30.2408809662
34.839805603
29.9745368958
32.2624053955
28.8470401764
28.9605617523
31.7697505951
36.1502609253
34.9541015625
39.2609710693
38.9255142212
39.2240219116
42.8494110107
43.0915756226
44.9956855774
45.5775527954
43.2491722107
42.441116333
38.2669525146
41.3377723694
36.1180496216
39.6166572571
35.915309906
36.0638656616
39.0660247803
35.5467147827
37.9748573303
35.8598251343
32.8641777039
29.8366527557
27.0088100433
27.0095920563
33.3067321777
31.0348110199
26.6812076569
30.0296802521
33.4391403198
31.6474189758
28.9110221863
27.4105987549
26.9214553833
29.065826416
26.4340171814
29.6564731598
29.5073356628
24.2141876221
24.8605060577
27.6279296875
26.4344825745
21.4152088165
24.8951740265
27.0964164734
22.0055103302
21.7081184387
25.4799861908
24.4985294342
20.6503334045
22.8568820953
27.5272960663
23.6537075043
20.0584125519
25.3448467255
27.475189209
23.2470855713
22.9760761261
18.6786460876
20.3753681183
16.6109485626
19.6983127594
18.4018783569
20.8027801514
22.8465652466
24.6028175354
24.3982315063
25.06823349
30.0332946777
31.7949943542
34.9220848083
38.5137557983
36.7321014404
33.5291137695
33.1028251648
27.4219017029
30.3952102661
25.6980171204
28.2024002075
26.6982116699
24.9586448669
24.2944068909
25.7706108093
20.785200119
20.0707187653
22.0055789948
20.3439712524
19.5526256561
17.4426746368
16.5737113953
15.6688232422
18.7786617279
14.88646698
15.7658996582
16.2839641571
12.6656589508
9.04861068726
5.98479127884
7.67913007736
11.9209651947
10.6482362747
8.65295314789
12.4341468811
8.78556919098
12.9678668976
13.0889863968
13.1492052078
15.0853404999
11.7318124771
12.0778713226
15.2929325104
13.2366132736
9.05765247345
14.0100650787
16.1772537231
13.8819141388
14.2396917343
18.3849372864
18.3559741974
17.1515407562
20.1484794617
22.4159240723
22.5492362976
21.9252357483
23.2106113434
20.9135818481
17.6642532349
14.3326978683
12.0285110474
18.873134613
19.1453094482
22.727973938
20.3621692657
17.8722610474
18.614900589
16.9826488495
14.5870552063
12.3422679901
13.2227783203
12.9060535431
9.0125246048
6.98514270782
9.78848361969
6.83847665787
11.7597150803
12.2519550323
16.5177879333
17.4408435822
21.7409572601
25.0262737274
25.3443431854
21.9964199066
23.6161441803
22.3323745728
21.1780376434
19.6275463104
18.8620090485
17.2053222656
16.5109443665
14.3674678802
12.075925827
13.9280462265
11.7742834091
8.9728269577
7.07122468948
5.76742649078
7.24809503555
9.87715339661
9.62979984283
8.79269981384
13.7182979584
17.5849056244
18.8127174377
20.8200321198
18.6847648621
18.9979000092
23.2425689697
24.1895427704
20.9752254486
24.1624317169
23.156583786
23.7501449585
27.6361179352
28.9480209351
28.0377407074
28.7031383514
31.644203186
40.6299934387
43.9646224976
44.5077819824
48.1172866821
44.7879524231
42.199848175
45.986000061
43.6874771118
42.7962303162
39.9590148926
40.1948013306
35.6477241516
35.4420547485
37.2427482605
33.7739028931
31.4299087524
34.2854499817
36.2119140625
38.0482025146
34.9847221375
39.4150276184
38.6304473877
39.5188713074
43.7898521423
42.4369277954
46.9201431274
46.0614013672
42.8555908203
44.5229568481
37.5015983582
37.8856544495
36.2005195618
34.1063041687
37.1098136902
32.8977165222
37.6281967163
35.5932807922
40.6164245605
40.369682312
41.2236480713
38.8831214905
35.8001174927
39.8234596252
39.6080474854
34.984790802
33.8349571228
31.4740600586
33.7247390747
28.4671783447
27.4908409119
30.2145423889
30.8068122864
24.704120636
25.7330703735
28.480588913
26.9833316803
22.3732833862
24.5835399628
26.894739151
25.7293949127
21.0196399689
24.1933364868
18.6066226959
21.0355472565
18.963098526
20.3327655792
25.1668205261
27.5509147644
28.7009353638
31.7325992584
33.255355835
34.8694038391
39.3861503601
41.0834388733
44.1311035156
45.9191093445
44.2950248718
42.5034179688
37.2196235657
39.282623291
32.9296569824
34.3495178223
30.8495006561
28.821187973
33.315864563
29.9205818176
32.0620269775
30.5445404053
29.1665821075
27.8992137909
24.6326332092
28.4671382904
32.7860412598
28.7448196411
27.0215797424
31.8131504059
33.542930603
30.5030765533
30.3845157623
28.0962543488
24.7405757904
24.9717292786
21.8565540314
23.0049629211
24.2307510376
19.3241252899
17.0498790741
18.8667163849
20.1854553223
14.1666135788
14.0591878891
17.3170318604
14.3493804932
10.7328510284
12.806096077
14.0974273682
11.8846607208
9.94649505615
15.7057237625
14.2305784225
10.7019748688
13.1807584763
16.6793022156
15.4996585846
16.1325473785
14.671664238
17.5530662537
17.2306251526
20.8798351288
17.311000824
22.189868927
23.0133056641
25.7541885376
23.2452297211
21.7788524628
25.4717674255
26.2169475555
27.5540981293
30.3005046844
27.8909397125
25.8392696381
24.358039856
20.1615066528
22.9412899017
19.6802043915
23.9991950989
23.883014679
20.8608951569
24.0483169556
27.5142459869
22.0487651825
21.2239532471
19.8209838867
18.2010726929
15.7186574936
17.36835289
19.6664638519
22.8655090332
26.485086441
24.9646606445
23.6848392487
20.8966560364
20.313495636
17.3542327881
18.7556018829
17.1331424713
20.1792793274
23.1330871582
23.0295906067
23.600692749
20.3032455444
18.9068870544
17.3593921661
12.4807958603
9.39500045776
8.58369636536
13.3116359711
12.0000133514
8.52494049072
14.8721494675
14.6250333786
12.1605653763
14.3382301331
17.5316467285
17.7392482758
16.8480682373
20.9727020264
22.562959671
20.8899822235
22.0415420532
25.0386447906
26.4445152283
26.8362388611
23.8008289337
21.8271751404
22.2424144745
27.839017868
30.2306175232
34.2188682556
33.086063385
30.1801166534
32.7667503357
30.6678333282
27.0234889984
26.8004283905
28.9123191833
25.9869747162
22.0050945282
23.1130428314
25.9999408722
20.1931362152
25.2563476562
21.119430542
25.109172821
22.2540988922
26.3987159729
28.9667816162
27.2220897675
23.2659873962
22.1074180603
21.6238079071
17.4763565063
17.509853363
20.6433162689
14.629406929
12.1404771805
15.2039070129
14.8777132034
11.1547784805
10.5391960144
14.8184108734
13.3066587448
17.5849094391
13.8607130051
11.8562030792
10.3698911667
10.9779281616
9.72241306305
5.31642818451
5.89947748184
5.28379869461
5.26796293259
7.60256195068
9.53114509583
9.8381652832
11.7857198715
14.5676584244
16.8524227142
13.9473428726
16.0287208557
19.3194828033
19.9023094177
18.2669067383
20.8600006104
46.6985969543
49.9190483093
49.621307373
53.3317375183
49.6987991333
46.5103530884
48.5520706177
46.5643959045
44.5599479675
40.4680633545
41.7235603333
37.1392173767
37.7974205017
39.7078819275
37.8192634583
36.7887306213
40.7739028931
41.0695495605
41.8213386536
38.3871612549
42.5408248901
40.3648796082
42.1918983459
45.8390884399
46.0846977234
50.3180732727
49.9555397034
45.7774620056
46.2388000488
40.3412475586
39.6095237732
39.4057273865
37.6503753662
41.4592056274
38.2085113525
42.926940918
42.1462936401
46.8747329712
48.3328361511
48.9225273132
45.7140350342
43.8850212097
48.6201019287
47.8189506531
43.421131134
43.1785583496
40.4594688416
43.4468002319
39.2339897156
37.1791877747
38.9382019043
41.0662460327
35.3819351196
34.0344200134
37.1851158142
37.1046905518
31.8921928406
31.7996177673
35.0172462463
34.8688926697
29.2719478607
30.9378738403
23.5917320251
23.9313583374
21.6114253998
25.62890625
29.4782733917
32.8976211548
35.306804657
36.9161148071
40.0506248474
42.8882026672
46.0789604187
49.004447937
51.2107582092
53.3871955872
51.2099723816
48.8107872009
44.4424667358
45.4325523376
39.2543067932
39.9154052734
35.5724868774
32.0728797913
34.526763916
30.8805427551
31.5372619629
28.6325855255
28.8176422119
27.8891525269
23.6301250458
28.3412151337
30.8503360748
25.2127151489
23.8776187897
29.1652965546
29.5794372559
24.7800731659
25.0466156006
21.5429058075
19.3194084167
16.4332199097
11.9391813278
13.4309501648
18.1496524811
13.7504720688
10.970664978
14.0047092438
17.4817848206
12.9771337509
12.6171798706
17.0986976624
17.5990257263
15.1717653275
16.4519691467
20.0889625549
19.5955638885
18.8314552307
24.069070816
23.9353847504
22.0349025726
24.4171981812
27.5236091614
28.5233020782
27.1667747498
25.8558559418
25.7486686707
27.2108135223
27.7284145355
22.8424491882
26.0921230316
24.2728939056
28.1798400879
27.2999897003
23.7170448303
26.9514732361
25.2473907471
26.6846008301
28.5464630127
24.9815673828
23.1300525665
23.4358024597
20.6734046936
25.0347270966
24.4595031738
28.5292015076
29.9466876984
28.8929615021
31.7521018982
35.3792533875
31.3234634399
32.0393371582
30.416267395
30.5923061371
28.8499011993
30.4600563049
31.7752532959
34.4808540344
30.6895523071
29.9783172607
26.5196018219
24.3508796692
26.7816486359
24.8782615662
25.9205303192
26.4560489655
29.1893024445
30.5084171295
31.2278118134
33.5584182739
30.2352371216
30.8400154114
28.6246242523
24.7832794189
21.9226417542
19.8063602448
22.6650047302
20.6080036163
16.5904998779
20.3147697449
19.6757049561
15.3610239029
15.6552934647
19.0635185242
18.2584819794
14.186372757
18.1190795898
20.8874225616
17.9627246857
15.7111587524
20.0398578644
22.7509250641
24.1755943298
23.4145526886
21.5849266052
23.9268264771
27.701177597
31.0780620575
34.6900215149
35.4300765991
34.9572105408
36.83020401
32.6115760803
30.0685138702
32.3760528564
32.3572807312
27.4151687622
26.3540439606
28.3126163483
29.3663311005
23.0311336517
26.1348438263
20.1510543823
21.7758731842
17.2176322937
19.8213310242
20.3878631592
18.6677513123
15.0354003906
11.7552242279
11.6704950333
7.55259561539
9.73636245728
13.7099733353
8.82823848724
8.95802688599
12.9667882919
13.765955925
11.0672111511
13.8598146439
17.4049110413
17.7688331604
24.1624240875
22.2996025085
21.8398189545
20.9813690186
18.4629745483
18.1121788025
13.2455310822
14.567656517
14.4648342133
14.3797302246
10.5487890244
9.27031326294
9.96959400177
7.75046539307
4.45405483246
6.80830430984
6.46248865128
5.85956573486
6.88970375061
8.98570919037
10.5249471664
14.0090379715
