20.4426727295
20.3325080872
26.0147247314
24.0195522308
25.5111446381
29.1724948883
30.2354660034
33.6364555359
36.6648178101
39.4606819153
43.711517334
45.2776184082
47.9657669067
50.8474769592
53.8246078491
58.795009613
58.3128013611
55.2102088928
58.3093681335
54.7902984619
59.4440155029
58.0756225586
62.2584648132
62.9616775513
63.2419013977
60.9905891418
56.8371772766
56.5871162415
51.7570762634
49.2991943359
47.0472068787
43.6298675537
46.7426300049
48.3286209106
42.4340209961
43.4144363403
46.854637146
45.478603363
41.6995582581
46.8578109741
48.0931930542
44.970741272
44.064239502
50.0440750122
50.0463981628
46.0722885132
49.1497344971
43.9060020447
47.5612678528
50.1232643127
46.6653289795
48.7985610962
43.7220497131
43.4720115662
48.9362792969
45.407913208
41.8366088867
44.5381660461
48.2196426392
43.5668258667
41.036491394
47.0432090759
48.4214134216
42.4270172119
42.7166900635
48.1827354431
50.4167366028
51.8920211792
54.7240638733
52.4025993347
51.0807762146
56.4252281189
57.6236991882
53.7740097046
55.3787574768
54.8887329102
51.3762626648
55.5127067566
58.9107666016
54.7807273865
56.8326301575
51.9952011108
56.0500717163
57.1625366211
51.7477302551
51.8173789978
55.936416626
52.1324424744
48.5947647095
51.9729232788
53.0820999146
50.1811790466
48.6585884094
53.0708389282
51.9316482544
46.8608055115
50.7525749207
53.8560791016
49.9726066589
51.9291687012
51.8652381897
51.3087501526
48.5115013123
46.6826210022
45.307849884
44.3160591125
41.8986663818
40.2593231201
41.1328315735
39.3823242188
35.779006958
35.9198265076
35.5058326721
32.1787490845
29.8694477081
31.2195053101
30.560634613
28.1871566772
25.0509223938
24.7739028931
19.6976833344
19.3459415436
14.3277778625
13.8358221054
18.0665550232
19.3732204437
23.1074733734
18.5801963806
23.9928779602
21.5162811279
22.3046455383
24.4194488525
26.2832584381
29.6289100647
28.0244140625
30.0309276581
33.7773170471
35.8021202087
36.9798240662
39.1796875
36.1720237732
38.4701919556
34.9751091003
32.926486969
37.9820594788
40.2049598694
35.8223228455
37.757270813
35.5222129822
39.9088363647
40.0511016846
37.4473686218
37.6397094727
33.955783844
32.074005127
35.1691818237
29.6555042267
31.6901321411
29.3362236023
30.213388443
27.3503646851
24.1355075836
20.0828380585
19.9978275299
14.8919258118
16.2828388214
15.9683656693
17.1537895203
18.7800254822
20.30884552
25.0135879517
20.7006645203
16.0762367249
15.452299118
10.5000944138
7.51249313354
5.98708629608
8.929271698
10.6713209152
14.1536340714
16.7425022125
19.5582389832
19.5890522003
23.6399230957
24.9697284698
27.1741847992
31.4423942566
31.7345504761
28.889383316
25.9367923737
23.5838527679
20.0477752686
22.5022296906
17.6854629517
19.9298610687
16.4316082001
16.7250175476
20.4949321747
20.3350124359
20.7449913025
17.0559101105
12.714184761
11.6804656982
15.0737104416
16.0537872314
12.938325882
11.8691940308
17.8431377411
17.7622890472
13.5291261673
18.2255306244
21.2687149048
19.3895149231
18.5348339081
22.4462299347
23.8539142609
20.4448680878
24.8197956085
28.1385650635
26.7122898102
27.2643966675
29.9791431427
33.5776748657
30.7447605133
29.4793167114
33.5096893311
36.0802726746
32.6651191711
33.9023170471
39.3309364319
38.4651451111
35.9247779846
39.0370597839
42.9233894348
39.9317741394
42.2081947327
37.6368560791
39.0967941284
34.5969772339
34.4052124023
39.5773162842
35.7781524658
30.9108810425
33.8084182739
36.0155220032
32.3117523193
30.169719696
36.378742218
35.3846130371
29.587059021
31.6475887299
36.6376113892
35.4671974182
31.0234584808
31.4706764221
28.5479125977
25.9319858551
27.9244976044
25.4302482605
27.4951267242
29.8389358521
30.890007019
35.8025054932
35.2574386597
32.1476631165
32.1849250793
34.7322273254
36.8239974976
33.4455566406
33.5691337585
31.6940307617
31.6502990723
30.3180675507
32.2844581604
35.6499633789
38.3769607544
42.5683403015
43.0647888184
40.0864334106
42.6368637085
46.9598045349
47.470035553
50.6062011719
52.4067115784
55.6250152588
53.2744903564
53.9814186096
54.7955703735
51.0282440186
51.0539016724
49.1032829285
47.7992668152
43.8385848999
46.1132354736
40.3224411011
42.8006095886
37.4174919128
37.6299324036
33.6933822632
29.4163913727
32.1233940125
36.1804847717
35.8894691467
41.8402862549
37.7846260071
44.3237304688
41.9377326965
46.6678619385
42.8966178894
45.1168746948
43.5199165344
43.1773529053
48.1954917908
45.2829246521
41.6684494019
46.6290283203
47.5286445618
42.2411880493
42.3101005554
47.5548820496
45.1668815613
40.910533905
44.8995819092
47.6690063477
47.2437705994
44.0330619812
46.873134613
45.2901306152
43.3929443359
41.3753547668
36.8413352966
38.3919677734
35.2063217163
36.552028656
36.0850830078
30.8359603882
27.4072246552
24.4751110077
23.1319103241
26.4100933075
18.3244342804
16.4804153442
20.4421882629
19.6692657471
23.4335384369
20.9547195435
21.9266986847
26.3401985168
27.499174118
24.1099262238
28.0114059448
30.1859397888
29.5236110687
28.3405075073
31.4358978271
34.0686798096
33.1670417786
33.145324707
37.179359436
39.0470504761
37.4286613464
38.8734016418
42.2161064148
43.0399360657
42.859172821
46.6345901489
47.8033485413
51.3862037659
49.0779571533
48.8041191101
44.9210319519
46.5204963684
46.391494751
43.6060295105
41.5407791138
44.422077179
42.1470222473
36.23645401
39.1532363892
42.9874153137
37.5977668762
35.006111145
40.4682273865
37.3711166382
33.4974441528
35.0055160522
38.2193489075
34.2320213318
32.0253219604
35.4777336121
32.6958847046
38.2031402588
39.6225280762
42.0531730652
45.466468811
46.8529510498
49.6936340332
45.7635803223
41.8855400085
46.2228088379
43.4191246033
39.6310462952
35.6850166321
35.0811691284
31.1315441132
28.9242153168
29.3225955963
30.5001869202
26.3511352539
23.9876708984
25.8787269592
27.7413253784
25.1370391846
25.8715248108
25.157661438
30.0473613739
31.5776023865
30.9418392181
33.2122612
37.2281684875
36.1413459778
35.4883003235
39.4429283142
41.7128181458
41.2991943359
39.4710960388
38.7131156921
33.984752655
36.8788223267
39.8465118408
35.2171287537
30.9365901947
53.554775238
15.788271904
27.8504714966
32.6577949524
31.8291320801
16.1724529266
29.9883041382
31.8801193237
19.4937152863
44.8121566772
39.5000762939
12.1959762573
20.0535697937
19.8657035828
31.3869609833
19.3688697815
30.5838813782
9.9723777771
59.5646514893
25.3836555481
29.1614723206
25.208065033
29.1777362823
52.1904983521
38.1572265625
22.8557605743
13.702996254
16.9364643097
13.7015609741
24.2695217133
45.4613876343
46.934337616
50.9855041504
46.0881652832
45.5641975403
42.0011901855
38.6643066406
37.9079589844
34.1091537476
31.6706962585
31.6824188232
29.6285648346
23.8933944702
28.1528358459
24.6369190216
22.5984096527
25.3211097717
24.2447853088
26.403049469
23.5695781708
20.8716812134
15.7151088715
18.1489467621
11.2935609818
14.1303911209
17.1314563751
14.658618927
16.3087062836
12.2184524536
15.7383794785
13.9037847519
14.1350984573
17.7091217041
16.6455898285
14.5321531296
18.0327682495
20.6899623871
17.9915122986
18.1357154846
21.7383480072
22.7752552032
20.8031482697
23.1646385193
26.573638916
26.4005622864
24.8832530975
29.6695518494
30.225566864
31.1121730804
28.0627670288
24.4202213287
25.4272041321
26.8469810486
22.9540061951
24.4782772064
23.2228794098
19.8152694702
19.5207920074
20.3552474976
17.6497364044
12.9489326477
15.7737426758
17.0068473816
13.3927373886
9.27862453461
14.3884820938
14.8394031525
9.89494419098
8.99630260468
7.1489648819
7.15060329437
7.74310731888
5.97566795349
5.63869190216
7.59320545197
8.22048473358
11.8819999695
15.2586956024
16.37449646
14.0160961151
14.8899793625
18.8436908722
18.8636703491
23.4176368713
23.6962242126
22.1024990082
26.0003147125
28.1825637817
28.1596069336
27.301738739
31.4054794312
32.9636230469
32.6820487976
35.1612510681
37.8586158752
37.7847976685
36.7383155823
41.8873138428
43.0182723999
42.6943092346
46.2052001953
50.6414337158
47.8927307129
43.3201522827
45.6581420898
49.1067581177
44.7273712158
42.2785491943
45.5599784851
48.6499137878
44.3199882507
43.4533920288
48.7913322449
46.1527252197
43.2682342529
47.2719154358
50.3081550598
46.7112350464
43.4566192627
47.189868927
50.6845970154
50.7724876404
53.6354141235
54.0164375305
57.8647003174
60.949180603
59.5660896301
55.4620933533
54.0629196167
51.3220558167
46.6122016907
44.9425773621
41.3482246399
42.028629303
38.7776947021
34.5585250854
33.2794418335
30.0549259186
26.1547431946
24.6170749664
23.7574081421
26.622926712
30.1202011108
32.1942329407
36.6834373474
34.1289100647
32.5887260437
30.4269142151
28.2870693207
26.5011405945
26.2817058563
22.4948482513
22.6393508911
21.0334529877
26.1939086914
25.441368103
26.234960556
29.6662483215
28.7403354645
32.6988449097
31.1011619568
30.8843154907
35.5467453003
38.3932418823
41.5890693665
45.5131759644
47.9413604736
51.5710411072
52.5124816895
55.1656417847
51.6498794556
49.6984062195
42.7968139648
43.6611099243
48.4113082886
48.2332420349
52.772895813
52.2136077881
48.2161026001
48.5446815491
43.7404670715
44.9732170105
40.3354492188
38.0589485168
34.4866371155
31.614774704
30.3691616058
25.7415885925
27.1526317596
30.8813781738
31.4958114624
34.099773407
36.8402748108
35.9702758789
40.3900871277
41.3474159241
45.1376495361
49.1072616577
50.3062973022
51.3284721375
54.6345176697
54.3140220642
57.2197113037
53.6175994873
51.4790496826
56.596157074
59.1846046448
55.1802024841
55.9965591431
62.5166015625
59.5604057312
56.5228805542
59.2010536194
64.0694656372
61.2258224487
62.0945549011
66.4845657349
65.5711135864
64.0252151489
68.2616653442
70.4239501953
68.3911895752
67.112701416
71.0150680542
70.6470870972
66.1861495972
66.9313278198
71.2130966187
68.0685653687
64.6856765747
69.3309249878
70.9557189941
66.2255630493
65.4591064453
70.1694030762
67.0617446899
68.6554031372
64.3530960083
60.415813446
59.1303520203
62.3150444031
63.3901939392
57.0706977844
59.7780761719
60.9978103638
59.1492385864
56.4003829956
59.2916679382
61.5551300049
56.7915534973
56.0080108643
60.9523162842
61.231967926
56.9340515137
55.1680488586
52.6749382019
48.5211791992
49.4398880005
47.0244102478
44.8974189758
43.4196128845
38.9112358093
34.6132354736
34.5348129272
30.8585186005
31.0488853455
33.8996047974
35.1169891357
37.8763542175
40.1617546082
44.0606002808
47.1419639587
50.9294586182
49.7979888916
46.0724639893
48.769493103
44.5249786377
49.663860321
45.8146972656
46.9386940002
52.4906768799
53.5985908508
57.9490242004
59.5065536499
64.2776947021
67.1640472412
62.8046073914
64.0373535156
68.1854705811
65.9268569946
68.4424285889
66.4316940308
61.2286567688
57.8972434998
54.3801803589
53.1772689819
48.2079772949
47.2478065491
42.4003334045
43.5570220947
43.1738433838
40.7704620361
39.8371925354
44.0208358765
46.420249939
50.7963104248
52.2625236511
55.7454948425
58.0365867615
59.8524436951
63.5488395691
63.6104850769
67.0140914917
69.5132064819
69.0341491699
62.8887252808
62.6012458801
65.5096664429
62.0835227966
58.2110214233
60.870803833
60.7653503418
57.2391853333
54.624206543
57.9736747742
54.5612068176
51.5898895264
47.4930152893
46.3305587769
43.2552642822
46.605052948
47.1421890259
51.8179664612
53.1403045654
52.3025894165
55.0216522217
52.8550872803
50.3355369568
49.8507041931
52.2045860291
54.4879188538
64.6798858643
59.6835517883
59.7177124023
55.6234092712
54.5924873352
53.0320205688
57.572303772
59.1045036316
53.616809845
57.3219642639
62.7812042236
60.3967437744
59.1124076843
61.4780311584
65.0291137695
63.0862426758
63.0397949219
67.639831543
67.6217041016
66.1583251953
67.3038787842
71.6040802002
70.8807296753
68.7469863892
71.4694290161
74.6692810059
77.691947937
78.8192749023
74.0863647461
72.5897521973
70.3797454834
68.2043228149
68.9033432007
70.0001449585
64.4227142334
64.9521636963
66.3015823364
62.5420417786
60.4221229553
63.9965934753
62.3585014343
58.3352661133
58.502872467
59.6003646851
57.7164421082
54.4685287476
56.0839080811
56.8544044495
53.0359649658
50.1734619141
50.1943359375
47.7150611877
47.9253730774
45.0792045593
46.5238761902
56.6426887512
57.4765167236
59.2893867493
54.7013092041
52.3997955322
50.6214332581
52.6795501709
50.7112808228
53.9867706299
51.0897026062
49.6613807678
53.9023132324
55.5151138306
52.4486083984
51.4390525818
52.0064125061
58.2434387207
61.798500061
61.2811698914
65.0521316528
65.2295837402
64.1586608887
66.7378158569
69.6332702637
68.281539917
68.6322174072
71.965057373
74.4256973267
73.4378738403
72.4422988892
68.8944549561
67.5943908691
64.4866714478
63.7670021057
63.8899002075
61.4315032959
59.3166046143
15.621588707
48.2116088867
47.5298881531
61.836971283
30.3190498352
51.916721344
33.8014183044
25.9883460999
59.4230728149
64.3591690063
70.8623962402
62.2102279663
51.9341201782
54.7722969055
58.3963470459
38.4430656433
28.1360206604
57.7241363525
16.1615695953
48.3335456848
38.6642723083
70.7062530518
30.8884353638
12.1707992554
36.6928863525
49.3653182983
57.0144081116
67.8105697632
48.5048828125
49.6532821655
75.7762908936
15.3099546432
51.0628089905
45.8249359131
45.7745094299
41.6974143982
38.1924476624
36.7322158813
33.9039764404
30.339132309
30.0209465027
29.1981945038
23.1437854767
27.1273880005
24.4527835846
21.0719413757
24.1344470978
24.3345794678
24.3371944427
20.8224067688
18.9129371643
12.3597383499
14.0758714676
7.49970626831
9.65638637543
13.0380554199
13.5381965637
15.9253005981
13.1832466125
18.12799263
14.6946763992
17.1936645508
20.0898799896
18.9076976776
14.6820983887
17.437828064
19.4389572144
15.1281986237
13.9054317474
17.5206642151
18.253660202
12.9328765869
16.2180938721
20.3551921844
18.4747009277
15.8225574493
20.3394889832
20.831867218
20.4164352417
18.7706508636
14.4968156815
14.4794607162
16.5766162872
13.1370429993
15.9451942444
14.6620674133
9.79411506653
12.1712818146
14.0656108856
11.3482646942
7.0725402832
12.7015533447
14.3568706512
10.3081007004
10.0402030945
15.4802961349
16.1743583679
12.4591646194
15.624297142
16.3638267517
16.1621990204
12.5829954147
11.8676109314
11.8819990158
9.61658191681
6.71107196808
4.65249538422
5.49172544479
5.34011602402
5.86943721771
6.92138624191
11.7016983032
11.7374820709
15.9322385788
18.6451072693
17.0998058319
19.0345134735
21.6116199493
24.0017318726
22.1879253387
24.2621650696
27.4025306702
28.2271270752
29.1424045563
31.4664993286
32.8749694824
31.8668498993
35.828086853
37.7047424316
38.5165557861
42.5316619873
46.7943191528
45.1296539307
40.4102592468
41.3570976257
45.7918701172
42.6209869385
39.3492660522
41.8001747131
46.1229972839
42.5356826782
40.6268234253
45.9948272705
44.9159698486
41.5961418152
44.6900787354
48.3098449707
46.0437965393
42.7186775208
45.1124725342
48.6722183228
49.3467597961
52.7526283264
52.5569419861
56.6782264709
59.7988395691
57.7167243958
53.7199401855
51.6917572021
48.1605567932
44.2182235718
41.6028213501
37.9025039673
39.7234725952
36.0608100891
32.626953125
29.8277759552
26.8221244812
23.4585018158
20.4196186066
17.9285449982
20.4827442169
22.0636882782
24.8587188721
29.2666549683
25.5721111298
23.9020938873
23.3008174896
21.4338417053
21.0449142456
18.4508094788
15.9327659607
17.8623275757
18.0814552307
22.4866352081
24.8009872437
25.7534561157
29.1761035919
30.0542907715
34.3299751282
33.691280365
31.8891963959
36.1401596069
38.892829895
42.2418670654
45.4804878235
48.4734611511
52.2269859314
54.0161781311
56.2414169312
52.7583007812
51.0620765686
44.6179122925
44.4238052368
49.5688667297
48.1860733032
52.4049263
51.463760376
47.0119018555
46.5274772644
42.6482009888
43.8744659424
39.4595603943
37.409412384
33.1693153381
30.8318080902
27.9091720581
23.7682266235
23.4176025391
27.0020694733
29.4312648773
31.5141830444
35.0673446655
33.152053833
38.133140564
39.3140411377
42.4718894958
46.4334449768
46.672580719
47.0372314453
50.7454566956
50.9576301575
54.44688797
50.7946548462
47.7912445068
52.4861679077
55.6086502075
51.3921279907
51.1222572327
58.0133476257
55.4105834961
51.3308830261
53.566619873
59.0431594849
56.1471328735
56.2958259583
60.7981338501
60.5322761536
58.0757408142
61.9424781799
64.6700363159
62.531917572
60.6024436951
64.2958831787
64.7380065918
60.0568122864
59.9594612122
64.5273742676
62.0914306641
57.9321136475
62.1261863708
64.4738006592
60.02602005
58.388420105
63.3805274963
60.9694328308
63.0368118286
59.0313987732
54.462978363
54.0489768982
56.6335144043
56.9202232361
50.8045883179
54.0905036926
54.4572067261
52.0881576538
49.6335716248
52.7672576904
53.9909515381
49.1878509521
49.1106681824
53.7504043579
53.211139679
48.8522834778
47.6544723511
45.2228775024
41.4990196228
43.3351821899
40.9135169983
39.5548019409
38.4901618958
33.2818031311
30.4303321838
29.374382019
25.3549365997
26.309967041
27.7156391144
27.8192176819
30.2354888916
32.7893371582
36.6948738098
40.0655097961
43.9774208069
43.5368347168
39.4786987305
41.4339027405
37.1632537842
41.9049949646
37.5196075439
38.6623458862
44.0561485291
44.5190849304
49.210609436
50.1043624878
55.0875015259
57.4974822998
52.928604126
53.9028244019
58.2727165222
56.2978363037
59.1980781555
57.6405754089
52.0078964233
49.0871009827
44.9912757874
44.5035400391
38.9524688721
38.817363739
33.8106460571
35.6104850769
36.0460662842
33.1217079163
31.3688278198
35.4288978577
36.8996925354
42.0715179443
42.6184501648
46.5846138
48.4054794312
50.9402542114
54.5644874573
55.1364631653
58.8923683167
61.3279151917
61.4028358459
55.1145591736
54.2192420959
57.624042511
54.8078994751
50.4612846375
52.9336395264
53.6514205933
50.2805137634
46.9351081848
50.8079833984
47.9581947327
44.7522354126
40.3586769104
38.5643692017
36.214138031
40.0039558411
40.7876358032
44.7440986633
46.5159187317
46.5281791687
49.7798728943
47.3115882874
45.4515609741
44.7968063354
47.8088493347
49.8497848511
60.4358444214
55.2615432739
54.6335258484
50.5223617554
48.7588195801
47.3865280151
51.766582489
52.6893920898
46.6158790588
50.9834938049
56.0450744629
53.1273422241
51.8655815125
54.588180542
57.8030166626
55.2898216248
55.5267791748
60.4111785889
59.6578102112
57.8391113281
59.5050315857
63.810749054
62.447429657
60.1563529968
63.2886962891
66.2861557007
69.5031967163
70.322883606
65.5561599731
64.3088607788
62.6604690552
60.0697517395
60.4672164917
62.0039749146
56.4619064331
56.2894668579
57.9005317688
54.8713226318
52.1919898987
55.111995697
54.1247024536
50.3783531189
49.5767593384
51.0992126465
49.760925293
46.1411018372
47.2576408386
48.7060279846
45.145488739
41.6320419312
42.187122345
38.6996803284
38.9529571533
35.5770072937
36.5631599426
47.4010505676
47.4460792542
49.7598114014
45.6132888794
42.5253448486
40.899646759
43.6588592529
42.370136261
45.9824104309
43.7869987488
42.5479507446
46.7014884949
48.5319252014
46.1815681458
45.2824363708
45.3178138733
51.4595527649
55.6905593872
55.2854995728
59.3213615417
58.5341033936
57.4272232056
60.509765625
63.0399971008
60.9301795959
61.8029975891
65.6397094727
67.278755188
65.8827056885
65.3863830566
61.7909736633
60.8936691284
58.2249526978
57.4313697815
56.7744483948
54.400932312
52.9232063293
4.51480484009
44.1505966187
42.0846214294
56.6962356567
29.7003803253
47.55909729
37.3944091797
26.7143154144
60.2534179688
56.1840133667
65.1720352173
60.7101364136
46.7609596252
49.2172851562
51.2074661255
35.7461280823
25.8144435883
54.8159408569
9.86881542206
47.1755714417
39.5853614807
65.3387374878
28.4156799316
5.00939941406
28.3952579498
44.1190795898
55.0302009583
65.4677276611
46.0368347168
43.3277587891
68.1605529785
9.60873508453
18.7387142181
14.3423404694
14.0507907867
10.8366289139
8.64130306244
10.9533309937
6.96456241608
10.9179239273
13.8422431946
13.8912439346
17.8074169159
19.8599720001
21.3760070801
25.1789970398
27.8742427826
31.9496021271
32.8669319153
30.2475261688
32.7848205566
30.4726715088
35.2732086182
34.7424850464
39.1686325073
39.0908470154
38.4594268799
35.2251663208
31.1966838837
29.5204315186
25.7861499786
22.4595489502
19.6543941498
17.4540939331
21.6263504028
22.558965683
17.5094490051
20.5221557617
23.9549751282
22.7358894348
20.4714927673
27.3970432281
27.554813385
25.134853363
27.0109653473
31.6634922028
33.5545310974
31.6969337463
36.4631195068
30.1801357269
31.4590797424
35.292678833
34.0721321106
35.1390800476
31.4443969727
28.2721118927
31.9748249054
30.3771972656
26.4843025208
25.2349491119
28.2941379547
25.7579593658
21.7885875702
24.6536445618
26.7369842529
21.26994133
18.8998298645
23.9948177338
24.6984100342
27.1945934296
28.7747974396
27.1242408752
27.891248703
32.6988487244
33.4056625366
30.6678829193
34.0533180237
34.3299827576
31.5139331818
35.8299179077
37.4256324768
32.9493904114
34.5248069763
30.2364959717
34.5451431274
33.7513046265
28.6961364746
30.9890480042
34.5019493103
28.9990787506
26.8244342804
32.667339325
32.2378692627
28.6618976593
30.0994300842
34.7070465088
32.0835952759
27.917131424
34.2321662903
35.884563446
31.6242790222
33.9037399292
36.095451355
33.17445755
29.3841896057
30.9687194824
30.6249294281
26.1611671448
24.3463191986
26.3618087769
26.9027919769
22.2921104431
21.1900463104
24.7176609039
20.5100898743
17.2945232391
20.8435726166
22.7218952179
17.7751026154
14.1656417847
18.5426425934
21.3443164825
20.0131340027
22.0131435394
23.3569126129
26.7496204376
29.3490047455
28.7074337006
24.9935569763
24.4657268524
23.8689289093
18.2303085327
19.1523208618
17.1866474152
15.2522182465
15.0916976929
10.5622234344
14.5979948044
14.6071166992
14.4219264984
17.8744087219
21.6343860626
22.3536109924
27.4857578278
26.1248264313
28.0843772888
31.5281848907
33.4828643799
27.7217617035
28.957151413
24.6125640869
27.7738800049
24.2605037689
21.9837760925
18.0445346832
16.62840271
11.6296663284
10.481631279
7.47752761841
4.92767763138
4.6580991745
6.24833059311
5.88773965836
10.0641269684
10.2907028198
15.1709699631
16.3749046326
19.7780056
21.5057086945
22.9946727753
19.2333049774
17.393157959
12.2115430832
15.2692508698
18.1262779236
20.0244598389
23.7163982391
24.9892807007
20.8128852844
20.9498558044
16.0584697723
15.0046739578
11.1918992996
11.0455827713
10.469119072
12.3786144257
15.3125972748
15.7895202637
19.2166175842
21.2151966095
17.7456302643
17.6569576263
15.8384094238
15.3918037415
16.245054245
13.9930067062
18.5726146698
21.0189399719
23.8394107819
26.2953586578
27.9250450134
26.6783351898
28.6589832306
25.8689060211
25.7622203827
30.7715110779
32.4538612366
30.3303012848
32.5148696899
37.2378425598
35.0362358093
34.8306541443
37.5178756714
40.8152961731
39.7660331726
41.8188667297
44.554397583
43.9358558655
45.2423057556
48.7248039246
49.7755889893
49.6763801575
50.1073417664
54.3833198547
53.4022102356
50.0678100586
52.0944519043
56.5951042175
53.4716835022
51.7193908691
57.412399292
58.3564758301
54.463886261
55.3813209534
60.6129341125
57.4843177795
59.8664588928
54.821434021
53.2550888062
49.9297218323
51.563785553
55.0255355835
49.006061554
47.8231468201
49.8642921448
49.8331565857
45.8129997253
46.2729072571
50.7780685425
47.2830581665
43.1355209351
47.1144294739
49.829826355
46.3644104004
42.3082733154
41.5449790955
36.288230896
36.6307144165
36.4541053772
33.2516326904
33.991153717
31.4640445709
29.1244602203
33.5756492615
29.6217899323
26.3610801697
28.3077907562
31.2600021362
35.6040763855
34.2710952759
37.6087226868
38.6305160522
41.4819908142
40.4017448425
38.9196586609
42.7945289612
42.03881073
48.1958045959
45.7896766663
44.1322479248
49.3344230652
52.4344482422
55.542263031
57.7862281799
61.7291297913
64.7010803223
60.5797729492
61.0805664062
64.0371780396
60.6626968384
62.6151046753
60.9567985535
56.8101234436
52.7302513123
51.7270355225
47.5163726807
45.7604560852
41.7417907715
38.2881546021
36.0404434204
31.9369316101
31.3150978088
34.4395065308
36.5671539307
42.8573226929
43.4791526794
48.3539276123
49.147819519
53.4330101013
52.7235069275
56.1933403015
55.9266891479
57.8712387085
62.5640640259
60.9121551514
55.1467590332
57.8008880615
60.3703308105
55.5391426086
53.0368843079
57.8712425232
56.7751846313
52.1036605835
52.7812080383
56.7588653564
54.7454910278
50.854675293
50.1902198792
48.111782074
45.2056922913
46.0543632507
43.2820930481
47.02602005
45.9191741943
46.717048645
48.2539901733
43.3651313782
39.5151252747
36.959564209
38.2328910828
41.9507217407
43.5028495789
39.0575256348
41.1079444885
37.6498908997
38.8074111938
35.2618598938
39.2460174561
42.9925384521
38.6553688049
38.8950462341
45.1654243469
44.6016769409
42.2807006836
42.8580284119
47.3037719727
47.0853500366
45.3230628967
48.6683616638
51.3329544067
50.7703742981
49.5127372742
53.5970115662
55.2396430969
53.4530601501
54.1828155518
57.6462593079
59.6556091309
61.7726020813
57.7222824097
55.740196228
51.9079246521
51.5754508972
52.9346694946
52.235710144
47.4308395386
50.3207817078
50.4550132751
44.8109436035
44.9710350037
50.4873733521
46.8815498352
42.575920105
46.3759880066
46.1643104553
42.8515930176
41.5339202881
45.0057296753
44.0274620056
40.006526947
40.2828178406
37.4518699646
39.26512146
38.4855575562
38.7151908875
41.6814537048
46.3548278809
50.1554718018
49.2266654968
43.7619552612
45.4801483154
43.6979217529
42.2043380737
38.1480789185
39.2260932922
34.7531585693
33.5870819092
36.9786109924
37.0311660767
32.6234703064
32.2589530945
35.1986618042
39.171207428
40.2775154114
39.0266494751
41.8867835999
44.5459403992
43.3002586365
44.0538444519
47.6972846985
48.6548957825
47.3245811462
48.8907852173
53.4793663025
53.7908058167
51.4372520447
48.4511604309
46.2984580994
42.2181015015
42.1684379578
44.5678672791
41.8395614624
38.2045631409
34.9560699463
24.8607139587
37.4227180481
37.4287414551
7.88409090042
27.932641983
7.46076869965
8.45994091034
27.1123085022
48.4557113647
59.4206619263
31.6790103912
29.6751117706
35.4075202942
39.9771232605
19.0263462067
12.6095457077
30.0308742523
36.7182884216
18.0829524994
7.76612091064
46.6508140564
11.9079256058
33.1393699646
35.1693954468
27.3910427094
26.8567943573
37.7795639038
20.6877536774
34.0438499451
56.0858268738
29.6366558075
26.5860004425
21.4426460266
24.0435810089
19.063539505
16.3032779694
17.5852794647
15.6622533798
15.6031103134
18.3957843781
20.4326324463
21.1667079926
24.6385478973
25.8060646057
27.1954956055
30.9477386475
35.2408790588
34.8975410461
31.1220664978
33.3216781616
28.6701087952
33.3534584045
31.204126358
35.3187713623
36.3579177856
36.6436042786
35.0351982117
30.7419433594
31.5561676025
26.1856842041
24.4078578949
23.1141700745
19.1105594635
20.9865341187
23.4679279327
17.9930305481
17.3366680145
20.9329147339
20.6354408264
16.6536865234
20.9088077545
23.1070308685
21.4321498871
19.7750453949
25.1608448029
26.7101840973
23.1949462891
26.2089576721
20.1072254181
22.3970565796
25.2054920197
22.5182514191
23.6672935486
19.0376014709
17.8732872009
22.684715271
19.5688686371
15.6300287247
17.7471237183
21.2721233368
17.2800769806
14.2432842255
20.2860164642
21.9459342957
16.5365638733
16.9310417175
22.1212520599
25.210735321
27.0066394806
29.5512237549
26.4411468506
25.1390285492
30.3691539764
31.044424057
26.9608078003
28.5194091797
27.9091720581
24.5135822296
28.742937088
31.9376564026
27.9973468781
30.6037387848
25.9159221649
30.7681331635
32.3229522705
26.897605896
27.6749629974
32.1814689636
29.5342655182
25.6469116211
29.7101802826
31.770154953
29.6076755524
28.8657817841
33.5686988831
33.2067375183
28.6224918365
33.8562278748
37.0065574646
34.5003318787
38.0069999695
40.3123931885
38.9397201538
34.4431381226
33.8310699463
35.5241775513
32.8290023804
29.1676597595
29.7400379181
33.0707397461
29.4853343964
25.8217830658
29.9043292999
28.763376236
24.1123332977
25.3909072876
29.0438251495
26.7778930664
22.5704612732
23.1274318695
26.2432155609
24.7651481628
27.8318996429
26.2597560883
30.0878295898
33.8274078369
32.3690605164
30.0727138519
26.7526378632
25.5949554443
20.5032558441
18.3008213043
15.5121850967
18.5480480194
17.3553581238
12.1764783859
11.2867746353
12.6640081406
12.2651748657
11.680018425
13.4541816711
10.9738779068
15.593421936
13.4465446472
15.3480434418
17.9323501587
19.3602237701
13.5235395432
14.8413476944
11.0012407303
15.3047857285
13.8163824081
11.0211753845
10.9852294922
8.66803836823
7.91299676895
13.1626567841
9.56669712067
13.2946310043
15.3125972748
15.5077638626
10.5706443787
12.8366498947
13.5100307465
17.4990615845
19.0515975952
22.7025527954
26.3373317719
28.437412262
30.8376255035
28.1310863495
28.3678016663
20.513469696
18.343837738
23.6871013641
21.0046024323
24.928730011
23.8689727783
19.3475227356
19.1557159424
15.3981714249
17.8445053101
13.8190231323
10.99330616
7.82403802872
5.32573127747
5.23767948151
5.8823299408
6.46240472794
5.03811502457
5.14419794083
7.71410560608
6.71620607376
11.003033638
13.9950828552
16.2401046753
20.8692207336
22.7355155945
23.1706523895
26.7968635559
25.6931037903
27.9508972168
24.1062927246
21.9433345795
27.0727596283
29.2677593231
25.0729961395
26.5279006958
32.7136764526
29.4575023651
27.0349941254
30.1104450226
34.2774047852
31.6621551514
33.0701217651
37.1751823425
36.0476303101
35.5205497742
39.7210502625
41.3655738831
40.0043907166
39.5436210632
43.7462501526
43.0436515808
39.0198936462
40.5719146729
45.0376091003
41.9208488464
39.35131073
44.8177833557
46.1078529358
41.8791770935
42.1439781189
47.4333686829
44.4301834106
46.9240112305
42.0329933167
39.5727882385
36.9869117737
38.7576179504
41.4520339966
35.2053909302
35.1987380981
36.8061790466
36.178894043
32.3824882507
33.7270011902
37.6391983032
33.6566581726
30.4421463013
35.050567627
37.1100540161
33.3161773682
29.8952522278
28.3118782043
23.2809448242
23.5084209442
22.5640830994
19.6214351654
20.0391311646
16.6922893524
14.8141422272
18.9873371124
14.9386558533
11.6483602524
13.2415208817
16.366065979
20.545343399
19.4531097412
22.8916149139
24.3141937256
27.5247268677
26.443605423
24.3319530487
28.139541626
26.967250824
33.1396484375
30.6691226959
29.1792430878
34.5102653503
37.567199707
40.7473907471
43.130531311
47.1291999817
50.3103866577
46.294303894
47.1996231079
50.2144317627
46.9245109558
48.7465667725
46.7922172546
42.5529060364
38.4151115417
37.2326774597
33.2445983887
31.2250747681
27.3195018768
23.8189373016
21.9084014893
18.7343997955
18.2061100006
20.5383148193
23.3569011688
29.0498561859
29.8012599945
34.4640579224
35.511428833
39.5817527771
38.9959411621
42.5916938782
42.1533126831
44.4748802185
48.6469802856
47.2373847961
41.2369804382
43.3681182861
46.0197029114
41.406036377
38.5346260071
43.1352767944
42.2766265869
37.6888580322
37.8532676697
41.9447746277
39.9879684448
36.0021514893
35.1916007996
32.969078064
30.194890976
31.1511135101
28.5397548676
32.3548927307
31.7022895813
32.5695953369
34.6410064697
29.8653640747
26.4253063202
24.1660842896
26.2994213104
29.6863021851
35.4315910339
30.3864479065
31.1472568512
27.1488761902
27.1443138123
24.5887775421
29.0649433136
31.7573928833
27.0947971344
29.1359157562
35.0479011536
33.7222938538
32.2755737305
33.8678436279
37.7801361084
37.0666656494
36.672870636
40.3613243103
41.6705436707
41.2173156738
41.4875221252
45.2600212097
45.8916816711
44.6536483765
46.5814247131
50.3179321289
52.9226799011
55.0933914185
50.9520988464
49.9300765991
46.8995780945
46.0227165222
46.30991745
45.932964325
41.1530265808
42.6508026123
42.5852355957
37.494304657
37.0952453613
41.2533721924
37.79246521
33.6793746948
36.2342453003
35.6418914795
32.5811882019
30.6925945282
33.4600067139
32.3420028687
28.3036842346
27.7612247467
26.2501659393
27.3581428528
28.341386795
27.9584236145
31.130903244
38.3682670593
40.3455963135
39.3679428101
34.2961845398
35.2127342224
32.4218902588
31.6567821503
28.1369037628
30.374786377
26.2714424133
23.9850082397
27.7911643982
29.7337150574
25.5656757355
23.6451969147
24.8432750702
30.9528598785
33.312789917
33.1327590942
36.2418632507
37.521282196
37.1916923523
39.2096862793
42.0964584351
42.2910079956
42.3160438538
44.7989006042
47.7043228149
47.713634491
47.0477256775
43.7464942932
42.6783065796
38.6309432983
39.2893714905
40.3470191956
36.4672851562
33.2910499573
26.8310241699
18.3733310699
23.6682624817
36.682182312
12.9883537292
22.2912521362
19.0231876373
9.83639526367
34.531162262
42.6215667725
47.1111106873
33.5121459961
23.0711364746
25.7958488464
32.3686065674
8.70627975464
6.32819700241
27.855381012
32.8683662415
25.1097106934
20.2400150299
41.1096916199
7.95010566711
25.4876670837
20.3975200653
21.6282482147
28.563375473
38.6108894348
19.4099636078
22.3014392853
50.8475875854
20.5299777985
61.5768013
57.7285385132
61.5147628784
57.0363388062
55.2835540771
55.1809768677
55.7583885193
53.8773765564
55.0129470825
58.1856994629
57.0897789001
59.5815963745
60.7583274841
59.2607536316
62.446105957
66.2625808716
63.5761222839
59.9177055359
61.5737800598
56.4420013428
58.3833808899
56.0996818542
57.4037361145
59.2206497192
61.6033973694
62.6642303467
60.3147659302
63.7661399841
58.6311950684
59.7351722717
59.9301948547
56.7280273438
55.1112365723
57.0782012939
53.7793312073
50.5201530457
51.232711792
51.3925971985
48.3644256592
45.7369346619
48.4982223511
48.1690483093
43.0003128052
45.2343139648
43.5199165344
39.6094741821
35.9048156738
37.5448417664
40.5454864502
38.4957351685
34.9947853088
37.2996711731
35.5152359009
39.2195281982
42.0494766235
40.3286819458
40.6276473999
45.3760910034
47.638584137
45.6636161804
46.5096054077
50.8140258789
52.0294418335
50.8346252441
53.1880378723
55.3219985962
59.8652534485
60.7449035645
62.8866653442
58.7085647583
56.3289718628
59.5065422058
58.9735412598
54.66929245
52.7365264893
50.1043739319
47.232006073
47.9621200562
52.751285553
51.4791488647
53.3294677734
50.7227668762
52.4339370728
57.1532592773
54.0314865112
51.0549125671
54.4106407166
57.2761306763
53.0457191467
51.084186554
55.938457489
56.8189277649
52.5459442139
54.6180610657
58.1417541504
55.0296058655
55.0445594788
59.4869537354
60.5973434448
64.3639144897
65.4256439209
67.3192138672
63.5852851868
59.3890991211
63.0308113098
64.1580047607
59.6114120483
57.4603424072
63.0570602417
62.3429756165
57.043762207
59.4895706177
62.721370697
58.3864021301
56.2588615417
60.2951393127
62.1175765991
58.9124336243
55.3334846497
57.1261367798
56.6670913696
59.7490310669
55.6795959473
58.2904281616
61.6649894714
59.139251709
59.5345153809
54.3060531616
52.745967865
51.9680786133
47.9391937256
46.924282074
52.5240364075
51.5476341248
50.3362159729
46.4739837646
48.3849868774
49.0810890198
45.6625556946
43.227306366
39.2470664978
34.9539909363
34.037940979
31.4224948883
29.0529022217
28.2484741211
32.5424041748
33.1152038574
37.0295715332
35.7269630432
40.635181427
41.4713363647
46.2744979858
44.4189033508
49.1913528442
53.1716041565
51.4085006714
55.767791748
57.7862281799
58.4522743225
53.319316864
54.3152084351
53.2424087524
56.5584793091
54.8256340027
58.7205238342
61.0957527161
63.6554489136
65.3890075684
64.3471679688
66.1390457153
59.9063262939
55.1032714844
59.4918708801
53.6075134277
54.8926696777
51.8682632446
49.6389884949
48.2280273438
49.6346168518
52.6031112671
51.5489692688
49.9290161133
48.1818656921
46.9795150757
43.1305465698
44.6525726318
40.6408500671
37.9390640259
42.1367759705
41.2685165405
44.2638626099
43.1358680725
44.9777908325
49.0060272217
46.746006012
49.529094696
48.1406326294
45.0953521729
48.8999824524
49.1913490295
50.8944320679
48.355255127
44.5810546875
44.9912185669
46.9746208191
42.7604827881
40.3828620911
44.636505127
42.4065055847
36.7741012573
37.1043548584
40.4666557312
36.6324272156
34.1674079895
38.3888664246
38.0479850769
31.8709068298
33.9785957336
37.0896377563
33.2052841187
29.1119804382
29.685049057
32.2620887756
28.5362434387
25.2534427643
27.3552856445
28.348772049
22.8264942169
22.0808601379
26.273355484
24.6721324921
19.4300460815
22.896736145
24.7669696808
28.1137371063
27.5928077698
22.512134552
26.9445934296
25.2656784058
20.93318367
20.4151687622
25.1565532684
21.093503952
17.3475971222
19.5580120087
22.6008358002
17.2737140656
15.9187889099
21.745672226
22.2950019836
17.7661247253
17.0831451416
21.5822296143
19.7783927917
24.0464134216
25.1260643005
24.2588443756
27.8778495789
28.4824142456
28.3211555481
33.2132606506
30.4493846893
32.395690918
34.4094581604
30.6347732544
27.6863651276
23.7882804871
23.8654022217
20.7398452759
20.4770393372
19.5085697174
21.957195282
21.3630847931
17.0993804932
18.6310634613
14.0826673508
15.0758514404
14.5639486313
9.9177236557
6.73403406143
5.64397621155
5.67540597916
8.2452545166
6.26592969894
9.86063861847
11.3512811661
10.2233943939
10.8866767883
9.59440898895
5.64143323898
7.5088057518
7.13349866867
11.428604126
12.9650621414
16.3993835449
20.1959266663
22.0488967896
26.8201217651
27.7055091858
24.5908317566
23.2297916412
17.6552314758
16.2812919617
12.4754829407
12.3005313873
9.32883358002
10.4842414856
10.9224834442
11.4250879288
15.223783493
14.8091726303
17.5077476501
13.6403121948
8.74098682404
13.3609676361
15.4870243073
11.8326148987
11.2561855316
16.1822509766
16.3185787201
12.6923465729
16.4117641449
19.814868927
18.1954650879
19.4790763855
16.9840202332
21.0132713318
20.3620834351
20.7461795807
16.2050437927
18.5769405365
22.3223285675
25.176322937
24.1389026642
27.4947719574
28.0191555023
30.7524528503
29.2282066345
39.2138328552
36.6340103149
32.6692047119
31.5569725037
27.5458698273
30.5451831818
30.7130413055
26.7385158539
25.9108791351
30.8356685638
29.2791996002
26.0417175293
28.8429946899
32.0816574097
30.5879631042
28.2611694336
32.755897522
34.7852745056
30.0330238342
30.0799121857
35.5043716431
35.7808494568
32.0764961243
33.6154403687
38.438747406
40.9219017029
44.1941337585
45.5401077271
43.0844116211
45.6758003235
46.5531845093
44.7319221497
41.5640869141
42.3543548584
40.7329406738
37.0301780701
36.2358779907
36.7826499939
35.0793266296
31.2989807129
31.2386760712
31.7094306946
27.641084671
26.1382637024
27.4900054932
25.9575614929
22.6787605286
22.6127815247
24.1355304718
21.682756424
26.6428070068
24.4211158752
29.7847766876
28.9674835205
29.1820354462
35.9078941345
30.4509925842
29.3200359344
30.5089073181
28.7596511841
25.2104511261
27.1065616608
29.536108017
32.2710800171
33.8733673096
31.8560333252
31.7164497375
36.3773422241
37.2972640991
34.4831848145
30.1119289398
34.0676422119
37.9128112793
40.3813819885
41.9588508606
38.0599403381
40.2954292297
44.2695465088
43.2561340332
40.8516159058
44.7185287476
48.3126678467
44.8257141113
43.7736206055
48.3237495422
45.9967803955
48.4094619751
46.9596138
48.8798675537
46.0783004761
41.8971405029
42.3788108826
45.9925918579
40.6854171753
25.6855869293
52.4512939453
53.3994140625
41.3141517639
61.7386245728
52.3376960754
67.3008728027
42.6826667786
29.411523819
58.073009491
39.0037574768
32.6837501526
35.486289978
40.9793319702
46.4927978516
48.8116493225
55.3345870972
59.0291442871
60.5835571289
44.3823699951
47.1139678955
47.7871170044
24.3950748444
40.5001907349
54.8771362305
58.4704399109
48.2740211487
28.153087616
47.7575073242
44.4260177612
67.200958252
63.642616272
67.4768829346
63.193611145
61.6476974487
61.454875946
62.3821105957
60.5133590698
61.5490036011
64.8827514648
64.0147476196
66.2197723389
67.5910949707
66.0864181519
69.105758667
73.01121521
70.0844802856
66.5698623657
68.3721694946
63.5093307495
65.2452850342
63.3393783569
64.4699401855
66.1116104126
68.665473938
69.6845855713
67.55834198
70.9557952881
65.9090270996
67.1184234619
67.2142333984
64.1586990356
62.4819221497
64.2169418335
60.9199447632
57.8065261841
58.3670959473
58.3291549683
55.3823127747
52.7889060974
55.2598266602
54.7632446289
49.7398071289
51.8664779663
49.7506866455
46.0216941833
42.3389472961
44.3977394104
47.4885940552
45.4242591858
42.1499137878
44.7529945374
43.1026344299
46.5244674683
49.3465805054
47.9979553223
48.2655563354
52.7922439575
55.2054443359
53.4055252075
54.1390571594
58.2689933777
59.7151489258
58.5415344238
60.7489700317
62.916305542
67.4884872437
68.4785079956
70.5191497803
66.2464675903
64.0319747925
67.1640472412
66.4620437622
62.1608009338
60.2656860352
57.4974899292
54.5455780029
55.1153335571
59.8974189758
58.6112289429
60.161151886
57.6696128845
58.9658050537
63.6927566528
60.7581787109
57.4836959839
60.6002235413
63.6264648438
59.474861145
57.0631256104
61.8424530029
62.8554611206
58.3005867004
60.0450668335
63.7327156067
60.7657051086
60.1632652283
64.592918396
65.9082946777
69.4894714355
70.1854782104
72.4935760498
69.0439758301
64.4583511353
68.0095443726
69.660949707
65.1796112061
62.6617546082
68.2294769287
67.9545135498
62.5933570862
64.614654541
68.3174209595
64.1484832764
61.5907173157
65.47996521
67.8096847534
64.8381271362
60.8059844971
62.3190994263
62.013507843
64.9844665527
60.7990531921
63.1507110596
66.2763748169
63.6584625244
64.4090270996
59.1814727783
57.6716117859
57.4985809326
53.5157394409
52.8262176514
58.3989715576
57.6075782776
56.8725242615
53.0283088684
55.0923118591
56.0603942871
52.7722015381
50.3950767517
46.4851379395
41.9786186218
41.0270080566
38.1150016785
36.1717185974
35.7158126831
39.9827842712
40.787021637
44.6215744019
43.1474571228
48.0568695068
49.0019798279
53.6913261414
51.5655136108
56.4813041687
60.2162132263
58.3972244263
62.8462715149
64.7010879517
65.5524368286
60.4001731873
61.0832595825
59.9109306335
62.9618263245
60.9200439453
64.6933898926
66.8389205933
69.5206375122
70.9688949585
70.1397628784
72.0641403198
66.3981018066
61.4947013855
65.5767974854
59.5825462341
60.4362983704
57.4401092529
55.450553894
53.8386459351
55.7907295227
58.5465965271
57.8882408142
56.5334892273
54.9578819275
54.1024284363
50.310382843
52.0696907043
48.0560569763
45.3075904846
49.4084701538
48.3194885254
51.0590362549
49.8494606018
51.3474769592
55.1321296692
52.5315322876
54.864440918
53.1392707825
49.8910636902
53.3755607605
53.8525314331
55.4268455505
53.2699394226
49.5599250793
49.2564926147
51.1053314209
47.3673820496
44.5749320984
48.0537261963
46.3624534607
40.9016685486
40.6295700073
43.4753837585
40.1023521423
37.2051963806
40.7154350281
40.8276367188
34.5353507996
35.5968742371
38.6743164062
35.063419342
30.8146858215
30.3463096619
33.6341133118
30.7052173615
26.6722431183
27.9318237305
30.2182712555
25.0771465302
22.5569038391
27.0941410065
26.9178161621
21.3378601074
23.5880374908
26.9251441956
30.2386512756
30.823923111
26.5658588409
31.3853740692
28.7952690125
23.9259262085
25.2647399902
29.2391376495
24.625875473
21.4453716278
24.3052921295
26.4258708954
20.084728241
20.5383453369
26.1906795502
25.2293777466
20.2271652222
21.057926178
25.8714485168
25.0120773315
29.7985076904
30.9724330902
30.6855545044
34.4540634155
35.3522720337
35.6086921692
40.7412071228
38.1519775391
40.1361808777
42.0090255737
38.0959358215
35.1558532715
31.4147872925
31.1326541901
27.8560390472
27.1016311646
25.5110244751
28.1717147827
28.2910251617
23.9536209106
26.1492233276
21.3391189575
22.8178100586
22.0898933411
17.0568790436
14.2213582993
11.7173595428
8.24525642395
5.58392620087
5.85845851898
8.24226570129
6.57548952103
7.77181816101
7.4530134201
8.84245109558
8.42993068695
12.5699968338
13.6858482361
17.5280570984
20.0302791595
23.228012085
27.3012638092
28.764383316
33.1643104553
34.1652412415
31.4284992218
29.4123058319
23.9081439972
21.9154014587
17.9262275696
16.7135601044
12.8071727753
13.5260305405
11.6963815689
12.9265556335
15.4494915009
13.7097482681
17.636598587
16.222196579
11.4747104645
14.6578454971
18.746723175
16.7327709198
14.9470500946
20.0104598999
21.3313465118
18.8663082123
21.091211319
25.3132953644
24.5385742188
26.4091320038
24.403842926
28.5076885223
27.490196228
27.7364826202
22.6738357544
24.4431419373
28.2920379639
30.5028343201
29.7965660095
33.4770927429
33.9218025208
36.2964019775
34.4627113342
42.5256576538
40.6514091492
36.5298614502
36.1473693848
32.2881736755
35.3791007996
34.685256958
30.3248577118
30.420627594
34.5803718567
31.7748451233
28.8709449768
31.8668079376
34.7208137512
32.3135414124
30.0977973938
34.7616577148
36.0377464294
30.6996955872
30.9007968903
36.5450134277
35.9292984009
31.7610282898
33.844581604
38.5801086426
40.4857597351
43.5246238708
44.6232376099
42.8678512573
46.0329704285
47.5709381104
45.8675308228
42.2874336243
43.1157836914
42.4374313354
38.2154846191
37.23179245
38.8552589417
37.3050498962
32.3613052368
33.0259170532
34.4776191711
29.9786148071
28.4521923065
30.5098400116
29.619468689
25.884147644
26.0025291443
28.4824504852
26.684928894
31.3279724121
29.4731407166
34.334651947
33.9574317932
33.7348709106
38.4835968018
32.5455856323
31.1871261597
33.5878105164
32.1068992615
29.2366867065
30.7895584106
33.7620658875
35.8593330383
38.1662139893
36.5763626099
35.6643333435
39.9727363586
41.5880851746
39.0947685242
34.72706604
37.3266372681
40.8082885742
43.387008667
44.5042228699
40.1075973511
42.5429039001
46.3834877014
44.7256393433
42.1286659241
46.303768158
49.7167739868
45.2947425842
44.1674423218
49.3585281372
47.4731750488
50.3264198303
49.4486503601
51.4841537476
48.3341217041
44.4796257019
45.5227813721
53.3442153931
46.0818939209
32.1169967651
55.7348632812
60.2328338623
46.161567688
68.813873291
59.6033058167
72.5543365479
44.3770065308
30.9291210175
62.4915962219
43.6728248596
37.1277503967
38.5202941895
47.6836700439
53.5771217346
53.2891960144
62.2918777466
64.5632171631
67.0411911011
46.2727966309
53.9649162292
55.3706283569
31.922203064
45.4040374756
59.6107368469
62.1080169678
53.7588539124
33.492855072
47.9759101868
52.1312065125
47.9906730652
43.6817245483
46.6118392944
42.1462135315
40.0773696899
39.247959137
39.9658432007
37.4729804993
38.2540779114
41.4533195496
40.4598770142
42.5804023743
43.9664802551
42.6155548096
45.6554336548
49.796875
46.9896583557
43.4121932983
45.5484542847
40.9610061646
43.1404151917
41.9860916138
43.7324943542
44.8159217834
47.274597168
47.456741333
45.2299766541
48.0927085876
43.0522270203
44.2158737183
44.0199890137
41.3715629578
39.6029891968
40.9372596741
37.577331543
34.7569618225
35.2491035461
34.8838310242
31.9609680176
29.9601802826
32.098274231
31.290096283
26.4344673157
29.2505302429
27.2544670105
23.1247692108
20.6436862946
21.4766559601
25.1243858337
24.1443214417
20.678483963
24.929309845
22.3557415009
24.186000824
27.9952793121
27.6266174316
26.8968696594
30.4337482452
33.8317985535
32.6199951172
32.3363227844
35.9555168152
38.5426139832
37.1042671204
38.4453887939
40.8906097412
45.4556617737
47.1754798889
48.7653198242
44.205280304
42.9218254089
46.4202537537
45.2457389832
40.7204017639
39.8777809143
36.8996925354
33.0592155457
34.3994293213
39.3180427551
36.8990974426
38.19688797
35.123966217
36.717956543
41.058506012
37.6736564636
34.5734405518
38.0787963867
40.3491401672
36.0986709595
34.3512420654
38.966506958
39.631023407
35.3869438171
37.7428016663
40.9952049255
37.7773246765
38.1379432678
42.5716781616
43.4716949463
47.3210105896
48.6817893982
50.2825737
46.4164848328
42.4714126587
46.3265342712
47.181388855
42.6012954712
40.7481956482
46.5133361816
45.6253356934
40.4755592346
43.373134613
46.4804496765
42.2258415222
40.5970230103
44.8187255859
46.4996910095
43.3742332458
40.3050880432
42.5348739624
42.8949699402
46.4476356506
43.3255462646
46.6872825623
49.8521842957
46.8546524048
45.8490905762
41.2348747253
38.4352073669
37.4421348572
33.1618614197
31.5564346313
36.948474884
35.3669967651
34.5475845337
30.2691383362
31.8688106537
32.7868423462
29.525554657
27.2124767303
23.5919075012
18.793138504
17.9060516357
15.3845462799
13.3730630875
14.4957180023
18.2272605896
20.168926239
23.4481811523
20.949886322
25.5591926575
27.014415741
31.1007404327
28.6773109436
34.3767929077
37.2363739014
36.119758606
40.6062660217
42.8573188782
44.0178413391
39.0877494812
40.0516319275
40.0267219543
42.9517974854
42.1564064026
45.9745941162
48.7581138611
51.9000396729
53.1151275635
51.2948112488
52.1147155762
46.9230804443
43.0754013062
47.6113891602
42.5822372437
44.3871650696
42.1205673218
38.4966163635
36.3602561951
37.1056442261
39.0850067139
37.5336532593
36.3983688354
33.7763328552
33.4895133972
29.0498523712
30.5154361725
26.4672660828
24.778421402
29.4411182404
28.310760498
31.4985179901
29.0032806396
31.7886047363
34.6541900635
33.3529472351
36.1981086731
34.4033432007
31.8639564514
35.9892272949
36.7867355347
39.8151283264
36.9024124146
32.5479125977
34.0958442688
37.2416801453
32.9909706116
30.0266246796
35.9991645813
34.217212677
27.9495830536
28.561372757
34.0060577393
30.8693122864
28.7562942505
33.2489967346
34.1833610535
29.0959396362
31.5958061218
35.3893585205
32.8854904175
29.3117198944
31.9654006958
34.5733184814
29.9463615417
27.4599514008
32.3974647522
32.4275360107
26.5912342072
29.3104801178
33.5258979797
30.7562732697
26.9912719727
32.8545646667
32.9650802612
36.8379020691
33.9812049866
29.2130794525
30.8914527893
30.0906047821
28.7427120209
24.5341625214
27.5067272186
24.9244270325
21.7554473877
20.3330039978
23.0086956024
20.9991207123
17.1165904999
18.8868999481
21.4386501312
18.7672424316
14.8194437027
15.8175058365
14.2272281647
14.283955574
18.4521541595
17.7046451569
20.1648731232
21.9334506989
18.6743984222
23.8362045288
22.5151176453
21.5638217926
22.6963386536
18.0067367554
14.633564949
13.1571292877
12.1969556808
12.1075792313
13.6807107925
15.9887580872
18.7820396423
16.3061542511
14.5438117981
15.2516326904
16.9454059601
13.7064094543
11.2318382263
13.8552055359
13.9709692001
18.1257724762
17.6552295685
22.4023284912
23.9081535339
19.0434360504
19.2293109894
23.0835361481
20.6102085114
23.8786735535
23.5558681488
17.4369544983
15.0495862961
11.4819116592
10.75390625
6.67567253113
7.86603832245
7.20516967773
8.88547611237
13.0748414993
12.1516904831
8.85667514801
7.33533287048
7.60000324249
7.22082710266
10.5985813141
12.7344551086
15.3169612885
18.747964859
20.4879188538
24.5397720337
27.9969463348
29.0353450775
22.7437992096
21.946231842
26.6207332611
25.0625019073
20.3746700287
23.8550624847
26.5506839752
23.3822116852
20.6100521088
26.3620090485
27.2941646576
23.328994751
22.6788654327
18.4309196472
20.0778694153
21.2491092682
20.0680713654
18.8117961884
20.2946720123
24.7617111206
28.4245548248
24.0722579956
24.9304981232
23.3611354828
27.3578071594
28.1451435089
36.2555427551
31.8657646179
29.0838241577
26.2197380066
22.429933548
22.7080841064
24.8967552185
23.23960495
17.4983005524
23.2818508148
25.3927574158
21.3940105438
21.4994564056
25.1009693146
26.1980876923
22.8964710236
25.3439273834
29.5656509399
26.5258426666
25.0508747101
28.9586849213
31.7729988098
29.0309238434
28.185552597
32.5970344543
35.6219444275
39.1592407227
40.3822898865
36.5075950623
37.4700889587
37.2129173279
34.9166259766
33.0193405151
34.1799278259
30.5171222687
28.0597553253
28.3276309967
27.1800994873
24.6118793488
23.9297866821
23.2584247589
21.479642868
18.3423900604
18.4933795929
18.6458969116
15.1481513977
13.8467292786
15.5137882233
14.0157461166
9.30554008484
13.5961637497
9.33642578125
14.4958019257
12.9348258972
14.1205844879
23.6193027496
20.1816749573
19.8732643127
18.2047843933
16.1082649231
11.9059057236
14.4301671982
15.6720285416
19.6070899963
20.1934490204
18.3861751556
20.0809936523
24.2151126862
24.446516037
22.4240245819
19.2301769257
24.3720378876
29.4322013855
30.6562824249
33.8571853638
30.4667301178
31.0583934784
35.245552063
35.7187957764
32.8681030273
35.7949562073
40.0322647095
38.5371437073
37.0751647949
39.6327972412
36.5051765442
37.8103065491
35.8786354065
36.8730812073
34.4662666321
30.5498638153
30.555065155
33.0001487732
28.5298213959
21.1262626648
39.6204338074
37.4745559692
29.7083454132
47.8051185608
37.5419654846
55.4264183044
31.8314399719
37.2038116455
47.8858032227
26.9668083191
24.5242118835
24.7167854309
28.6566181183
31.0901603699
38.7285308838
40.8851585388
44.1348381042
45.1692619324
38.7661056519
31.4390201569
35.2599029541
11.6447792053
26.8649425507
43.1871185303
49.1980133057
35.5724143982
18.1397819519
40.5080566406
31.7483844757
27.6662120819
26.6818656921
28.1511878967
27.1801948547
28.0258216858
26.7541370392
31.0393199921
30.7931098938
31.2146320343
35.1472625732
39.5066719055
38.2420425415
42.218788147
44.1414031982
45.5559272766
51.2128715515
48.5818824768
46.6195907593
51.0316505432
49.9653816223
52.9794464111
55.4429283142
58.5192146301
57.3167076111
59.1099700928
55.9790878296
54.021572113
53.3371810913
49.5156898499
49.0419425964
46.307674408
45.4468078613
46.1019058228
44.9426841736
40.2782592773
41.8650169373
42.9202842712
39.8361778259
37.481464386
41.7473907471
40.3930664062
36.1753540039
36.4698448181
41.4411430359
38.7593765259
36.1192016602
40.1324882507
37.233001709
41.4653434753
44.332195282
42.4759864807
47.8825302124
43.8227424622
40.7706794739
46.2893257141
47.1764068604
43.60754776
43.4705085754
48.9722671509
47.7635192871
44.1861953735
46.7995796204
51.6427993774
47.5962753296
45.8145065308
50.3956298828
53.3827438354
56.8185882568
57.5429878235
53.4904708862
54.9063339233
59.4746437073
57.9629249573
53.8468399048
56.3023223877
53.9668807983
49.0028953552
52.1058158875
55.8031845093
50.7416534424
50.1081428528
45.9627952576
46.7929611206
47.741443634
43.7732810974
41.4431610107
43.9743461609
41.1337547302
38.2953453064
38.4475288391
38.7854614258
36.8659210205
33.3696746826
35.8338813782
35.474155426
31.5722923279
31.4673347473
34.4702835083
31.8975143433
32.873790741
30.895658493
33.1876983643
31.9924087524
27.244512558
26.2190990448
29.4664325714
26.9970703125
22.6485538483
24.8419151306
26.8852043152
22.5889263153
20.3897418976
25.5769405365
23.8453388214
18.6195926666
20.1950035095
25.4455127716
25.4402217865
19.3274612427
18.4876842499
21.191072464
23.5641727448
22.5318908691
24.5875320435
24.5088748932
20.196516037
19.3223686218
17.2679901123
13.9345798492
18.7962818146
17.4725990295
19.9714183807
21.4667434692
23.2429428101
27.496837616
26.8381919861
29.9411010742
33.8337364197
35.0280456543
36.5462684631
35.0262832642
34.1659011841
31.704618454
28.8195152283
34.5382041931
38.9739151001
36.5109825134
40.3702201843
39.1422195435
38.856174469
39.4943962097
39.7131347656
39.2590484619
34.0139350891
37.1919593811
35.773475647
33.521282196
36.9895782471
36.0802612305
39.4165420532
36.5131568909
33.2433738708
33.5397148132
31.8374500275
30.017747879
31.1151485443
31.8311061859
36.589176178
33.8742218018
32.6574783325
32.8638038635
36.3418579102
34.7578125
35.1655578613
32.8259963989
31.5925350189
32.3896598816
28.8064975739
24.3274211884
28.1950206757
25.1830558777
27.6308078766
30.5619888306
30.3398208618
35.1064682007
33.7477111816
37.5288734436
36.3505744934
35.6762084961
36.2130088806
33.0942955017
31.7598457336
28.5174369812
27.0324459076
23.8300361633
21.5343418121
18.4049358368
13.6531095505
12.4205026627
11.0429821014
14.5452575684
18.9357757568
19.6090888977
17.2442436218
15.0571804047
18.9977607727
20.7535762787
15.9041404724
17.7413768768
21.6301250458
20.0161113739
17.8525447845
21.9177341461
25.0566921234
24.0506858826
23.0222358704
28.2420425415
29.0300521851
27.8386173248
30.4006710052
33.3725242615
32.9752807617
36.0946311951
38.652721405
36.5324554443
35.7641792297
41.3951911926
42.1632728577
39.4733924866
43.5031433105
46.5306968689
45.5717697144
44.8232536316
50.7714195251
50.7931365967
55.1356086731
51.4211044312
50.4057273865
48.7688903809
46.4304733276
48.8281326294
45.3062896729
42.319934845
41.4418640137
41.6404533386
38.309803009
36.3544654846
38.2667236328
37.3238105774
32.5996589661
32.334651947
34.3244438171
32.8498039246
28.8836517334
31.715215683
28.7644195557
32.2222061157
34.9787559509
34.7713279724
38.7398872375
37.2418861389
41.2078514099
44.6111030579
41.7221260071
39.291683197
36.1981964111
36.3721733093
39.1186981201
35.2556114197
36.2670288086
35.2899017334
36.2249565125
38.1400032043
38.6904067993
39.8998413086
43.1248207092
46.9037246704
45.344493866
41.434387207
43.8294029236
46.1481971741
48.0223999023
48.2164077759
50.9333381653
51.6430778503
47.9230690002
46.2855148315
47.901927948
44.8273658752
47.2945632935
48.2742462158
44.7474746704
42.3556098938
42.8115119934
38.6187973022
39.7226791382
36.1535987854
35.6087303162
32.0412864685
27.7568454742
28.004447937
32.3796348572
29.6687297821
35.4876708984
33.3078193665
37.811870575
36.2461547852
40.3180618286
39.1341514587
41.1180229187
42.6716041565
43.6665840149
50.0918502808
49.4925460815
44.8136558533
48.158000946
51.5299186707
48.3528785706
46.3635635376
51.6967926025
52.4662208557
48.3165359497
49.8648109436
54.8707542419
56.0373420715
51.8585128784
53.4526519775
49.8496894836
49.753200531
49.3072662354
45.3170471191
44.7611122131
42.8603439331
47.659866333
49.2845916748
42.3697090149
40.7381477356
36.4503707886
38.4587554932
41.422203064
33.5113601685
30.2347488403
31.2959728241
29.9207496643
30.3511161804
25.795003891
26.3053874969
29.5148448944
25.234828949
22.0575370789
26.1146411896
25.9585399628
21.5276069641
19.9930706024
23.835401535
23.4371109009
18.7328720093
21.3111171722
25.2725448608
23.951002121
19.6587600708
24.0010452271
26.805639267
24.0709609985
22.2438640594
24.7704219818
25.758348465
27.7822570801
24.5476779938
22.1501483917
17.6041278839
18.9716663361
20.7926940918
18.9466209412
15.809094429
20.7045154572
20.1710357666
15.0294427872
17.175901413
23.4667167664
20.2347278595
17.6688728333
23.5531425476
23.6507415771
21.3889923096
22.5795211792
26.3406200409
26.2709827423
24.5831813812
27.5149707794
22.6324768066
26.9868335724
23.8854084015
27.7391242981
29.7986221313
23.7957210541
29.5391025543
26.2664413452
22.6941356659
28.3049545288
28.5809116364
23.9022579193
20.5710296631
17.3089580536
15.5358819962
17.9045276642
16.8919467926
12.3364200592
12.4609870911
16.5592021942
20.5963420868
15.7078638077
15.5281887054
11.8409662247
15.2549247742
16.079668045
12.2634878159
11.7402210236
15.5300779343
15.9799880981
13.0569963455
14.7996225357
19.7786159515
19.8037796021
15.9954490662
13.4926586151
10.8707714081
7.259953022
7.46223163605
11.1407680511
9.6567773819
7.16142034531
52.0642547607
19.8178024292
38.3706970215
5.01843118668
32.454410553
16.8870563507
41.9339599609
38.0200271606
33.9543495178
17.5061664581
51.8672370911
26.0788211823
14.8193044662
23.2128162384
13.3906526566
30.624578476
32.9432945251
21.0100021362
54.2766113281
22.3571014404
31.9747600555
21.9188117981
30.0721569061
53.5290985107
38.0625457764
13.1558160782
20.8173313141
24.6076068878
20.8694286346
25.1902160645
20.927696228
49.6335792542
