60.1792068481
62.761390686
60.173828125
56.5996322632
56.8863792419
57.6791343689
60.7178649902
58.998752594
56.4406013489
57.4402923584
58.161693573
61.1212348938
60.8366394043
58.4223861694
60.8420982361
59.5623054504
59.2152252197
61.9611091614
59.9980888367
59.4771766663
59.8714256287
60.9827537537
58.7267608643
62.2125816345
60.502910614
60.1918258667
61.362865448
60.6499671936
58.9210548401
58.3720359802
57.8765258789
59.3332824707
75.232711792
80.1473464966
76.8494873047
72.0483779907
70.4689788818
72.5958328247
76.3233108521
72.4527893066
69.7318954468
70.4908599854
70.404838562
75.1497039795
76.4269104004
75.3924865723
75.4230041504
75.0439682007
75.3569641113
77.6899337769
76.8373794556
75.3553848267
77.275932312
78.2892532349
72.6846084595
77.8883743286
75.0373840332
75.32421875
77.1899642944
75.7279205322
73.1468887329
71.964012146
71.4129486084
73.8578567505
80.4836730957
85.8874282837
82.3111190796
78.2553787231
76.503036499
78.7617797852
82.2815704346
78.0648574829
75.5400161743
77.8824234009
77.0598907471
80.717628479
82.0456085205
80.8846817017
81.3543930054
81.428855896
81.4880828857
83.3089447021
83.1197738647
81.7062225342
83.5222091675
84.3822631836
78.4687728882
84.4746170044
81.7817230225
81.9079284668
83.5302124023
82.1699142456
79.6402816772
78.4073944092
77.7463989258
79.9275360107
74.4392776489
78.2853775024
75.3402709961
71.5361862183
70.8951416016
72.4295730591
75.6019134521
72.640007019
70.4268493652
69.9118881226
70.8510818481
74.9600219727
75.5252914429
73.856628418
75.2024078369
73.202583313
73.05884552
76.1417999268
74.5496520996
74.278755188
75.1845855713
76.2832260132
72.6071395874
76.5741958618
74.4987716675
74.6272125244
76.1200485229
75.1241073608
73.2213897705
72.5142822266
72.0922012329
73.9763412476
70.466758728
72.3697814941
69.8043899536
68.5047531128
69.0950088501
69.7847824097
71.7410049438
70.2897491455
68.968788147
68.992980957
69.6637649536
72.1153182983
71.1189956665
68.5444107056
71.3332061768
69.6676712036
68.0000762939
71.3241271973
68.9057006836
70.5410232544
69.8202667236
70.9466629028
69.6503753662
72.7834472656
72.1531982422
71.7474594116
72.220664978
72.0876083374
71.277885437
71.1496582031
70.844581604
71.5426025391
76.6233825684
81.936668396
78.5040435791
74.1452331543
72.55052948
74.8861694336
78.470085144
74.3251342773
71.8818893433
73.0786437988
72.6767654419
76.9378814697
78.2813262939
76.925994873
77.4399719238
76.8985061646
76.8927764893
78.998550415
78.5287017822
77.5117874146
79.0512771606
79.9390258789
74.4845352173
80.1061782837
77.5055847168
77.6307830811
79.3740005493
78.1036071777
75.6804962158
74.6535949707
74.0496902466
76.2712936401
64.3439025879
66.583480835
64.2925491333
61.1377334595
61.4145240784
62.1498565674
64.8699111938
63.1987876892
61.1287651062
60.6633491516
62.0995407104
65.3766784668
64.8536453247
62.9580078125
65.073348999
63.015953064
62.5281715393
65.7596893311
63.1909751892
63.2912864685
63.5329589844
64.9539260864
62.864151001
65.5421676636
64.0697784424
64.0323181152
65.120552063
64.4581604004
63.0825996399
62.6608276367
62.3977203369
63.7958984375
76.6825408936
80.6206970215
77.6750488281
73.6757659912
72.8789520264
74.4537582397
77.7159500122
74.5840454102
72.365776062
71.5129928589
72.5286407471
76.9741134644
77.6902313232
76.2344512939
77.3130111694
75.3485031128
75.3953781128
78.4109344482
76.8799514771
76.3964691162
77.5239639282
78.6476974487
74.7238082886
78.6191864014
76.3911132812
76.6239013672
78.2074279785
77.1008071899
75.0985031128
74.3067550659
73.8950119019
75.9154205322
74.9984893799
80.086555481
76.7336044312
72.2334518433
70.7021942139
72.9500045776
76.5584793091
72.6480102539
70.0497436523
71.0816268921
70.8890304565
75.2403259277
76.4781265259
75.1838912964
75.6354293823
75.073135376
75.1519470215
77.3911972046
76.7131347656
75.5833053589
77.185546875
78.1149291992
72.7146377563
78.1662597656
75.5262908936
75.6860733032
77.4465255737
76.1400680542
73.6998519897
72.649269104
72.0684967041
74.3305206299
81.1203613281
85.4886169434
82.2963104248
78.7016830444
77.8351745605
79.620262146
82.8035354614
79.2569046021
77.3437957764
77.0020446777
77.3515472412
81.6201934814
82.4987792969
80.748298645
82.0125656128
80.0694580078
79.7370223999
82.6760025024
81.5586700439
81.5318145752
82.3950500488
83.3771362305
79.3743972778
83.8189086914
81.7477035522
81.8361663818
83.3563613892
82.3913650513
80.4549789429
79.7619094849
79.2727432251
81.1531143188
55.7547683716
56.8617248535
55.0869789124
52.2991600037
53.1316604614
53.2877464294
55.7814903259
54.8757629395
52.8831481934
53.2501564026
54.3365249634
56.984375
55.8319740295
53.7287559509
56.2408599854
54.7109184265
54.2703819275
56.9447937012
54.4074134827
54.1884078979
53.9368515015
55.7544250488
54.6190071106
56.5978889465
55.4644241333
55.0749320984
55.9164085388
55.5173149109
54.3363418579
54.0842819214
53.8081359863
54.8467445374
71.6536941528
76.8247680664
73.4455490112
69.2473373413
67.669631958
70.0951309204
73.5801849365
69.9998550415
67.0755615234
68.9284667969
68.7468414307
72.3837356567
73.3733520508
71.8257598877
72.7749252319
72.273979187
72.1559753418
74.3313827515
73.682434082
72.7089767456
74.05027771
74.8860855103
69.6531295776
75.4454498291
73.0111160278
73.0116882324
74.6001052856
73.4331283569
71.1107177734
70.1349334717
69.512008667
71.5608901978
70.4401397705
74.4438018799
71.291229248
67.8790359497
67.3424987793
68.9666976929
72.0556182861
69.2571563721
66.8601226807
67.6222686768
68.0401535034
71.4005966187
71.8511657715
69.6086654663
71.5304412842
70.0702209473
69.4310455322
72.3292007446
70.9385375977
70.8760757446
71.4621734619
72.3714523315
68.9360046387
73.4508666992
71.5755157471
71.4317932129
72.7701034546
71.9552383423
70.1140213013
69.4968338013
68.9727172852
70.6215744019
64.4161758423
67.3651733398
64.5272369385
61.4125747681
61.4926795959
62.5515594482
65.450630188
63.4486732483
61.085975647
61.905708313
62.5376434326
65.5116577148
65.344619751
62.7358551025
65.2646331787
63.8501434326
63.1799278259
66.1133575439
64.2102661133
64.2078170776
64.4586639404
65.4791641235
63.0470657349
66.8502502441
65.2574539185
64.957611084
66.0897674561
65.4506225586
63.8217468262
63.3345870972
62.8441314697
64.2351760864
