62.295009613
27.8949432373
32.0545768738
33.9957427979
36.356098175
35.2155609131
31.6864147186
30.1964626312
24.680803299
24.6009788513
23.9897041321
22.7274627686
23.340845108
25.7193908691
32.4119186401
26.8478450775
36.1253128052
33.9262084961
33.7434616089
32.7083053589
26.578868866
27.9293422699
23.7106781006
24.4969749451
32.5613174438
28.4160614014
32.935962677
35.2013130188
38.1619224548
36.9489212036
39.1177749634
35.787525177
30.8291740417
31.1653556824
34.5584373474
29.599199295
28.4654388428
29.1780395508
29.2037391663
31.68983078
32.7658805847
34.5072402954
36.5135498047
33.1953277588
37.516078949
35.4465560913
39.4148330688
40.8591384888
41.1534233093
38.8228340149
34.7505989075
40.0675468445
38.080242157
33.0682563782
36.1259002686
40.5878372192
40.2290306091
36.693523407
40.3305778503
41.4046669006
39.004486084
40.7935943604
41.8690490723
41.4864997864
41.8749465942
36.7612380981
38.5694198608
34.8548736572
36.0283508301
35.4355354309
41.0213317871
35.966796875
35.4796791077
37.0805168152
31.0831718445
35.4846763611
32.7629623413
33.7572402954
34.1755485535
31.2191562653
35.6459159851
30.9453716278
33.8285369873
31.8675937653
33.8462562561
33.2058906555
31.1477661133
33.9889526367
34.3552017212
37.3142051697
40.1614456177
36.0216331482
37.3075828552
31.4506587982
35.3974342346
36.3438262939
36.9696311951
35.183265686
37.0575866699
40.4598731995
45.4460983276
41.8089027405
42.8551521301
45.286491394
47.889175415
43.5846824646
47.0192947388
47.2305641174
47.1863632202
42.6217346191
44.6921195984
45.8071861267
43.2072372437
43.500125885
45.5162620544
42.501701355
40.2543411255
41.5766372681
45.8980751038
47.9626197815
45.9729194641
42.8532447815
45.368221283
42.4662094116
40.7595787048
45.0623970032
47.8807373047
43.9827270508
44.8077964783
41.8831520081
42.1168861389
35.6508178711
38.2556037903
34.4197387695
37.0091209412
34.0020446777
36.2374839783
37.0594291687
36.1288795471
35.7586212158
34.5446090698
36.4179611206
37.0521621704
38.4378471375
43.0906944275
45.1964073181
45.0190963745
46.4483795166
43.1538352966
43.4089813232
42.5129623413
37.386390686
35.8696784973
36.2013435364
35.8442459106
34.7497787476
35.366607666
38.6102828979
38.0044059753
42.016254425
38.9376068115
42.161895752
43.8346786499
46.8409919739
50.0912780762
52.108417511
54.067779541
54.2122497559
50.9156494141
56.2464942932
56.8512649536
51.4614562988
50.8785629272
60.8263587952
56.9690589905
55.3620071411
59.6813621521
57.9004554749
55.2379264832
52.4839324951
53.498588562
49.6610450745
51.2983551025
53.8384590149
49.9781455994
49.4892158508
55.9697608948
56.8755378723
52.5181732178
65.7725372314
91.7068634033
48.7426338196
47.5680198669
47.2550773621
45.227722168
48.5054397583
44.3596611023
47.7904701233
44.8656845093
42.9196968079
41.8147544861
43.5146980286
43.9467926025
41.843875885
40.6045913696
41.8059043884
48.1778869629
42.3369560242
40.6623649597
42.1825714111
41.3527946472
38.0417976379
41.4311180115
47.5870170593
45.6067848206
43.9307861328
44.3799858093
39.9680175781
44.6996078491
41.8288040161
42.8347587585
45.3001899719
43.3102111816
41.035358429
47.9530563354
39.0336647034
34.7519111633
38.824054718
43.7752876282
40.4466743469
42.246723175
45.5352134705
40.446434021
43.2806510925
46.0419502258
46.5788154602
46.1428833008
46.3056106567
50.0703620911
50.4726486206
52.0011863708
51.3032188416
53.7875785828
49.8361701965
48.6406478882
48.6608390808
48.0327987671
46.0287246704
46.0160522461
49.6626014709
51.6322669983
47.3981895447
49.3490219116
56.24477005
49.8447341919
49.4545097351
51.5816116333
47.0116958618
49.9538726807
49.3601150513
52.0390357971
47.4707984924
52.2433776855
50.6495094299
49.9718933105
46.9859542847
46.4173316956
44.0898780823
47.7452049255
50.1088676453
49.8676147461
46.3058700562
46.8792991638
49.9285469055
48.4345016479
44.210975647
46.2812690735
47.3417167664
44.4674110413
42.5305366516
45.0600814819
45.8810920715
41.7925720215
41.4268417358
44.3931388855
42.7998962402
45.9835128784
44.8501243591
49.2327537537
48.3763046265
45.2544021606
46.0889053345
45.1048202515
42.3118247986
46.7009353638
47.5764465332
42.7819900513
43.5632247925
47.6846694946
47.9194335938
44.4463272095
46.809135437
49.4807052612
46.6614761353
45.3014335632
48.8175125122
51.0382804871
52.9961051941
51.5073280334
55.4266319275
53.6557426453
57.0148391724
58.3291511536
59.9850616455
63.2085838318
63.6432685852
59.7905197144
59.5614204407
56.2414741516
53.8958702087
54.6703681946
50.4058036804
54.2536735535
50.000579834
54.8149223328
53.9015350342
56.4903450012
57.1283378601
58.0936889648
62.0396690369
63.2106590271
63.8582649231
59.9723167419
59.8740921021
63.1014595032
60.0456008911
56.8284301758
59.1831054688
61.2320213318
56.6914825439
55.1385574341
59.5621643066
61.1048622131
63.5258674622
66.2337417603
65.8817520142
69.0533828735
68.587020874
65.1923446655
68.5984573364
65.2230224609
65.5843276978
63.0312728882
64.2889785767
67.9829406738
70.282371521
71.5542373657
66.3789138794
69.5369033813
65.9958953857
68.3298950195
68.6824264526
66.3007888794
65.1472625732
62.0057678223
58.9448051453
58.8060150146
62.4467773438
60.9954071045
60.8738937378
58.0861778259
55.9784698486
54.0599441528
51.34324646
53.9008140564
58.0392990112
57.9507865906
60.2055015564
61.7409706116
62.4911270142
66.1134414673
67.7138977051
71.2230377197
71.2628631592
55.3276939392
27.0455551147
29.9987220764
29.6622219086
30.9639511108
32.5612754822
30.4564495087
32.8700904846
26.5049324036
32.3361549377
28.9346294403
33.1953277588
31.8510303497
29.1980266571
30.1296615601
31.7176151276
27.0846309662
30.5129089355
24.7324638367
21.8442287445
24.8087711334
23.4373397827
27.2338008881
26.3030567169
32.0858612061
34.6995391846
34.7129096985
33.642326355
36.0147438049
38.8166007996
38.6355628967
42.0609855652
38.6151390076
34.7977104187
32.7352027893
33.9315032959
27.6766605377
21.5405540466
22.6743946075
16.808172226
19.4908370972
17.9694252014
19.5949363708
19.1605873108
18.1148719788
17.2887134552
19.5682792664
20.9140777588
22.661781311
21.5126132965
15.3622179031
22.9273948669
22.3502864838
20.612241745
22.7829971313
26.1982917786
28.8862361908
27.3316249847
28.3228149414
29.7816905975
30.091053009
33.9255561829
37.2746429443
38.9427490234
38.6565666199
31.3122673035
35.0486679077
30.7854690552
28.7943325043
31.7796325684
34.1456794739
26.0099868774
28.0552349091
26.4599246979
23.4942150116
29.0359191895
24.8841609955
22.9086055756
22.3207473755
16.6197719574
21.3620910645
21.6762676239
26.1675033569
27.4798908234
30.4950771332
32.832195282
34.9145851135
36.0207290649
39.2280693054
41.8658294678
42.0754051208
37.4801826477
38.5848236084
34.2763137817
39.6239891052
40.1946907043
39.6961174011
39.9659156799
43.2848701477
46.7097320557
50.2960090637
45.8823318481
45.4333076477
49.7113609314
49.2147674561
46.4152603149
50.0395469666
48.7275657654
48.6778335571
44.9601478577
45.561832428
45.6659240723
43.4118118286
43.1699333191
43.534954071
41.2458076477
38.5425605774
38.5464439392
41.2669029236
42.8037528992
39.3790664673
36.703754425
38.6618804932
35.1797828674
32.119846344
35.7847595215
39.1668586731
33.7035102844
33.819065094
31.3788719177
31.388671875
27.4549751282
27.8114185333
27.1870346069
31.6568584442
31.3729820251
34.8661308289
35.6961555481
33.1880455017
34.8370285034
34.9696235657
39.9646987915
38.4981079102
41.7119789124
44.1730537415
47.6666221619
48.049041748
49.4692268372
45.9411964417
45.0457420349
43.1679840088
38.1020050049
34.2704086304
31.9228019714
31.4381408691
28.81599617
26.8665161133
27.6877632141
26.6392860413
29.9312210083
24.9509353638
28.782907486
30.9976921082
31.9532432556
36.6820755005
38.2513847351
41.0641937256
40.5579910278
35.5450515747
41.4732627869
41.8227882385
34.9380302429
34.5436592102
44.6659202576
40.9657554626
39.6194419861
43.5144844055
41.1797904968
39.0895118713
37.3720741272
39.4857521057
35.4339523315
35.5205078125
39.0032157898
35.9746627808
34.6765823364
40.9474182129
42.7943687439
39.3031005859
50.7603416443
79.0936355591
36.4749717712
34.8797645569
33.7603340149
33.4171028137
38.0181121826
33.3531570435
36.7511444092
35.3646469116
33.9582557678
32.8178405762
35.7175559998
36.9009895325
36.0397262573
35.43384552
36.8481292725
44.4590988159
39.695224762
38.9352760315
40.4077987671
40.8184776306
38.4812240601
40.8356361389
47.4288063049
46.4517211914
44.7398948669
45.1506614685
39.0619697571
43.1623687744
39.1929206848
42.8388557434
43.4994010925
43.8836288452
40.3743743896
46.2531089783
37.0206756592
33.4296226501
38.3534927368
40.7862739563
35.3091773987
37.2371826172
41.3167457581
35.8850669861
36.486000061
41.2287330627
42.483707428
40.5766105652
39.7093772888
44.3003692627
45.5602912903
47.5570983887
46.0798492432
49.6763420105
45.472454071
46.3637542725
45.8479118347
44.2384185791
45.0298042297
44.4141120911
50.0784683228
50.5436286926
46.9126358032
47.4888191223
53.6283988953
47.5911369324
47.3464012146
50.2870826721
44.2579421997
47.3717575073
45.790348053
50.8451461792
47.2677688599
52.7996101379
52.0164985657
51.8811569214
47.8266410828
48.1509132385
47.1146697998
50.7076301575
52.0078125
51.46641922
47.6360321045
48.3627243042
50.066608429
47.8576660156
43.6807594299
45.2064552307
45.0156936646
41.6240310669
40.4014472961
41.5912513733
41.1608161926
37.0505256653
37.3320922852
38.4361495972
35.4982719421
38.1925048828
35.2081832886
40.4460029602
41.460357666
38.1559906006
40.5092582703
37.7476463318
34.772403717
39.3707771301
41.431022644
37.9134788513
38.0250015259
43.1391601562
44.2100143433
41.5539321899
43.9595680237
47.2805671692
45.6596221924
44.4090309143
47.2012214661
50.6047706604
54.1299247742
53.9184646606
57.9785118103
57.6158370972
60.8264732361
63.58253479
64.6121520996
68.5253982544
68.3001403809
64.556854248
65.5202789307
61.2873954773
58.696144104
58.4590530396
53.6982269287
56.3056945801
51.3378829956
55.3096923828
52.8999900818
56.1208381653
55.4852256775
57.4490509033
61.7166938782
63.864692688
63.8459472656
59.6917724609
61.4430541992
64.6080627441
60.1771011353
57.6835212708
61.3040122986
62.6349906921
57.5159683228
57.5734100342
62.3986473083
63.6428070068
66.3034896851
68.199798584
67.4597091675
70.9608917236
71.3299179077
67.7408370972
72.4049301147
68.6971511841
70.2857131958
67.4596252441
69.5005950928
73.4478912354
75.0536422729
75.6901245117
69.6572952271
72.1285095215
67.8776016235
69.5529174805
69.0500106812
66.1133041382
66.095451355
61.8810424805
59.7113265991
59.305934906
63.3868293762
62.7722816467
63.9354820251
61.8265571594
59.8641891479
59.0374450684
56.8055229187
60.1834487915
63.3549003601
62.9937057495
64.1600723267
66.8408889771
66.4907836914
70.4289627075
71.5943374634
74.6457138062
75.0348358154
62.3756370544
43.7140350342
44.0810470581
43.6284484863
43.4016914368
41.4355926514
38.4892539978
43.3758773804
38.8994216919
42.9860572815
42.2384223938
42.501701355
38.5611991882
36.920791626
32.8982391357
38.7480278015
36.8950653076
43.5547218323
40.7495574951
39.5170478821
40.0861206055
37.1195831299
35.6670875549
36.3885955811
34.9016876221
39.5915298462
38.836265564
37.8733787537
43.8740081787
42.8942489624
39.8061523438
44.4287071228
37.7593193054
34.4224700928
33.2994270325
37.9126167297
36.3900299072
32.7626609802
38.7328910828
35.891708374
42.3541603088
44.7744674683
44.0274009705
43.5577774048
41.245803833
45.5950050354
39.4993896484
41.4352912903
43.3579216003
40.4244689941
38.3566589355
36.8143959045
39.1338882446
33.0815353394
30.1222782135
35.3281898499
35.1381950378
31.1888065338
30.3271942139
33.6768798828
29.1098003387
25.90051651
24.3738079071
21.4355869293
20.7713985443
21.0613365173
21.3803749084
29.5442352295
25.35546875
30.5926914215
30.4796409607
40.1687965393
37.157535553
40.5524177551
44.6821899414
42.856464386
48.2331809998
46.9186668396
45.9661445618
44.3808059692
40.6509933472
40.5266036987
36.4966583252
36.0177078247
33.9706954956
32.8560829163
26.8958816528
31.5617465973
30.8830070496
31.4305324554
32.7058906555
35.1062049866
29.3973503113
25.6436328888
26.7545223236
29.6711349487
25.9012851715
26.9735679626
31.4481143951
28.8506164551
33.6212615967
34.2780799866
28.9230327606
31.6798706055
32.4800834656
34.4993782043
26.0005626678
27.3242111206
22.8856143951
24.2440738678
21.5542945862
21.2707424164
19.1457500458
17.935552597
21.8218383789
18.6904125214
15.55580616
19.5854701996
20.9260864258
26.9341659546
26.2301769257
22.7933559418
21.824886322
22.4360733032
24.460559845
24.597946167
26.8068275452
28.4241962433
31.568901062
28.2873096466
29.3986186981
25.3677253723
29.9172096252
28.1301956177
24.2973403931
27.0345859528
26.3199939728
31.0514640808
28.757850647
23.2427501678
25.0723800659
23.6137294769
24.6955776215
24.993642807
27.1593379974
27.010187149
25.1705112457
30.2004051208
22.1871128082
25.0757102966
23.2476863861
18.0815677643
21.3869018555
21.9102344513
29.1684875488
30.4236564636
28.1492786407
34.3143234253
33.2580757141
34.792350769
30.5904102325
31.4454574585
32.1646194458
35.9390144348
33.9785346985
38.3643379211
37.8675727844
38.488193512
37.731552124
43.7884063721
45.8345756531
41.9429283142
41.7844200134
50.7216567993
48.6303253174
44.4671363831
51.3954925537
51.1349830627
47.2362365723
45.5969848633
45.2066917419
41.9999313354
43.769947052
43.4478302002
38.2402763367
39.2837295532
44.0134849548
44.3922309875
38.143447876
54.7002677917
93.7437362671
32.7005081177
33.4905853271
34.8229942322
29.3916530609
31.0342178345
32.0381660461
36.2545585632
28.9225845337
27.3294048309
27.8790035248
29.040971756
24.9494667053
27.5107860565
28.0815639496
23.3237304688
33.4635353088
28.625328064
25.2766513824
21.7718906403
25.0465984344
24.8647766113
25.1896781921
29.4428024292
31.395357132
33.4448051453
34.2111816406
29.3756923676
33.4945259094
31.2746925354
35.0876960754
41.4801521301
41.0474128723
40.6236724854
46.3757095337
36.5066261292
36.7294387817
40.7512397766
41.8210945129
40.1402168274
41.1264762878
39.9350471497
34.0076942444
37.0349197388
39.4151611328
37.4134674072
36.5389938354
38.0873222351
40.5390510559
37.0942611694
39.0336685181
36.1006240845
37.3278999329
33.444316864
31.9032154083
35.7636871338
38.369052887
37.569606781
40.2040939331
41.906665802
46.2485122681
45.800113678
46.499080658
51.9571418762
43.0057945251
40.3748054504
39.9239578247
34.4476852417
34.5873947144
32.5673370361
33.5527038574
28.2033729553
36.4049415588
35.1431159973
36.0356559753
29.6395988464
27.2962913513
20.4599170685
21.9278526306
25.3075351715
21.9479351044
18.529291153
22.3672275543
23.0551624298
19.5970306396
18.4594650269
22.1614933014
21.884809494
18.8377952576
20.3979091644
23.4492721558
22.9920749664
20.6526584625
23.403673172
26.7262458801
28.1319637299
29.6308040619
28.9323101044
30.9078979492
29.323513031
24.9483032227
21.744102478
21.609161377
19.1385574341
20.4449443817
21.285326004
16.4986839294
15.8522500992
17.5507488251
18.5268764496
14.1197118759
14.4668235779
17.4252109528
15.1254472733
11.9979629517
15.1031036377
18.5192737579
20.2030391693
20.3542842865
24.5119152069
24.6633167267
28.6902122498
32.5952758789
34.1932601929
37.8211936951
38.9457778931
36.0302429199
36.4260978699
32.1484184265
28.6270809174
27.9860630035
22.2754230499
24.0925884247
19.3292236328
22.407617569
20.7769107819
22.8801269531
23.8190441132
25.2745513916
29.536819458
31.2910690308
32.361907959
28.4508953094
28.9208545685
32.7468833923
30.1352882385
26.8779678345
30.2725715637
33.7027626038
28.9712600708
28.1902751923
32.8404693604
35.8242607117
36.3895950317
38.5385627747
36.6028060913
40.0091590881
40.6768951416
36.1652412415
40.0499267578
35.7476539612
37.2892990112
33.6494140625
35.8644752502
40.0658836365
41.2215919495
42.3204498291
35.9390258789
38.4593200684
34.4146232605
36.0811042786
36.4618377686
33.5290222168
32.5085945129
28.7576808929
26.0119857788
25.5546150208
29.526966095
28.8275222778
29.6731510162
27.7210216522
26.0481243134
26.0130901337
25.1334114075
28.4250564575
30.211769104
30.2322158813
30.986661911
34.5495071411
34.7653160095
38.9710540771
40.8864898682
43.0521354675
45.0621070862
60.7493095398
41.4139633179
42.0172729492
41.7696876526
42.0540313721
39.9635543823
37.0996627808
41.5968704224
36.8625488281
40.9289512634
40.1788406372
40.2543373108
36.635887146
34.8305435181
30.7896499634
36.5838851929
34.3365631104
40.6097259521
37.8205299377
36.9348564148
37.4051933289
34.6334037781
33.234085083
34.231803894
33.2074050903
38.0542411804
37.4128074646
36.8420219421
42.7369194031
42.2844352722
39.1464118958
43.0347099304
36.946811676
33.3693275452
32.013759613
35.8846359253
34.5347824097
30.5399551392
36.2906684875
33.4602661133
39.5082206726
41.8905029297
41.078086853
40.7776794434
38.542552948
42.5970535278
36.7871170044
38.9213905334
40.8746795654
38.0736885071
35.9120635986
34.5852470398
36.9941902161
31.305929184
28.1994876862
33.3355293274
33.5594024658
29.696023941
28.5397891998
32.4177284241
28.336977005
24.9145202637
24.2740936279
21.2763175964
20.9373683929
20.152961731
20.166885376
27.8145656586
24.435634613
29.254108429
29.6594944
38.6576690674
35.2926025391
38.8126182556
42.7147979736
40.8517456055
46.0653343201
44.6711616516
43.5089683533
42.32081604
38.4747543335
38.4713935852
34.5847091675
33.939540863
32.1515197754
30.9994869232
25.5649852753
30.2500076294
29.25639534
30.6164474487
31.6603622437
33.6711578369
27.9254398346
24.4842166901
25.4570999146
28.7527503967
25.3345184326
26.3006877899
30.4005966187
28.5643959045
33.4047775269
34.7377586365
29.345199585
31.8970813751
32.9581298828
34.5889091492
26.7219333649
28.9616966248
25.6518688202
26.6665267944
23.0296001434
22.8546524048
21.9978523254
19.8480987549
21.9788513184
20.579750061
15.5558042526
18.692401886
21.5945224762
26.4491977692
25.4455108643
22.0437698364
22.3184375763
22.2217102051
23.3353443146
24.6532325745
27.1738414764
27.6811618805
30.1570358276
27.0429534912
28.0598106384
23.4473323822
27.9030513763
25.9668731689
22.7295703888
24.9337940216
24.9301948547
29.1689147949
26.7136745453
21.5109195709
23.4952373505
23.2822360992
24.04479599
25.4789581299
27.9403343201
28.7244739532
27.2511329651
31.3499259949
24.2613792419
25.6514625549
23.1009216309
17.5074596405
19.9227600098
20.0742835999
26.9377994537
28.3031749725
26.0382575989
32.3851509094
30.9928684235
32.935043335
28.756603241
30.1157569885
30.7850322723
34.774887085
33.8293571472
37.7195930481
37.7685890198
38.4356307983
37.2952919006
43.2295646667
44.9946594238
40.8596076965
40.5317726135
49.9972267151
47.3358421326
43.7307052612
50.2612800598
49.7009773254
45.835308075
43.7050552368
43.4229888916
40.0079917908
42.0720710754
42.2959747314
37.1539993286
37.9491539001
43.3112564087
43.6432762146
37.5817260742
54.43227005
90.1916885376
32.2328910828
32.7199668884
33.7580986023
28.7014045715
30.7487411499
30.6945457458
34.7058792114
28.029209137
26.3914909363
26.8112106323
27.7355060577
24.7268695831
26.5844535828
26.4495410919
22.8385047913
32.4924087524
27.663526535
24.3810501099
21.9529037476
25.0150680542
24.4981422424
25.277217865
30.2051734924
31.4572486877
32.6802940369
33.3629302979
28.6545085907
32.4604301453
30.0409202576
33.8746337891
39.5430374146
39.1502876282
38.4126739502
44.1781311035
34.3063468933
34.5540084839
38.5190925598
39.6887893677
37.7021522522
38.4365158081
38.2093887329
32.325630188
35.0046691895
37.4408798218
36.0373573303
35.0494918823
36.0897331238
38.828250885
36.2758102417
38.1019248962
35.4446296692
37.0902633667
33.433391571
31.8899250031
35.2098922729
37.2864570618
36.2730827332
38.7591133118
41.0124855042
44.9008331299
43.820476532
44.3310317993
49.9792633057
41.4407844543
39.0889892578
39.3794784546
33.7216796875
34.6664047241
32.7120018005
34.3764762878
29.1657962799
36.9021492004
35.8598442078
36.4679145813
30.6620826721
28.8745651245
22.8051776886
25.0058574677
27.9310703278
25.3496303558
21.6896648407
24.725818634
25.8416538239
22.74568367
20.5415763855
23.8942184448
23.7783031464
20.5076751709
21.3020839691
24.2278652191
23.9299621582
20.9693908691
23.264787674
26.4829616547
27.2538490295
29.0779647827
28.2687358856
30.8029155731
29.3876743317
25.1583156586
22.9400634766
22.4237098694
19.6234436035
22.0136604309
22.9572124481
17.800201416
17.5122642517
20.3876590729
21.2635440826
16.9611816406
18.2013225555
21.319185257
18.9580039978
16.4335746765
19.7666931152
23.0173854828
25.263261795
25.1159763336
29.2593173981
29.1563911438
32.9080619812
36.4402389526
37.8643493652
41.5797691345
42.3150672913
39.1652030945
39.7215042114
35.4370994568
32.1655769348
31.663520813
26.2080745697
28.4001693726
23.5512084961
27.1307792664
25.435962677
27.9710102081
28.5193729401
29.9532394409
34.20520401
35.9508247375
36.7336959839
32.7438735962
33.426864624
37.0457115173
33.980682373
30.8510303497
34.2279396057
37.095790863
32.2623443604
31.5967273712
36.312335968
38.8346099854
39.9833984375
42.1196212769
40.5795097351
43.9947357178
44.5035629272
40.2854309082
44.3568534851
40.2768478394
41.8038101196
38.5181350708
40.6995391846
44.7524757385
46.1006851196
46.983707428
40.7803573608
43.3445358276
39.2756118774
41.0723648071
41.2225914001
38.3883476257
37.5954780579
33.8257255554
31.0982589722
30.825838089
34.80027771
33.9038009644
34.7900276184
32.8464164734
30.9209651947
30.5929679871
29.190574646
32.601776123
34.8476295471
34.6768989563
35.5804176331
38.8223457336
38.8555450439
42.9696617126
44.6686210632
47.1332969666
48.6341285706
63.1823959351
44.2259864807
44.6414299011
43.8822898865
43.6274032593
41.5690078735
38.732635498
42.8996162415
39.4342460632
42.7473716736
43.0101203918
43.0906906128
38.9632453918
38.5885734558
35.2872276306
41.4357032776
40.2499694824
46.9022903442
44.2751541138
43.171245575
43.020401001
39.5837478638
38.1295471191
37.9064559937
35.402179718
39.6425476074
38.0838890076
37.3350906372
43.2369918823
41.9962005615
38.6183052063
43.3966789246
36.7808532715
33.9464073181
33.9800453186
39.5767173767
37.9701347351
36.0276985168
40.8995285034
38.9748001099
44.9120674133
46.7461738586
47.0360031128
46.5185241699
44.1730422974
48.3568954468
43.5578575134
45.2845802307
46.8245773315
44.9902687073
43.081073761
40.9749069214
43.4651031494
39.1867179871
35.5584831238
39.6272354126
40.3067779541
37.7617034912
35.6118583679
38.5257339478
35.9910697937
32.9924659729
31.2367992401
30.5645294189
28.3921966553
30.6712703705
29.1450366974
34.5378189087
29.3093452454
34.2714805603
32.7346572876
42.4519729614
39.8678131104
41.8339729309
45.9200401306
43.6896209717
48.30859375
47.2080459595
46.9849739075
45.2596321106
42.6540031433
42.9573745728
38.6935348511
39.0273475647
35.8453445435
35.6349449158
29.4576873779
32.4698600769
32.6862564087
32.2485961914
34.3260154724
38.171787262
34.3444900513
33.1418609619
32.9077682495
34.5159339905
31.8140907288
34.0491600037
36.6592330933
34.1071662903
38.6927719116
40.1119384766
35.9941368103
38.9498443604
40.7988319397
42.2055435181
35.2363128662
36.2503166199
34.2218780518
33.684387207
30.4088077545
33.7891921997
32.2135887146
29.2443790436
33.4777107239
33.1690635681
27.1593360901
27.9403381348
32.29322052
34.6902122498
38.3681716919
36.5028953552
34.7097511292
34.1098937988
32.5229530334
34.1833381653
35.9016227722
37.4195175171
37.1179504395
40.0760498047
37.0590133667
38.2334785461
33.7559089661
38.1877288818
35.6594543457
33.7859230042
34.9452476501
34.1792144775
36.9887199402
35.7022018433
31.2762317657
30.5128879547
27.6908226013
26.8743953705
24.9617977142
27.5719509125
27.3505210876
31.3967571259
26.4709587097
30.0372829437
29.0444488525
26.6161613464
27.5261173248
30.3093185425
35.1047515869
36.5589370728
34.9924964905
40.1924781799
39.4083442688
41.3888587952
37.9591331482
38.8578605652
40.4800033569
43.1999282837
42.5967979431
46.2200622559
46.3380889893
46.4969482422
44.8979759216
50.2860794067
51.899269104
47.7837677002
47.7681922913
55.5939979553
53.3936233521
50.0648155212
55.5824699402
55.0904045105
52.1442375183
50.8184318542
50.8658103943
48.0666275024
49.3551597595
49.4268493652
45.4269561768
46.2997665405
50.3084793091
51.0494003296
45.9969558716
58.6417541504
92.833732605
41.8725471497
42.2203865051
43.0810928345
38.8902015686
41.2704200745
41.2013435364
44.4658546448
38.9019699097
37.7720489502
37.8048667908
39.2150688171
36.7584228516
38.1407203674
37.9908676147
35.0734825134
43.8441848755
38.9038276672
35.899143219
34.3457870483
36.0648231506
34.3509483337
34.8939704895
39.618724823
40.7400932312
41.0690574646
42.6981163025
38.3885192871
42.9323921204
40.7172088623
43.4303131104
48.4702529907
47.7246704102
46.7553863525
52.2670021057
43.251991272
42.4925575256
46.3269615173
48.329990387
46.2084617615
47.401599884
47.2954864502
41.9742965698
44.752532959
47.1237564087
45.9155235291
45.2350959778
46.2519760132
48.4312515259
46.8504753113
48.5233802795
46.0838546753
47.6754341125
43.7234916687
42.979095459
45.1644859314
46.3919219971
45.8567237854
47.6260261536
49.6500740051
52.9387207031
51.9353408813
52.9977035522
58.2045326233
50.3499069214
48.8285980225
48.8357849121
44.1604118347
44.5321846008
43.0212860107
44.5498008728
39.4821929932
46.3020858765
44.568611145
44.7028121948
39.4848937988
37.1656417847
32.9114608765
34.754108429
38.3001937866
35.8517570496
32.8471603394
35.7033004761
37.2164306641
34.6812171936
33.0300827026
36.0704116821
36.2572135925
33.6603813171
34.0582542419
36.7335700989
36.586227417
34.0445480347
35.7059707642
38.487197876
38.8455314636
40.4544372559
39.4364547729
41.74792099
40.9296455383
37.3990211487
35.7242736816
35.0965576172
32.5948524475
34.4337234497
35.6081504822
31.5744075775
30.9583473206
33.2016563416
34.130443573
30.5702400208
30.9177837372
33.4317855835
31.3340606689
28.7433071136
30.9091434479
33.829082489
34.1001205444
33.5978431702
37.3396568298
36.3141212463
40.6030426025
43.2843971252
45.3901863098
48.3953437805
49.9233436584
46.9892044067
46.5453338623
43.0525550842
39.813167572
40.0310974121
34.9168434143
37.592338562
33.7624969482
36.7525177002
35.7631912231
36.8078651428
38.2439041138
39.5260505676
43.184551239
44.5264930725
45.7884750366
42.4131317139
42.1249237061
45.7059020996
43.8158111572
40.7225570679
43.2211494446
46.5465965271
42.4406967163
41.060295105
45.1753425598
47.9262046814
48.5354919434
50.8542556763
49.2468795776
52.276386261
52.5835456848
48.4523239136
51.4085845947
47.3985824585
47.9885787964
44.1224632263
45.4620704651
49.7783737183
51.2018127441
53.1125526428
47.3920669556
50.0998878479
46.7216529846
48.2919769287
49.1560287476
46.4956588745
44.9374923706
41.8741226196
39.2856140137
38.2315330505
41.6628646851
41.2929573059
41.0717544556
38.0202980042
37.1868858337
36.0652427673
35.1269035339
37.2030792236
39.9489364624
40.7152404785
42.4267501831
45.1336174011
46.3232269287
50.1649665833
52.2597999573
54.5115737915
56.2645454407
65.6373825073
45.3362350464
46.3146858215
45.7559547424
46.4461860657
44.1493606567
41.0434303284
44.4491119385
40.7014274597
43.555267334
43.7739562988
43.4089736938
39.5619010925
38.627784729
34.9446678162
41.1683158875
39.3834457397
45.974407196
43.8625907898
43.069316864
42.8640213013
39.8111534119
38.0295410156
38.4303359985
36.1201133728
41.5973129272
39.8943405151
40.3437004089
45.8906059265
45.3742446899
41.9044265747
45.587184906
39.2855644226
36.0368728638
35.9375305176
40.2221450806
39.1046409607
36.7165145874
41.6947364807
39.8561134338
44.9508666992
47.3792076111
47.2045707703
46.6429634094
45.0457344055
48.7700920105
43.9957351685
46.373085022
47.833984375
45.946723938
43.8502693176
42.1578903198
44.4685287476
40.0691833496
36.3209037781
40.6891212463
41.4971618652
38.6142616272
36.5326690674
40.1409797668
37.5913009644
34.149433136
33.1236076355
30.9880504608
29.0319404602
29.65259552
29.4028511047
34.411277771
31.29986763
36.0301742554
35.2250175476
44.2644042969
41.6716575623
43.6991577148
47.7334060669
45.538444519
49.9314651489
49.0940666199
48.5822219849
47.4080429077
44.2766151428
44.3931045532
40.4724769592
39.9896392822
37.6724510193
36.4352073669
30.7673416138
33.1717567444
32.4839172363
32.6140785217
32.8948783875
36.435043335
31.7771949768
29.3212852478
30.079832077
31.8912162781
28.4727725983
30.4948482513
33.3622016907
30.5963802338
35.5557479858
36.5730705261
32.2113189697
35.953540802
36.7775611877
38.1723365784
30.8710727692
32.2416954041
30.7362728119
30.2356586456
25.9986572266
29.5457935333
28.8316287994
25.576789856
29.4162406921
30.1442108154
25.075712204
25.6514663696
29.8440532684
32.6576004028
37.0065689087
35.9472885132
33.4336891174
33.8257751465
32.9447021484
33.9655685425
35.9784049988
37.7832221985
37.7417831421
40.5253829956
37.2533149719
38.1274185181
33.0031051636
37.4238433838
34.4470748901
32.160533905
32.5718994141
31.52409935
35.4097976685
33.7357139587
28.7790794373
28.9397544861
25.0440292358
26.6157131195
26.1370811462
30.0372829437
30.9413547516
28.7506122589
32.1532592773
24.991727829
27.262178421
23.276889801
26.9232082367
29.4097595215
33.9779281616
35.7914047241
34.4970169067
40.4971656799
39.5555076599
41.4555244446
38.5393867493
39.7977981567
40.9166412354
44.2487716675
44.0045089722
47.1749534607
47.5371246338
47.928527832
46.8436470032
52.2924461365
53.8816833496
49.8056221008
49.7165184021
58.0315322876
55.7857933044
52.7591934204
58.0628318787
57.5638580322
54.2256317139
52.4819221497
52.4882698059
49.2700119019
50.6926727295
51.4482650757
47.0042953491
47.3997879028
52.3102149963
52.4533462524
47.4422912598
62.1272506714
90.2672958374
42.7871055603
43.0817184448
43.68334198
39.5462226868
41.4204216003
40.8216629028
43.8213539124
38.773601532
37.1090774536
37.0214118958
37.5541915894
35.3690490723
36.0431518555
35.7842483521
32.8271636963
40.9580116272
35.9825706482
32.6933059692
30.7472438812
32.6707420349
30.9355812073
31.6517715454
36.2370758057
36.653503418
37.9620628357
39.0144767761
35.5220375061
39.6993942261
37.9750404358
40.1405448914
45.5670852661
44.903968811
44.2691726685
49.475982666
40.8580741882
40.5097732544
43.8050003052
46.223613739
44.328125
45.7408714294
45.5102958679
40.139591217
43.2901573181
45.3612937927
43.8223609924
43.2742004395
44.7124252319
47.2374076843
44.6346054077
46.3564758301
44.500743866
45.7517089844
42.0872879028
40.0683479309
42.2838973999
44.2848930359
42.998210907
45.1176261902
46.7855415344
50.6698303223
49.588180542
50.7312278748
55.5376205444
48.196521759
46.3272628784
46.0213241577
41.7682533264
42.184715271
41.0464706421
41.3152656555
36.4659042358
42.5638771057
41.148021698
40.8536834717
36.2625198364
33.8932151794
28.6293201447
30.9108886719
34.7401237488
32.4629707336
29.1209125519
31.9249401093
34.0341415405
31.6646690369
29.4839477539
32.8382644653
33.5160217285
30.8792591095
30.870223999
34.1531295776
34.5193519592
31.6852016449
33.1201858521
36.7157249451
37.4120864868
39.4715995789
38.9808044434
41.4835929871
39.8550224304
36.1246070862
34.0536308289
34.0703392029
31.6090831757
33.8632354736
34.4371070862
29.6010227203
29.665014267
31.8197402954
32.210723877
28.2088775635
29.1600074768
31.461523056
28.5857429504
26.2926597595
29.4678993225
31.6637134552
32.3028755188
31.1205539703
35.1765289307
33.8178825378
38.0129776001
40.5656661987
42.5936965942
45.8457756042
47.1498832703
43.9180297852
43.5674171448
39.8523216248
36.5892105103
36.9141426086
31.6317443848
34.9421882629
30.7868614197
34.8033027649
34.236907959
35.9096107483
37.3696212769
38.2094421387
42.039352417
43.1620521545
44.3867988586
40.757938385
40.1760406494
43.8211402893
41.7728157043
38.308807373
40.7282600403
44.0657043457
39.7469749451
37.9699554443
42.3673324585
45.0950775146
46.0335350037
48.6320381165
47.2975120544
50.4429016113
50.4856910706
46.3865432739
49.5567779541
45.6151351929
46.246257782
42.846698761
44.4179496765
48.5401268005
50.2996482849
51.8044395447
46.0875930786
49.0716667175
45.5332336426
47.5927581787
48.3455581665
45.8495292664
44.2951507568
41.2952194214
38.1672668457
37.8010902405
41.3571586609
40.1706619263
40.0028877258
37.252456665
35.4688262939
34.1345710754
32.4044189453
35.1547279358
38.3370285034
38.6069297791
40.4518089294
42.9826087952
43.961151123
47.913772583
49.9580764771
52.6295814514
54.0103492737
64.5238800049
43.7199058533
44.4494895935
44.003780365
44.4222717285
41.8816184998
38.8748397827
43.1127052307
38.9232521057
42.686416626
42.5575790405
42.5129623413
38.5781097412
37.5249786377
33.4473838806
39.9871101379
38.0613174438
44.7661972046
42.6776428223
41.4947319031
41.5145950317
38.2364349365
36.3872528076
36.6955986023
34.7321166992
40.0143203735
38.4336357117
38.251789093
43.8942070007
43.3351020813
40.1845436096
44.1366424561
37.6299133301
34.4097137451
33.4018363953
37.9762229919
36.9867706299
34.4758110046
39.7391586304
37.7845306396
43.62159729
46.0378761292
45.6551856995
45.4109611511
43.1679878235
47.6561851501
42.1055297852
44.7428894043
46.1099319458
43.9087333679
41.7865371704
39.9703598022
42.2046966553
37.4459838867
33.5582046509
37.7645454407
38.7989959717
35.2898139954
33.4098320007
37.0958786011
34.2768707275
30.658115387
29.3130664825
26.9527168274
25.2588863373
26.0534534454
25.6553840637
31.0756282806
27.7007350922
32.8863372803
31.9447498322
41.0266227722
38.9170417786
41.3858070374
45.4874687195
43.713432312
48.48645401
47.6587371826
46.8195915222
45.5051460266
42.2654457092
42.2199935913
38.1506385803
37.2351799011
35.0278015137
33.6785812378
27.5706672668
31.2154693604
30.843416214
31.3361587524
32.5857162476
35.4863204956
31.1636829376
29.0571670532
29.7309703827
31.7450580597
28.9712162018
31.0089244843
34.1536064148
31.7199649811
36.8211975098
38.0494041443
33.3741950989
36.7696876526
37.657169342
39.5123939514
31.5148391724
33.291519165
31.5511741638
31.4398403168
27.2591819763
29.4603881836
28.9155883789
25.5652236938
28.6493320465
28.9181079865
23.2476882935
23.1009197235
27.3777923584
30.5889720917
34.5209083557
33.1198806763
30.4416427612
30.648525238
29.245929718
31.0049533844
32.9776916504
34.4373435974
34.6596221924
37.8392601013
34.1048622131
35.3477325439
30.496881485
35.1192054749
32.6287269592
29.9919261932
31.0010223389
30.5113601685
33.9162254333
31.5772304535
26.7371139526
26.4891376495
24.6619033813
24.7463150024
25.7333450317
29.0444393158
29.5781974792
28.708190918
32.4795837402
26.1304721832
27.2621765137
21.5357570648
23.4950218201
26.3264274597
31.5384998322
33.1234169006
31.7290344238
38.0389518738
37.4095916748
39.0143547058
35.9925880432
36.9167785645
38.2839202881
41.9193611145
41.2635040283
45.0815849304
45.1929092407
45.2829208374
44.4785003662
50.1225471497
51.769744873
47.8741950989
47.7593383789
56.2073135376
54.2606811523
51.0511856079
56.9878234863
56.373550415
52.8323554993
50.9267578125
50.9382553101
47.800365448
49.3793182373
49.9029388428
45.222328186
45.4289665222
50.4105873108
50.9136390686
45.5465011597
60.8817138672
93.1042404175
40.5448226929
40.9645233154
41.3153610229
36.9627304077
39.1050720215
38.6151504517
42.3391036987
36.4808235168
35.1583175659
34.9351730347
35.4743385315
33.3968009949
34.6803779602
34.2852783203
31.1525878906
39.9334945679
34.8783760071
31.5010166168
29.9461078644
32.4565811157
30.7804641724
31.7635097504
36.3903617859
37.4547195435
38.4343452454
39.2922325134
35.1653060913
39.3650093079
37.4756736755
40.2609710693
45.6414299011
45.2017059326
44.4880142212
49.4157562256
40.6448097229
40.221988678
43.8640289307
45.7211761475
43.9925422668
45.3377418518
44.9711494446
39.4924812317
42.3129043579
44.7339019775
43.070098877
42.1593475342
43.8712539673
46.4103736877
43.775100708
45.7027244568
43.6195793152
44.6612548828
41.2790412903
39.3113937378
42.3441696167
44.2816009521
43.0946159363
45.2274208069
47.0463371277
50.7068214417
49.7470054626
50.5933189392
55.6041946411
48.2811737061
45.9162063599
45.9537963867
41.3890037537
42.0247154236
40.625
41.5161743164
36.4520759583
42.9500923157
42.0343971252
42.0503807068
36.9768867493
34.6893386841
29.3385505676
31.5648784637
35.0184020996
32.5883140564
29.1786231995
32.0977134705
33.7258682251
31.0312252045
28.9229698181
32.2504959106
32.5258674622
29.6074352264
29.9462432861
33.033821106
33.023059845
30.0859565735
31.9151515961
35.3001174927
35.9357452393
37.8887023926
37.0942230225
39.6387481689
38.2555961609
34.2808265686
32.2230262756
31.7707958221
28.9278697968
31.2325706482
32.2813224792
27.4144420624
27.0101490021
29.646320343
30.4727268219
26.3955059052
27.2081375122
29.9874858856
27.5316963196
24.9007892609
27.7878780365
30.7848205566
31.8442649841
31.2949962616
35.3092346191
34.5175857544
38.5964660645
41.530708313
43.3497581482
46.6629829407
47.806427002
44.7314491272
44.6845626831
40.859161377
37.6161422729
37.6159820557
32.3058929443
35.0318832397
30.7034931183
34.2200889587
33.073764801
34.7823600769
35.9307441711
37.1778678894
41.0770606995
42.5019378662
43.5704345703
39.9465255737
39.9281234741
43.5087280273
41.1814613342
37.9914855957
40.7619895935
43.8890533447
39.5129814148
38.2617073059
42.6484451294
45.273109436
46.170124054
48.4607772827
46.9805412292
50.1329040527
50.4419250488
46.3535270691
49.7497558594
45.7814064026
46.7308654785
43.2323112488
44.9447669983
49.0815620422
50.5474395752
51.930355072
46.0890197754
48.7793312073
45.1354522705
46.8895378113
47.4472732544
44.7899742126
43.5307006836
40.2283744812
37.4725837708
36.8353385925
40.5122146606
39.7760162354
39.9827919006
37.4140014648
35.9381637573
35.0472640991
33.6864051819
36.4715042114
39.1708831787
39.4527702332
40.8985061646
43.7380599976
44.4280204773
48.3581199646
50.2566642761
52.668056488
54.1893844604
55.6419067383
43.0384407043
44.1994781494
44.1356925964
44.5740013123
43.8845214844
40.9241638184
44.8409538269
39.6883201599
43.4800109863
41.2793197632
41.8059043884
39.1359558105
35.870098114
32.9162940979
35.7042121887
33.4825897217
38.0605735779
34.7356491089
34.3588981628
35.7764587402
34.4072189331
34.2144241333
36.1044616699
37.2548713684
40.6505088806
42.3267059326
41.9773483276
46.9544219971
47.4863967896
44.6735992432
47.3832855225
42.7355499268
38.4877204895
37.2393951416
38.5043869019
36.6920471191
31.1033287048
36.5618667603
32.8847694397
37.719127655
40.0590591431
38.2414321899
37.9668159485
36.8481292725
39.1085205078
33.7199630737
35.0311889648
38.0560188293
34.8639068604
32.5771751404
32.3723907471
35.2503089905
28.5866832733
27.4369239807
33.5286560059
33.0993881226
29.3341579437
29.8974723816
33.66771698
29.2187633514
27.0351886749
28.9577465057
27.2266864777
28.8589916229
26.645072937
24.1777591705
31.4799900055
29.7158699036
32.3833045959
34.7373962402
41.0850067139
37.315071106
41.3557090759
44.074054718
41.9647483826
47.479850769
45.3003311157
43.6763725281
43.3274269104
38.5080757141
38.616027832
35.7472572327
35.4583015442
35.4768562317
34.2053260803
31.2107391357
35.3425865173
33.7461128235
35.610408783
36.2020225525
36.0684738159
29.5196609497
25.773443222
25.3418464661
30.440826416
27.9980163574
26.5586204529
30.8520393372
31.5062427521
35.0673675537
36.5597381592
30.8668556213
31.27983284
32.7802429199
34.0694999695
28.7762432098
32.112071991
28.7903022766
31.3050994873
28.2572784424
24.8132839203
26.3992843628
26.5766868591
25.6344528198
22.7973270416
23.3237304688
22.8384914398
20.6190643311
23.2465724945
29.5235099792
26.7337989807
20.8542366028
23.6037788391
24.9485626221
22.8573741913
22.6120319366
28.1609649658
27.9396514893
27.8400878906
25.1580638885
23.9804878235
20.3656654358
22.8019313812
21.5343666077
18.2780590057
21.8827724457
22.8084068298
27.8539505005
25.6929035187
22.7604503632
27.0808067322
29.3653659821
30.9950332642
33.0767555237
35.0734825134
38.0530776978
36.3319816589
38.2962532043
32.6880683899
32.8271636963
31.1525917053
23.9377250671
25.7631759644
21.9041976929
27.7770614624
27.1963577271
25.5866088867
29.4623851776
27.0628700256
29.3775119781
25.1296615601
28.0054550171
27.052942276
31.0705432892
30.316822052
33.1235198975
33.9849510193
35.5984954834
33.4418678284
39.0627212524
40.1945877075
36.2135887146
35.2924537659
43.9845352173
41.4287872314
37.5794296265
43.4052963257
42.9231910706
39.245223999
37.0634727478
36.8116912842
33.5187835693
35.7651557922
35.9610328674
30.7934951782
32.3277854919
37.1880264282
37.6498031616
31.7754306793
46.9015541077
81.2496490479
27.4200153351
26.5009346008
28.2056560516
24.5331516266
24.8793773651
24.0645961761
28.3798961639
22.2917728424
19.5156459808
19.7522716522
21.4746704102
17.7019290924
18.4702987671
19.2490406036
25.5108909607
21.2100524902
20.0187797546
18.9319782257
20.7943248749
21.7016353607
23.9209060669
28.2822723389
28.9633388519
30.3066215515
29.8467884064
23.9127807617
26.6582279205
23.5310325623
28.9730587006
33.7393493652
34.5415611267
33.5166702271
38.7069244385
28.972743988
30.057844162
33.8841896057
33.7579040527
31.4131965637
32.1021652222
31.6516246796
25.6343650818
27.6822032928
30.4994850159
29.0383472443
27.4657230377
28.663734436
31.6858177185
28.9227275848
31.3287734985
28.9223976135
30.9997501373
26.9121074677
26.1153011322
29.0661487579
30.8510551453
30.9980201721
32.9745330811
36.3138389587
39.5374946594
38.7122421265
38.6363105774
43.8563232422
35.6565589905
33.0655670166
33.8837776184
27.605474472
29.1922702789
27.6653423309
30.4352931976
26.1852760315
33.7750701904
33.9887924194
34.813167572
29.4834289551
29.3318862915
24.3938484192
27.2443370819
27.9498100281
26.9653186798
23.3950767517
24.3156776428
25.1476230621
22.8200626373
18.8260936737
20.6417713165
20.3247947693
16.7888660431
16.1871452332
18.3690376282
18.2529850006
14.1635398865
15.9096765518
19.1516647339
19.5036888123
21.7829933167
21.2561244965
24.2545700073
22.7651863098
18.5846576691
18.159078598
17.8123455048
16.3123722076
20.1465110779
19.7532634735
14.9566659927
17.4765434265
20.6409893036
20.2979164124
17.8466930389
21.3174800873
23.3829898834
21.4737815857
21.8949203491
25.2462863922
26.7122192383
31.1844749451
30.9518013
34.5329055786
35.023273468
37.2813606262
40.7998123169
41.1608963013
45.3763160706
44.7690887451
41.3954277039
43.1736831665
38.4711990356
35.8897094727
34.8645706177
30.4512653351
32.1001319885
27.3012809753
31.2766551971
29.2871341705
33.4267501831
32.3633270264
33.4743080139
37.5293006897
39.4470291138
39.1478385925
34.9924468994
36.9878616333
39.8507118225
35.1880760193
32.7941436768
36.6362457275
37.8215637207
32.6124191284
33.1826400757
38.0136299133
39.4039993286
41.7678070068
43.4042129517
42.5428886414
46.0741844177
46.6534538269
43.0871925354
48.239276886
44.7077598572
47.0345687866
45.0038719177
47.6991004944
51.0373802185
52.4146499634
51.9966697693
46.0331497192
48.2226715088
43.8334465027
45.7845153809
44.818649292
42.2878570557
42.7489776611
38.8302001953
36.4315223694
37.3361740112
41.1233253479
39.5144500732
41.3891029358
40.6793746948
37.7561416626
37.7992248535
35.6590919495
39.8050842285
41.8891067505
40.6883239746
40.8942489624
43.9307632446
42.5787887573
46.4949760437
47.3694381714
50.1676025391
50.7564201355
54.7472915649
49.0912971497
50.7261619568
52.9391288757
54.8913040161
54.0940551758
51.7899932861
53.0786209106
47.6630096436
49.5784835815
46.5650444031
45.5352096558
45.3776702881
41.1040992737
39.6409339905
41.0506362915
36.2082138062
39.3258209229
36.2060623169
38.833896637
40.2184066772
39.5969619751
41.0899543762
43.1103820801
45.2703971863
48.8177871704
51.5009613037
53.5536499023
57.1807746887
59.2688789368
56.4104232788
55.4127578735
54.2815055847
49.5665969849
48.5055809021
46.9855041504
46.0724525452
39.9972114563
42.7945251465
39.9086341858
40.9985237122
42.8435668945
39.2098350525
41.5456619263
41.3167381287
40.9071807861
37.869934082
39.4198875427
43.7339363098
40.931060791
38.2508583069
39.6514892578
43.5639343262
37.8349609375
38.1042709351
43.5495109558
44.5220108032
41.0366172791
41.962474823
46.5799446106
43.4633522034
41.8892288208
44.9340400696
43.394821167
44.6809043884
42.5329933167
39.8488006592
44.3134880066
44.0805053711
45.657283783
48.6547393799
51.3181152344
47.4855079651
51.6232299805
52.8664932251
50.0826530457
54.6433448792
51.7178230286
49.2751846313
51.7242889404
46.1362800598
47.6100349426
45.0785865784
45.0199661255
46.2003517151
45.3073120117
43.9498138428
46.578994751
44.1088867188
46.148399353
45.5038871765
44.7354927063
38.9848594666
35.9018630981
31.921995163
37.7065391541
36.138584137
33.3448295593
34.8717308044
37.3102645874
38.4930877686
41.9048957825
37.636177063
34.9397239685
35.146522522
39.0565376282
37.4744491577
41.3891563416
40.1968460083
43.1437759399
40.7918434143
36.8445243835
39.9535827637
41.2260971069
38.798538208
37.9834861755
39.935043335
38.2093887329
35.6795654297
39.4751853943
42.8644142151
41.6344299316
35.9903411865
39.4709587097
41.0779876709
37.4745407104
36.9898300171
43.5361289978
41.6963272095
37.3346176147
37.6720199585
34.945980072
32.1787605286
30.3896465302
29.5947303772
30.1547031403
29.3944549561
32.6512413025
34.9759750366
35.8796539307
34.9801483154
39.0027008057
41.865070343
44.0081672668
46.5623931885
47.2954826355
52.2421073914
49.6921043396
48.8559036255
46.544593811
45.5103034973
44.9711418152
38.7788925171
40.361869812
36.2439041138
39.129863739
36.5689926147
37.4060325623
36.5152282715
33.8545417786
38.5296325684
34.1230125427
39.1719284058
36.1232528687
40.3108596802
41.2360420227
41.5199432373
43.3686752319
46.6133651733
43.1874504089
46.3912086487
45.7791137695
43.3381347656
40.5913467407
49.1205329895
44.8895187378
41.9155349731
46.3471450806
45.3898963928
42.0911026001
37.2728462219
36.5415878296
34.0502815247
38.6780853271
38.9465179443
34.3509521484
37.5435752869
42.4889183044
42.3215637207
37.4968185425
49.4367370605
74.941734314
35.9087753296
32.348323822
35.798248291
34.804523468
33.1546516418
29.827545166
35.7291793823
32.0195884705
28.0413761139
28.4850120544
33.5758972168
30.9175033569
24.6518821716
28.1507778168
31.6516189575
33.2277030945
27.3655414581
30.0731830597
32.1223640442
25.8005161285
28.317565918
32.6076202393
35.6421432495
32.9763755798
32.3310928345
30.0930328369
24.8746623993
25.5731048584
20.0808448792
22.2186126709
21.794260025
21.1843013763
20.4205112457
28.4161472321
21.0483055115
22.8101348877
24.083656311
19.581571579
20.9843330383
16.746931076
16.6329402924
18.305519104
16.9497871399
19.2339859009
22.0015087128
20.6390247345
23.2840309143
25.385591507
25.9993591309
26.9431114197
30.2752113342
26.5259571075
27.6066188812
26.9878883362
25.1770801544
22.1317634583
20.3006286621
25.9039344788
26.9227142334
23.1807746887
21.6505661011
29.1881504059
22.273355484
21.1023368835
26.3481521606
20.2681465149
27.7592468262
28.1709403992
32.5878219604
30.1590137482
34.9816322327
34.722858429
35.9920120239
34.1126976013
36.2147636414
34.0296859741
36.894367218
34.7626876831
37.2259521484
35.2419815063
32.5204315186
34.0475959778
34.7209014893
30.5347976685
28.8661174774
29.8376464844
29.3757362366
26.1637763977
25.3832607269
27.2366943359
25.648601532
22.2881374359
22.6700668335
21.1398410797
23.7032299042
25.8916816711
28.0927028656
25.9611091614
26.5370845795
29.6213130951
30.7994766235
32.1207885742
35.3825683594
32.9066047668
31.6435546875
35.0714378357
36.647102356
34.6516571045
34.7877311707
38.4711875916
38.5998306274
36.8890151978
39.1448669434
42.3777694702
41.2376213074
46.0466880798
44.7202949524
47.1767501831
47.1000976562
47.2693405151
48.9858360291
48.0837860107
52.0328826904
49.5618133545
46.0649299622
48.761428833
44.83776474
44.1093063354
43.379989624
41.7044525146
43.5354309082
40.3561439514
44.7786865234
44.0253715515
48.7375030518
47.0706291199
46.8698692322
49.8115310669
50.8692932129
49.577999115
46.0808486938
47.9588661194
49.3432846069
44.1655807495
42.7454109192
45.3071594238
43.9138069153
39.9324264526
40.7748565674
44.3743553162
43.4614486694
47.7526626587
49.0457077026
50.1008605957
53.0598182678
52.7693977356
51.0978889465
56.3807907104
54.395198822
56.6629753113
56.8663673401
59.5263061523
61.4645996094
63.4765739441
61.5256958008
57.0870437622
59.2151527405
55.2843017578
57.9255523682
56.1315536499
54.7546424866
55.9444198608
52.9840736389
50.4617576599
52.7866172791
55.8565864563
52.8014183044
54.7299919128
54.9654541016
50.8735618591
50.4681663513
47.1855239868
51.3446617126
53.9075393677
51.6000747681
51.766620636
53.2074317932
50.7491378784
53.5941162109
53.2545280457
56.9490585327
55.2132072449
68.3468780518
54.8220939636
55.0983428955
57.1239280701
58.1633338928
55.3296966553
52.565574646
55.6022872925
50.7066574097
53.1410331726
52.095867157
50.1088752747
47.7396430969
45.2756614685
41.0507240295
47.2075424194
43.201713562
49.9188079834
48.0289459229
49.0000228882
49.3379745483
46.566947937
45.5401878357
46.656463623
44.5335083008
50.9099884033
50.3478622437
52.1256446838
57.4518127441
57.3778800964
53.8063316345
55.3797836304
51.0282020569
46.9799842834
46.0364189148
48.8745040894
48.7790641785
44.6914863586
49.453830719
47.4844017029
51.9501571655
54.8670349121
52.1499328613
53.6548881531
52.0078010559
55.4568634033
49.4814682007
52.3217658997
55.2385520935
51.6571540833
48.7877578735
49.1381797791
51.7842483521
44.8930053711
42.8277168274
48.3625526428
49.1576652527
43.553352356
43.7688522339
48.7160339355
43.9033317566
40.6147537231
40.1649932861
36.0183181763
35.7198181152
35.1364479065
35.7459983826
42.3822288513
40.2940788269
45.6085357666
45.7589683533
53.3412284851
50.9514923096
54.8723182678
58.6186485291
56.3041877747
61.337928772
59.870426178
57.9230995178
58.7583808899
54.0112495422
54.3351745605
50.0192871094
48.5142745972
47.5254745483
45.7120704651
39.9701766968
43.2473487854
41.6334533691
41.2535362244
40.6588096619
43.0386123657
36.5144081116
30.4465522766
30.0722866058
33.4884185791
28.4978752136
27.2966823578
31.5565814972
28.0501384735
30.1182727814
30.7418956757
26.4278507233
26.8673667908
22.2463760376
30.0144424438
23.6040821075
24.6221847534
18.4286117554
26.2587928772
25.7950077057
20.6239109039
22.5880012512
27.0133495331
28.3160572052
24.7625598907
25.3075389862
27.9310779572
28.1420726776
31.0519485474
38.2462272644
38.5595169067
31.7520046234
32.977771759
36.054473877
36.361164093
34.2804832458
39.2127037048
41.2688407898
40.7524604797
39.1609382629
38.4474449158
34.760181427
36.7248802185
35.1957969666
30.8076343536
31.5099468231
31.4306621552
36.7333641052
36.7095108032
31.1430244446
34.9187316895
32.2826881409
36.550075531
36.0028038025
38.300201416
38.7965545654
34.8870620728
37.4938621521
31.2670612335
34.7401313782
35.0183982849
28.3626308441
34.4843635559
33.3277130127
40.0100708008
39.6674804688
39.7271003723
43.2648391724
41.8641014099
44.9861946106
40.7394561768
43.270198822
41.1569786072
46.7701225281
44.4037246704
47.4699821472
46.8912696838
49.6874275208
49.1465339661
53.7703857422
54.7613563538
52.9404067993
51.2037277222
60.7114295959
57.6782264709
53.407245636
60.5988388062
60.4407844543
55.7800178528
51.8083381653
50.0233612061
47.4595375061
51.7260246277
50.697555542
44.4236831665
47.17918396
52.5052185059
51.6790809631
44.6096229553
63.4176177979
98.4710388184
39.8642845154
39.2694625854
42.6785011292
37.6839103699
35.6098594666
36.5956039429
42.6906509399
34.605884552
30.9903450012
32.6453132629
35.282749176
29.0394134521
27.3128471375
30.3250694275
27.9498138428
32.0317192078
26.5277996063
25.8490161896
22.7971897125
17.810333252
22.7903251648
24.3134288788
24.2000713348
23.8198680878
28.4209938049
27.2073326111
25.3753852844
26.5238723755
24.9677276611
26.3566894531
35.0630722046
32.0629348755
34.5210723877
41.6866836548
33.2033195496
35.6847038269
37.6905479431
37.1662750244
38.9863052368
37.2606697083
34.7626953125
30.7566070557
34.4230728149
32.9657897949
30.8816490173
32.7633247375
33.7687721252
34.400138855
29.9093723297
29.4465942383
27.666677475
27.2514667511
24.9320583344
21.6987915039
26.6655502319
31.3245029449
27.0421466827
31.4544353485
29.4636764526
36.8520050049
36.7519950867
36.9873161316
42.7985877991
32.1524810791
29.0460891724
27.0048751831
22.788980484
22.4478111267
20.9262866974
17.8443279266
14.4331569672
22.3255901337
18.7312602997
23.0418834686
17.9429283142
18.5269680023
8.56577301025
6.22113895416
5.56913614273
7.82055711746
5.33660745621
6.08731174469
9.40982151031
10.1969461441
9.48261833191
11.9961223602
14.3329668045
13.918390274
15.5788249969
18.017665863
19.1998214722
18.9134654999
22.2289619446
25.8642196655
26.8721389771
30.0225353241
29.5709667206
24.8013362885
23.7072143555
20.0708618164
24.4885730743
25.9897403717
26.19506073
22.3234672546
20.5058479309
23.4489536285
20.8018779755
17.3940486908
17.6107501984
19.4062194824
16.5175514221
14.0552492142
17.7238483429
20.2134952545
14.9328393936
17.3868579865
14.6352872849
15.4087867737
15.2987985611
13.8634347916
16.073425293
15.0014667511
19.3144702911
17.8229236603
14.4776315689
17.1972484589
12.5602636337
11.417093277
9.92534637451
10.1052885056
11.2593946457
10.938700676
15.4628686905
18.0179634094
21.7709922791
21.8783054352
19.1879730225
21.2628803253
20.6038837433
20.461063385
17.2342453003
16.1468276978
17.7331371307
14.7354307175
11.5255069733
12.5025682449
13.460931778
9.39967346191
7.45440101624
11.7316522598
13.1473417282
15.91061306
18.6965484619
19.2033901215
22.3782291412
21.5332164764
18.7925071716
23.5604228973
21.3237323761
23.4091815948
24.2957286835
27.0984573364
28.490404129
30.6617145538
28.7060813904
24.4464092255
27.2357978821
23.7373714447
27.4946880341
26.769367218
26.2500858307
26.0689620972
24.8277111053
21.0069770813
24.8572025299
26.8354167938
21.9354934692
23.1956939697
24.4951152802
19.4549846649
19.5772743225
16.862033844
20.9374313354
22.0609970093
18.9694976807
18.6654815674
20.0102424622
17.3659496307
20.7023200989
21.1990776062
25.1093215942
24.5379505157
50.9034881592
50.5926971436
50.7237854004
51.9881134033
52.6773910522
51.8996734619
49.888671875
53.4156646729
48.3805618286
51.7803230286
48.897480011
48.3763046265
47.1503334045
43.2564544678
40.2410011292
41.7201004028
39.3375396729
41.7921829224
38.3479919434
39.402923584
41.0446014404
41.0097007751
41.5054168701
44.0830802917
45.8185462952
47.486289978
51.4582328796
51.1182670593
55.7554206848
56.5730514526
53.6471405029
54.1462516785
51.7099609375
47.7256507874
45.9303855896
45.3668212891
44.8578987122
38.5886039734
42.8736000061
39.3404884338
43.0400238037
44.9779624939
41.5545425415
42.092124939
41.4603614807
42.2780151367
37.139919281
37.2321891785
41.17578125
36.9096183777
34.8160324097
36.8855400085
39.2531242371
32.0035552979
33.5318260193
39.421421051
38.0550842285
33.6045188904
36.1221046448
39.7586021423
34.0996780396
33.3058509827
35.3015785217
33.4885292053
35.8171310425
33.9722747803
31.8113937378
39.1510238647
37.483997345
40.1317367554
43.3338165283
47.088180542
43.9357566833
49.2021636963
51.2354393005
49.9349594116
54.9354057312
52.6288604736
49.6681365967
50.9840354919
45.4638290405
45.3222999573
42.9216651917
42.3492507935
43.2228927612
42.1286277771
39.415851593
44.5809555054
41.9658927917
43.8839797974
43.8658370972
42.7237663269
37.3198471069
33.3066902161
32.6724128723
37.1597824097
34.1183776855
32.5404052734
37.0019607544
37.1859664917
39.3536224365
40.7719116211
35.9102210999
34.1053085327
34.7546920776
36.6351242065
33.2124557495
36.0357894897
32.0411109924
35.9541778564
34.7344512939
29.2019691467
30.7099971771
33.1745834351
31.9088783264
27.6135616302
29.3235111237
29.387670517
26.689912796
28.11469841
33.4684257507
31.8837871552
25.132516861
26.3272533417
29.8114719391
27.5416126251
22.616519928
30.4815731049
31.0394897461
27.4179153442
27.8533535004
25.7356204987
26.0256671906
24.6200790405
26.8069057465
24.313129425
28.0279026031
30.3108654022
32.9953117371
33.0587387085
30.5428390503
35.1462059021
37.9273757935
39.3811988831
41.6363677979
40.929649353
45.2724075317
42.9415855408
42.9574394226
39.8705062866
39.855014801
38.2555847168
32.5263252258
34.3237495422
29.4888458252
35.3347816467
33.5211410522
32.3198204041
32.295425415
29.6974086761
32.6653404236
26.3860492706
29.8628559113
26.0568161011
29.7918891907
27.4714927673
28.379026413
28.7691841125
33.1304283142
30.6960849762
34.5865364075
34.9372444153
33.1394462585
30.6569080353
39.1522827148
35.8107261658
30.6987819672
37.3589668274
37.4762535095
33.07447052
29.2549133301
27.2303733826
25.2023010254
29.7635059357
27.6605148315
21.5731582642
26.6134986877
30.5911254883
29.4011440277
22.6258621216
39.653881073
74.5749816895
20.6503944397
18.092004776
24.072933197
21.0475196838
16.4755477905
18.7172031403
25.8598937988
19.3343162537
15.1778173447
18.8681602478
24.6515274048
18.4382457733
17.146112442
22.637172699
22.7651901245
26.9320316315
23.1845264435
25.0827960968
24.3793678284
21.526304245
26.2896842957
28.0975341797
30.3490123749
30.6963596344
31.7144756317
30.7536716461
25.3826503754
25.1303272247
20.3008098602
27.0791950226
30.6904983521
31.3395786285
31.4007263184
36.6129302979
28.3805942535
31.3375225067
34.2775306702
30.1904392242
29.7269458771
26.8006839752
25.9611091614
22.0982837677
21.0008907318
21.6340045929
21.9272212982
21.1109199524
18.6697425842
19.844953537
18.4988708496
18.3585510254
13.8456897736
18.5901432037
17.1361656189
20.2404308319
24.0568523407
25.8226852417
25.9278182983
28.313703537
31.1370506287
34.0412902832
33.5828781128
31.1883869171
36.3345298767
27.3910198212
24.2767810822
26.6053848267
17.9831638336
22.1551551819
19.4549350739
24.8810329437
23.1477298737
31.4250564575
31.5156345367
34.1099472046
29.5060310364
30.7397918701
26.7274360657
27.7936649323
24.8013343811
25.469827652
24.1910095215
22.9175777435
20.853055954
20.3473014832
18.7590675354
16.2661952972
14.0475568771
14.2879619598
14.6235466003
10.4192266464
8.74671936035
11.3876132965
11.4111175537
6.54824542999
8.34157943726
5.24368143082
8.50635433197
6.20342969894
5.98148012161
9.97169399261
11.3261651993
15.8394346237
16.3737869263
12.4384822845
15.711148262
18.8548965454
18.3819618225
16.4222354889
19.4204235077
22.3030834198
21.6999797821
22.322593689
25.3627891541
26.871711731
25.8029212952
31.9416809082
32.4041938782
34.2872009277
36.2599105835
36.1419487
39.9070129395
38.5162620544
42.8206596375
40.4009208679
37.8333320618
41.4842224121
36.8621635437
35.5440940857
33.3694190979
31.28424263
30.5836048126
27.443983078
29.5783519745
27.4038257599
32.5518074036
29.4205760956
29.8818740845
32.7470397949
34.7875213623
32.7870521545
29.2863636017
33.3909416199
34.5676040649
28.1792449951
28.0653190613
32.1329421997
30.3823604584
26.0360183716
29.3830242157
32.9499435425
32.4752883911
35.6828346252
35.7176017761
35.61561203
38.8521003723
39.9422416687
37.7387619019
44.0728492737
41.6231842041
45.264415741
44.9649085999
48.3251724243
50.4166183472
51.3334121704
48.9107933044
43.6701316833
44.7794265747
40.314491272
42.0502433777
39.4006118774
37.5935287476
40.0081481934
36.3216667175
34.9445381165
37.2871398926
40.3187446594
38.1086502075
41.4380607605
42.7500343323
39.2381286621
40.4225158691
38.5881843567
42.939163208
43.641834259
41.3526344299
39.9523506165
42.905620575
39.4663009644
42.5659065247
42.0072250366
44.4216041565
44.0878982544
65.1027908325
47.0989494324
47.1668281555
47.1441764832
46.9411392212
44.6112670898
41.7675590515
46.7570533752
42.1736221313
46.2372016907
45.4143333435
45.3014221191
41.4804115295
39.6902694702
35.2671966553
41.4721412659
39.1876106262
46.0689430237
43.4104347229
42.3561706543
43.041973114
40.0760765076
38.5439071655
39.3655433655
37.5420570374
42.699760437
41.7872657776
40.9966659546
47.039642334
45.8713302612
42.7690544128
47.2151947021
40.5907325745
37.3548049927
36.0196609497
40.7439002991
39.5237121582
35.7574462891
41.8284072876
39.0135002136
45.5561027527
48.2299957275
46.9544677734
46.7585525513
44.4090309143
48.9750518799
42.3152427673
44.4734992981
46.4953117371
43.0511207581
40.8709106445
39.7928657532
41.8716125488
35.1007270813
32.5658798218
37.9577484131
37.4972305298
32.8401794434
32.6151504517
36.042930603
30.6369285583
27.602897644
25.8044319153
22.2243785858
22.0864944458
22.5528182983
23.194890976
31.8862609863
27.705493927
33.3176422119
33.1085395813
42.8785743713
40.0770339966
43.8582496643
48.1544418335
46.5293502808
51.9804077148
50.8229217529
49.5384483337
48.1855049133
44.1923980713
43.8762626648
39.8295593262
38.8762054443
36.9871330261
35.6548614502
29.3852043152
34.2227020264
33.475353241
33.5933074951
34.6217346191
37.1236724854
31.0534572601
26.2239055634
27.5383529663
30.5112686157
26.1287021637
26.7399463654
31.7808647156
28.4384250641
32.8770217896
33.0362014771
27.6735858917
30.2960987091
29.6619224548
32.8787651062
23.924489975
24.659740448
18.1663417816
21.8087463379
20.4930992126
17.7821235657
15.1534290314
17.5227375031
21.2656345367
15.4681282043
11.9979658127
16.4335727692
19.086359024
19.0559139252
26.8412971497
26.8658390045
21.86784935
20.142780304
22.5452861786
24.9048309326
23.0939922333
25.8118438721
28.8767223358
31.7843666077
28.8313598633
29.8226032257
26.4579105377
30.5750713348
29.3670959473
24.5676288605
27.704372406
27.0112380981
32.3971405029
30.2267494202
24.3341808319
26.9359474182
24.9439868927
26.9199848175
26.6736431122
28.7433052063
27.6494235992
25.2572460175
30.5734500885
22.2978172302
26.2926635742
24.9007930756
19.2067489624
23.545665741
23.3918209076
31.3272628784
32.228187561
30.0554676056
36.0982894897
35.02917099
36.4910888672
31.8791408539
32.5867996216
32.5538444519
36.885383606
33.7585754395
38.4825592041
37.24842453
38.4056167603
38.4544372559
44.5037651062
46.8260421753
43.5405349731
43.2656402588
52.5584640503
50.6357650757
46.1079330444
53.8444328308
53.7988471985
49.2773132324
47.2838020325
46.3915977478
43.1556663513
45.4483680725
44.6742897034
38.7213668823
40.0940628052
45.0176048279
44.9428863525
37.9004936218
57.1850624084
97.6577224731
31.8045253754
33.0643081665
35.0043792725
28.7546787262
29.2907924652
31.5033969879
36.4276924133
27.9315643311
25.9353294373
27.2141284943
28.5718898773
22.8512840271
25.7671642303
27.3201942444
21.8949203491
31.5189208984
26.872795105
23.9272575378
19.1741886139
21.9399147034
23.4982891083
23.7190856934
26.6097507477
28.8712120056
32.166759491
32.4370040894
27.9390602112
31.3771095276
29.3035888672
33.2883415222
40.7438659668
40.0044555664
40.3505172729
46.325340271
36.4113121033
37.4485702515
41.1530456543
41.5633277893
40.7451705933
41.2133560181
39.1448745728
33.4162940979
36.5329208374
38.2513504028
35.7803878784
35.2380027771
36.9585342407
39.0293006897
34.4212112427
36.0208282471
32.6893386841
33.354927063
30.1223735809
27.9379501343
33.0992202759
36.8470840454
35.4464416504
38.8483657837
39.6207122803
44.9348945618
44.9576034546
45.4297218323
50.9401931763
41.2428703308
37.9656066895
36.9169769287
31.3043041229
31.0255527496
28.6003379822
28.6057529449
23.4742450714
32.4918441772
30.9727058411
32.7367706299
25.8896141052
23.6785087585
14.742764473
14.7164077759
17.7238578796
13.3591918945
10.77684021
15.3351135254
14.6893844604
10.6401138306
11.7560663223
15.4242267609
14.701467514
12.3894834518
15.3117790222
18.1271533966
17.5302848816
16.5806922913
19.8260631561
23.1621055603
25.7695865631
26.7862663269
26.8669204712
27.8240299225
25.3627872467
21.0540084839
16.1682186127
17.2965049744
15.9464931488
15.5611171722
15.32721138
11.5309667587
11.0327129364
9.87049388885
10.327249527
6.4880490303
5.47075080872
7.21566152573
5.20823383331
5.47176218033
7.96857309341
10.5335254669
11.549202919
15.333691597
16.7039718628
20.1264457703
24.8369007111
26.0587596893
29.8109970093
30.8601112366
28.3209056854
29.1529579163
24.7002429962
21.1666164398
19.8271636963
14.338060379
14.6500501633
9.96213722229
12.0781860352
10.2561979294
13.0712919235
13.8339080811
14.9958181381
19.4995689392
21.3552188873
22.4485797882
18.3522510529
19.1286392212
23.0531806946
20.4153347015
17.0943527222
20.9312438965
24.6573104858
19.8987960815
19.5663547516
24.1323356628
27.4380435944
27.5013484955
29.4694957733
27.1558017731
30.6820278168
31.6157989502
26.8565864563
31.081943512
26.6639537811
28.7883415222
25.409318924
28.1013126373
32.0218429565
32.9055938721
33.4940376282
26.8770503998
29.1916503906
24.8763198853
26.6144733429
26.7933654785
23.8358078003
23.0555744171
19.1590576172
16.2506637573
16.5634498596
20.5527610779
19.4404468536
21.0094470978
20.1383266449
18.0623283386
19.037443161
18.7220287323
22.256401062
22.8981666565
22.4641628265
22.3401050568
26.4255981445
26.0442695618
30.3222980499
32.1673545837
34.0409889221
36.429561615
75.2959899902
59.5340919495
59.5401420593
61.4089775085
62.0989112854
58.8683204651
56.0880203247
59.3344192505
54.8729171753
57.1924743652
56.7707366943
54.6703643799
51.825378418
50.1233558655
45.6509933472
52.8615951538
49.0880432129
56.6601905823
55.0303230286
55.5890312195
55.6377067566
52.2375106812
50.7654838562
51.3047142029
48.0048408508
54.9505958557
53.2180786133
54.9213638306
60.4305648804
59.6669158936
56.0752677917
58.4657363892
53.3935050964
49.7768211365
49.1445999146
53.3507118225
53.2423667908
50.0850524902
54.9570617676
53.3870010376
58.3907279968
61.3527145386
59.0805549622
60.4828681946
58.4590415955
62.7060279846
56.4793167114
59.581287384
62.0589828491
58.6303977966
55.823638916
55.6431770325
58.0896606445
51.3787345886
48.6898765564
53.8860359192
54.7989196777
49.1724433899
48.946182251
53.6245346069
48.9045219421
45.3644599915
43.7863311768
39.5665512085
38.4791564941
38.9275894165
40.1110496521
46.7679901123
43.8288040161
49.8857078552
48.9547767639
57.7098045349
55.7267799377
59.2012557983
63.4395751953
61.1267776489
66.0751113892
64.9786758423
63.4092826843
63.7386932373
59.4975395203
59.7439308167
55.0533447266
53.5163459778
51.7667045593
50.0684967041
43.3925743103
46.4067382812
45.3680763245
44.0567855835
43.8066711426
47.2857284546
41.1855239868
35.3906822205
35.2784385681
37.6612701416
32.38123703
32.2697410583
36.1842002869
31.122587204
33.2509117126
33.3173370361
29.8927135468
31.4576072693
26.5732402802
34.9851722717
27.4027633667
26.7807350159
20.0493106842
27.6004581451
28.0708389282
25.0617313385
25.2956008911
29.538110733
32.7163887024
29.3665447235
27.9860706329
31.6635055542
33.3651237488
36.0574874878
43.1888809204
43.7350006104
37.5479125977
37.8478050232
40.5492019653
42.0840263367
40.1829452515
43.9721908569
46.6324920654
47.2719917297
45.2841415405
45.1943359375
41.3116416931
44.0749893188
42.2558631897
37.5060043335
38.1044616699
37.4270553589
42.6875152588
42.5390281677
36.3441123962
39.1846237183
34.8721580505
39.2767105103
37.4350166321
40.0311012268
38.9009094238
34.7483520508
38.4604187012
31.6243476868
36.914150238
37.6159744263
31.692199707
38.3057785034
38.5118179321
45.4375152588
45.5560913086
45.5685424805
49.8003082275
48.9524269104
51.664806366
47.7162437439
49.531337738
48.0532569885
53.5723304749
50.7087898254
54.4295425415
53.3295173645
55.6441116333
55.6599159241
60.3941421509
61.7385520935
60.0183906555
58.6432571411
67.8902740479
65.2892074585
61.0120162964
68.452796936
68.4044113159
63.7435112
60.1655921936
58.4041252136
55.8980789185
59.8070869446
58.6541938782
52.480140686
54.8671035767
59.9443092346
59.2360115051
52.161945343
71.0117797852
107.471008301
47.0226135254
47.0853424072
50.0951271057
44.6067733765
43.0860824585
44.5904846191
50.4492683411
42.0191307068
38.9376754761
40.3303031921
42.5032730103
36.3827896118
35.6671600342
38.031463623
34.8645706177
39.9491500854
34.3405952454
32.6675758362
29.3417015076
25.746963501
29.2912197113
30.2646217346
30.3706607819
30.5619812012
34.9122772217
34.4437446594
32.8444366455
34.9960365295
33.7757720947
34.4554595947
43.467918396
39.8533554077
42.4771842957
49.7111091614
41.2918014526
43.1744194031
45.231338501
45.4592514038
47.4046974182
46.1295318604
43.3799972534
39.4140396118
43.417301178
42.1569824219
39.8539505005
41.6974601746
43.081615448
43.7075233459
39.1759986877
38.8405609131
36.8894729614
36.3421859741
34.090045929
30.7804527283
35.7367248535
40.2282485962
35.6291809082
39.8170127869
37.0729675293
44.6316184998
44.6728134155
45.4489402771
51.3339118958
40.7977867126
37.9259605408
35.5870246887
32.0466270447
31.5757541656
30.2404880524
27.053812027
22.8572940826
30.0417671204
24.9185371399
28.7576503754
23.8416461945
22.447473526
12.662358284
8.5817117691
9.92534732819
8.76802253723
12.0910415649
12.4752655029
12.8343038559
14.6797485352
17.2448482513
18.0117511749
19.8461837769
21.656162262
22.1424484253
24.3223648071
26.1392364502
27.1956233978
27.6378211975
31.1345272064
34.8138046265
35.7034759521
38.4267234802
37.8382530212
33.3694114685
31.8486938477
27.3897609711
31.4067935944
32.2687416077
31.7714233398
28.6365509033
26.6404495239
28.5063514709
25.3345947266
22.7085971832
22.3103408813
22.5886516571
19.5688323975
17.4428024292
19.8271694183
21.2561721802
15.7530794144
14.6354503632
11.0008859634
9.73714065552
8.50284671783
5.51229286194
7.29358816147
7.00299787521
11.077255249
11.6726942062
9.09522342682
10.1113510132
5.91120004654
4.27226781845
6.76799249649
7.50284337997
10.8982725143
13.4981250763
17.8587150574
19.4887256622
21.1936264038
17.6932964325
18.6221351624
16.6166687012
17.8883953094
15.8583755493
11.4583148956
13.3190279007
14.1332015991
10.4092760086
8.22016716003
12.3718738556
11.0198116302
6.0140247345
7.75898790359
11.8428516388
11.4939870834
15.5054578781
15.3388643265
17.9199142456
16.4511756897
13.0629730225
15.8838949203
13.4404659271
14.4483089447
15.699095726
18.1881065369
19.2385807037
21.749080658
20.3798465729
16.5944480896
20.0986690521
17.5284748077
21.8315219879
22.4074020386
22.4965820312
20.8659286499
21.1846828461
16.9337425232
20.8821296692
21.786113739
16.2234992981
16.0499229431
17.6113796234
12.3631296158
12.4246892929
10.6579780579
13.5963029861
13.6891613007
10.1717805862
10.1577177048
10.8567638397
9.23554897308
12.9477806091
14.7681684494
18.6052913666
19.1545619965
72.5694198608
64.8616409302
63.9709014893
64.5897979736
64.0913619995
61.6951255798
59.4427108765
64.3635406494
60.4572219849
63.9701309204
62.8299827576
62.0396690369
58.9221801758
57.0692405701
52.5720481873
57.7508926392
56.2174263
62.0086288452
59.8084793091
59.3213729858
59.9324951172
57.6896781921
56.2666435242
57.2787055969
55.1505317688
58.9419021606
59.3488998413
58.3924331665
63.9084663391
62.3099975586
59.3666801453
62.8245201111
57.3487205505
54.7634887695
53.4080734253
57.4447593689
57.1688079834
53.9550971985
59.1913452148
57.0348930359
63.0233459473
65.592086792
63.465839386
63.544090271
61.7166938782
65.8219985962
59.1635818481
60.6428222656
62.7925682068
58.913269043
56.8406906128
57.0625572205
58.3309707642
51.3037109375
50.1950569153
55.1193275452
53.950214386
48.6029663086
49.748008728
52.6374855042
46.6183662415
44.5111656189
42.0539665222
38.7764129639
38.8006591797
39.9031257629
40.973526001
49.1378059387
45.1387329102
50.7773742676
50.2755699158
58.623336792
57.2839660645
61.3885040283
65.4999084473
64.530670166
69.5371246338
68.7709655762
66.7941055298
66.2919540405
62.3242111206
61.3638267517
57.6516189575
56.2134399414
54.6427650452
53.2745475769
46.8380012512
51.8412666321
50.8614768982
49.8192558289
50.7488250732
52.6543502808
47.7427062988
42.8601570129
44.136100769
45.84633255
41.3545227051
41.939163208
47.0535888672
42.6237487793
45.4825019836
44.7213172913
40.6884422302
42.0908126831
40.0121612549
44.6900024414
37.1291389465
36.3539161682
28.9454574585
34.5708312988
35.4554748535
32.1834869385
30.0924053192
33.9987106323
37.8338012695
31.8538036346
29.5368156433
34.2051887512
35.8649940491
35.8413314819
42.9197769165
42.7467041016
37.6628684998
35.0262145996
38.4637336731
41.4346237183
36.8139419556
39.8223838806
44.1538085938
45.6967277527
44.1601409912
44.6334114075
43.5851325989
46.2090072632
46.3039665222
40.8199768066
44.3630561829
43.5658035278
47.7795562744
47.1973457336
41.4702911377
44.0604476929
41.5193252563
44.0847702026
42.7309951782
43.184551239
41.7284202576
38.9571113586
43.13697052
36.9762878418
42.0393447876
41.0770683289
36.6652793884
41.5760345459
41.0432624817
48.946144104
48.9605674744
47.7856864929
51.0118179321
50.747882843
51.8851089478
47.5339813232
47.7081871033
46.5934906006
50.4195518494
45.2365112305
49.6086997986
47.0586585999
49.2577934265
50.0352020264
54.2421340942
56.3832511902
55.4499855042
54.7414779663
61.5862503052
60.4983558655
55.5047683716
63.2157707214
63.9690170288
59.6695518494
57.7769203186
55.8394966125
54.2268218994
57.0316200256
54.3081016541
48.9849700928
51.8651885986
54.457988739
53.8009262085
47.1621818542
63.7137985229
104.215873718
42.6822662354
44.0214385986
47.4898986816
41.5209960938
39.8063659668
44.3424263
49.7427062988
40.8608360291
39.0922927856
41.0303115845
43.7919654846
36.7080802917
39.259929657
42.2390785217
37.5293045044
44.4996604919
40.3083152771
38.6843566895
34.6980400085
34.3760910034
37.9863510132
37.9547691345
38.1015052795
40.6671829224
44.3209190369
44.5817337036
40.9256439209
43.2160606384
41.3250045776
44.824848175
52.4582595825
51.1236457825
52.8159179688
58.0456123352
49.9290733337
52.1836929321
54.9427185059
53.2847137451
54.446105957
53.4497146606
49.8115310669
46.0373153687
48.3837242126
48.3444633484
45.8855705261
46.3899841309
47.5622901917
47.5214691162
43.3351745605
43.3239517212
39.403842926
39.2662773132
37.7851486206
36.8863868713
42.7426376343
46.9646606445
45.2302017212
49.0882720947
47.7303924561
53.3754959106
54.8731040955
54.4978675842
59.1266479492
49.4374427795
45.9544715881
44.1145439148
39.3970718384
38.4234619141
35.685218811
34.8164558411
31.7184238434
40.4581184387
37.6425857544
41.1987113953
35.1578025818
33.4307250977
24.9031505585
21.2438373566
21.2628803253
17.4927253723
20.0218257904
22.6106491089
18.5869293213
17.4883728027
22.9866886139
23.5935115814
22.2149028778
23.7984046936
27.2484016418
27.5653553009
26.752620697
29.5147380829
32.0150413513
33.2250900269
37.0949745178
36.1266059875
37.5966796875
35.3607292175
32.7470397949
31.170211792
25.982383728
28.6597003937
30.126789093
26.6071929932
24.598531723
25.9094715118
25.7036113739
20.4555110931
19.5786495209
21.50415802
19.0464763641
15.4041051865
17.8065948486
19.4995689392
16.7176303864
12.8773584366
12.287569046
14.9740066528
12.3669462204
17.2384929657
16.1040878296
21.4785766602
20.8204536438
23.2244224548
23.8288040161
24.2011299133
26.2242412567
23.2465763092
21.4758968353
18.6221294403
18.0981864929
12.6193265915
14.8844575882
8.7857170105
9.87680149078
9.23161506653
8.31218338013
5.13335752487
4.33354091644
5.22049951553
5.29608821869
8.04236507416
9.25405216217
9.64194583893
10.5140924454
12.7275972366
15.6367292404
15.0363616943
17.1445121765
17.5683555603
20.6171360016
17.624370575
17.1217937469
12.8979635239
15.4995470047
18.3200111389
14.077290535
18.3479766846
14.8297491074
19.2706127167
17.9818153381
21.5035057068
23.0976371765
22.0532455444
20.1557121277
14.2874279022
13.7375898361
9.41275310516
9.71592617035
7.87581014633
5.73414134979
8.12251091003
6.66874408722
7.18375349045
11.1206951141
10.9810295105
8.96570682526
13.7069892883
17.8581581116
16.562664032
20.4367237091
22.5930995941
24.4765377045
20.8199634552
19.4444789886
15.4657382965
20.0869102478
17.4654064178
20.1504745483
21.017490387
20.0299091339
24.2682723999
84.5134124756
76.2286300659
75.3801498413
77.5239105225
77.9192657471
74.6030197144
72.3341674805
75.8670959473
71.9231796265
74.2062911987
73.5492782593
71.2230224609
68.7882766724
67.0995788574
62.4396705627
68.8087387085
65.8241577148
72.3356704712
71.0242462158
71.6975860596
71.7473831177
69.0053329468
67.5031661987
68.255065918
64.9441986084
70.5380630493
69.8799362183
71.0068969727
76.1861572266
75.0332565308
71.6643600464
73.5179367065
69.1352615356
66.2166137695
65.2010498047
68.984085083
69.6001968384
66.8219451904
71.246711731
70.046257019
74.9388427734
77.8069839478
74.9849472046
76.3741607666
74.6457061768
78.7434616089
72.3313293457
74.8912506104
77.2715682983
73.4877166748
70.8522338867
71.5854644775
73.1846237183
66.3529281616
64.6679763794
69.3652191162
69.6139984131
63.4192962646
64.2319564819
68.4078140259
63.1286315918
60.1867103577
58.0148620605
53.7355422974
53.0473175049
53.8687858582
55.5987663269
62.2167396545
59.3502693176
65.4235916138
64.3791656494
72.1192474365
71.2826080322
75.1201553345
79.2842483521
77.7478256226
82.3618469238
81.6918258667
79.544670105
80.2953491211
76.1683120728
75.6779403687
71.3681564331
69.2962417603
67.8299865723
66.0569458008
59.2866096497
62.9688682556
61.8536987305
60.0372924805
60.0510025024
62.8176307678
57.8559455872
52.3656921387
52.7293205261
54.1443367004
49.2181510925
49.5131111145
53.5594139099
48.0768318176
49.6901092529
49.4579620361
46.7017059326
47.6521186829
42.8625068665
51.1136512756
44.0663528442
43.082447052
36.9388122559
43.6006393433
44.692817688
41.4459190369
41.2109184265
45.5070075989
48.6568870544
44.4594192505
43.0521507263
47.1333007812
48.3077888489
50.3643302917
56.9945487976
57.6312713623
51.5958404541
50.9166603088
54.3403587341
56.7005958557
53.0488891602
56.5708770752
60.3184661865
60.4419212341
59.2274246216
59.1079483032
57.0673446655
59.037322998
58.4869804382
53.0760726929
54.5430030823
54.1171722412
58.1776771545
58.6434249878
52.6154518127
55.3395385742
51.4427909851
55.5092430115
53.3833351135
54.5115737915
52.9634933472
49.1871795654
52.301574707
47.1713981628
52.6295776367
52.6680641174
48.1659812927
54.4357261658
54.2870483398
61.5129966736
61.1787147522
61.4879379272
64.1353149414
63.9221038818
66.059387207
62.3650283813
63.4594459534
61.4725875854
66.6423568726
62.3307533264
66.0373001099
64.0685348511
66.7767333984
67.4622802734
71.023399353
72.2422180176
72.156829834
70.6081695557
77.9986038208
76.1878585815
71.6784057617
79.057258606
79.5573272705
75.0949707031
71.7517852783
69.3158798218
68.0149993896
72.057472229
69.634437561
64.0223846436
67.1296844482
70.5428085327
69.5823669434
62.9366531372
79.6111907959
115.857543945
58.7348480225
59.0594558716
62.7250213623
57.3058242798
54.747467041
57.866355896
63.7755699158
55.0448226929
52.6165809631
54.3535003662
57.0773696899
50.3843269348
50.4178085327
53.232170105
50.1675872803
54.2964515686
49.4394989014
48.2508087158
45.4379501343
41.8946723938
46.1627349854
46.8913612366
46.0427703857
46.9099998474
50.7388534546
50.3328018188
48.6909790039
50.0880012512
48.8197860718
49.8382644653
58.1976585388
54.5528793335
57.7842178345
64.0597991943
56.9785652161
59.5177764893
61.1200027466
59.6928596497
62.7211112976
60.5699157715
56.9490509033
54.3171691895
57.3388252258
55.3028411865
53.196269989
55.2838134766
56.2440452576
55.5510978699
51.7289199829
50.4875450134
48.0364875793
47.1434020996
46.2788543701
44.3030357361
49.7429008484
54.1027641296
49.7713623047
53.8463592529
50.0734138489
57.1385192871
58.11743927
58.0817337036
63.2871742249
53.2202186584
50.2998275757
48.0593910217
44.9085464478
44.5576629639
42.9843254089
40.4402580261
37.7193031311
44.7471923828
39.714717865
44.2557601929
40.1800346375
39.0564651489
30.5345649719
26.2260742188
25.1093196869
24.4438476562
28.5811653137
28.6084403992
26.4120635986
28.508190155
32.8600921631
32.303855896
32.8999290466
35.8352890015
37.3121414185
37.8219718933
38.8314628601
41.6596946716
42.3312492371
44.1506729126
48.3103523254
47.8181495667
50.9252700806
48.4722213745
44.4216041565
44.3106422424
39.8062744141
43.9081382751
45.8535614014
43.5710830688
40.1637229919
40.6357727051
41.9279747009
37.1513175964
34.736114502
36.3062858582
35.3431777954
31.2862434387
31.5035705566
34.0409927368
33.2430076599
27.4406051636
25.4888019562
24.4777984619
20.2355117798
21.6094989777
16.5285282135
16.5875816345
13.8511886597
12.592505455
12.0829563141
15.9643163681
17.6484718323
18.5309581757
20.1453456879
18.6052913666
23.4932575226
19.9267044067
25.2591342926
22.7771854401
26.895652771
26.5533161163
27.3804779053
23.1477069855
20.0299072266
16.2410449982
16.7219562531
19.2548046112
15.6358947754
12.2901744843
17.4769859314
18.4166851044
14.1686658859
14.6948137283
19.1230278015
18.5264415741
13.9283905029
15.0823097229
10.1319971085
9.85943222046
9.71144866943
7.33782958984
5.7630033493
7.85588264465
5.80675029755
9.6974697113
11.8566532135
17.4124603271
19.4031066895
16.1005020142
16.4077358246
10.1826620102
12.560675621
12.4706001282
13.9156303406
17.0043334961
16.8753585815
20.1105804443
19.8061447144
23.4133415222
22.0295600891
26.3119792938
24.1424064636
19.3592033386
19.8749408722
24.6096382141
21.9393577576
24.0668582916
25.1392707825
25.3310241699
21.6017780304
18.7593288422
15.3022193909
14.3226127625
10.4675359726
7.47296047211
5.880671978
6.82393074036
