28.6471767426
25.9905929565
22.3359680176
19.7239189148
15.9126377106
13.1258249283
11.6409320831
10.0982646942
11.1923532486
10.6850662231
9.8605966568
13.4426860809
13.9644956589
16.7745094299
18.6777572632
17.7254619598
19.0565738678
21.6551246643
23.2413711548
22.5871219635
24.613035202
27.7044620514
27.7666549683
28.0905475616
24.3540420532
22.7350654602
18.2414588928
17.0409183502
13.4181642532
14.7148284912
16.9600353241
20.5558681488
24.650844574
25.0447311401
21.2772903442
23.9377212524
22.4574375153
17.9466075897
16.9568634033
15.822479248
14.9204864502
18.582572937
21.0101146698
24.0249614716
25.7735691071
23.9713802338
21.0435943604
17.5560131073
14.0800123215
16.807964325
12.4083280563
13.8061609268
13.2181873322
17.6716880798
17.9218273163
18.4435920715
20.4685668945
22.3315544128
23.5212440491
24.5256843567
25.7508239746
22.9967517853
26.0656414032
21.3625240326
21.2788562775
20.4820575714
17.8657207489
21.8195362091
23.9289093018
21.5827960968
22.7056083679
27.0867061615
26.8746833801
25.7086868286
28.8671760559
31.591386795
31.444185257
30.8242473602
29.2597961426
29.3871994019
30.6940441132
27.4434204102
30.7964096069
30.03266716
25.8618049622
25.9389762878
22.3041591644
26.6903705597
22.4926776886
20.7046756744
19.5107116699
21.0592498779
23.6291980743
24.9002571106
25.3551425934
28.8066635132
26.2696380615
28.6277122498
26.305015564
24.8816280365
30.3245944977
30.3098506927
28.1085796356
29.2634143829
33.1413917542
32.5350952148
31.3735771179
36.6471710205
36.0653305054
31.7975559235
30.3028564453
29.54961586
36.1402511597
36.2592201233
33.5715637207
34.3329124451
29.2479305267
28.9172821045
25.2040405273
28.2474079132
24.3505973816
22.2717418671
19.8782577515
15.3771924973
11.7114133835
15.1401519775
15.6957187653
20.262676239
20.2801074982
17.5249214172
20.5832195282
23.6788711548
21.7394180298
21.3816719055
25.5044708252
27.1704101562
25.3305072784
27.5763301849
30.8367614746
30.2323703766
32.1301422119
29.1788921356
31.3041572571
28.8367767334
32.9452171326
33.9465446472
37.2602233887
36.0923805237
35.6105461121
39.3721199036
42.6535224915
43.8798561096
45.656463623
42.7218971252
40.1953620911
38.4289474487
36.1736106873
31.9941177368
30.4602394104
26.1545372009
25.5167446136
20.7187328339
24.5484962463
21.3426303864
20.9195976257
25.9234085083
26.2193164825
28.278295517
30.181558609
31.8750724792
31.7239265442
29.5923480988
33.67004776
35.5103378296
33.4597511292
37.6586799622
39.8342933655
37.2439842224
37.6939811707
41.1716079712
36.3074455261
34.9279708862
31.963224411
28.9461841583
25.7776145935
20.1323165894
22.0956287384
27.7628040314
23.7953014374
20.6135501862
24.1470508575
26.3592281342
23.3572597504
23.0005607605
26.7235412598
28.1780567169
30.8744754791
31.4953384399
30.2977428436
34.6293487549
33.0674057007
35.2776489258
31.4452266693
28.6490535736
33.2670936584
31.3896980286
35.036151886
36.1082496643
39.1566200256
23.9697971344
21.3320426941
17.6360664368
15.321149826
10.9579582214
8.6395111084
6.30107688904
6.47370767593
8.68507194519
10.7627315521
11.0746440887
14.0074653625
12.7535009384
11.9852819443
17.3489780426
15.1470565796
18.0794029236
20.1985492706
20.2943382263
19.9137611389
23.3372840881
25.5027999878
24.7014141083
25.1957778931
20.7814044952
19.0723342896
15.1691436768
13.5803804398
10.9340028763
11.381980896
11.8700656891
15.8426656723
19.665802002
20.3323669434
15.9819107056
18.4470081329
17.0277919769
12.0695400238
11.9014968872
10.4300861359
11.3752593994
14.3687763214
17.2845916748
20.3200912476
21.6069526672
19.1774635315
16.4259700775
12.5754261017
10.049943924
11.862118721
6.75586366653
8.54211997986
7.48104429245
11.6347036362
12.2234687805
12.6841449738
14.2378721237
16.0764522552
17.4504985809
18.439031601
19.5239181519
16.9724311829
20.1403541565
15.2803812027
15.7809200287
15.6675930023
14.5796499252
18.1962299347
19.3550872803
18.0107097626
19.7655906677
23.6411190033
23.308380127
23.1426506042
26.1982479095
28.2024612427
28.4021110535
27.1185569763
25.0521030426
24.9679145813
25.4893436432
22.0288639069
25.0868644714
24.9118442535
20.9953765869
20.1125602722
16.5835552216
21.3453216553
17.0972156525
15.6006040573
15.4705514908
16.7206096649
18.6067371368
19.938419342
20.9086151123
23.4464168549
20.6043148041
22.7165050507
20.1503582001
18.6717643738
24.115190506
24.1170482635
21.7837524414
23.0070438385
26.819858551
26.2377338409
25.1773109436
30.4477653503
29.8710079193
25.8197345734
24.4248046875
24.0660266876
30.357963562
30.9462471008
28.4549045563
29.8241729736
24.81457901
25.327791214
21.8079414368
25.8488807678
22.4674682617
21.0185775757
17.7083683014
14.1925525665
10.2869501114
11.8530683517
13.1051092148
17.4392185211
17.1067199707
13.462887764
16.3518257141
19.7193279266
16.8543586731
16.0722694397
20.4155139923
22.0702915192
19.703130722
21.8139839172
25.2981376648
25.0676250458
27.3757419586
24.9402809143
27.5389556885
25.8047275543
30.2767601013
31.0753822327
34.4033813477
32.785320282
31.8455638885
35.1959953308
38.6368179321
39.4022445679
40.8893508911
37.7468948364
35.4971466064
33.4962730408
31.8386650085
27.6588096619
26.8852291107
22.4768161774
22.6538085938
18.574716568
22.641368866
20.2281208038
20.138835907
24.8343029022
26.3001441956
28.53556633
29.9162158966
30.8836154938
30.3869476318
27.8343372345
31.7031269073
33.5547370911
30.9813423157
34.8909378052
37.5762329102
34.8444709778
34.5455741882
37.517375946
32.5595092773
30.9536209106
28.5692691803
25.1267681122
22.2291851044
16.5740585327
18.0779972076
22.9878101349
18.8577423096
15.7211732864
19.1267852783
20.8345413208
17.5379104614
17.1774368286
20.9925422668
22.042886734
25.0850505829
25.9177360535
25.0341339111
29.624370575
28.5547294617
30.9652709961
27.4377574921
24.4773197174
29.5719337463
28.4582481384
32.3268051147
33.432308197
37.048576355
27.509349823
25.1783714294
21.2993755341
19.4836559296
14.8426561356
13.0966911316
9.88090991974
9.85561943054
12.7991352081
14.5566043854
15.1633424759
18.2086429596
16.8512935638
16.7173976898
21.3395786285
19.8973655701
22.8629684448
25.0395355225
24.9362983704
24.6424102783
28.1066265106
30.2794437408
29.315454483
29.6724433899
25.2122383118
23.2157287598
19.6494808197
17.5314121246
14.5862407684
14.1096191406
14.0745830536
18.0471839905
21.1769714355
22.9745941162
18.8175582886
21.5088043213
20.4531764984
15.0446519852
15.7152643204
13.0979509354
14.0878715515
16.5602722168
18.7231349945
22.2154579163
22.9058799744
21.1857776642
17.1796627045
13.2409315109
9.90037059784
9.94208526611
6.62134170532
7.74044799805
9.70721530914
11.9143657684
10.9920911789
12.9547224045
15.4174747467
16.4183006287
17.4930877686
19.3770160675
20.8092041016
18.9084453583
22.730348587
17.3602409363
18.7663078308
18.7289829254
18.4935779572
21.4530925751
23.1753826141
22.2713928223
23.8275623322
27.4215126038
27.5034637451
27.5997982025
30.3989048004
32.2201690674
32.8145446777
31.3515625
29.1819820404
28.7355232239
28.6879882812
25.1740283966
27.5441303253
27.7019023895
24.0214519501
22.0653190613
18.1715431213
22.4821891785
17.3535766602
14.8308591843
14.3485145569
14.5780849457
16.809961319
19.0158634186
20.8625221252
23.574514389
20.1237125397
23.1881828308
20.2673816681
19.4917469025
25.0835361481
24.0490112305
22.2350254059
24.4430828094
27.6809043884
26.3959064484
25.6934776306
30.70911026
29.403963089
25.3538990021
23.1222934723
22.2199249268
29.2087974548
29.0723285675
26.2375545502
27.3630084991
22.1208705902
22.0891094208
18.5423545837
21.9196224213
18.42420578
16.7110137939
13.6284294128
9.64904499054
5.94877004623
8.58148097992
10.6705741882
14.5879068375
15.4756231308
12.3813228607
13.7524385452
17.6481895447
16.7156848907
14.6547403336
18.6346187592
21.2704391479
19.5045070648
20.8512172699
24.1996269226
23.4698429108
25.5412654877
22.9686088562
24.9402503967
23.3500156403
27.2807769775
27.5438079834
31.2087688446
29.9962062836
28.8142814636
32.6798591614
35.8118438721
36.7064323425
38.2601089478
35.4470901489
32.9783477783
30.9393138885
28.7741775513
24.4719181061
23.1737728119
18.7753200531
18.3766479492
13.9528455734
17.9140491486
15.3846998215
15.4098129272
20.2136135101
21.612241745
23.7549819946
25.1449871063
26.0877876282
25.7460842133
23.156042099
27.048822403
29.0899963379
26.7415027618
30.7139015198
33.2890586853
30.8788566589
30.7620334625
33.8865470886
28.9038581848
27.3033790588
24.5090255737
21.2529125214
18.1255683899
12.539604187
14.3398513794
19.916103363
16.0612201691
12.8398637772
16.5181102753
18.7825698853
16.170249939
16.0474815369
19.6946430206
21.4590606689
23.5604286194
23.8777580261
22.5905723572
26.78647995
25.1868286133
27.4527759552
23.7822723389
20.8687667847
25.5759830475
24.0648288727
27.8510360718
29.023809433
32.4644508362
29.0892047882
26.3742790222
23.0683059692
20.9735984802
16.610830307
14.5344486237
10.4560604095
9.74681568146
13.186337471
15.0357103348
16.8025512695
19.0930900574
16.94962883
18.5444488525
22.7615509033
22.5671806335
24.9203891754
26.4186077118
25.7068405151
26.2131824493
30.1699886322
31.4046401978
30.3259239197
31.6265869141
26.7456970215
25.3857345581
21.9166355133
20.3421897888
18.0690402985
17.666021347
16.5722064972
20.6825904846
23.4672031403
25.2818260193
20.6114368439
22.5552272797
21.064453125
15.4820585251
15.8648958206
12.1673812866
12.42137146
14.137670517
15.428855896
19.1246585846
19.4341564178
18.5627593994
13.7015571594
10.2068347931
6.52967119217
7.09293889999
6.46256065369
9.57506370544
11.5015058517
10.6607284546
10.4239397049
14.2726593018
15.7616701126
15.7123193741
17.7498474121
19.9698581696
20.8746509552
19.5153484344
22.3679847717
16.5431461334
17.9143810272
17.3248806
17.8600940704
19.7809963226
22.7627182007
22.0962085724
23.0823097229
26.2070941925
27.0942115784
27.4889965057
29.6927528381
31.3203964233
32.653137207
31.1013259888
29.2316131592
27.9842243195
27.698141098
24.5091972351
26.1425552368
25.9435310364
22.4600372314
20.3418178558
16.0614929199
19.526052475
14.1297483444
11.2291736603
9.96619987488
10.4141569138
13.2154388428
15.0730543137
16.8180446625
20.0736808777
16.9899196625
20.5286464691
18.2299613953
17.8395404816
23.2690029144
22.0876693726
21.3054924011
23.5431213379
26.4083843231
25.5208129883
25.6273765564
30.4236927032
28.3622665405
25.2751140594
22.2405548096
21.8508090973
28.9479446411
29.0585975647
26.1682548523
28.070142746
22.7549152374
23.1538658142
19.9484405518
23.1701927185
20.0771846771
18.3715305328
15.2692680359
11.4472780228
8.55979061127
10.867272377
14.100112915
17.2206306458
18.6234893799
15.273938179
15.1912002563
19.7296924591
18.9515647888
15.5295286179
19.4158191681
22.7641887665
20.5957393646
21.0015277863
24.6865940094
24.1839580536
26.6321125031
24.65965271
26.5048103333
25.7250156403
29.3398895264
28.7880268097
32.8220100403
31.6827125549
29.7592716217
33.6859016418
36.588848114
37.000579834
38.1247634888
35.4620170593
33.2061767578
30.6467151642
28.816324234
24.3282489777
23.3458518982
18.9630317688
18.4053993225
14.1637735367
17.3763523102
14.8224420547
16.2113227844
20.9307308197
22.442232132
23.998550415
25.5077705383
25.9613132477
26.0677585602
22.9386978149
26.4632282257
29.3119239807
27.0860500336
30.7411499023
33.5653190613
31.7676067352
31.2018604279
33.8548240662
28.741689682
26.6829338074
23.9160823822
20.3214378357
16.8311271667
12.2636947632
12.2279529572
18.5826396942
15.2662067413
11.4500799179
13.9629898071
17.0184574127
15.0365142822
13.8826780319
17.0961894989
20.2257652283
21.3276939392
22.1760196686
20.2718830109
24.4968528748
23.4827327728
25.1181926727
21.0554580688
18.6475372314
23.887512207
22.9221553802
26.5207023621
28.3855476379
31.9015216827
28.8619060516
26.6896533966
23.1198482513
21.7916889191
17.2371311188
16.1675662994
12.3309030533
12.8771295547
16.2686710358
18.7164726257
20.1126613617
22.5936813354
20.3496246338
21.0493240356
25.7295856476
25.5105819702
23.2455101013
27.1231441498
28.7987651825
27.6711788177
32.0685386658
33.4044189453
31.9038085938
32.6191825867
27.7905387878
25.9264659882
23.0734825134
20.8536205292
18.7300987244
17.4709339142
15.6873102188
19.5116119385
21.5940608978
24.2441234589
19.9423828125
22.158454895
21.3051166534
15.7582979202
17.3190879822
13.7099542618
15.4576587677
16.5703887939
17.9440860748
21.5624351501
21.2968006134
20.1278095245
15.2802038193
11.7059278488
9.16443729401
6.15751075745
6.76177501678
7.83838510513
11.3608846664
9.95506763458
7.95454359055
12.1786432266
14.3290290833
13.9362325668
15.2287311554
17.9265975952
19.2182159424
18.3779525757
22.1177387238
16.4663333893
18.8369216919
19.0876865387
20.540807724
22.3407840729
24.2146453857
24.2740135193
25.7558231354
28.5616321564
29.1216144562
29.9998054504
32.2848815918
33.4717521667
34.7526283264
32.8343544006
30.5104732513
29.4257564545
28.4283256531
25.0324440002
26.3034210205
26.9537792206
23.8645477295
20.5062828064
16.549161911
20.0832214355
14.3985099792
11.1405639648
11.1177129745
9.79269886017
11.79180336
14.7971792221
17.8045272827
19.9891719818
16.004119873
19.82853508
16.7797641754
16.8529911041
22.2144966125
20.2195167542
19.3142204285
22.3453865051
24.7657032013
23.1023635864
23.1815700531
27.7329483032
25.4948444366
22.1522541046
18.9046344757
18.0860977173
25.389377594
25.109916687
22.140789032
23.9114246368
18.608915329
19.0276107788
15.9533557892
19.3670043945
16.5990409851
15.3337640762
11.9298677444
9.2774066925
7.34258747101
7.80220317841
11.5177555084
13.8467636108
15.6341238022
12.5904827118
11.3996315002
16.0772800446
16.2321586609
12.1397123337
15.6311416626
19.3789520264
17.6421298981
17.6402416229
21.094871521
20.3501739502
22.6720180511
20.7765369415
22.4561843872
22.0086307526
25.4772472382
24.7558116913
28.7949447632
27.6280002594
25.560049057
29.498588562
32.3504066467
32.7631416321
33.937953949
31.3296947479
29.0157642365
26.5290565491
24.5896511078
20.1389827728
19.2060279846
14.8434247971
14.5954618454
10.9709119797
14.3709049225
12.7063322067
13.7937231064
18.0081367493
20.2659282684
22.093547821
23.0729866028
23.1602249146
22.8831481934
19.7372303009
23.1911582947
25.7374153137
23.2614250183
26.8252983093
29.7941360474
27.8623847961
27.0927200317
29.681432724
24.5854434967
22.5882434845
19.9714317322
16.3699264526
13.1305379868
8.44549274445
8.85433292389
14.725189209
11.373134613
7.86880207062
11.007024765
13.7661733627
12.0636711121
11.7092418671
14.8869028091
17.6035442352
18.5454559326
18.7806148529
17.0799999237
21.1149501801
19.73254776
21.7343978882
18.0258865356
15.2514600754
20.2765216827
19.3765850067
23.1450634003
24.72108078
28.4680843353
33.0305175781
30.4274272919
27.4180984497
25.6494159698
21.4305877686
19.7694740295
15.4791717529
14.9653902054
18.4608364105
20.3872909546
22.6265487671
24.5355548859
21.9596538544
24.2767448425
28.363817215
27.6435413361
26.1667137146
30.6131076813
31.7635784149
30.4299297333
31.358007431
35.7070007324
36.343334198
34.9679336548
36.6191482544
31.5136413574
27.2617588043
25.6210765839
23.6997737885
22.8157424927
20.8162384033
24.7299022675
26.6799354553
29.176279068
24.5083122253
26.0592937469
24.7056980133
19.2010288239
20.0966701508
15.7696084976
16.1128406525
16.5162258148
16.4777374268
20.2040233612
19.4936542511
19.7913742065
13.964058876
11.5641822815
8.90407180786
6.84295225143
10.4819536209
13.1260614395
15.9597349167
12.3722991943
11.498960495
16.9314212799
18.1141796112
16.7022418976
18.9323749542
21.8154125214
22.5244903564
22.1403560638
24.7134857178
18.8159065247
20.8156452179
20.2350234985
21.9905776978
22.728143692
26.2444229126
26.2376155853
26.9216632843
29.3124160767
30.8163146973
31.7208709717
33.3615493774
34.5271110535
36.5460014343
34.7309417725
32.8935890198
30.9941806793
29.9767436981
27.0609989166
27.5528869629
27.5878067017
24.7297534943
21.5687847137
17.3071861267
19.4027404785
13.6587171555
9.90322589874
8.11938667297
6.571164608
9.85735416412
12.3518838882
15.1430854797
18.3488616943
15.1333169937
19.6351909637
17.6397457123
18.2811012268
23.173740387
20.9406852722
21.5064296722
24.4532012939
26.3372306824
25.1636352539
26.1974372864
30.3435134888
27.1532897949
25.0534095764
20.8627223969
20.5406246185
27.8170814514
27.5802707672
24.5329742432
26.9347629547
21.7365856171
22.2185401917
19.6600055695
22.1234798431
19.7253513336
18.190284729
15.5069580078
12.6443433762
11.5365142822
13.0798997879
17.0241336823
18.7536945343
21.1008796692
18.1862277985
15.9564561844
20.8512706757
21.4246177673
16.5284252167
19.5024452209
23.8568191528
21.9431762695
20.9503097534
24.5235309601
23.8977241516
26.3801860809
25.0325927734
26.246919632
26.4343547821
29.2444496155
27.5546264648
31.9877662659
31.1835098267
28.4244842529
32.563999176
34.9460334778
34.9376907349
35.6539497375
33.4449539185
31.3196678162
28.3202915192
26.5514736176
22.0303783417
21.1283931732
17.1569480896
16.1646461487
12.7208566666
14.4671983719
12.4425344467
15.3123121262
19.3458766937
21.100402832
21.9597129822
23.3141670227
23.0160484314
23.5878047943
19.9601516724
22.8511238098
26.543182373
24.6102657318
27.7641010284
30.7532253265
29.821516037
28.8426208496
30.975938797
25.8874645233
23.4255714417
20.5878391266
16.9510612488
13.175239563
10.8708229065
8.43033313751
15.5195417404
13.5066413879
9.80875968933
10.4990520477
14.6301374435
14.2658081055
12.6165485382
14.6686582565
19.3609085083
18.5711574554
19.3477745056
16.5748157501
20.2078876495
19.3940830231
20.1840782166
15.7225141525
14.0673017502
19.3535785675
18.8626785278
22.0737552643
24.6662845612
28.1286830902
