31.6031856537
28.3820476532
25.6831016541
23.6649532318
30.1970291138
27.6246490479
24.0665016174
23.586019516
29.9446544647
27.0153465271
23.9814300537
22.9957180023
29.8040237427
26.6526737213
24.44780159
23.3013267517
26.6499462128
23.2891597748
21.2994785309
19.6411514282
26.0126209259
23.1651592255
20.0351371765
19.245639801
22.5977878571
18.732093811
17.888010025
14.9474372864
13.1201524734
9.45677566528
11.8473834991
9.70054149628
17.4129524231
15.054731369
14.5207538605
15.3266868591
32.0185279846
31.008638382
26.0941066742
28.6135177612
20.776473999
20.8078899384
18.3639278412
22.9182167053
28.2430419922
26.8203544617
22.9727573395
25.4976806641
30.2413539886
30.3868141174
24.9784584045
29.2172584534
33.8245811462
33.7247467041
28.4067516327
32.4154205322
24.5078659058
24.2091178894
19.7655124664
24.2705669403
24.755109787
22.9006290436
19.6808490753
21.5428905487
20.768201828
19.7083816528
16.4421024323
19.844329834
21.3540458679
19.4653434753
17.4224967957
19.1967830658
29.7408504486
29.4053668976
26.4029998779
30.4198513031
40.1507720947
40.8918151855
36.7839317322
42.2105560303
