8.57618808746
5.82766294479
13.0663204193
13.6081113815
16.2532310486
19.6087493896
21.4423465729
18.7879104614
18.9984817505
22.5682258606
23.9958362579
26.1020431519
27.8544197083
28.3137989044
26.1439590454
26.1197605133
22.9076461792
22.1907444
20.5055503845
22.8835048676
24.0039424896
22.3536968231
23.7611141205
23.46027565
20.8449344635
21.41065979
14.9565343857
16.4647693634
18.7189769745
20.1800231934
17.1731815338
17.060968399
18.3545341492
18.4296340942
21.3736171722
23.424654007
26.465051651
27.2761878967
28.9848003387
28.410243988
25.877696991
26.8192615509
26.2027721405
26.6483860016
24.4704647064
21.0384693146
20.2932281494
19.1494560242
16.1784248352
16.5199184418
16.1737861633
14.3206329346
10.8953390121
10.3938350677
11.0068302155
9.29961299896
6.21953868866
8.15247535706
7.37172698975
5.58619308472
12.3889951706
14.1994771957
16.2131137848
12.5275478363
13.3798723221
9.70166492462
7.75831317902
9.74628639221
9.86288452148
11.7841825485
15.9801521301
18.5377655029
21.8085041046
23.0111846924
22.8900680542
19.6540641785
16.5791435242
14.2587575912
13.052441597
13.3920679092
14.0918397903
20.2491722107
19.7482357025
23.2178764343
24.8183784485
25.7967510223
25.4578800201
26.9781970978
30.1503543854
30.1778297424
29.936706543
32.3349685669
33.8298721313
34.2285842896
34.4368247986
37.5181045532
34.1008224487
38.4935951233
32.354511261
35.7242279053
35.4680938721
32.8215141296
29.8736095428
31.3407306671
30.4669647217
26.3177604675
25.7334022522
25.8820552826
24.1018238068
21.5343055725
21.6017284393
21.7635612488
19.3222866058
16.8559494019
18.9773731232
18.8937530518
12.5078287125
14.8864498138
19.0638370514
16.5013160706
12.376294136
16.8406352997
15.0144300461
19.5901432037
18.7883663177
22.1523571014
22.881023407
22.7716121674
25.080165863
26.3044490814
25.5248832703
21.1958065033
22.0729026794
20.29504776
23.4410686493
20.0887107849
23.6952857971
26.5543174744
24.7222309113
20.3960456848
19.7424221039
16.6485710144
16.8279438019
16.8762779236
18.1565361023
14.5711336136
18.2056293488
20.8634529114
17.2499847412
17.8938694
17.0765781403
28.8056201935
28.4284534454
28.9209880829
32.990486145
33.3049583435
29.253780365
30.9841785431
31.9193935394
35.1654243469
32.9696578979
31.2152118683
35.0226860046
37.5206413269
34.2917823792
34.9689407349
33.564540863
31.8589248657
28.2234783173
29.7204456329
26.2654647827
25.6580028534
22.8812828064
28.0248298645
26.772567749
23.3271579742
26.8586368561
31.1477413177
27.2376098633
26.1912155151
30.2462615967
31.1523799896
28.1949195862
30.5980930328
35.6679725647
31.590139389
31.0947685242
35.1421737671
37.2328872681
36.1868438721
38.138961792
35.445022583
36.3946113586
38.9596748352
41.8855628967
45.3128929138
43.8564872742
44.9142341614
44.0712051392
38.0537910461
42.2923431396
44.529335022
39.8637695312
38.5869636536
43.6230430603
43.4695968628
38.7439460754
39.5008850098
44.2912254333
42.4769706726
45.9143981934
41.9204521179
40.6546287537
38.6346435547
42.6345596313
40.0246086121
44.0537376404
42.0124931335
40.1821060181
39.2360267639
43.323348999
40.4943962097
38.8191261292
37.9820213318
41.9492950439
36.958240509
34.1928215027
39.2951660156
38.7852935791
32.8665428162
34.4745407104
36.577293396
35.3936309814
31.5917663574
34.1833000183
36.9645500183
38.6725997925
38.3976020813
32.1734580994
33.9377670288
36.6771202087
31.7025470734
30.0687103271
26.5154628754
23.3785114288
24.4279174805
29.6011219025
27.1133861542
24.6027603149
28.5116004944
31.0255908966
28.8482837677
27.3846416473
33.2412986755
33.6874427795
32.5045852661
33.5228157043
37.2422027588
22.2112369537
20.9304161072
22.4204540253
21.4956912994
23.1848545074
24.0507602692
24.5118408203
23.8650817871
22.245349884
24.9111042023
25.3428688049
27.8165187836
29.7595920563
30.2373886108
28.9755764008
29.5754489899
27.7397594452
27.4473133087
25.6072635651
26.7253341675
26.6703624725
26.0341911316
25.9269351959
26.9705657959
24.7830295563
25.5898075104
22.4563446045
24.0101985931
24.8891143799
25.7017383575
23.1835327148
23.1522274017
22.6180973053
23.5467739105
23.5082683563
26.1163654327
27.4776935577
28.9788551331
30.2492637634
30.7549991608
29.2829246521
31.1356906891
31.5093803406
31.990688324
28.929731369
27.1336727142
27.8954906464
26.4080142975
23.6121768951
25.4242897034
25.7334251404
23.5575485229
22.3430652618
23.1218757629
23.1740112305
21.9458770752
21.9175701141
22.6278171539
21.6171112061
20.8995304108
22.7855644226
23.5824069977
25.0087985992
23.2243118286
23.1729660034
21.6606197357
20.932975769
21.0850639343
20.5527935028
21.4511814117
21.3526153564
23.2812690735
25.2532138824
24.276386261
23.905921936
23.327419281
21.2253761292
21.5601005554
21.1029853821
22.075422287
22.9711799622
25.860326767
26.2095890045
28.9631576538
29.8624134064
30.7154788971
30.6270084381
32.1384086609
34.3982391357
34.0101737976
34.2329063416
36.3930740356
37.5739135742
37.4177322388
37.6889305115
40.5588684082
37.7535591125
41.6669425964
36.560043335
39.2692108154
39.089263916
36.6313934326
34.4922065735
35.8177528381
34.9414367676
31.6560497284
31.4246768951
31.6099395752
29.8349475861
28.1879234314
28.5088806152
28.4480228424
26.4898509979
25.5074996948
27.055015564
26.4141464233
23.1441955566
24.8150463104
27.3839168549
25.3701534271
23.5309410095
26.356294632
25.3007888794
28.2359886169
27.0914421082
29.7494564056
29.4390525818
29.6598911285
30.9072475433
31.7269382477
30.8759803772
27.8354492188
28.6245117188
26.9943370819
29.4512615204
27.0463676453
29.3097763062
31.4909858704
30.2490234375
27.3392086029
27.105966568
24.9777736664
25.3978805542
25.1021900177
25.5792121887
24.2617931366
25.9241371155
28.0231704712
26.3385372162
27.310300827
27.1249828339
34.2060432434
33.397857666
33.9990577698
37.5504341125
37.7612686157
34.388885498
36.251335144
37.3481140137
40.1555099487
38.4645996094
36.9855918884
39.8430786133
42.2592353821
39.6157569885
40.497833252
39.3781776428
38.1300354004
35.1108779907
35.9522209167
32.9213523865
32.5443458557
30.3001041412
34.158416748
33.2060623169
30.5063152313
33.0158309937
36.54139328
33.2317047119
32.1462135315
35.4239425659
36.1242485046
33.5658874512
35.5482711792
39.8089103699
36.1061515808
35.678691864
39.123260498
40.9506759644
39.892364502
41.6246299744
39.3567657471
40.4788322449
42.8349571228
45.1536445618
48.3592987061
47.0993919373
47.8427009583
47.3090171814
41.6716270447
45.928768158
47.9257202148
43.7277755737
42.6614379883
47.3721580505
47.2342948914
42.9923782349
43.6880607605
48.2144393921
46.4633789062
49.5255889893
45.7939338684
44.6612701416
42.6772346497
46.1371574402
43.8239860535
47.2781257629
45.3938102722
43.5933036804
42.5749969482
46.2017822266
43.7867584229
42.1865234375
41.4398498535
45.2090263367
40.5312232971
38.296421051
42.9421653748
42.3352127075
37.325920105
38.9043807983
40.8614082336
39.7764091492
36.6353721619
38.9072113037
41.3431968689
43.0561180115
42.77917099
37.7787475586
39.1463623047
41.1160774231
37.0183334351
35.1607933044
32.3891487122
29.9051265717
30.1179943085
34.27576828
32.4701652527
30.0307540894
32.8731155396
35.2432632446
33.5208778381
31.8580322266
36.6936340332
37.3044815063
36.0896987915
36.3988990784
40.6066741943
41.9151268005
39.1241836548
42.5158500671
40.2724571228
42.1010398865
44.3194274902
42.9349517822
40.9506492615
39.8555679321
39.6667747498
39.582611084
38.9411621094
37.8417015076
38.5561790466
35.7585487366
36.449508667
36.7212333679
36.2083511353
37.7575721741
39.6023788452
38.4102745056
36.2674674988
38.0847740173
35.8477478027
36.4406661987
37.0216178894
37.5511474609
36.7783851624
35.3790893555
34.6204605103
35.3306808472
35.0686302185
36.8149337769
37.3218269348
39.8576660156
42.1438865662
42.6395492554
45.0673484802
47.6707687378
48.671043396
47.1052589417
47.5427856445
48.5504379272
46.9547386169
44.6769256592
45.4129333496
44.8948326111
42.0121803284
41.4689292908
44.0781478882
41.9965896606
38.5370483398
39.7111930847
40.4552078247
38.8097267151
37.0841674805
39.8744430542
39.2881698608
36.1750717163
35.9451522827
34.2419624329
32.8312988281
32.8320884705
33.8306236267
33.4736671448
34.0457344055
36.6783180237
35.7564125061
37.8197555542
40.7921295166
41.6423377991
43.9563102722
46.6589431763
44.5142936707
43.408290863
42.4555053711
39.8928909302
37.8485183716
36.5858573914
34.7459411621
33.1504974365
33.5576858521
32.272190094
32.3039779663
32.0039863586
31.8162708282
31.6492481232
31.3812599182
31.7551040649
32.33618927
31.7505130768
31.8524398804
31.956609726
33.1839790344
33.2882041931
33.6683502197
32.8550376892
35.0348434448
32.5068511963
34.4415931702
35.0519752502
34.4768981934
32.5780181885
33.0411109924
34.1948547363
32.8031311035
32.0497207642
33.1813049316
33.628780365
32.6330718994
33.0860099792
34.667427063
34.6401557922
34.4202156067
35.2864341736
37.0549583435
36.3012771606
36.7027206421
38.3944892883
39.5620536804
39.4041442871
41.1188468933
38.6551055908
39.1174278259
35.9136543274
38.7460441589
35.1989555359
33.9036979675
33.0715789795
31.6249313354
32.2472076416
33.0798416138
31.8702011108
32.1343841553
31.3893547058
31.4958152771
31.4307041168
31.5157089233
31.4152374268
31.6109294891
31.9413356781
32.2064285278
33.2103233337
33.8495941162
35.2062225342
36.1250495911
37.9031410217
38.176410675
38.7393875122
40.6701583862
42.1173934937
39.110660553
37.3708267212
35.1291542053
36.2945632935
33.4665679932
33.4626083374
37.26927948
38.931060791
41.0616569519
42.290927887
40.7879943848
41.0061950684
44.9568138123
44.9525260925
46.4830513
47.6827850342
47.9784317017
44.9677505493
43.3597145081
40.9309806824
40.9522094727
40.3200531006
40.9412612915
38.69921875
37.0935325623
37.2731132507
36.8880195618
34.7833175659
34.4428825378
34.8036499023
33.6820068359
32.7999763489
34.051815033
33.9822654724
32.0772209167
32.6467933655
34.4910202026
33.9783401489
33.019947052
33.4245681763
31.7714290619
32.8398284912
35.12657547
34.4427642822
37.9153327942
37.7779655457
39.2203292847
40.9881591797
38.4042472839
42.68957901
42.5889511108
37.9333229065
40.4642372131
44.8828735352
42.4270744324
39.9716300964
43.1376953125
47.3523826599
43.8043022156
45.8783416748
39.9605255127
39.0979804993
37.0229797363
38.2073135376
37.8461380005
39.3107452393
36.5439567566
36.7918167114
35.9003334045
38.9009513855
37.307258606
37.4303436279
38.0182495117
41.0198020935
39.2669906616
36.7177886963
38.9496498108
41.0738143921
37.9114723206
36.7370948792
39.4570465088
40.9515838623
37.9040336609
37.7826919556
41.9367713928
42.5895309448
45.7371330261
43.6560821533
45.2546768188
44.6626625061
40.7897224426
40.3060340881
40.3221321106
36.9882545471
39.1754493713
40.5038108826
37.5271949768
36.6088523865
38.5127487183
38.5286750793
36.1123809814
36.6109733582
39.1527404785
37.8430252075
36.9299316406
38.7967376709
38.9581069946
21.5025482178
19.8840751648
22.7013168335
20.5804290771
21.8860988617
24.6788406372
23.9251155853
20.9582061768
21.5990753174
23.0967502594
25.3207187653
26.6739597321
28.5213451385
30.0703983307
27.8494796753
28.9496269226
29.6050872803
27.5633125305
28.0084152222
27.2064533234
27.9787158966
28.0752372742
26.4859619141
24.5933113098
22.3139572144
21.7461910248
18.5275993347
18.4541816711
19.8346710205
21.5398654938
20.3300189972
21.2752723694
22.6519565582
24.3759899139
26.0700550079
29.0343475342
30.6857891083
32.4412193298
33.8044242859
34.3120574951
32.6503410339
34.0130348206
34.2696266174
34.2148399353
31.5979824066
29.7780418396
29.5770263672
27.7901878357
25.3627700806
26.9110183716
26.0042743683
23.6567687988
22.3919010162
22.6134319305
22.056810379
20.4712276459
20.6644763947
20.6475639343
18.807050705
18.1883621216
18.3839931488
19.2201137543
20.0832958221
19.2989902496
19.9493579865
18.3688259125
19.0876312256
18.3765163422
19.562587738
22.0673065186
23.2480697632
26.0609340668
27.7718601227
27.736618042
27.9826488495
26.7555007935
23.3493652344
22.0361232758
19.8804969788
19.7351531982
19.637550354
22.6935596466
22.6089324951
24.1235466003
26.0025615692
27.1082668304
27.2447967529
28.2295360565
31.5250473022
30.9618110657
30.3053379059
32.5915679932
34.2540740967
34.4761352539
34.1387062073
36.9382171631
33.5196113586
37.0442848206
31.7535209656
34.2985153198
34.1260299683
31.6300888062
29.3096389771
30.7724723816
29.6884651184
26.2285346985
26.3111457825
26.2434272766
24.3102340698
22.9655284882
23.6535663605
23.1406993866
20.7268829346
20.5541057587
22.4427604675
20.740814209
18.8592472076
20.9065494537
23.2175102234
20.9379272461
20.5651531219
23.8151721954
22.6317405701
25.5541172028
24.5914134979
28.1122112274
27.6319599152
26.2919712067
28.2933197021
28.4215755463
28.2211322784
25.3630237579
24.8800582886
23.649477005
24.9367465973
22.4583396912
24.9369812012
27.2087802887
25.6161422729
22.5701465607
22.3685665131
21.0252189636
21.788772583
22.642282486
24.2860546112
22.4317474365
25.7939891815
27.6383781433
25.1444759369
25.8348293304
25.6608695984
33.5584831238
32.647693634
32.1541824341
35.7174720764
35.1899871826
31.6276569366
34.0831336975
34.5913887024
37.5550346375
36.1070594788
34.8989982605
38.1965026855
40.6464500427
38.6085128784
39.0677528381
38.6042861938
37.794506073
33.7533760071
34.3239860535
31.3730869293
29.8217754364
26.7797412872
30.5919399261
30.1450366974
26.990026474
28.7259502411
32.929775238
29.4511318207
27.5191116333
31.1982860565
32.4088554382
29.4359474182
30.7739887238
35.7585868835
32.336807251
31.2133159637
34.4315490723
36.6921005249
35.7811393738
37.9391670227
36.0707054138
37.0446357727
39.6995849609
41.8783607483
45.1899909973
44.3167686462
45.4644622803
45.2605247498
40.2858924866
44.2233734131
45.957157135
41.3527450562
40.9602851868
45.6271781921
44.7291412354
40.4579734802
41.8168487549
46.309387207
43.7251968384
47.075214386
42.7003479004
41.0317878723
38.895072937
42.0511741638
39.3426132202
42.8692016602
41.0707702637
39.0465965271
37.7932853699
41.3722953796
38.423740387
37.192615509
36.1723365784
39.8376693726
35.3825912476
33.1453514099
38.0457496643
37.3655853271
32.2564888
34.134727478
36.2426452637
35.1705703735
32.1599006653
34.9205207825
37.5341110229
39.8455200195
39.9341850281
34.9574317932
35.8182640076
37.508102417
33.155582428
30.6278991699
27.6513271332
24.6523246765
24.3391017914
28.9529857635
27.0351047516
24.1663608551
27.140329361
29.674943924
27.9370975494
26.1143627167
31.276725769
31.9668045044
30.8169765472
31.4664993286
34.5100746155
34.0891342163
32.3355407715
35.1387481689
32.8996696472
34.0044059753
36.1878738403
34.7809333801
32.5679664612
32.4891014099
32.1391487122
33.6382026672
33.6239356995
34.3543663025
36.491607666
34.0799865723
35.6746101379
36.4991493225
35.2678565979
36.3078117371
36.7105827332
36.5033988953
36.2705192566
33.7372970581
34.5197639465
31.4729042053
30.8175735474
30.176897049
30.1642608643
28.9863491058
28.5633411407
28.9277248383
29.6218700409
30.4118900299
32.2349739075
33.8467102051
35.5842971802
39.4243354797
41.5839042664
43.0524559021
44.0059432983
42.7018203735
43.8143234253
44.5099563599
43.7815628052
41.2773628235
40.613067627
40.2527503967
38.0448570251
36.4816665649
38.3642692566
36.7379302979
34.096534729
34.032333374
34.348575592
33.1163673401
31.5745620728
32.9816360474
32.5939216614
30.085477829
29.7622375488
28.1663017273
27.7530002594
27.8026752472
28.5648002625
28.9765529633
28.6194648743
30.5789356232
29.5896263123
31.5011367798
34.2788734436
34.95677948
37.5581474304
38.8796577454
38.2409286499
38.1138534546
37.494644165
34.3108596802
32.8089904785
30.8838863373
29.6527690887
28.5807762146
29.8143043518
29.2930965424
29.2827377319
30.7059898376
31.5692596436
31.9196796417
31.8621082306
35.1005020142
34.428352356
33.1457138062
34.6502151489
36.4646911621
36.9951438904
36.1022872925
38.0391120911
34.8922729492
37.0501747131
33.1836585999
34.4621543884
33.9361572266
32.2822189331
31.1387062073
31.9540214539
30.7120513916
29.1668510437
29.5820236206
29.155954361
28.3082942963
28.0909748077
28.8018798828
28.2384433746
27.7285518646
28.4677886963
29.5509033203
28.8054218292
29.4180240631
30.3069400787
31.235912323
31.275384903
31.7514076233
33.7147026062
32.3729972839
33.6654319763
32.4119949341
35.7536468506
34.2665901184
31.9527244568
33.6052398682
32.7206306458
33.3832511902
31.9641933441
30.3442802429
30.1313095093
29.5528240204
28.4108581543
29.498500824
30.716091156
29.594209671
28.1766395569
28.2673835754
28.3886756897
29.3927345276
30.7052936554
32.6535263062
31.8843688965
34.9943275452
35.9468269348
34.4155349731
35.2555656433
35.8453292847
40.1490821838
38.6198959351
37.1839790344
39.7984733582
38.3236846924
35.4954566956
38.4046974182
38.2775154114
40.6560745239
40.2279281616
39.8530273438
42.3392028809
44.4641838074
44.0562477112
44.2910728455
44.8406105042
45.1736450195
40.7752609253
40.2227478027
37.9421195984
35.8061447144
33.4878997803
34.8121414185
35.0564155579
32.6620559692
32.2217941284
35.6887931824
33.1952514648
30.691827774
33.1241989136
34.738155365
32.2385749817
32.053276062
36.5186653137
34.4375228882
32.7673225403
34.4609489441
36.9073219299
36.5412101746
38.6574249268
37.9654655457
38.6223564148
41.12241745
42.7534675598
45.6697502136
45.5746841431
47.1549339294
47.5747642517
43.9189109802
47.3128623962
48.1472740173
43.7387771606
44.3070449829
48.2180137634
46.4568748474
42.7358131409
44.5776863098
48.6598129272
45.1380729675
48.3691558838
43.8207359314
41.5748977661
39.3928833008
41.5103378296
38.56873703
41.5282058716
40.4343299866
38.0619125366
37.0316352844
39.5645561218
36.9659080505
35.8016395569
34.5565261841
37.3529510498
33.4433288574
32.385509491
36.4468536377
35.1770706177
31.6487426758
33.9544372559
35.5979690552
34.6003227234
33.2091751099
35.9694480896
37.9540138245
41.1209335327
41.5846099854
38.8005638123
38.6341819763
38.4373893738
35.3955497742
31.963727951
31.2958240509
29.2674999237
28.8635044098
29.1727733612
28.7101459503
27.7420539856
27.868844986
28.7000656128
28.8290424347
28.4857177734
30.6358623505
31.0780181885
30.93242836
31.8420886993
33.1307525635
39.9414634705
36.3856430054
40.6130523682
37.34790802
39.5275497437
42.1542205811
39.9682731628
37.4553337097
36.0265464783
35.0050315857
35.1054153442
33.8093223572
32.1506652832
34.7705001831
30.744884491
33.0101242065
34.2831077576
33.9601707458
36.1965484619
38.1867828369
36.8083724976
35.8046798706
32.2921829224
34.0851478577
29.5593967438
30.7628116608
31.1210250854
33.0755805969
31.5939426422
28.9888782501
27.4245491028
29.5639057159
29.760269165
32.6184997559
34.389591217
37.2342033386
40.7415428162
40.8600654602
44.2438430786
46.8740844727
48.4150314331
46.9161720276
47.8913917542
49.1845207214
47.6223297119
44.4828605652
45.1488189697
44.8195648193
41.3448104858
40.1359481812
41.0732078552
36.4246902466
37.7331504822
38.7367858887
36.5078659058
33.9825592041
37.6543083191
36.8997154236
32.3272209167
31.8060722351
28.4241428375
25.7994651794
25.7716579437
28.2925167084
27.8267612457
28.6389751434
32.9584999084
31.151473999
34.4370269775
38.641784668
39.4014968872
42.5243453979
45.1932182312
42.6821060181
41.4831237793
40.9187927246
37.2951889038
34.8076934814
32.5026054382
29.6434745789
26.6660041809
26.4239196777
24.4864749908
23.3328933716
23.0486049652
23.3826656342
24.402639389
22.9471855164
26.6823139191
24.9105873108
22.0250911713
22.6292114258
25.6834106445
26.4904937744
24.1177177429
24.3403816223
21.2812042236
22.7394294739
20.0519447327
21.1986122131
22.60496521
22.3222236633
20.4259166718
21.0111846924
23.4008274078
22.3367538452
22.0052490234
24.2459564209
24.7752361298
23.878780365
25.8227119446
27.8372249603
27.842168808
28.6593494415
30.3854026794
32.0242843628
31.8302669525
32.8146095276
34.9570121765
36.2524261475
36.3986778259
38.8912887573
35.9782791138
37.006362915
32.9521980286
37.5060272217
32.9709205627
29.9486713409
29.7225646973
26.0131607056
27.9659118652
28.7070064545
25.0576934814
25.468208313
21.8254337311
22.4075279236
20.9841842651
20.3376274109
20.3651695251
22.2287025452
23.563337326
24.880903244
27.5358009338
29.270160675
32.0226516724
32.9764862061
36.1942939758
36.8917922974
36.9629821777
39.2680740356
40.8626289368
39.8210334778
37.1943321228
34.4479980469
36.8590545654
33.2904129028
31.1071109772
36.9957962036
38.1935043335
40.7795524597
41.953754425
40.9425468445
41.823677063
45.5708732605
46.0088348389
47.19789505
48.5360908508
49.2055473328
45.1076393127
43.2901878357
40.3111991882
39.2797775269
37.7767486572
38.5004005432
36.6819343567
34.0872802734
33.4622802734
34.5012702942
31.2231941223
28.5410270691
29.5981216431
29.6401252747
26.2636013031
26.4361839294
28.2396297455
25.11054039
22.4090976715
24.1305408478
25.0960273743
23.5055065155
27.1831245422
29.0695571899
31.3229026794
35.0316009521
33.704410553
37.420124054
38.9041595459
40.4924659729
42.9254493713
40.1105079651
44.721282959
44.3573455811
39.5395126343
42.0386123657
46.3964996338
43.4120788574
40.370639801
43.6906013489
48.2691993713
43.6297416687
46.2091255188
39.9418716431
37.5563163757
34.1839561462
34.089515686
32.2777633667
32.9661636353
30.2548179626
27.9352626801
24.0433483124
28.1361522675
25.5317649841
26.8494262695
27.9099311829
32.420665741
30.9940605164
27.8853740692
31.4017601013
34.0987281799
31.1689739227
30.2475204468
34.4075737
36.2498321533
33.2920799255
34.1819572449
38.7814064026
41.0271263123
44.0009040833
42.3349876404
43.39037323
41.822555542
38.0075035095
35.8695793152
36.3751144409
31.8841552734
34.1749458313
35.1635894775
31.4424285889
29.7801074982
31.621088028
31.2028598785
27.7527503967
28.5374240875
30.9790916443
28.5518569946
26.9998264313
29.6577701569
28.6952457428
34.6843910217
32.4204177856
35.5057525635
34.1241455078
35.8937263489
38.0018386841
37.4949989319
35.6944847107
34.8626976013
35.6776237488
35.6863746643
35.8664588928
35.5842437744
35.2139358521
33.0434494019
32.6896781921
32.1160964966
30.6948490143
31.3353481293
32.8901481628
32.8147354126
33.3183288574
32.0195198059
33.9738082886
33.2599220276
33.04347229
33.8044776917
32.6860771179
32.5471000671
32.1706962585
32.0883903503
31.5616493225
30.9868354797
32.0998001099
31.6193027496
34.2562484741
35.7297096252
37.001285553
38.6400184631
41.2740402222
41.6747055054
39.8008079529
39.9187011719
40.5806083679
39.1300010681
37.2830352783
37.6460914612
36.927898407
34.4484977722
34.2056732178
36.2512130737
34.395149231
32.61145401
33.1385269165
31.9931945801
30.7657546997
32.7670402527
32.4309234619
30.3450679779
30.2528553009
30.0573177338
29.5353507996
29.7799167633
29.4688606262
29.2569923401
29.3809719086
30.731584549
30.5705471039
31.7598190308
33.8939666748
35.1019706726
36.9685935974
39.854675293
38.3266677856
37.2906761169
35.6746025085
33.7010688782
31.8057193756
31.2600135803
30.152677536
29.5257434845
31.1008167267
30.1625900269
31.3535938263
31.4575042725
31.3418560028
30.6426830292
31.3183174133
31.7180271149
32.802520752
32.954750061
33.8033370972
34.054145813
34.8405036926
35.5300674438
37.1043395996
35.5126266479
38.7652435303
34.7479095459
37.4242935181
37.6248435974
36.3601455688
34.0429039001
34.6718940735
35.1268234253
32.8776893616
31.9433517456
32.6072311401
32.5887832642
31.1675891876
30.9718494415
32.2524261475
31.7856845856
30.6945152283
31.3597583771
33.062297821
31.2780895233
31.4911193848
33.4101486206
34.0696792603
33.2794685364
34.8112792969
32.5439758301
33.1280975342
30.4450111389
32.3642921448
29.7499485016
30.1572914124
29.4603042603
30.2953033447
29.7040977478
29.1395816803
29.7471885681
29.5199222565
30.7868423462
30.0846862793
31.2323741913
32.1755104065
31.6174278259
30.3359413147
30.0751781464
29.3635826111
29.4275989532
29.2729034424
29.6807041168
30.1995563507
31.122800827
31.3842201233
32.0006828308
33.7585983276
35.0507888794
32.1184616089
30.6185932159
29.6868057251
31.9844665527
32.5500144958
31.1999454498
33.0207176208
35.3700370789
37.9973869324
38.05727005
35.6361160278
36.8918800354
40.9961891174
39.219959259
41.2272605896
41.5622138977
40.9560012817
38.3759155273
37.5584068298
34.8489875793
35.7640762329
35.2652854919
36.8978424072
34.3166122437
32.662311554
34.3097763062
34.8070793152
32.1956787109
32.72032547
34.1417694092
33.3310432434
32.2787590027
34.3921051025
36.1990699768
33.2400093079
33.994468689
36.8122215271
37.2530441284
36.2554473877
37.1842460632
34.462059021
35.3636817932
37.3284950256
39.0282096863
42.066608429
40.6566047668
41.3152198792
41.0350837708
35.5986061096
40.3696556091
42.2530403137
37.7245521545
37.6036834717
43.0693321228
42.2197151184
38.8014640808
40.7603225708
45.2386512756
43.1099433899
45.6312294006
40.8427734375
40.3217964172
38.6624107361
41.4894447327
40.2215919495
42.9837646484
40.6216926575
40.1355285645
39.4962234497
42.8809776306
40.8400382996
40.2079582214
40.1987991333
43.3400726318
40.3723144531
37.7724914551
40.9179611206
41.9872169495
37.7398605347
37.4188995361
39.6575088501
40.1527824402
36.6558570862
37.1895675659
40.8499794006
41.3388710022
43.3985137939
39.5998306274
41.6667823792
42.5604667664
38.0421867371
37.948009491
36.8345718384
33.8443450928
35.9014778137
38.3109169006
35.5709648132
34.5200614929
36.9810562134
37.7794075012
35.605632782
35.5589332581
39.0620880127
38.5345611572
37.6441917419
39.1590385437
40.5852508545
45.3316879272
43.9514579773
46.4569091797
45.110748291
46.5518455505
48.0499916077
47.6931877136
46.0951423645
45.1132202148
45.3822097778
45.1282234192
44.8802185059
44.0393981934
44.0521240234
42.4283218384
42.5923995972
42.2128601074
41.9411430359
42.434753418
44.1303939819
43.2443161011
43.7050514221
42.3439254761
43.9489593506
43.0763549805
43.3956680298
44.1240577698
43.6357917786
43.2104492188
42.7825737
42.2317695618
42.152256012
41.78515625
42.9886436462
42.8072662354
44.6588821411
45.7633361816
46.7125968933
48.1731300354
50.2726097107
50.7703437805
49.486164093
49.5069007874
50.6483955383
48.9553565979
47.1807518005
48.1719932556
47.6719512939
45.5106048584
45.4960975647
47.1642494202
45.3858299255
43.2288856506
44.2885093689
44.7380371094
43.5453147888
42.5427856445
44.2960510254
44.2164573669
42.1807785034
42.0683441162
41.3297843933
40.6572685242
40.9525527954
40.9135513306
40.6119384766
40.9524993896
42.2761573792
42.0276756287
43.2494163513
45.2252998352
45.7894096375
47.6436157227
49.0477752686
48.6634712219
47.2082901001
46.347366333
44.4918327332
43.1080284119
42.6584396362
41.3838806152
40.7971382141
41.5159301758
40.8355369568
41.6411552429
41.2348594666
40.7723693848
40.9913787842
40.8640594482
41.8377876282
41.9568786621
42.1396141052
41.9685020447
42.5803260803
43.3412361145
44.3530006409
43.4572143555
45.3130607605
43.4100074768
45.2012863159
45.3390426636
44.5357551575
43.0141601562
43.3716201782
43.9909477234
42.5379981995
41.8757629395
42.536895752
42.6814231873
41.4408569336
41.4927597046
42.3148422241
42.2731513977
41.8296890259
42.3094062805
43.4236793518
42.5769081116
42.6519126892
43.9447593689
44.7780380249
44.025844574
45.2313957214
43.5604324341
43.7738380432
41.8116264343
43.4051933289
41.1267700195
41.1297264099
40.5056343079
40.5794181824
40.3552780151
40.4480667114
40.4779472351
40.4374542236
40.8259963989
40.6378936768
41.3914794922
41.7633094788
41.5087127686
40.5369033813
40.5496406555
40.2330589294
40.6858978271
40.5997009277
41.1781730652
41.8578910828
42.7914199829
42.6546516418
43.1816864014
44.4945716858
45.9863204956
43.476726532
41.0942382812
40.4752159119
40.809425354
41.1081962585
40.9279785156
42.4058837891
43.9275283813
45.4068222046
46.1755218506
44.6090126038
44.2859764099
47.3967552185
46.7229423523
49.2354774475
49.6455421448
49.9027709961
47.3932228088
46.3021812439
44.5357398987
45.3043022156
45.2222480774
46.0086364746
43.936756134
42.8602180481
43.9392776489
43.7272224426
42.2176933289
42.6124839783
43.0578422546
42.2684783936
41.7095108032
43.3320083618
43.8808021545
41.9709739685
42.7646217346
44.5744743347
44.4125022888
43.4567565918
43.7529296875
41.9594726562
42.5503005981
43.4479637146
44.3757972717
46.118938446
44.3351135254
43.9668693542
42.7355461121
40.7214927673
42.4447441101
44.5594940186
42.7317428589
42.6850318909
46.4363670349
46.2604789734
44.700214386
45.8828010559
49.1829719543
48.220703125
49.4854316711
46.0255775452
46.4353790283
45.2886352539
47.2899475098
47.2942962646
48.9174003601
46.8365325928
47.0572166443
46.2440338135
49.3199119568
48.1043395996
47.2664070129
47.6460838318
50.6784248352
48.1717071533
45.8526420593
48.1325759888
49.371761322
46.0882949829
45.5276031494
47.3073997498
48.0904464722
45.2853279114
45.2081947327
48.1714477539
47.8614196777
49.8777732849
47.8604736328
49.6778564453
49.7653503418
46.5193748474
46.3886795044
46.2042388916
43.8774452209
45.613735199
47.2254257202
44.8379821777
44.2285652161
46.0780677795
46.5421600342
44.7205200195
44.8646392822
47.7236824036
46.5861701965
45.804058075
46.8967132568
48.2076759338
8.79961013794
9.28046131134
12.6444263458
15.2830696106
17.1596565247
19.7621326447
22.7413425446
20.8446426392
21.615354538
25.7452068329
27.2095584869
29.7846374512
32.0545463562
31.7967453003
30.3002738953
29.877363205
29.5104522705
26.2090988159
24.8758163452
22.3527240753
25.3736362457
26.8851528168
26.1871242523
27.18450737
28.0771999359
25.1628170013
25.6025924683
18.7157402039
20.7501792908
23.6277160645
25.5050773621
22.0841884613
21.8239593506
22.0743141174
21.531627655
23.6230869293
24.68060112
28.0448989868
27.9165287018
29.0977478027
27.8961277008
25.359375
26.2025318146
25.0100708008
26.182882309
24.6388912201
20.2212181091
19.6357040405
19.7539024353
16.7034740448
15.6505689621
16.6628742218
16.7604694366
12.5199985504
11.7358646393
13.8594446182
13.5709199905
8.51889324188
11.114818573
13.1849050522
12.4453401566
18.4285202026
20.6840248108
22.2284698486
18.5223484039
19.3482837677
16.3438243866
12.7858943939
15.1674070358
13.3619537354
12.2582244873
16.6948757172
18.1234664917
21.1539459229
23.4310874939
23.7678318024
20.2411842346
18.4103145599
17.2321014404
17.1390151978
18.6707057953
20.3161964417
25.7937717438
25.7329807281
29.1227378845
30.6973552704
31.4790878296
30.8474502563
32.4352149963
34.9969787598
35.4632148743
35.6150932312
37.6797561646
38.8206939697
39.320514679
39.9399414062
42.9408111572
39.8595848083
44.2364730835
38.1927146912
41.6307182312
41.0555152893
38.6225318909
35.8402481079
36.9384765625
35.9236907959
32.1045608521
31.4393501282
31.174249649
29.562084198
27.3603725433
26.9032802582
26.6998844147
24.4508895874
21.963886261
23.3911209106
22.9396781921
17.2502574921
18.9340896606
22.2097129822
19.1620121002
15.3103504181
18.67719841
17.9626846313
22.1070098877
22.4771690369
24.4920539856
26.4684944153
27.0312728882
29.3320579529
31.2243175507
30.1697540283
27.4659900665
25.8318710327
29.5122756958
26.4764652252
30.0823135376
32.8392982483
31.1150379181
26.7949066162
25.8196048737
22.9130840302
22.2519836426
21.7998008728
22.1262664795
18.5203952789
20.8026866913
23.3802928925
19.6767635345
19.5539741516
18.0310001373
30.8852939606
31.2081260681
32.2743797302
36.093170166
37.0392875671
33.2429008484
33.913772583
34.67212677
37.6704940796
35.0475578308
33.3057289124
37.307762146
39.3366203308
35.5843429565
36.0454330444
34.1600074768
31.9213180542
29.0007553101
31.1869754791
28.1855869293
27.8299922943
25.284942627
30.5456371307
29.5978984833
26.6828670502
30.3831329346
34.567779541
31.1496829987
30.6744060516
34.5037117004
35.384059906
32.980670929
35.3291130066
40.2088699341
36.4742889404
36.3753547668
40.2331771851
42.1928787231
41.3213577271
42.9640655518
39.9046058655
40.5359191895
42.7207603455
46.0665588379
49.2488021851
47.4370918274
48.37840271
47.030090332
40.9609031677
44.7360877991
47.3011436462
42.9748878479
41.1657676697
45.94739151
46.2692146301
41.6309623718
41.9245033264
46.3663749695
45.1582450867
48.5257568359
45.1325798035
44.1275177002
42.4927177429
46.7871704102
44.2511329651
48.5015449524
46.6183052063
45.0336875916
44.5644378662
48.5003356934
45.7947425842
43.8924865723
42.9263381958
46.4563102722
41.4367790222
38.9367408752
43.711894989
42.8640060425
37.059803009
38.7452735901
40.3427200317
38.8314781189
35.311164856
37.8271179199
40.0777015686
41.4852752686
40.7336196899
34.1331748962
35.8562240601
39.2488365173
34.5465431213
33.3473243713
29.4731864929
27.2965011597
27.8532600403
33.0248374939
31.1686344147
29.0840435028
32.6474838257
35.2670593262
33.646030426
32.1525650024
37.6888160706
38.5327033997
37.6712341309
38.3947486877
42.1946983337
27.6706390381
25.1019306183
28.7066516876
27.1893634796
29.3771476746
31.692401886
31.2967643738
29.3066329956
28.1409473419
29.2737541199
29.2411174774
29.6117897034
29.4826965332
29.2470378876
26.5557785034
26.2241687775
25.6536922455
23.2671718597
24.4300479889
26.152715683
25.9847259521
26.6262016296
24.7966156006
27.2756576538
26.6229763031
26.2444171906
27.3336639404
25.7493190765
25.8898468018
25.4597320557
25.3311195374
24.3408641815
23.4797306061
24.7687854767
24.111946106
27.4120159149
29.4359130859
31.0598487854
33.0789527893
35.8336982727
36.3178329468
34.2430381775
34.7816772461
35.4999771118
34.3848762512
31.71692276
31.6756916046
31.1300125122
28.249206543
27.4224472046
29.8441085815
28.0312099457
24.5212230682
25.4110355377
26.1615562439
24.9963779449
23.2285633087
25.4721927643
25.3370285034
22.8311786652
22.6161155701
22.7484016418
22.1865711212
22.7790641785
22.0469722748
21.5218086243
21.5990352631
23.031747818
22.9946289062
24.2810077667
26.7888851166
28.2116184235
30.4587402344
33.6083679199
32.1544837952
30.9704113007
29.0848960876
26.5621852875
24.2686004639
23.6983737946
22.4096775055
21.9562454224
24.072637558
23.0831737518
24.8130264282
25.1773529053
25.280500412
24.612121582
26.0862941742
27.510055542
27.8175563812
28.0040836334
29.8370819092
30.686258316
30.9073562622
31.3132858276
33.7477989197
31.2750988007
35.1019477844
30.2295207977
33.2384300232
33.6708831787
31.7456703186
29.0002651215
30.2253704071
30.4804019928
27.3645915985
26.5103645325
27.4684963226
26.8772411346
24.975440979
25.1303119659
26.5425682068
25.4537773132
24.1773681641
25.4382991791
27.0103740692
24.3511180878
24.954744339
27.7628746033
27.8809509277
26.6057281494
28.8879241943
26.2534732819
27.6950874329
24.2818565369
27.5598945618
24.3474769592
24.9310531616
24.3721179962
25.2954959869
23.997133255
22.1781616211
23.4532814026
22.3733577728
24.5118656158
23.2322425842
24.9730453491
25.5925788879
23.6464862823
23.4265613556
22.1360416412
22.4254188538
21.7650947571
21.9602279663
22.9382820129
24.3956508636
25.7080440521
25.7651252747
27.9846763611
29.2710914612
29.9109516144
28.064666748
27.4427700043
31.7320957184
31.4619083405
28.3974323273
31.4865970612
33.4663696289
36.5871963501
35.9992828369
33.6689033508
36.050617218
39.7966537476
37.5201454163
39.2537574768
39.1088066101
38.0896148682
34.8869361877
34.6813430786
31.2913417816
31.7694549561
30.4812641144
33.164730072
30.7428588867
28.0314178467
30.346282959
32.313369751
28.5680961609
28.2932014465
30.8190422058
30.568359375
28.198682785
30.6522483826
33.8351783752
29.8634643555
29.9812030792
33.487197876
34.5845222473
33.2323074341
34.9268226624
32.4226226807
33.9192237854
36.6169395447
38.1569023132
41.646030426
40.582572937
41.2807502747
41.3373603821
35.8982849121
40.6744499207
42.6029663086
37.8726005554
37.7346038818
43.1285057068
42.2110786438
38.3051795959
40.1433868408
44.8389816284
42.4654846191
45.3646965027
40.4384155273
39.3650398254
37.2330627441
40.152885437
38.275894165
41.2961463928
38.847694397
37.6848487854
36.3913955688
40.208114624
37.6404953003
37.018245697
36.7583808899
40.4676246643
36.9358520508
34.1215896606
38.2421760559
38.971206665
34.1461143494
34.4336128235
37.051197052
37.1766471863
33.4324607849
34.8024635315
38.5486907959
39.7780227661
41.2801361084
36.7419776917
38.658039093
39.8656730652
35.0020713806
34.0770950317
32.3356781006
28.725736618
30.6925086975
33.8939857483
30.9195594788
29.1274375916
32.0781288147
33.3713645935
30.8526878357
30.265663147
34.5962181091
34.27110672
32.9652824402
34.4008522034
36.3827514648
26.5399112701
22.8734340668
27.6797161102
24.4081573486
27.0524711609
29.957113266
28.2812576294
25.3867416382
23.7511940002
23.4090938568
23.982542038
23.3507423401
22.8352890015
26.1233825684
21.8525772095
24.6023902893
26.203294754
25.132938385
26.8840637207
27.7542419434
26.9704399109
26.0400123596
22.0765094757
23.5321865082
18.2446975708
18.4824886322
19.2230243683
20.1529369354
19.1777706146
16.2367801666
14.1663217545
16.2891654968
16.9871311188
20.5295715332
23.2015094757
26.1521930695
30.1821784973
30.8311519623
34.15026474
36.5818061829
37.860710144
36.1764755249
37.5211524963
38.5495681763
37.5726394653
34.0907936096
33.755569458
33.6153488159
30.3675422668
28.2452335358
31.3438205719
29.4816703796
24.7360153198
25.1668968201
26.1877841949
24.245677948
21.2923240662
24.428527832
24.0762462616
19.2193431854
18.1479301453
15.2594270706
12.5462636948
14.1684627533
15.9534597397
15.4387159348
15.0077800751
19.5029125214
17.4543495178
21.0779876709
25.6927642822
26.8375015259
30.3750648499
33.0810699463
31.2926902771
30.1942882538
29.2616481781
25.0191020966
22.4094734192
19.3959903717
16.4341201782
13.1824531555
13.9680652618
12.8969526291
12.8543758392
14.8055953979
16.9007816315
18.6126899719
19.4908103943
23.9393997192
21.4110565186
19.6183300018
23.1878433228
25.7917423248
25.1911373138
23.3134708405
26.2774505615
22.0579166412
25.5778503418
20.4368782043
22.2801074982
23.730840683
20.3106746674
17.8011054993
20.9492759705
20.6662311554
16.2803974152
17.2562294006
19.2373485565
16.6080131531
14.7038841248
18.011516571
19.2275009155
16.9535751343
17.9469947815
20.9791259766
21.3734264374
19.4117088318
21.6057434082
24.9425983429
24.7579898834
23.941324234
27.5800876617
24.7575321198
27.2956104279
23.6371498108
28.8210773468
25.3634681702
23.0867881775
23.916934967
21.7889404297
22.3363552094
20.6811141968
17.9513092041
16.3156642914
14.4854183197
11.5421009064
11.8047447205
14.2197093964
12.7317972183
11.9318819046
14.0263996124
13.4280099869
18.9706382751
22.0250205994
21.8544940948
25.908367157
27.5846576691
26.4671382904
28.6214694977
29.7102832794
33.2192649841
30.769487381
29.2272891998
32.9248580933
30.9299144745
27.3746623993
32.288318634
33.5545501709
36.6898193359
36.4694671631
35.1339683533
37.3031921387
40.7516517639
39.7545814514
40.9232025146
41.2138442993
41.1398773193
36.7556838989
36.0002098083
32.4620399475
31.3247890472
28.8593463898
31.5234470367
30.012544632
26.4716091156
27.485200882
30.692155838
26.4790897369
23.4629268646
26.8392238617
27.5898838043
23.4764442444
24.852891922
29.327299118
25.0595092773
22.76039505
26.2546844482
28.5392055511
26.9442615509
29.9146595001
29.428647995
31.5034122467
34.9373245239
35.414188385
39.2254753113
39.3714027405
40.5021896362
41.7080154419
37.1239471436
42.0541114807
42.959438324
37.9903945923
38.8927307129
43.8839836121
42.0913467407
38.1009864807
40.37449646
45.3288002014
41.769329071
44.8496208191
39.350933075
37.3454322815
34.335975647
36.2280769348
33.7194671631
36.0677528381
33.7530593872
31.1629219055
28.1676559448
32.0518836975
28.9191493988
28.8152179718
28.4384441376
33.4274597168
29.6404514313
26.7421607971
32.1285858154
32.831703186
28.1946029663
29.2797870636
32.7941970825
33.0259246826
29.5695571899
31.8113632202
35.7228279114
38.2551727295
39.6775016785
36.1381797791
37.3252258301
37.2811965942
32.8118896484
29.9359283447
28.6600780487
23.8136768341
25.3162326813
28.4423370361
24.8691616058
21.3254947662
24.4810428619
25.9570159912
22.3771591187
20.8161144257
26.0431518555
25.1711025238
22.5018577576
24.1416301727
26.7024898529
26.9216747284
24.5648155212
28.2937335968
26.9630756378
28.698802948
31.4218502045
31.182641983
28.8092041016
28.6844005585
30.0292186737
30.8050365448
31.5401954651
31.8914260864
32.4599761963
29.7200050354
29.9801216125
29.7929172516
27.4070167542
27.467880249
28.419960022
29.1859436035
29.8451442719
27.9579601288
29.8335723877
28.5232315063
27.5057430267
27.8502349854
25.5345554352
25.1148605347
25.5864315033
26.1151180267
25.3672809601
25.1329860687
26.6432285309
26.4944515228
29.6206550598
31.6117897034
33.3966827393
35.0235710144
37.3641319275
37.5553283691
35.4243164062
35.804775238
35.9831809998
34.9811592102
33.0662231445
32.2253074646
31.1868495941
28.9015865326
28.1448860168
29.8320007324
27.798658371
25.0676002502
25.4641990662
25.618927002
24.1509532928
23.1865406036
25.023683548
24.4536685944
22.3003749847
22.34009552
22.4391326904
22.4125480652
22.5910949707
21.7643051147
22.3013381958
21.9486522675
23.2419300079
23.1382827759
24.5004062653
26.865732193
28.7262115479
30.9494190216
33.9006767273
32.9853630066
32.3321228027
30.292804718
27.8039588928
25.5476016998
24.598903656
23.5205688477
22.7468605042
25.672328949
24.5936603546
26.4630374908
27.040895462
27.286895752
26.6841678619
27.0505695343
29.4832763672
30.1399745941
29.6156425476
30.8569030762
32.1360092163
33.2222747803
33.3059272766
35.3177528381
32.6443061829
36.3560295105
31.1931705475
34.0199661255
33.8095359802
32.1255722046
29.6821994781
30.3381919861
30.147102356
27.4929466248
26.4710407257
26.5485649109
26.4168453217
24.7191085815
23.8425273895
24.8327980042
24.5569229126
22.7077655792
22.929233551
25.1202373505
23.151758194
22.9676628113
24.8459033966
25.9335975647
25.0403156281
26.5084686279
24.0533771515
24.731420517
22.3445625305
25.1913700104
23.7332305908
22.6688632965
25.000120163
26.0215740204
26.2297172546
23.6251773834
23.9180927277
24.095949173
25.6611061096
24.3242225647
26.0376873016
27.5546035767
26.475069046
24.364151001
23.6694908142
22.6288108826
21.9942646027
22.4714450836
22.8180446625
25.065114975
25.4037132263
24.5510196686
26.0568656921
27.1950054169
30.4033184052
29.2202796936
28.4301052094
31.6609992981
31.1305465698
27.4337978363
29.5920906067
30.5790157318
34.0080757141
33.0012359619
31.2583522797
34.315776825
37.5395774841
35.7690048218
36.7375221252
36.7320747375
36.4281463623
32.4206390381
31.8415794373
28.4109668732
28.0078144073
27.0124950409
29.4686050415
26.7026576996
23.9501533508
26.7080745697
29.2844161987
25.3865203857
25.7588920593
28.4395637512
28.8317527771
26.8584346771
29.1657085419
32.967212677
29.6127223969
29.5956497192
32.97681427
34.5009117126
33.7792205811
35.3134269714
33.0337982178
33.6605567932
36.1105308533
38.8141784668
42.0772972107
41.0634155273
42.4999465942
42.1974639893
36.9084129333
41.1695175171
42.5772628784
37.6823921204
37.2816352844
42.2458343506
41.3255081177
36.7464523315
38.2145233154
43.255531311
40.6338806152
43.9801635742
39.3374786377
37.9314956665
35.8303718567
39.4243125916
37.0685310364
40.7102394104
38.7014808655
37.1677894592
36.6325340271
40.2242164612
37.8888778687
36.607257843
36.2291221619
39.7618522644
35.7433395386
32.9261512756
37.0255622864
37.4507904053
32.1396865845
32.6042404175
34.8535079956
34.6623878479
30.5670719147
32.2117042542
35.7881088257
37.1975440979
38.291885376
33.3641777039
35.4631500244
36.916229248
31.6711807251
31.0892620087
29.3381462097
25.9989089966
28.5927085876
31.7257480621
28.6375427246
27.7126941681
30.7898349762
31.9452285767
29.7033691406
29.7234230042
33.9954948425
33.6163063049
32.8499526978
34.5671539307
36.7483406067
28.7847919464
26.1714763641
29.4006786346
26.579990387
28.6320381165
30.7452507019
28.8803024292
26.8929710388
24.9086875916
23.7520332336
24.2262687683
23.5678367615
24.73371315
27.8808574677
25.2919197083
27.5674476624
29.1909332275
28.3271522522
29.9837284088
29.9591255188
29.3157081604
28.2513122559
25.2282924652
25.4013595581
21.4226989746
20.8825454712
21.4015750885
23.3178100586
23.2686061859
20.9591426849
20.3132343292
20.7891635895
21.6362667084
23.4330615997
26.178981781
27.5960083008
31.4682655334
31.9183483124
34.9026260376
36.691318512
38.1099243164
36.7744369507
38.3418464661
39.3401679993
38.7865257263
35.4478149414
34.9595222473
35.1052398682
32.414894104
30.1879825592
32.9116325378
31.6124382019
27.9840736389
27.8697795868
28.7731685638
27.661693573
25.2368431091
27.1189289093
27.0322418213
23.7807331085
22.9992733002
21.5073890686
20.5097026825
21.4346046448
22.1765441895
21.7544670105
21.2520427704
23.690076828
22.3138828278
24.471075058
27.8552875519
28.2996616364
31.2800254822
33.3257293701
31.5077819824
30.9790725708
30.6696815491
26.9377803802
25.3864078522
23.0019550323
21.6498413086
20.6143741608
20.8724651337
21.0942554474
21.0285778046
22.8856468201
24.3126773834
25.2868041992
26.4815673828
29.6815567017
27.8053684235
27.0475196838
29.9167976379
31.7062187195
31.0486221313
30.0385437012
32.9210395813
29.523235321
32.6004905701
28.0823974609
29.9524326324
30.7029285431
27.9418201447
25.9166946411
28.09416008
27.4509868622
24.0635890961
24.7811374664
25.752954483
23.5548419952
22.6169662476
24.6115665436
25.0891971588
22.7679214478
23.6558303833
25.9810199738
25.54164505
24.0055160522
25.9368267059
28.5572605133
27.6432952881
27.2198295593
30.4257068634
28.3165092468
30.5763168335
27.9998207092
32.1317367554
29.7660331726
28.1303386688
28.935798645
27.7981262207
27.6915359497
26.1642608643
24.7148075104
23.0837421417
22.8827209473
20.8382892609
22.0421257019
23.8551006317
22.7200164795
21.2713565826
22.1204395294
21.5149230957
23.6640491486
24.532541275
26.4122505188
29.3532505035
31.1649532318
29.8136386871
31.4228610992
32.121723175
35.9461936951
34.2905960083
33.0980186462
36.627281189
35.3054656982
32.2053222656
35.9644546509
36.9648666382
39.8470039368
39.3603553772
37.9624633789
40.4313926697
43.5144119263
42.0975761414
43.1127815247
43.240020752
42.6917076111
38.7853927612
38.5802841187
35.523109436
34.423915863
31.9628734589
34.6431007385
33.6137199402
30.4899101257
31.5167064667
34.6809768677
31.069568634
28.7499923706
31.8471698761
32.6238021851
29.339673996
30.3953514099
34.6165504456
31.0836524963
29.4543418884
32.3253326416
34.3702011108
33.0728607178
35.573474884
34.5219345093
36.1494674683
39.1181755066
39.8704833984
43.3272094727
43.0899887085
43.9455909729
44.7108192444
40.4157981873
44.6800918579
46.0433807373
41.4512290955
42.0140800476
46.7647666931
45.2252540588
41.5443344116
43.6331634521
48.0364227295
44.91979599
47.9123077393
42.8513183594
41.0684013367
38.6126098633
40.6269683838
38.1793251038
40.7430686951
38.7105255127
36.623752594
34.4026145935
37.7540626526
34.6277503967
34.4766921997
33.6495018005
37.5380401611
34.0611000061
31.9501075745
36.6986541748
36.7222557068
32.6043014526
33.9412269592
36.6921768188
36.4999542236
33.6955223083
35.9458694458
39.1722679138
41.5573310852
42.6722450256
38.8694725037
39.6913414001
40.1969032288
36.0699501038
33.4735946655
31.7613449097
28.0135192871
28.366104126
31.4367542267
29.0593643188
25.8034725189
27.9989719391
29.8530902863
27.5175457001
25.3245182037
29.6412734985
30.094165802
28.0318965912
28.3562488556
30.9156646729
41.911529541
39.6886024475
43.0707435608
40.7800102234
42.5866699219
44.614151001
43.4715690613
41.3500595093
40.0861701965
39.7153663635
39.5873298645
38.7252998352
37.3687324524
38.5165557861
35.7121658325
36.8973121643
37.1923294067
36.9872436523
38.4402008057
40.5934181213
39.1966743469
39.110042572
36.5159034729
38.4529380798
35.8932647705
36.7641296387
37.4272422791
37.959438324
36.9680023193
35.6575622559
34.5659446716
35.4273338318
35.2318611145
37.3242111206
37.9567871094
40.3955688477
42.7033157349
43.3692817688
45.8405799866
48.2292442322
49.261680603
47.8811950684
48.388217926
49.7217636108
47.9588737488
45.3873939514
46.3056144714
45.8347244263
42.8904495239
42.3576011658
44.8065986633
42.531791687
39.1586914062
40.4991340637
41.1840019226
39.3891029358
37.6586380005
40.3794364929
40.0377960205
36.7453575134
36.4988937378
34.4768753052
32.9627380371
33.1089515686
34.0699272156
33.6375045776
34.3503303528
37.0359458923
36.1486930847
38.376335144
41.4953269958
42.0856285095
44.6960868835
46.4665260315
45.4067573547
43.9383087158
43.2313270569
40.3417205811
38.3934326172
37.1264381409
34.9802742004
33.4475860596
33.6733856201
32.4568710327
32.4762954712
32.1429214478
31.9201602936
31.7503662109
31.3096046448
31.7322254181
32.4342346191
31.708820343
31.5626831055
31.6542415619
32.9846801758
33.067565918
33.5939445496
32.5197181702
34.0008125305
32.5094451904
34.0994148254
34.6434364319
34.0600357056
32.4559936523
32.8708076477
34.0979194641
32.8412208557
32.1794700623
33.3966026306
33.8768768311
32.6216278076
33.2045021057
34.5539703369
34.7192802429
34.7745094299
35.6539611816
37.1040229797
36.7074317932
37.0340881348
38.6145706177
39.8692893982
39.4867782593
41.2607192993
38.9554100037
39.3375854492
36.321434021
39.3686485291
35.5936737061
34.1875495911
33.3681907654
31.8005886078
32.476600647
33.4036979675
31.9971523285
32.3245315552
31.2718811035
31.5544185638
31.6876392365
31.5944862366
31.5142688751
31.3472652435
31.788143158
32.1541137695
33.4359779358
34.0236625671
35.6124458313
36.6152610779
38.714641571
39.1740493774
40.9736442566
42.7426223755
40.7494773865
37.4708175659
35.1450042725
36.3311347961
33.7362556458
33.5239486694
37.6778640747
39.188167572
41.2449150085
42.6300125122
41.3103141785
41.4600219727
45.1316795349
45.3331336975
47.3658256531
48.3482398987
49.0033226013
45.2285079956
43.5801086426
41.2021522522
41.12733078
40.5049171448
41.0173912048
38.8693809509
37.1147384644
37.4264297485
37.1976890564
35.0037765503
34.5805015564
34.7140426636
33.6758117676
32.6426811218
34.0665245056
33.9360809326
31.9425582886
32.4939689636
34.1643257141
33.6042251587
32.3904838562
32.806640625
31.497133255
32.8107872009
35.1372489929
34.3788833618
37.9083099365
37.7959289551
39.159072876
40.9075431824
38.5449485779
42.3766021729
42.6271629333
38.106464386
40.5396614075
44.8894309998
42.5889358521
40.2063293457
42.9810714722
47.150478363
43.9803848267
45.9668235779
40.1852760315
39.3675880432
37.0574417114
38.189250946
38.1267623901
39.2943687439
36.5252914429
36.7280921936
35.2827224731
38.6964759827
37.346862793
37.034412384
37.8229866028
41.3980255127
39.2862014771
36.5488700867
38.9740142822
41.0803718567
37.8817100525
36.7982635498
39.5518112183
41.0851211548
37.9990234375
37.8465499878
41.9227142334
42.5937538147
45.4300689697
43.8567848206
45.3680915833
44.5184669495
40.906288147
40.0360336304
40.4121284485
37.1206245422
39.297542572
40.5509872437
37.4737319946
36.6562385559
38.5394744873
38.5677986145
36.1177024841
36.6286430359
39.3884086609
37.5359268188
36.4852371216
38.1709632874
38.6270866394
13.2677669525
13.7835226059
15.5808582306
18.0265083313
19.7512817383
21.4692077637
24.5296287537
23.1174430847
23.398317337
27.3750915527
28.5019989014
31.140996933
33.2286148071
32.8219833374
31.526052475
30.867401123
30.384103775
27.205373764
25.5767307281
22.8325271606
26.0865631104
27.7098846436
27.4526023865
28.366312027
29.7784023285
27.0643901825
27.6452655792
21.444026947
23.3411750793
25.9895973206
27.5995521545
24.2049541473
23.8774242401
23.7263469696
22.6966915131
24.4591312408
24.9711456299
28.5352096558
28.060968399
29.233335495
27.8568077087
25.2164134979
26.0043201447
24.8077144623
26.1021194458
24.5263977051
19.9785747528
19.8100643158
20.0484809875
16.9937763214
15.9352531433
17.827709198
18.1178436279
14.474817276
14.4503002167
16.4445209503
16.4991569519
13.2329444885
15.2587938309
16.8687210083
16.3819484711
21.3963356018
23.3903331757
24.8917636871
21.3797683716
21.9374485016
19.4918479919
16.1444778442
18.3631725311
16.3967666626
14.5729455948
18.0808048248
18.8607463837
21.8692893982
24.3052635193
24.3469524384
20.5644855499
19.5715141296
18.7710933685
19.5481052399
21.1125793457
22.8544902802
27.783657074
27.829668045
31.377664566
32.5647468567
33.2483406067
32.5589027405
34.128326416
36.3532829285
36.9072036743
37.2477302551
39.1550483704
40.1561889648
40.5808410645
41.3436317444
44.2883148193
41.4114723206
45.7131919861
39.9626922607
43.2931022644
42.6714401245
40.3121414185
37.7362670898
38.7342224121
37.7533378601
34.1731987
33.4780044556
33.2209243774
31.7106494904
29.5823020935
29.0334949493
28.8113765717
26.8715629578
24.528093338
25.6875076294
25.3525009155
20.3552818298
21.603849411
24.5332584381
21.9540596008
18.4448719025
21.0889377594
20.4617729187
24.0866146088
24.3072776794
25.9123516083
27.8045539856
28.7773361206
30.7903175354
32.7999916077
31.665435791
27.498418808
29.3716278076
27.8142566681
31.5439815521
28.7693977356
32.0913314819
34.6651916504
33.1071205139
29.0183467865
28.0829486847
25.2340602875
24.486743927
23.7332859039
23.6519775391
20.5721645355
21.8879756927
24.3632335663
21.2793769836
20.3202381134
31.6853408813
32.0400238037
33.4049491882
37.0879325867
38.1900978088
34.5225257874
35.0467376709
35.9406471252
38.8331642151
36.2320785522
34.5052604675
38.2123298645
40.1934165955
36.4028625488
37.0335464478
35.014831543
32.7840843201
30.256937027
32.3322525024
29.3620681763
29.3760623932
27.2283000946
32.1685638428
31.11211586
28.4739303589
32.1588516235
36.0512695312
32.8002586365
32.5142860413
36.0923995972
36.8561515808
34.6224479675
37.0452690125
41.6524848938
37.9353141785
38.0222015381
41.8047180176
43.6398925781
42.7541160583
44.2572898865
41.1974029541
41.8457756042
43.9330444336
47.300567627
50.4096679688
48.5392570496
49.4112586975
47.9934120178
41.8043060303
45.6601333618
48.1868057251
44.0276412964
42.0411224365
46.7572669983
47.2848701477
42.6668586731
42.7373924255
47.2114257812
46.1919250488
49.451675415
46.2978096008
45.4314460754
43.8150558472
48.1412239075
45.7715187073
49.9117927551
48.0559463501
46.5116386414
46.0741615295
49.9822845459
47.5018043518
45.4305992126
44.5728569031
48.1631965637
43.071144104
40.6141204834
45.2763366699
44.429561615
38.7436676025
40.3694534302
41.9068756104
40.4088821411
36.9301719666
39.2879676819
41.4348602295
42.6869049072
41.8113594055
35.4722671509
37.3065795898
40.5614585876
36.0769309998
34.9632034302
31.3526477814
29.3787727356
29.9475250244
34.852142334
33.0683479309
31.1409759521
34.5455131531
37.0936546326
35.5363883972
34.1349067688
39.4946022034
40.2176742554
39.3847160339
39.9718513489
44.1251792908
19.7117710114
15.7618703842
21.7275924683
19.0018730164
22.0389671326
25.400888443
24.6250457764
21.4536724091
20.1829376221
21.2378292084
22.1184883118
22.3840084076
22.4547653198
24.7482242584
20.5964813232
22.6132011414
23.6671733856
21.651184082
22.9199314117
23.3217391968
23.3965091705
23.1780033112
19.4353981018
21.3970966339
17.6158504486
16.8355484009
17.6930980682
15.6663227081
15.1927719116
13.96251297
13.2996053696
13.153216362
13.4042434692
17.0649013519
18.9801216125
22.5832996368
26.3346557617
27.9128799438
30.6433677673
33.0657310486
33.8613357544
31.8046321869
33.027973175
33.6892700195
32.9393005371
29.6669082642
28.5780200958
28.1703262329
25.1285705566
22.7348594666
25.4402179718
23.5968227386
18.9814872742
18.6972026825
19.5040740967
17.7274551392
14.3930311203
17.1105518341
16.9871311188
11.6168880463
10.1532278061
8.63753604889
5.50765323639
8.76487541199
8.85265159607
8.71190261841
6.5510392189
12.1263151169
10.6967954636
14.7251625061
19.6005477905
21.7099533081
25.3410243988
28.41040802
27.368680954
26.4458446503
24.663143158
20.2345046997
17.0624237061
13.9793252945
10.8098535538
6.81698608398
12.347823143
10.1434650421
12.2605628967
14.1378650665
15.8787260056
16.8955020905
18.045545578
22.79662323
21.1343402863
19.4431667328
22.9784622192
25.4762229919
25.3638324738
24.0675811768
27.2345867157
22.8530769348
26.9380016327
20.8834495544
23.7446174622
24.8178291321
21.5853347778
18.1020812988
21.0466117859
20.8655586243
15.875169754
15.9159078598
17.7960357666
15.6299581528
12.3478374481
14.9989557266
16.5216827393
13.9798088074
13.2857713699
16.7789649963
17.589717865
13.5201826096
16.1088199615
20.4416255951
19.7810630798
17.9454345703
22.2290477753
19.0976696014
22.3899250031
18.8422203064
24.3196392059
21.577627182
19.5168037415
20.9681777954
19.6324195862
19.8439407349
16.944152832
14.7784023285
12.6902647018
12.3262376785
7.82475948334
10.8729448318
13.9631633759
11.770731926
8.28872489929
10.0177640915
7.40612459183
12.1672773361
13.8868408203
17.3053913116
16.0333557129
20.9025306702
23.0480213165
21.0729541779
23.1561450958
29.7015209198
27.6982383728
26.4875850677
30.6255130768
29.1605796814
25.1358776093
29.5555114746
30.8268280029
34.2208900452
33.4794158936
31.8495292664
34.6676979065
38.0887145996
36.3926391602
37.5364646912
37.4379768372
36.8782424927
32.4477767944
32.250667572
28.5006961823
27.4753665924
24.7885875702
28.3419132233
26.6300582886
22.6967105865
24.6790790558
28.3704662323
23.7879371643
21.1916046143
25.1394023895
25.919927597
21.7199420929
23.7426891327
28.7229690552
24.121843338
22.2534408569
26.3770465851
28.6663856506
27.0999660492
29.9651317596
28.6695804596
30.5126171112
33.9227790833
35.1719512939
39.0509719849
38.7054214478
39.8880462646
40.5180130005
35.3819160461
40.2604980469
41.6227340698
36.4912185669
36.8539543152
42.095161438
40.6509284973
36.3037185669
38.3431167603
43.4035682678
40.201587677
43.49451828
38.1329193115
36.2659111023
33.4239692688
36.0522766113
33.4393463135
36.4380187988
34.0234680176
31.6747722626
29.1425056458
33.4310722351
30.1669445038
29.6655521393
29.2144069672
34.0789337158
29.8695220947
26.6548423767
32.203956604
32.748008728
27.3463630676
28.4705505371
31.82081604
31.7546157837
27.8356533051
30.2480487823
34.1880645752
36.5151252747
37.6611022949
33.1285057068
34.6044654846
35.4026069641
30.4033279419
27.8885803223
25.839597702
20.8687953949
22.7627620697
26.7916107178
23.0868816376
19.7205963135
23.6379508972
25.4152355194
21.8803043365
20.6031417847
26.4221668243
25.7419586182
23.5464344025
25.3575515747
27.9568099976
37.0593338013
35.4976158142
38.2531280518
36.2686691284
37.3131904602
39.4497566223
38.3505859375
36.1704292297
36.1580238342
36.0211677551
37.2816123962
37.2367210388
37.6810760498
39.4786338806
37.092502594
38.4620361328
39.0293083191
37.7922172546
38.6839866638
39.3800811768
39.1703071594
39.1682395935
36.7681884766
37.7949867249
35.0473899841
34.5807113647
34.1534500122
33.8240432739
32.6402206421
32.4361801147
32.6685523987
33.2604293823
33.8354568481
35.626701355
36.8249053955
38.7171096802
41.2799491882
42.3486251831
44.3111000061
45.8504295349
46.6433486938
45.2970924377
46.1546401978
46.815071106
45.8955078125
43.6833305359
43.1748657227
42.6220436096
40.4957351685
39.3006134033
40.9962921143
39.1974029541
36.807636261
36.9512214661
37.1592140198
35.8715171814
34.5797920227
36.003238678
35.581401825
33.2653617859
33.079410553
31.6049594879
31.1829586029
31.1105155945
31.7399711609
32.1596450806
31.9894294739
33.8182487488
33.025352478
34.8258781433
37.4177055359
38.1706466675
40.6237220764
41.8986206055
41.4949951172
41.2239761353
40.4585418701
37.4985466003
35.9507293701
34.3097572327
33.0273857117
32.0018615723
33.2592201233
32.5764045715
32.6629295349
33.7670631409
34.366191864
34.4717025757
34.1232872009
37.0162277222
36.8223190308
35.5515556335
36.5012893677
38.1239852905
39.0510635376
38.3397521973
39.9009628296
37.0681381226
38.9294128418
35.5059700012
36.7431907654
35.9648895264
34.8873634338
33.8203620911
34.1554527283
33.2499465942
32.2079925537
32.2622642517
31.7464294434
31.6363296509
31.2565612793
31.4905357361
31.1262149811
31.224155426
31.5630722046
32.163105011
32.0422058105
32.6736030579
33.1031684875
33.6337203979
34.283657074
34.6753845215
36.141456604
34.8735198975
35.6009941101
34.5893211365
37.4737701416
36.1106529236
33.816860199
35.4400291443
34.6930770874
35.5077667236
34.3312110901
32.8509101868
33.0038642883
32.4627876282
31.6838264465
32.6994819641
33.6458129883
32.6824874878
31.369096756
31.2974052429
31.5131225586
32.1922569275
33.3944702148
35.206287384
34.5538864136
37.3815040588
37.9633560181
36.6512069702
37.3665657043
38.1151657104
41.6292495728
40.0674667358
38.5303497314
40.6512107849
39.1509895325
36.6495018005
39.122467041
38.5814857483
40.6071662903
40.4352340698
40.4613838196
42.7215042114
44.4804496765
44.6281051636
44.7030143738
45.5257415771
46.260723114
41.825088501
40.9720726013
39.0920639038
36.8987121582
35.1694450378
35.5189971924
35.9302749634
34.1152496338
33.175945282
36.0136756897
34.2670936584
32.3306655884
33.869392395
35.5401535034
33.7061233521
33.3115463257
37.1843223572
35.7948760986
34.491859436
35.7274513245
37.9083633423
37.8676681519
39.6453895569
39.0057296753
39.2290039062
41.4048957825
43.4048728943
46.0232543945
45.9410324097
47.8033905029
48.0731239319
44.7605857849
47.7515869141
48.3238639832
44.0595779419
44.6675300598
48.1710319519
46.2933883667
42.6507568359
44.4098243713
48.313709259
44.5979270935
47.8856239319
43.5769577026
41.1989555359
39.2579574585
41.4648399353
38.5465888977
41.6570930481
40.9194374084
38.7812156677
38.3618431091
40.688785553
38.5505638123
37.0582313538
36.0741043091
38.299331665
34.7316055298
33.6875572205
36.7139167786
35.3466415405
32.2876281738
34.1869125366
34.9104995728
33.5261383057
33.2270088196
35.7341003418
37.0109329224
40.4316101074
40.8526954651
38.9343528748
38.5448188782
37.6096191406
35.289981842
32.2997550964
33.0562324524
31.7369403839
32.3020172119
31.9396190643
31.1519317627
31.4339675903
32.1513175964
31.9962463379
31.8724880219
32.3962745667
34.3242835999
33.8305244446
34.0671920776
35.3954353333
35.9946060181
30.0471630096
28.0976276398
30.3017883301
28.091129303
29.6247615814
31.0258255005
29.27526474
28.2092342377
26.3931026459
25.4355945587
25.7155818939
26.087310791
28.3766059875
30.3327045441
29.033290863
30.4705734253
31.8014602661
30.9120769501
32.1414146423
31.4838848114
31.1586303711
30.2097415924
28.2323112488
27.7645549774
26.1171970367
25.0813179016
25.5047836304
26.1287174225
26.6274375916
25.4823951721
25.614107132
25.0643062592
25.5550041199
26.2558879852
28.4927139282
28.9003276825
32.28175354
32.519947052
35.0887145996
36.3166275024
37.7530174255
36.7263374329
38.4434089661
39.3303756714
39.1551361084
36.0083427429
35.3113174438
35.6955490112
33.51720047
31.2655143738
33.5760612488
32.8029785156
29.9825706482
29.4992389679
30.2779846191
29.6811180115
27.7410964966
28.8022403717
28.9056625366
26.696346283
26.0552310944
25.5903396606
25.3188285828
26.1365890503
26.1591262817
25.8945236206
25.1958179474
26.450750351
25.6269721985
26.7863349915
29.1605358124
29.2073421478
31.5736560822
33.1383132935
31.3256225586
31.2372951508
31.3642940521
28.3501644135
27.5885696411
25.8538646698
25.4394416809
25.2352142334
26.0388507843
26.387014389
26.8357753754
28.4475021362
29.556098938
30.1017208099
31.37748909
33.96717453
32.6361732483
32.3381576538
34.8058891296
36.2070236206
35.6590423584
35.174861908
37.9336471558
34.9689559937
38.0497283936
33.6464042664
35.6583595276
36.01927948
33.5704994202
31.6709632874
33.378326416
32.6318969727
29.6012439728
30.029045105
30.5711307526
28.6903991699
27.7982006073
29.1051216125
29.2720222473
27.1517658234
27.5809593201
29.4507637024
28.7250843048
27.1205978394
28.8197517395
31.0687255859
29.7377815247
29.2837924957
32.1276550293
30.5575733185
32.7499198914
30.8893642426
34.2704238892
32.7153053284
31.6455955505
32.5115585327
32.0615272522
31.6502418518
29.9348335266
29.2697219849
27.7311038971
28.3851604462
26.4811916351
28.0172672272
29.7763595581
28.6988162994
26.8798675537
27.2505187988
26.3879241943
27.7428512573
28.2056694031
29.4388561249
28.9418468475
31.4996738434
33.327003479
31.8883934021
33.1265144348
33.4878005981
37.8611335754
36.6987228394
35.9865722656
39.3575630188
38.5756607056
35.6573257446
38.5800971985
39.4688301086
42.1763267517
41.3785514832
39.9979476929
42.5868415833
45.3436164856
43.5974693298
44.4777259827
44.3342323303
43.5064926147
40.0337104797
40.2150230408
37.4238700867
36.4536018372
34.0813865662
36.8884773254
36.1162223816
33.31432724
34.5482215881
37.7010688782
34.4525947571
32.6417999268
35.5959320068
36.3571052551
33.5503883362
34.6516189575
38.70495224
35.4531402588
34.2814407349
37.0190505981
38.9074821472
37.7840118408
39.9343910217
38.4947853088
39.8406982422
42.4669876099
43.5913734436
46.8139686584
46.2488212585
46.9446258545
47.2974815369
42.9429893494
46.8814201355
48.5183830261
44.225315094
44.3583717346
48.9255714417
47.7649536133
44.1590232849
45.885383606
50.0306510925
47.3690032959
50.3008422852
45.7384109497
44.1840782166
42.0606307983
44.3586463928
41.994342804
44.7605552673
42.8988304138
41.0663108826
39.3812904358
42.5476875305
39.6414527893
39.1828918457
38.2374153137
41.6048088074
38.0977058411
36.2885513306
40.6821556091
40.3045883179
36.3277664185
37.7742004395
40.023639679
39.4796218872
36.9572601318
39.1759910583
41.9111022949
44.0941925049
44.7896156311
40.763458252
41.4772224426
42.4357147217
38.5743675232
36.2525215149
34.2448768616
31.2822132111
31.1612663269
34.2668914795
32.5670089722
29.7794399261
31.6288051605
33.623752594
31.9508304596
29.879486084
33.687789917
34.6088066101
33.0159873962
33.0209083557
35.627571106
38.487903595
34.8831214905
39.4539451599
35.7671432495
38.2015647888
40.8632202148
38.4992218018
35.7688751221
33.871219635
32.3993606567
32.4380073547
30.6137771606
28.5786533356
32.117389679
27.6449108124
30.84258461
32.5841522217
32.528842926
35.1421089172
37.1897277832
35.3172645569
34.1139297485
29.8276557922
31.6545696259
25.8475570679
27.6826725006
28.1989536285
30.8177394867
29.1236114502
25.7690525055
23.3701400757
26.271900177
26.6582984924
30.2424736023
32.6460762024
35.5154571533
39.5392227173
39.5953369141
43.3554344177
45.9505729675
47.7293586731
46.3410263062
47.5523147583
49.1289787292
47.5029525757
43.9071464539
44.6790847778
44.4842224121
40.7242507935
39.2205467224
42.7413406372
40.2366714478
35.2023658752
36.565990448
37.6930656433
35.2881278992
32.2844810486
36.2239837646
35.6014175415
30.343082428
29.6180057526
25.3966255188
21.8952846527
22.2606048584
25.4388160706
24.6883449554
25.619468689
30.7817554474
28.6357116699
32.5648117065
37.3691291809
37.9482078552
41.5173339844
43.8349761963
41.592124939
40.1959686279
39.8689613342
35.6289176941
33.005153656
30.2275409698
26.7019386292
23.0825176239
22.2973518372
20.0320949554
17.6760864258
17.8591098785
18.9580020905
21.111333847
20.2993469238
25.0121822357
21.6971950531
17.8615989685
20.964597702
24.3877372742
23.8465766907
20.1113185883
21.5773601532
16.5530967712
17.4896831512
14.566570282
14.2275066376
18.5430984497
16.2290229797
13.7373209
17.6647090912
19.7150840759
17.3934764862
18.1378479004
21.648065567
21.1255512238
19.6976413727
23.2421741486
25.4111442566
24.817609787
26.2815475464
28.7526226044
30.0095424652
29.7841644287
31.1949539185
33.7507209778
34.8173904419
34.8403434753
37.8746833801
34.7743492126
36.1283416748
31.7831935883
37.0390205383
32.0959663391
28.8454494476
28.6294689178
24.5407657623
26.2443370819
26.8613910675
22.4034461975
22.0771808624
16.5644493103
16.8664131165
14.653087616
13.6158857346
13.5291204453
16.561126709
19.2592144012
20.9343414307
25.0464744568
27.0512866974
30.361656189
31.3993110657
35.2929267883
36.2690124512
36.0458908081
38.4711227417
40.2621383667
39.9932670593
36.669303894
33.8213195801
36.7284698486
33.3139915466
30.7715263367
37.0653839111
38.3382377625
41.0795211792
42.2125930786
41.0893363953
42.217880249
46.0136489868
46.3117599487
47.8114891052
49.0215492249
49.6576194763
45.0315666199
43.3086128235
40.1311302185
38.9573516846
37.0718154907
38.1004333496
36.3814086914
32.8485145569
34.5359535217
30.7454128265
27.419588089
29.2407035828
29.533996582
25.415927887
25.780878067
28.5222492218
24.9105091095
21.3836593628
23.5583744049
25.3617267609
23.3983078003
27.1905708313
28.9232807159
31.536687851
35.2929916382
33.6325263977
37.4279174805
38.9307060242
40.1925621033
42.8246002197
39.9984169006
44.61460495
44.6119041443
39.7649765015
42.2526245117
46.812122345
43.8481712341
40.8623771667
44.139793396
48.6787872314
44.2153778076
46.7879371643
40.4151992798
38.0420646667
34.6320648193
34.3910522461
32.3861808777
32.8803901672
30.3035621643
27.5662097931
22.336889267
26.167142868
22.8330001831
25.0271663666
25.7432365417
31.0445079803
29.3860015869
26.3940391541
30.7714099884
33.1138305664
30.1825885773
29.9336853027
34.225692749
35.8855247498
32.9226951599
34.2360458374
38.7671470642
41.3581352234
44.1197891235
42.4032325745
43.2942047119
41.7040672302
37.8170127869
35.0285682678
35.3977890015
30.4128913879
32.5080947876
33.7527580261
29.8430538177
27.3086032867
29.3211574554
29.1700839996
25.1939964294
25.2798900604
28.2274703979
25.5526485443
22.7318401337
25.4123973846
24.6397628784
46.1695861816
44.6318702698
47.3975372314
45.6003036499
46.8528251648
48.7463798523
47.9028701782
45.9150543213
45.3902816772
45.2505302429
45.7134094238
45.3037872314
44.8080062866
45.959728241
43.6577072144
44.6534233093
44.7996406555
44.0520172119
44.9037513733
46.4467735291
45.765335083
45.9801368713
43.8177185059
45.307800293
43.0443572998
43.2821884155
43.4297599792
43.3513450623
42.3258285522
41.7908401489
41.3863258362
42.0000610352
42.0958900452
43.8356628418
44.3709220886
46.4489517212
48.4065895081
49.3990859985
51.239566803
53.120929718
53.8158493042
52.4767951965
52.8255271912
53.7353439331
52.2226142883
50.3496627808
50.7040710449
49.9974250793
47.7460861206
47.3207015991
49.0546951294
46.9653129578
44.6243629456
45.4663505554
45.7685089111
44.3203659058
43.1722640991
45.0352401733
44.6645355225
42.2891464233
42.2037467957
40.6933784485
39.8712654114
39.8019485474
40.4198875427
40.4571418762
40.8042106628
42.7124633789
42.0939941406
43.8424072266
46.3166847229
46.9729576111
49.2249755859
50.5506668091
50.1175460815
49.2171897888
48.411907196
45.866607666
44.2451324463
43.1196594238
41.5589599609
40.4858665466
41.199798584
40.2832984924
40.3517303467
40.6136550903
40.656124115
40.4512405396
39.8250846863
41.2212524414
41.8317909241
40.8477249146
40.7323036194
41.4821090698
42.9018363953
42.6732559204
43.2729034424
41.6508598328
42.7416534424
40.9395942688
42.0723342896
41.6230773926
41.4104232788
40.360710144
40.2449455261
40.6046676636
39.9844703674
39.5237121582
39.7181968689
40.3340950012
39.5580253601
39.6032104492
40.135307312
40.5833358765
40.5711860657
40.8919677734
41.8506317139
42.0275230408
42.0283927917
42.6922836304
43.9790649414
43.9199676514
44.9934577942
43.4354438782
43.3712730408
41.8432922363
43.934677124
41.8993530273
40.3035964966
40.752281189
40.0131912231
40.8342857361
40.7798728943
39.6454849243
40.1475219727
39.4707107544
39.453502655
39.9863853455
40.2322998047
39.8129196167
39.1391830444
39.164894104
39.506893158
40.1107940674
40.8270454407
42.2219734192
42.416721344
44.3904533386
44.2861366272
44.0506820679
45.0436134338
46.4023857117
46.072429657
43.9579696655
42.1730308533
42.6733055115
41.153011322
40.4426994324
42.2244110107
41.8745727539
42.6284370422
44.2236480713
44.197013855
44.5532608032
46.2474594116
47.704284668
48.6623268127
50.0158462524
51.310295105
47.5546836853
45.940864563
44.6967124939
43.8839454651
43.634311676
43.1985931396
42.1058387756
41.2922019958
40.8579025269
40.3120002747
39.9396896362
39.7440109253
39.3520469666
39.4281463623
39.2372322083
39.5350914001
39.9195976257
39.8472671509
39.8212203979
40.4482574463
40.7841835022
40.9341659546
41.4556503296
40.9726371765
40.3536567688
41.025932312
43.2889099121
44.6177253723
44.5274505615
47.0418205261
47.1640586853
45.570274353
47.2365036011
46.7019882202
43.4035377502
44.7387886047
46.8187866211
44.0904159546
42.1015815735
44.0996932983
47.0679321289
42.8076477051
45.1594581604
41.1561279297
39.5246696472
39.4437484741
41.150604248
40.8581542969
42.7075805664
42.0671081543
41.936164856
42.1211700439
44.3413352966
43.4110336304
42.2954139709
42.5850105286
44.6780853271
42.8767776489
40.9986114502
41.9608573914
43.3530235291
40.1363830566
40.9002571106
42.3261642456
40.5511283875
39.9310684204
42.0305519104
41.6816558838
44.7304840088
44.868434906
45.7507896423
44.4297943115
42.3621902466
42.2460365295
43.1923446655
41.3393478394
43.0478439331
43.4707069397
41.3645820618
41.560218811
42.827381134
42.5292663574
41.2146987915
42.0451507568
44.0177116394
42.5078773499
42.3442306519
43.9296760559
43.9361305237
