27.7697658539
21.7554740906
40.0787963867
14.4429302216
39.4274330139
26.9138870239
36.1749801636
37.193611145
33.1074409485
46.6420822144
48.9701004028
48.8623809814
47.8834838867
45.5012054443
46.7671585083
45.2656402588
43.0714111328
41.167098999
36.4932441711
36.783416748
32.3807411194
34.2496757507
37.8344726562
40.1074485779
41.4360580444
43.5099067688
42.3634033203
29.6189785004
53.8926200867
27.3297176361
54.5633468628
39.7008323669
51.6260986328
52.1637496948
47.6296577454
56.5897712708
58.5251960754
57.8743438721
57.1458854675
54.7248191833
55.0980224609
53.7961502075
52.3928642273
49.763130188
40.1268119812
42.3187446594
38.9706611633
39.2087249756
42.3947372437
43.1954345703
44.8912734985
45.6513404846
22.1354637146
33.5280609131
15.3973064423
39.7061042786
20.2618923187
23.5871448517
30.7974014282
19.4160003662
24.9740104675
18.8700561523
21.0943107605
23.6816482544
25.4518146515
26.2977142334
28.9963054657
30.9395961761
31.2159957886
30.7157993317
54.8467407227
54.4304161072
50.1277198792
49.40026474
51.2089729309
52.6517791748
50.9317016602
53.5870704651
12.1806936264
24.0690803528
12.8811264038
29.6336708069
16.1499862671
12.9059696198
25.7446861267
13.6083145142
16.6944656372
20.4886760712
23.2911529541
25.1997718811
26.2726020813
26.0973567963
28.8934326172
30.1836776733
29.7668247223
28.833486557
49.9347038269
49.5557861328
44.9460220337
44.7098197937
46.9724273682
48.6655807495
47.3955497742
50.0846939087
19.0741672516
10.6492376328
31.3323574066
8.86345291138
30.3981189728
14.6067667007
31.6092739105
27.3478870392
21.7087497711
39.8377685547
42.4886131287
43.0707435608
42.7410583496
40.9132881165
42.8231735229
42.1801872253
40.3751907349
38.6066131592
43.8109169006
43.948928833
39.0723571777
40.0964622498
43.4652404785
45.5486450195
45.9169921875
48.2615470886
12.3923397064
14.480181694
22.5558109283
19.7204399109
24.5549316406
11.7963638306
26.1375160217
22.1962738037
21.3122520447
27.5163803101
30.0109481812
30.462594986
30.3758239746
28.7223358154
30.5147132874
30.3489456177
29.1148071289
27.1528606415
39.3993110657
39.5587768555
34.6917266846
34.6410255432
37.5044212341
39.2657928467
38.7548713684
41.2702331543
36.7585258484
43.6854896545
34.8893699646
50.8199424744
41.4499359131
41.135597229
39.2980155945
42.0580787659
47.790348053
21.6502857208
20.2235488892
17.7309989929
18.3333721161
18.1978340149
15.4060029984
17.3135509491
20.498052597
18.5604476929
41.3350334167
42.139995575
39.6611480713
36.4664916992
36.3864822388
35.8284111023
32.9544754028
34.3614234924
36.7585258484
43.6854896545
34.8893699646
50.8199424744
41.4499359131
41.135597229
39.2980155945
42.0580787659
47.790348053
21.6502857208
20.2235488892
17.7309989929
18.3333721161
18.1978340149
15.4060029984
17.3135509491
20.498052597
18.5604476929
41.3350334167
42.139995575
39.6611480713
36.4664916992
36.3864822388
35.8284111023
32.9544754028
34.3614234924
34.3222846985
35.3789520264
35.5839424133
44.064666748
41.721496582
35.5795249939
41.5736503601
41.0246772766
44.163356781
25.6191139221
25.4824333191
24.0649585724
25.0805263519
24.378698349
22.8530769348
24.1200428009
26.0039081573
23.1564083099
39.3975105286
40.5738220215
37.6539230347
34.7766036987
35.5587844849
35.2142219543
33.2142906189
34.480796814
10.8322467804
27.9932003021
17.8427734375
28.0733146667
19.9206199646
20.6093597412
15.1931152344
20.1238956451
24.581943512
23.2921123505
25.6656074524
25.9575023651
24.4486064911
22.5205173492
25.2740650177
24.17162323
21.5863246918
21.6288890839
37.5170021057
35.8576049805
31.6279411316
32.7761306763
34.9104003906
37.6580200195
36.8659057617
40.172328949
16.3207798004
14.7175130844
25.7527332306
20.4676113129
28.2870807648
15.4239358902
29.4517002106
26.0012569427
25.0465869904
28.7093753815
30.9315471649
31.0746803284
31.0268058777
29.2777671814
30.5462760925
30.3148403168
29.3363132477
26.9318904877
37.3652610779
38.0424613953
33.1901626587
32.6334877014
35.5506782532
36.9950485229
36.5320129395
38.8268623352
36.4665336609
24.4355201721
43.4315185547
34.741153717
46.9689712524
32.2342910767
48.1966781616
44.5286636353
42.4493980408
41.0542411804
42.1711845398
41.5803222656
42.2657051086
40.9009590149
40.4089126587
40.6872062683
41.1144256592
37.9491729736
43.4575157166
45.8421478271
42.0299606323
39.7242622375
41.9450340271
41.5666007996
41.0509681702
41.7181282043
40.9125404358
27.1173324585
46.9148712158
39.3685951233
51.3098182678
35.3587837219
54.7505264282
48.54296875
46.2919464111
42.3194732666
43.0680770874
42.4001274109
43.7936668396
42.8478660583
41.7493209839
42.7451629639
44.1739768982
40.4537200928
47.664226532
51.0949287415
47.3624687195
43.7882003784
45.783416748
44.4120178223
43.5162773132
43.5164718628
35.9877967834
25.1381244659
41.9343681335
36.6366882324
46.6777992249
32.1532211304
48.7541618347
44.3207359314
43.2061462402
36.6210746765
37.3528404236
36.4309272766
37.4996948242
36.3102302551
35.1433525085
35.9038238525
37.2084732056
33.440032959
41.5705833435
44.7368164062
40.9692840576
37.3833465576
39.3269615173
38.1495056152
37.0951080322
37.3950462341
11.3001451492
21.3518371582
17.0459194183
26.5548706055
21.3487892151
15.3725471497
23.1184692383
20.0258865356
22.949672699
19.2589149475
21.7824287415
22.2833251953
22.2491111755
20.787443161
22.9021968842
23.1428890228
22.2111282349
20.5102920532
39.0909690857
38.9201126099
34.3001174927
33.8221321106
36.1436576843
37.8435592651
36.6960487366
39.4338150024
18.5592308044
35.4601554871
9.15519428253
40.0659408569
16.7947616577
25.0407581329
22.4428443909
18.0476436615
26.7390022278
8.58484745026
11.6536149979
14.2903003693
15.1460571289
15.9435777664
19.7047157288
21.4891357422
21.3710041046
21.9424552917
49.2991371155
48.1567802429
44.2394638062
43.8852310181
45.2612342834
47.0448875427
45.1242332458
48.1012954712
28.9246063232
42.9699821472
23.0754184723
48.125617981
30.3416042328
36.1945953369
28.4622554779
32.1209716797
40.3599777222
7.8912115097
6.47540807724
4.15239810944
3.84071087837
6.19616603851
8.94442749023
10.8994503021
12.0537662506
42.8257522583
41.876537323
39.0174751282
37.5406341553
37.7623138428
38.8529243469
36.2073631287
38.9278717041
20.6036262512
35.1393203735
20.8024616241
37.6867675781
26.1838912964
29.4802703857
19.5343742371
27.5603141785
34.3187789917
15.7747945786
17.0442028046
15.8584508896
13.3194828033
10.4289016724
12.6495265961
10.9291181564
8.22611713409
8.43719959259
33.1641426086
31.709066391
28.1869487762
27.8838672638
28.9553070068
31.1067428589
29.3262023926
32.6585845947
22.0323162079
38.8293800354
16.3429527283
42.4236755371
23.0828723907
30.6437397003
20.7411327362
25.1183643341
33.7181510925
8.34582996368
9.84933280945
10.0028915405
8.20875835419
7.49593067169
11.7168703079
12.3882017136
11.6672563553
13.2136154175
41.9307975769
40.4291229248
37.0807800293
36.6343269348
37.4518318176
39.3169517517
37.1933708191
40.3363494873
24.5861968994
40.7817878723
14.263715744
45.9969100952
21.7334098816
30.8479347229
26.452999115
23.4729480743
32.4956321716
5.75907373428
7.73701334
11.0684862137
12.5965452194
14.5985269547
18.1038017273
20.5896873474
21.2780284882
22.2936439514
51.7452583313
50.6082077026
47.0467338562
46.3148612976
47.2606010437
48.7731170654
46.512714386
49.3719825745
58.997882843
44.554069519
70.5387802124
45.5452957153
72.5339508057
56.8090324402
67.1853866577
70.3878936768
66.7459487915
69.1902008057
70.2168121338
68.4615325928
67.4941635132
64.7342910767
63.3601074219
61.519329071
60.728515625
57.3753929138
36.8340530396
41.3810577393
40.0623512268
38.2082481384
40.304473877
38.9589653015
41.3005561829
39.9603691101
31.1552791595
15.8382177353
43.1625823975
19.1902294159
44.5878601074
27.5518741608
42.9731559753
41.8919181824
37.69739151
45.3840560913
47.2268180847
46.5646438599
46.1261062622
43.7754859924
43.9090003967
42.8559417725
41.7813110352
38.6745185852
34.2064247131
36.6306838989
32.2934684753
31.4630794525
34.8946151733
35.5265846252
36.4684410095
37.5526618958
30.0523262024
33.3283805847
39.8086624146
29.948677063
41.3346176147
35.6825866699
30.4111480713
41.1762123108
42.2655448914
40.7471847534
42.1918067932
40.7062492371
38.3090324402
35.0684127808
35.31483078
32.2969818115
29.3965682983
27.86328125
16.4561214447
15.2746543884
10.6578445435
13.9737901688
17.2752952576
20.7796154022
22.2946166992
25.1746616364
47.7000808716
42.4267463684
55.4180221558
46.0817184448
59.6535644531
49.6670761108
52.3469848633
58.8856239319
59.6546974182
48.74426651
48.8674888611
46.2663917542
44.8653411865
42.098815918
39.6733322144
37.5741615295
37.4369316101
34.1216773987
17.8418521881
23.1057186127
22.3819198608
17.3333377838
17.7610340118
14.503279686
15.4594106674
13.4240350723
48.0150947571
44.9390029907
56.6230659485
45.3265647888
59.8762207031
51.4165725708
50.0587921143
59.4683647156
60.3059501648
52.0509567261
52.4616699219
49.9468841553
47.8662796021
44.7335853577
42.8849601746
40.0091590881
38.7711334229
36.1790771484
9.75799560547
15.0696697235
15.580540657
12.3768749237
13.0007638931
11.4922571182
14.5577802658
13.7257909775
47.8823318481
48.2279510498
57.5810165405
43.5343132019
58.8375015259
52.8943405151
46.24559021
58.8452072144
59.3999404907
57.3359527588
58.341468811
56.3407325745
53.6328544617
50.2865715027
49.7006034851
46.2434272766
43.549118042
42.1679878235
14.8368549347
14.1691961288
15.1925468445
18.5588474274
19.9960784912
22.4962310791
25.7097072601
26.9286880493
36.5884971619
31.1795768738
43.9571762085
37.1848716736
48.4919166565
37.5807952881
43.9936294556
47.3291244507
47.9682044983
37.8043937683
38.2747039795
36.1615486145
35.3852500916
32.8931312561
31.0045566559
29.714466095
29.9103469849
26.1013965607
23.3907299042
27.0973358154
24.0781955719
19.6629867554
21.3831634521
19.8843860626
19.3354701996
19.5237350464
22.3494548798
25.7022285461
30.7230873108
27.8171844482
34.1469841003
27.0195980072
27.6763343811
33.5519218445
35.3932380676
29.1588859558
30.6024055481
29.2288265228
27.6205043793
24.6739406586
24.8286647797
22.8307609558
20.9985122681
18.3227539062
23.1668128967
23.5734958649
18.9168338776
18.0935726166
20.8599834442
22.7435131073
22.3568286896
25.1440696716
50.0202522278
51.531375885
52.4450798035
57.3493537903
58.6194763184
54.1955223083
51.9086761475
58.9694480896
63.1167144775
39.9243125916
38.6917114258
35.3687667847
34.1150588989
32.1740684509
28.323059082
26.934179306
28.6405258179
25.9614048004
27.8972129822
30.6731319427
30.5493774414
25.2728652954
23.376663208
20.1662273407
17.2067737579
16.052772522
58.5552444458
60.7132987976
58.0441436768
68.5152893066
65.1585235596
62.1468925476
60.9047317505
65.6671524048
70.711517334
42.5529289246
40.4416122437
37.22889328
37.059753418
36.434803009
32.2106590271
32.461605072
35.5871887207
33.486164093
43.2951622009
45.719417572
45.4980812073
40.4197006226
38.5416183472
35.5571784973
32.4494743347
31.4067897797
57.446056366
56.1442451477
59.235206604
64.0502853394
65.8968276978
59.8210754395
61.5863761902
65.8104705811
69.3965377808
45.4378013611
43.8925094604
40.7825050354
40.5717010498
39.3812294006
35.3405799866
35.1638145447
37.7807312012
34.8702697754
38.8013153076
42.2607154846
41.9106712341
36.3674888611
34.8724594116
31.2560157776
28.7029685974
26.8496780396
37.2798423767
32.2181053162
43.458026886
39.5838279724
48.5540733337
37.9778709412
45.1586494446
47.4018783569
48.4505958557
35.8676261902
36.0924453735
33.9342384338
33.5364265442
31.3553619385
29.1687316895
28.4030265808
29.2495384216
25.3003921509
27.1713848114
30.7170009613
27.8046112061
23.1999950409
24.4807395935
22.6982002258
21.5096340179
21.5432052612
36.3170967102
33.8498573303
40.466796875
42.1297607422
46.3123588562
37.5170173645
43.9362792969
45.419254303
47.5645713806
30.8926677704
30.7813510895
28.5474681854
28.5296230316
26.7497825623
24.2796134949
24.1899471283
25.8060779572
21.8530426025
31.0282325745
33.9203109741
31.0122413635
26.5095348358
27.3454303741
25.733341217
23.7564582825
24.1545333862
34.5762405396
34.5968399048
37.9624824524
42.2907485962
44.0040016174
36.8674316406
41.1094360352
43.4436149597
46.3954048157
27.7765102386
27.5697364807
25.1797771454
24.9362697601
23.0759372711
20.5250759125
20.3497886658
22.0248012543
18.1136665344
30.3114814758
32.6597747803
29.7457923889
25.4810791016
26.1510105133
24.9176292419
22.6471920013
23.5379829407
44.975528717
47.2712516785
44.1580352783
56.1338310242
51.3756980896
47.5948295593
49.8868217468
51.4244728088
56.0794715881
29.1834392548
27.4678668976
24.7174606323
25.4796714783
25.169095993
21.4730987549
22.9259033203
26.4932289124
23.7546615601
41.5318183899
43.607585907
41.6880569458
37.134349823
36.5752944946
34.6654090881
31.5875473022
31.8288345337
44.975528717
47.2712516785
44.1580352783
56.1338310242
51.3756980896
47.5948295593
49.8868217468
51.4244728088
56.0794715881
29.1834392548
27.4678668976
24.7174606323
25.4796714783
25.169095993
21.4730987549
22.9259033203
26.4932289124
23.7546615601
41.5318183899
43.607585907
41.6880569458
37.134349823
36.5752944946
34.6654090881
31.5875473022
31.8288345337
51.2882461548
47.289894104
53.8490638733
56.6041030884
60.3277053833
51.8216896057
58.341632843
59.5570487976
61.9474334717
41.3789176941
40.3138694763
37.7341918945
38.2198867798
37.1641693115
33.6680374146
34.1249847412
36.7888908386
33.2747383118
39.8323249817
43.5456047058
41.9618492126
36.5658454895
36.2065238953
33.0628356934
30.8139419556
29.507900238
58.1008605957
51.8524436951
62.2277336121
60.308429718
68.2613220215
58.3471488953
64.9432601929
67.3492355347
68.9350814819
50.7029914856
49.7868461609
47.0713043213
47.1255531311
45.6553649902
42.1165122986
41.8889160156
44.0250930786
40.4658088684
39.166633606
43.6999931335
42.8604278564
37.2044830322
36.6230583191
32.7501792908
31.2218837738
28.8221302032
58.2679443359
50.4885749817
63.7280006409
58.214427948
69.2745742798
58.1923980713
65.3577651978
68.1709899902
69.0125656128
53.5467796326
52.9336090088
50.2729377747
50.0827941895
48.2898788452
44.9815864563
44.3557395935
45.9983177185
42.3364906311
36.5784873962
41.5294799805
40.7837028503
35.2335624695
34.9135093689
30.9631977081
30.0948085785
27.4032554626
