42.1806983948
49.9963912964
37.5699996948
29.2440395355
37.1303939819
30.5476016998
44.2786636353
46.4399337769
50.8790359497
43.9253349304
41.8170509338
14.6670608521
16.3354721069
19.1301898956
21.2235298157
21.5878868103
18.1821670532
18.8052368164
12.5782032013
15.5512838364
13.9871349335
11.8448839188
15.3107023239
17.5159416199
19.5603179932
19.4132709503
23.5686416626
25.0183830261
27.682970047
30.487701416
29.4764518738
32.1291809082
29.531288147
31.8575439453
30.6844577789
26.5446128845
26.5874214172
27.7104129791
24.8888034821
22.1839981079
24.8602981567
25.769323349
20.7747497559
19.6251850128
19.3543930054
20.5011482239
22.7662220001
19.9830684662
20.3775424957
20.5110397339
19.6867332458
19.1983642578
21.2872638702
19.06980896
16.983877182
21.9842395782
21.6740512848
17.1620044708
19.0847587585
24.0764732361
22.6542644501
20.4341068268
24.1555366516
26.4868869781
26.5280895233
25.5427188873
29.9217453003
26.6285362244
30.6713218689
25.5779094696
28.2670307159
24.836233139
24.7994365692
27.7397251129
31.3567237854
35.4037322998
35.701133728
36.341960907
38.9699745178
39.7679367065
37.4038009644
35.7504386902
32.6054344177
30.5836105347
25.1853637695
25.6407051086
24.2334651947
27.9267883301
26.2903671265
29.0244464874
29.3747215271
28.4348869324
31.9999752045
29.3064517975
25.5392303467
32.1621284485
30.4884090424
26.8332290649
31.7203960419
32.866897583
38.0689468384
38.2874145508
35.9115905762
36.2009468079
39.5425758362
40.4597244263
41.5871391296
42.9649276733
41.5057029724
37.6832351685
36.017375946
31.9962806702
28.9388427734
29.5428447723
24.7887020111
30.1036090851
28.9315280914
29.1334228516
28.5998878479
27.6272182465
32.6818122864
34.8233261108
34.7634620667
37.8507041931
34.3355140686
36.7661972046
35.1859817505
32.7603530884
30.2695426941
27.1890678406
24.3401565552
20.2528247833
18.8858242035
15.7344226837
15.1677083969
56.0296440125
63.4900169373
50.6194190979
37.2004165649
47.8291625977
42.1881408691
54.6579170227
58.3415794373
63.1774635315
57.5680999756
55.7894134521
18.41365242
17.1787700653
17.5192108154
14.5728721619
11.9866247177
11.4056978226
13.2648105621
13.9902257919
15.8465986252
17.5696430206
19.4132728577
14.5667667389
14.4262943268
11.9835386276
5.92854452133
5.96884489059
8.35216712952
10.610127449
12.8780250549
14.2125301361
16.7969322205
16.4020881653
19.0643558502
16.7746257782
12.6559534073
15.4115161896
16.5828113556
13.12641716
12.1052055359
17.0456886292
16.4693927765
13.309044838
15.1076049805
13.0930528641
13.793214798
11.7109050751
10.3372144699
14.2451229095
13.8854341507
17.5758953094
16.8940410614
17.584690094
17.1206645966
12.6258583069
13.7135705948
14.7224340439
9.73178768158
8.37450027466
11.8054380417
11.3442783356
7.45629358292
8.44309902191
12.1289262772
13.5522155762
9.05414009094
13.3606700897
8.80164337158
13.3960599899
8.87880992889
12.7989187241
12.3738508224
14.4368181229
17.1804885864
20.2870121002
24.0131797791
23.9851303101
26.6846599579
29.5862445831
28.3401966095
27.2182350159
26.781419754
22.1733970642
22.9903621674
17.7022304535
17.7266082764
19.7246017456
22.7696418762
21.7968597412
23.9495124817
22.1452922821
23.7524375916
26.2999591827
24.1134109497
19.9334373474
23.9579048157
23.1058044434
18.5365257263
20.5264930725
20.0823459625
26.4674224854
25.5754299164
22.8416004181
24.0534915924
25.7914047241
26.8565216064
26.6246490479
27.961271286
27.4289493561
23.1903533936
22.9410629272
18.3036231995
15.5241889954
14.2793521881
10.6974182129
14.9534235001
14.5057697296
16.7234325409
15.7294120789
16.3103065491
18.2004413605
20.8620834351
19.2194213867
22.2285346985
19.7328910828
21.0823955536
18.418138504
15.5300741196
13.1375207901
9.15475082397
8.4365644455
5.90668773651
7.87435340881
11.0606184006
12.751490593
68.0902557373
79.0452270508
62.3280143738
53.5755805969
63.4161949158
54.4945640564
71.0439987183
74.5408706665
79.3197860718
72.8026123047
68.7806472778
31.7506275177
30.7934837341
29.3620643616
26.4344654083
24.1595573425
23.3115901947
28.5225276947
28.9731826782
29.689743042
30.4368629456
32.1291847229
26.4244098663
26.7533378601
24.563243866
15.3813686371
16.7969322205
12.657450676
15.496430397
10.9343833923
8.95606899261
6.32132387161
6.89444637299
6.35184907913
5.01177501678
6.3542714119
8.91825008392
9.58291816711
10.4465885162
12.3414945602
13.9881343842
14.3281955719
16.6447505951
18.2863559723
16.1349220276
15.3530731201
11.1231985092
14.7993755341
17.4949150085
19.5856628418
23.0568714142
25.2642745972
26.4859428406
28.0477676392
22.4939250946
21.840959549
25.2934112549
23.493719101
19.432800293
20.1990261078
23.6203041077
21.2019081116
17.4631404877
21.3228778839
25.1057319641
19.431892395
19.8895893097
15.5325536728
13.6893920898
11.9117612839
7.74738740921
12.5848741531
12.6431903839
14.0784406662
12.9448070526
15.6438121796
12.8753433228
16.8183269501
21.0383605957
19.2246398926
20.64204216
20.5605945587
17.1912250519
18.0663337708
17.4283542633
14.2805309296
18.9541969299
19.8809604645
21.1059036255
22.7285747528
21.4238891602
25.3105220795
27.1965732574
27.4869861603
23.8972244263
24.1212844849
27.0985107422
23.4669475555
19.8901042938
21.3645401001
27.2718315125
23.3941612244
20.3030109406
19.9115142822
19.8244361877
17.9469509125
18.1640625
16.7620124817
15.7987556458
14.2493247986
12.7164678574
10.0745811462
11.9028759003
12.6644926071
15.3509378433
17.150806427
19.9758110046
23.3153877258
19.6950626373
18.3386554718
15.4002065659
15.1220111847
11.3415136337
10.5357627869
6.7565741539
5.8226852417
7.51435756683
6.20616674423
8.09884262085
11.1234407425
9.43197917938
13.5076208115
14.0945043564
18.5589466095
20.5234260559
58.8403091431
70.590927124
53.924156189
46.9291305542
55.7639656067
44.6367607117
64.1115875244
67.4887466431
72.1571731567
64.4541549683
59.8218574524
23.3296699524
22.4957256317
20.6065883636
19.1738262177
17.5908851624
15.4471683502
22.2907276154
22.4439182281
24.4720134735
25.2575569153
24.8888053894
19.6342010498
19.0539283752
18.7681980133
9.03693199158
13.1264162064
10.0983181
12.8483514786
10.4005174637
12.4925031662
7.51342391968
10.4465885162
11.2852230072
10.526096344
7.15864276886
5.57157182693
6.54113912582
4.44569158554
4.09034872055
6.70071554184
5.36776924133
6.55060577393
8.72705841064
7.66618490219
9.84118652344
8.66116905212
12.0934057236
14.7673587799
18.0625724792
20.0739154816
22.8563785553
25.0293693542
25.5255336761
19.4843997955
21.4984111786
24.3872089386
20.5624580383
17.5979347229
21.0655727386
23.0764827728
19.552274704
18.2581043243
22.7788772583
25.4974250793
19.8234920502
22.5694408417
16.754283905
18.5720252991
14.0500764847
12.448849678
14.0008621216
12.8906860352
16.5303764343
17.0477371216
21.278087616
18.680141449
20.8013591766
25.7633266449
25.7257595062
25.8826293945
24.573551178
21.4813690186
19.5026531219
17.3827762604
12.9901275635
16.2974243164
18.8803825378
20.0294361115
23.0075187683
23.152130127
25.7853050232
28.9412021637
28.5096797943
24.1391906738
27.0723190308
29.1688899994
24.938205719
24.0961303711
26.051782608
32.4962806702
29.6502685547
26.4040775299
25.9222106934
27.3670463562
25.9926567078
26.9452800751
26.1558494568
24.5766353607
22.4492092133
19.8590431213
16.399766922
16.3246421814
17.6315078735
17.0840301514
21.5047492981
23.1325187683
25.9509830475
22.888502121
21.0954055786
21.3987789154
21.9838008881
19.3257408142
19.9042739868
15.233171463
15.6816358566
16.6406383514
13.7120676041
13.7914485931
12.9530963898
7.19112110138
10.5541362762
7.62664461136
12.5636882782
11.7561788559
54.5371360779
68.1536331177
47.1707458496
45.3775901794
56.2399978638
45.4884643555
62.1321754456
61.9621925354
66.5436782837
60.101234436
54.9033622742
22.5349369049
23.3510227203
23.3358802795
25.2479953766
23.389081955
18.856136322
21.5795555115
18.4988861084
17.3925628662
16.0626049042
20.3775424957
13.8825902939
17.8295974731
15.1208229065
14.4760932922
14.2451238632
16.3746395111
20.4761581421
19.7574310303
20.2345790863
18.0306816101
17.4949169159
12.1980953217
15.3805503845
17.1900444031
13.0627441406
11.5473842621
15.3714771271
14.7673568726
11.7691383362
13.3551254272
18.0605926514
15.364107132
13.4595994949
10.604388237
6.64990091324
7.27607250214
4.74825525284
5.25543212891
6.24761104584
9.58139514923
12.3029632568
13.7218694687
8.35249042511
10.8516159058
14.2672395706
13.5563793182
10.4844999313
13.9553155899
17.3459186554
15.8495149612
15.2624120712
18.9233551025
22.4683303833
19.9450492859
22.5735797882
18.8414707184
18.7683620453
13.3192214966
12.9638442993
8.0049161911
5.94561815262
8.41585731506
11.6586112976
15.6115264893
16.2349033356
16.5850639343
18.9521465302
19.9725055695
17.7279834747
15.8670625687
13.144982338
10.8071804047
5.84650039673
6.95286607742
6.56542825699
9.3689250946
7.95912694931
10.5903158188
10.8765201569
11.9970064163
15.6353406906
14.8298397064
10.5148506165
15.2296257019
16.9269313812
13.412320137
14.9068593979
18.5598773956
23.9218406677
22.2562236786
19.5025196075
18.2752914429
22.0517234802
21.8110466003
24.2076721191
24.9703559875
22.7469139099
19.7415447235
16.8927116394
13.7661685944
11.3254823685
14.3735437393
11.659072876
17.2566184998
18.230928421
19.0143642426
15.5562419891
11.8719673157
16.6249656677
17.2375011444
18.1485366821
20.7867565155
16.9325866699
20.9125823975
20.2836170197
19.6561717987
16.9445838928
17.4716587067
13.8802690506
9.81376934052
9.95275592804
6.84794998169
12.3435745239
51.6237640381
63.7200622559
43.3148803711
41.0926322937
53.0335693359
44.862903595
57.1724739075
55.5391807556
60.0867347717
55.1256256104
51.143611908
22.2794475555
24.2062187195
25.5067424774
27.6839637756
26.1852035522
21.9557933807
21.9881343842
16.671672821
13.8674869537
11.0220737457
19.1983623505
13.9838523865
19.6849975586
16.5747051239
19.3577327728
16.8940410614
21.2294044495
24.7216129303
25.4800338745
25.936050415
25.4700527191
25.2642803192
20.2064819336
24.0734004974
25.6590194702
21.1328639984
20.5456523895
24.2596702576
22.8563785553
19.7754421234
22.1105213165
26.0992450714
22.2829723358
20.4793071747
18.0553150177
15.0375728607
15.5720739365
11.3163957596
9.58139801025
6.15629577637
5.81581783295
4.0947470665
5.44893312454
5.17260837555
7.10463953018
8.32592868805
10.3263711929
9.91948986053
12.2384901047
14.2931747437
14.6754512787
15.8707733154
17.6112422943
20.2397842407
20.5483798981
23.1731967926
21.3540668488
21.6645317078
17.1627140045
19.0518875122
13.3335571289
13.7831420898
14.1841573715
18.3931903839
21.079782486
23.3965835571
23.6558971405
24.0009975433
24.5750598907
21.1994838715
20.0224647522
17.2389984131
17.072561264
11.3294219971
15.8516921997
13.9804315567
15.9308004379
12.8160715103
13.5340795517
12.4168586731
10.6789894104
13.4977779388
10.483420372
7.15808820724
14.055973053
12.3070363998
9.50109100342
15.3287963867
17.7213344574
21.7181797028
22.1350078583
20.2988033295
19.9683895111
24.2965316772
25.7216129303
27.6596813202
29.7262439728
28.0719604492
24.254114151
22.8977489471
19.8289012909
16.2400436401
17.8068580627
13.5366773605
18.106760025
17.4484939575
16.3553066254
14.6291856766
12.254899025
19.0784893036
20.6530246735
22.8501796722
26.5595664978
24.0664176941
28.2083511353
26.1898593903
25.8092212677
22.2765579224
22.0509319305
20.2708358765
14.6757698059
16.213388443
11.5876197815
17.2348117828
63.8714561462
69.5798034668
58.3139266968
41.7242279053
52.6639518738
49.6178474426
59.0897598267
63.751991272
68.6474914551
64.1570739746
63.397769928
26.0018730164
24.6946678162
24.9497299194
19.662525177
17.1101303101
18.5411186218
20.5649280548
21.2441596985
22.371257782
23.9975070953
26.628534317
22.0241794586
22.1811008453
19.2633476257
12.0271892548
8.80164718628
7.79824018478
8.67792892456
9.60973453522
9.40591907501
14.0409088135
15.5325527191
16.7148742676
19.5575637817
17.3261890411
14.3165998459
18.1529750824
19.4803161621
16.7542819977
16.9756011963
21.6718177795
20.719877243
19.3229198456
21.6359882355
19.3336830139
19.1721191406
15.2745599747
14.8215789795
18.8414764404
17.6766262054
22.5281848907
21.3540668488
20.9842166901
21.3857650757
17.6522960663
15.8963575363
17.0551872253
14.4358797073
12.1319723129
11.6163873672
11.9176483154
9.72840881348
6.74177598953
9.00064945221
11.164642334
5.48407793045
6.82708311081
7.32884120941
7.0712146759
11.6157245636
13.5382661819
16.8549633026
18.1977062225
20.6173744202
23.2314586639
23.555519104
27.3204364777
29.58634758
26.8524913788
26.4487857819
27.0699882507
21.9344711304
25.0321178436
20.4930343628
21.0734348297
24.1173210144
26.2773361206
25.4232883453
26.7149677277
23.6512012482
26.1619586945
27.6142520905
25.7251243591
22.2329788208
24.0592021942
23.2630901337
19.0987262726
19.1119613647
16.8000507355
23.0185813904
21.8440074921
19.3660545349
21.5900974274
21.8284053802
23.5184440613
21.8792171478
23.6188278198
24.1596488953
19.604549408
21.1961669922
16.8128490448
14.5388565063
11.1366949081
10.0373258591
10.5297317505
10.4973812103
13.9415922165
13.3827123642
15.7315883636
14.5771932602
17.69099617
15.2059602737
18.3308086395
17.7524204254
18.1742782593
14.0483665466
11.6371946335
9.51159763336
5.90748500824
10.4021749496
10.4511651993
13.937212944
17.7534122467
20.24568367
62.5147972107
75.5040283203
54.8797035217
51.384803772
62.6837921143
53.2207794189
68.3865356445
68.6666259766
73.3117294312
67.5999450684
62.8076324463
29.5036907196
29.9150409698
29.492647171
29.8302001953
27.5057868958
24.1486301422
27.0462112427
25.0184764862
23.577878952
22.634180069
27.7397346497
21.2840099335
24.5317306519
21.052986145
18.0151062012
17.1804866791
17.5694942474
21.7684402466
19.6280403137
18.3372459412
16.8167800903
14.0784435272
8.1326341629
12.1106147766
15.5218744278
12.4982376099
11.4798259735
16.020067215
16.5303764343
14.8827142715
16.1251735687
20.7135257721
19.8283576965
18.8996658325
15.7831020355
11.6521339417
8.98431777954
8.79660129547
8.41585731506
9.06167507172
12.0547904968
14.1841573715
15.3850374222
17.9937820435
13.6588354111
12.2946968079
16.4295425415
17.5645389557
13.4744901657
13.7854404449
18.7782764435
18.1081161499
15.1315994263
18.3439750671
22.9221096039
20.1554050446
21.0549507141
18.1976985931
15.3903512955
11.7315721512
9.42066383362
5.78480958939
4.54405355453
4.98028326035
8.22280788422
9.80619335175
11.4320354462
12.9524517059
12.5649147034
10.8577651978
9.98561763763
6.33776187897
7.61279344559
5.62037181854
7.60705280304
10.1364555359
10.08842659
9.47189807892
9.84920406342
7.72101688385
11.5181350708
13.4506654739
13.9695291519
10.8052177429
11.2678422928
14.9331111908
12.1610479355
9.38000679016
13.9000139236
18.9724960327
15.9861097336
13.1185588837
11.214553833
14.6242866516
13.9031677246
16.5850543976
17.2077026367
14.9687232971
12.1213922501
9.30777168274
6.8368935585
5.32468509674
9.7001991272
10.3253030777
13.5617952347
15.863732338
17.0981178284
12.5458230972
8.43487167358
10.5624914169
9.96066188812
11.4769124985
13.9204187393
10.8876533508
15.6023321152
14.9956302643
15.9347515106
13.4039993286
16.3819484711
14.4471406937
12.3093547821
14.1125831604
13.7076883316
19.0070858002
67.8078079224
83.0199813843
59.2707481384
59.9935646057
71.5129928589
60.8147354126
76.6432952881
75.4086914062
79.9032516479
74.3126449585
68.3026046753
37.7745246887
38.8352355957
38.0813484192
39.2375068665
37.0292053223
33.3811225891
36.2762336731
33.5960502625
31.6473827362
29.7089500427
35.7504348755
29.3320503235
33.3343582153
30.0050411224
27.4687023163
26.7814216614
26.9769859314
31.1291484833
28.4457607269
26.4747505188
24.5627651215
20.5605945587
14.8148956299
17.1272354126
22.2165050507
20.5988845825
18.512676239
22.8526153564
24.5735549927
23.1378517151
22.6688690186
28.2322216034
28.0764408112
26.4920082092
23.6986179352
19.1522083282
17.7062129974
17.8586540222
15.8670606613
16.4491348267
17.4405460358
20.0224666595
20.9539394379
24.1659450531
21.2524757385
19.415895462
23.2879810333
26.0212535858
22.2628612518
21.5695915222
26.9455127716
27.0655536652
23.9003314972
26.3008098602
31.0759601593
29.0511646271
29.0886249542
27.0699920654
22.9128284454
20.7060604095
17.5024356842
14.9109630585
13.1665391922
9.98561859131
8.0819196701
6.06984090805
9.33492946625
8.01635742188
4.99402332306
6.77812004089
4.0898194313
5.99751424789
7.23797559738
11.1977128983
13.2737026215
14.1532812119
11.1193819046
11.2352485657
8.9927148819
8.27638435364
11.7057857513
11.7127923965
14.8430929184
14.3252649307
10.751449585
16.9972801208
16.8132152557
12.1860399246
17.8212966919
20.2146129608
16.5501918793
14.8310279846
10.8790092468
14.3798456192
12.1529817581
16.818693161
16.7252216339
13.5533494949
13.464266777
10.0015573502
11.9955673218
12.7567520142
16.9977264404
18.8377590179
20.2888851166
22.8568553925
23.3300971985
18.8113670349
14.5262241364
15.5020809174
12.6806516647
15.975610733
16.9819412231
15.2116775513
20.0344333649
20.6336956024
22.9923210144
21.0876235962
25.2719497681
23.5420837402
21.8575496674
23.2780704498
21.9933280945
27.219745636
73.6479415894
83.0123138428
65.2553024292
56.6325683594
69.3148727417
64.9720535278
73.1419525146
73.606918335
78.2929916382
75.3696670532
72.9884338379
40.1538543701
40.5817375183
40.8965301514
39.1981010437
36.7613334656
35.0314826965
36.2257728577
34.0600547791
31.9997806549
30.9179878235
38.2874183655
32.495803833
35.925617218
31.5363273621
28.8394851685
25.5754299164
26.2071781158
29.2807502747
27.6146697998
24.5270423889
26.7231311798
23.3941631317
20.3880405426
24.1226711273
26.9460525513
24.6726837158
25.6565322876
29.6702423096
29.6502685547
28.7917995453
31.0767211914
34.3476715088
33.5684547424
33.5602722168
30.3357944489
26.6099472046
22.9462337494
21.7314777374
22.2562236786
19.5000476837
23.5140209198
22.1350078583
20.4027175903
23.4498691559
22.4704780579
17.1423988342
19.3672580719
23.6493549347
20.5583572388
15.9586811066
20.6290645599
22.6352939606
18.5263805389
18.0070724487
22.4276504517
22.5204544067
20.2226581573
21.8440074921
16.184217453
18.0489368439
17.9651489258
16.8679122925
19.3864040375
15.9861078262
16.9848899841
14.9080505371
19.0981349945
21.6837940216
19.1322746277
14.7884082794
13.5797758102
16.5501937866
13.3038492203
20.5023097992
19.0657234192
23.1731109619
25.1187572479
24.1756324768
22.6863212585
20.6528053284
15.717792511
18.3873023987
16.1413097382
16.2765865326
16.7194061279
11.7631673813
12.6943244934
13.1999750137
8.24722480774
6.49079704285
5.78099727631
4.12358522415
6.17388153076
6.10580444336
10.6730546951
10.1684017181
14.204832077
15.0346412659
11.4239625931
15.0453138351
14.7985372543
13.6800899506
12.9624319077
15.523525238
11.7121725082
13.4811458588
13.2562894821
10.8423976898
11.4295883179
8.858959198
8.83339691162
12.8269557953
15.9580755234
18.5219078064
21.8290519714
18.5465641022
21.4653644562
18.7160282135
22.5235919952
24.8312263489
22.8523464203
26.7447738647
26.7985839844
32.6248970032
65.1419296265
76.3349609375
57.8366088867
50.8878822327
62.3286132812
54.6102714539
68.1007156372
69.4416122437
74.1833267212
68.9768829346
65.2199707031
30.3001899719
30.1993904114
29.869436264
28.7726821899
26.2233772278
23.8910751343
26.6272678375
25.4023571014
24.2373981476
24.0008010864
28.9388408661
22.669380188
25.1764335632
21.3688220978
17.0315437317
15.524189949
15.2236423492
19.1489295959
16.8256721497
14.8404932022
14.7298297882
11.9028749466
7.75959300995
11.992524147
14.4373092651
11.5344371796
12.2716054916
16.3172016144
16.324640274
15.4008026123
17.6733798981
20.9539909363
20.386302948
20.4187698364
17.2462234497
13.889377594
9.72675132751
9.86014270782
11.3254842758
10.9728107452
15.3046140671
16.2400455475
16.66664505
19.0998363495
14.839799881
12.2342939377
16.1209583282
17.0372829437
12.7001981735
11.7332382202
16.7720222473
16.1556453705
12.1084690094
15.1578779221
19.9382190704
16.7878093719
16.9705886841
14.538854599
10.8486461639
8.21744632721
6.20243501663
4.98770570755
6.84959793091
5.32468509674
7.00335693359
9.19807052612
10.7455625534
13.9603672028
15.3353881836
13.1505584717
12.3515729904
12.7567529678
7.8716506958
11.8406085968
9.45177078247
11.0457086563
14.3271150589
14.6380233765
14.0778255463
14.315281868
11.1363096237
15.0111970901
16.1795063019
16.1725883484
13.1513957977
12.7608938217
15.4648666382
12.2760372162
8.49604415894
11.1848697662
16.9272155762
13.6800899506
10.5668706894
9.90847301483
12.0587816238
12.0608272552
13.4114532471
14.5018901825
13.1791963577
9.25421524048
8.3874540329
4.44779157639
5.18540096283
7.62550497055
9.50427532196
12.3387308121
14.3655958176
9.80002498627
7.34138870239
6.52288913727
6.76976394653
7.32886886597
10.5467510223
8.75376415253
12.9101791382
11.0155954361
12.1639232635
9.32692337036
12.8868227005
12.5911569595
11.2683267593
14.1840438843
15.3175458908
20.3734741211
39.9062919617
54.1513366699
34.8686599731
35.2657203674
43.5359649658
28.6817989349
50.93957901
51.2747497559
55.6358642578
46.7130584717
40.7789077759
10.8266468048
13.9312696457
14.7588605881
19.2266616821
19.9121284485
15.2475996017
18.7811336517
13.2911748886
17.0805912018
15.4914016724
13.0266027451
10.7687482834
12.7970848083
16.6532974243
16.4429168701
18.5205593109
21.5023117065
23.4235668182
25.1889648438
28.3604869843
25.470281601
28.2637329102
25.5751857758
26.8809967041
25.7913150787
22.2008457184
21.1729068756
21.528842926
19.2491340637
16.410194397
17.6179294586
18.8012580872
13.7691230774
11.500082016
12.6591272354
15.0547685623
18.7362174988
17.3376121521
17.2085571289
19.2655696869
17.4164981842
19.1469020844
22.1270065308
20.4965229034
17.0871696472
22.6145133972
23.3889884949
18.7222251892
19.4798278809
25.0766620636
24.7495346069
21.8037967682
24.7671031952
28.157787323
29.0736484528
26.6573467255
31.2234859467
26.5866012573
30.3734359741
24.5537281036
25.8723640442
22.7702865601
21.4166851044
24.944683075
27.7341117859
32.1151046753
31.4713077545
31.4240837097
34.9057769775
36.6057929993
34.5888023376
32.3141784668
29.9649066925
26.1939620972
22.077671051
20.6297302246
18.9707889557
22.7385406494
22.0532894135
25.4392623901
27.093164444
26.4463596344
30.5502853394
28.7248039246
24.7077026367
31.1303596497
30.9172306061
27.2052402496
31.0086631775
33.3110275269
38.9086151123
38.2195854187
35.4836997986
34.9883613586
38.4595222473
38.3578147888
40.1689186096
40.7351455688
38.6864318848
35.6429595947
32.8545875549
29.2298069
26.9358329773
28.5456790924
24.4228839874
30.4274272919
30.0646629333
30.7888908386
29.1885986328
27.1433868408
31.9131565094
33.3382263184
32.9969787598
35.3619918823
30.8995704651
33.2729415894
32.9233283997
30.3827953339
28.4172344208
25.8391971588
21.2227172852
18.2100505829
14.9804010391
12.1847448349
8.40825748444
