51.3039207458
51.2707481384
53.3117446899
56.149936676
55.7224960327
56.8241119385
60.7437362671
61.2810211182
60.4593086243
63.0756492615
61.5606880188
45.5621299744
49.0400390625
46.5911102295
50.2516326904
51.5480575562
48.4854660034
47.5855712891
43.207408905
42.3888893127
43.6225700378
44.1369972229
44.8479881287
23.3018398285
24.5272979736
27.7955131531
28.436006546
27.4392280579
30.0700893402
33.7393722534
32.7160301208
31.6054134369
33.1878089905
31.0162811279
30.3873558044
34.1537017822
34.6105041504
38.520904541
41.7674026489
40.6497535706
38.291633606
36.4353218079
32.7943916321
30.8993263245
32.442237854
30.187046051
21.5541343689
24.9720973969
27.5247974396
26.0365715027
25.5604820251
29.3430919647
31.4528331757
28.9459934235
26.8985595703
27.1115779877
23.9856491089
37.6243858337
40.8853263855
42.9546775818
46.5192260742
49.7659416199
49.8854179382
47.5187263489
46.541053772
42.7992210388
40.2193260193
42.2947235107
39.3251724243
11.2580299377
11.0692911148
14.3130970001
15.8437280655
15.04682827
16.6998977661
20.6442165375
20.645488739
20.156047821
22.7405567169
21.8109951019
18.4946899414
21.8440761566
23.7446708679
27.3012123108
30.5919437408
30.7389335632
28.4822120667
27.734046936
24.1281642914
21.6129074097
24.6981697083
22.1386470795
42.4974327087
43.4502372742
45.305141449
47.6439437866
47.5279808044
49.2003707886
52.7096099854
52.7445373535
51.430141449
53.8086280823
51.9496269226
41.4903907776
45.3130874634
44.1395378113
48.2124710083
49.8666687012
47.800655365
46.5844230652
42.6036338806
41.0983276367
41.4789657593
42.9396286011
42.7078514099
41.8816566467
39.4232788086
42.8847503662
45.3567619324
43.4884300232
43.7071495056
48.5129470825
49.4051551819
50.0989952087
52.4616546631
51.7866363525
31.5902175903
34.2070350647
30.2992115021
32.9114494324
35.8060073853
31.2442092896
29.1742992401
26.672252655
23.9905567169
24.4396400452
21.9966068268
22.8978729248
38.5643577576
35.7012252808
40.564956665
40.9992218018
37.8103637695
38.6474151611
43.4892158508
43.233631134
44.6059265137
45.6228141785
44.8259391785
34.9141120911
36.9587440491
34.4616889954
36.2455596924
40.8026924133
37.1316871643
33.7820014954
34.213092804
29.3649520874
27.0356273651
23.0046062469
21.0467720032
37.0316047668
34.6936607361
39.5923919678
39.9732437134
36.9272041321
38.1755943298
43.0097732544
42.5142021179
43.5373878479
44.5462760925
43.4253845215
34.9772262573
37.4388084412
35.222114563
37.487739563
41.9664611816
38.4807090759
35.1902008057
35.0909767151
30.2516155243
27.9488048553
24.6370830536
22.5285587311
34.5043449402
32.6547889709
37.6278190613
37.7080612183
34.7077713013
36.3767814636
41.1058540344
40.2749977112
41.0426902771
41.8904304504
40.4956054688
34.8580169678
37.5625419617
35.8933792114
38.4515914917
42.9516334534
39.8817863464
36.5849723816
36.3585090637
31.431842804
28.8996143341
26.321018219
23.8108253479
41.1406097412
39.2969322205
39.7590560913
44.1856384277
44.3432426453
43.3320808411
46.809513092
49.1944351196
49.2828636169
52.9150810242
53.0211639404
25.3690643311
27.496471405
24.399766922
27.1405239105
26.5737876892
24.0260410309
24.7366695404
19.6706504822
21.8543605804
25.051607132
27.5289993286
29.8567810059
34.1387290955
32.2645683289
32.8726501465
37.2037849426
37.3044281006
36.3856124878
39.9456710815
42.2127838135
42.3092155457
45.8991508484
45.9953460693
19.2011470795
21.8198928833
19.2633190155
22.597410202
22.818365097
20.6987781525
20.7727031708
16.0116119385
17.1376514435
19.6934757233
22.8649539948
24.5794658661
40.1054077148
36.7945365906
38.6967430115
42.4098815918
41.3286933899
40.0260276794
44.2573699951
46.5187644958
47.5831031799
50.7419815063
51.1149749756
22.3801994324
23.7569618225
18.8233146667
20.5452003479
21.9072437286
16.9561901093
16.3079471588
12.8570871353
13.0301685333
16.0544948578
15.5686693192
18.7330036163
15.2081336975
14.279302597
13.0419683456
17.6511077881
18.9659862518
18.0799217224
20.6229610443
22.8470859528
22.4525909424
26.3068675995
26.7488193512
11.7330036163
14.6461076736
17.7845096588
21.2240810394
22.6700439453
24.4205284119
23.5121631622
22.2345542908
20.8665046692
19.9022674561
25.0542545319
24.0405330658
30.6199913025
27.3340091705
30.8384895325
33.2914123535
31.2920131683
30.9748878479
35.7983665466
37.0016593933
38.118309021
40.5904808044
40.4518280029
19.6930961609
22.1430587769
18.8479614258
21.5288505554
25.3991947174
21.6475505829
18.8045387268
17.6526451111
13.2188167572
12.0577917099
10.269115448
9.96230697632
27.4257488251
26.1808643341
30.2347869873
31.6296977997
29.7153816223
31.1842422485
35.8275032043
35.6775627136
35.7652778625
37.6628990173
36.3309516907
26.2938327789
29.7857494354
28.4388027191
31.9844532013
35.7291183472
33.1890983582
30.4687347412
28.7807197571
24.6004676819
22.845035553
22.6776256561
20.8170986176
24.0076656342
23.103471756
27.3632564545
28.2845439911
26.2920398712
28.1393966675
32.6752891541
32.1811103821
32.1509895325
33.8430099487
32.3524703979
26.0052776337
29.4941062927
28.9211006165
32.4599266052
36.3500747681
34.3794250488
31.572259903
30.3037090302
25.9322242737
23.6641845703
23.9722690582
21.531003952
32.9836349487
31.9962902069
35.8302154541
37.3941688538
35.6318702698
37.1300888062
41.7215690613
41.5808982849
41.5146713257
43.4196739197
41.9316368103
30.796579361
34.3301353455
32.4369277954
36.0106468201
39.436340332
36.4236106873
33.9206695557
31.6426181793
27.9424209595
26.8562774658
26.2615394592
25.0605640411
29.1535758972
24.5692539215
26.115146637
29.2696762085
27.960893631
25.4207992554
29.1738567352
31.9731826782
33.9853439331
36.9392166138
38.3269691467
11.378950119
10.3455190659
7.38313055038
6.64226198196
11.3772783279
9.53391838074
6.67906522751
10.3411998749
7.40956354141
6.33458614349
8.71502780914
9.83364963531
23.5710144043
19.6816215515
19.4199676514
23.5447978973
23.5063705444
20.6056919098
23.5362510681
26.9189033508
28.3560523987
31.9151248932
33.4905929565
4.59260988235
5.81989622116
7.47809934616
9.79022312164
11.9675502777
11.2631149292
12.5200996399
11.7844152451
11.2491521835
16.5734977722
16.7686882019
38.3041610718
34.5184860229
38.3114128113
40.298500061
37.785194397
37.2295913696
42.0501747131
43.203037262
44.8392906189
46.9139099121
46.9628486633
26.7107372284
28.1283073425
24.1675205231
25.4080562592
29.3401527405
24.7837429047
21.8567333221
22.0707378387
18.0528736115
17.1056613922
12.0943536758
12.6643095016
45.7306251526
42.6008834839
45.2138519287
48.4731674194
46.9661903381
46.1863136292
50.7367172241
52.5151748657
53.5439491272
56.3832435608
56.3705787659
30.1825771332
31.8590488434
26.9604892731
28.641916275
30.4325904846
25.2380046844
24.1494789124
21.3077411652
20.5577220917
22.677110672
20.3705062866
23.0907058716
41.1277542114
37.5646438599
40.1975822449
43.3711433411
41.7420349121
40.6586608887
45.1805953979
47.1019592285
48.4068565369
51.2165374756
51.4778060913
24.8986816406
26.2278232574
21.2530670166
22.6382656097
24.9551010132
19.6900482178
18.1567630768
16.1753463745
14.6843442917
16.5361881256
13.8442296982
16.8126411438
41.4129219055
38.0979690552
41.2191238403
44.0315818787
42.1578483582
41.5469322205
46.2647247314
47.7668190002
48.9559860229
51.5331268311
51.4728355408
27.415561676
29.203666687
24.5779724121
26.3620948792
29.1367664337
24.0732860565
22.1183509827
20.2325248718
17.8811683655
18.8933105469
15.6531124115
17.7554950714
41.5677375793
38.0345306396
41.89503479
43.8829841614
41.3811988831
41.0493812561
45.9172477722
46.9356155396
48.4253883362
50.4609718323
50.3084030151
30.2682857513
31.8778343201
27.7444229126
29.1305828094
32.7991600037
27.9970817566
25.2970714569
24.9419136047
21.3366451263
20.8369178772
16.0550708771
16.8453636169
