46.6795310974
42.2739067078
38.7879066467
39.5867195129
35.2399215698
35.5426445007
39.9662666321
39.7638282776
42.3347244263
44.3969306946
29.1459941864
27.21849823
24.5105514526
27.3147563934
24.7903232574
23.8616085052
29.9342155457
32.8921012878
35.9144210815
38.801612854
31.8889484406
27.3066902161
24.4075031281
26.8898162842
22.9188022614
21.0868606567
26.6566448212
27.8565120697
31.0837173462
32.575843811
43.0211715698
39.4051895142
37.4955787659
34.0095939636
32.3690376282
35.5195007324
32.8224983215
28.8424892426
27.6850318909
29.0158729553
