16.856174469
14.1863298416
15.102268219
16.4620666504
18.4599781036
21.0684509277
19.700592041
19.0145721436
24.9988632202
22.6355056763
25.1945877075
27.4068336487
25.5013942719
23.4694766998
22.4537982941
23.5953216553
20.7367744446
20.4867343903
15.9275503159
18.0274944305
19.5382957458
10.1438293457
10.6555976868
7.38905239105
10.4447507858
12.6459789276
14.8844337463
11.9682035446
10.4956960678
16.5725727081
15.2982969284
17.6666088104
19.8992767334
19.4447937012
17.1341381073
17.9745101929
20.2158107758
19.4215698242
21.7080211639
17.6266326904
16.5125179291
16.1541175842
43.0889434814
44.8349189758
40.0012588501
41.7007789612
40.17162323
44.5600357056
41.8677635193
37.81690979
38.5923843384
34.7970848083
32.2573699951
28.2812976837
27.4499549866
24.1690330505
24.0256443024
25.5073242188
25.2257099152
26.9330425262
28.3607120514
27.984708786
28.2450675964
54.1010551453
54.2922668457
51.3944702148
53.140663147
52.3073158264
56.9755477905
54.7125701904
51.2061309814
53.8365402222
49.4216041565
48.0866928101
45.3832702637
43.157913208
39.9853782654
38.2191543579
38.6781616211
35.850730896
34.1638069153
35.4781646729
38.4146080017
40.3769798279
50.5080108643
52.3696975708
48.1233940125
50.6246414185
49.8208274841
53.9984054565
50.9866447449
47.2143630981
48.8917503357
45.3378257751
43.1973724365
39.4134941101
38.7575759888
34.9918289185
34.9281654358
36.5016899109
35.3902435303
36.0643157959
37.0034866333
37.8891792297
38.6321258545
52.4833946228
55.2529945374
50.9299507141
54.308467865
54.1463813782
57.6700019836
54.1354370117
50.6506881714
52.4818000793
49.7830810547
47.6992225647
43.8003387451
44.1674880981
39.9110946655
40.8871917725
43.1311912537
42.4444961548
43.7439804077
43.9046974182
44.4216537476
44.762260437
48.9191932678
49.2305183411
46.9032859802
49.3627090454
49.370098114
53.5711250305
51.0098800659
47.9236297607
51.4885101318
47.5465660095
46.7843055725
44.5552215576
42.684463501
38.9058761597
37.6086959839
38.6395301819
35.4922103882
33.9095916748
33.908782959
37.2742729187
39.3039131165
39.8486289978
41.6088294983
39.218788147
43.1815605164
44.4185523987
47.4256706238
44.0124397278
41.5149993896
45.6723709106
43.1727752686
42.7880821228
40.7955780029
40.4483337402
35.8020401001
36.2732658386
38.6128540039
36.3723754883
36.5386657715
34.7691612244
36.9513511658
38.1033706665
45.9549407959
49.0969429016
45.1470184326
49.200214386
49.8050231934
52.724899292
48.9010429382
45.8832817078
48.4331321716
46.3795509338
44.8471603394
41.5073242188
42.3221206665
37.6389122009
39.1801681519
41.9210128784
41.1523132324
42.7132911682
41.8319015503
42.3607139587
42.5873031616
