19.4765701294
21.1899929047
23.7639827728
21.798456192
25.4268226624
21.8318958282
24.5152797699
24.6652355194
24.8979492188
27.410861969
22.869304657
24.1609382629
19.7410354614
18.1062049866
16.6808567047
14.0349655151
15.6923799515
12.881228447
16.9269485474
12.9572668076
17.0593795776
17.5692615509
12.7907047272
15.8177070618
19.7289428711
16.4638137817
14.4420585632
11.8030414581
10.5488920212
8.71307086945
9.40563869476
6.57563352585
6.91226005554
8.21342086792
5.71674871445
6.03769302368
9.34384250641
10.7314758301
9.43809318542
11.2586917877
14.0657863617
16.7386074066
21.1883125305
23.035074234
23.3227481842
18.3047866821
17.4093990326
15.4648303986
11.135594368
15.0632514954
10.3091897964
6.99089717865
11.9268808365
10.4090633392
14.5925998688
16.0327892303
16.5779418945
15.8763942719
10.4296112061
13.3532867432
10.9110527039
13.36120224
15.0113611221
19.1097278595
23.4070911407
23.6494083405
27.1177425385
29.5513420105
26.6904411316
26.9109363556
28.6543445587
29.9516963959
32.3134994507
33.4160881042
34.0666313171
34.5951461792
37.3672599792
38.7746353149
39.3814239502
40.3476753235
35.7731170654
39.7557830811
40.9822845459
39.9774246216
35.1576576233
34.9370422363
34.9658660889
33.1346817017
30.5716285706
30.912361145
30.7679862976
27.9078159332
25.4655399323
27.0175666809
26.6041126251
22.2925338745
22.9152107239
24.1476154327
19.6895637512
18.7107200623
21.9196453094
20.9695949554
17.0900173187
18.1149463654
16.32604599
19.069732666
20.4058246613
17.7945919037
20.9384784698
23.7233276367
24.3230056763
27.1921157837
25.5669136047
21.251832962
24.0867061615
23.0243968964
27.1936588287
27.1931781769
29.5090866089
31.1537055969
30.2205085754
27.4474525452
25.651966095
22.3647956848
19.9864425659
18.0031757355
16.8520431519
11.3961353302
14.1719484329
11.6856765747
17.7066841125
17.873210907
21.0127868652
24.2619876862
26.7903404236
28.0009040833
30.1434211731
28.8448791504
29.0350189209
25.2725048065
24.9911880493
22.1986026764
23.6682415009
23.7054157257
25.5924682617
30.0341854095
30.9744873047
28.1271209717
28.53556633
29.4001617432
33.0951843262
30.4367084503
27.6919326782
32.5243797302
35.0282974243
31.707359314
32.4193840027
27.5222473145
24.5265445709
25.9135856628
24.8275661469
28.707365036
25.9278774261
24.2404842377
29.1257324219
31.3307685852
27.36693573
29.2312145233
32.3369598389
31.567565918
29.7120838165
33.8186149597
37.2031326294
33.0818252563
32.6612129211
38.279624939
39.2150230408
36.8106040955
38.0572929382
34.8942756653
36.5436019897
36.3749465942
38.4640655518
39.7312469482
42.6966171265
39.8474617004
34.8239746094
38.161190033
41.1023483276
36.4818916321
34.4905776978
40.5500259399
40.8411445618
35.3109893799
37.7471199036
42.1519317627
39.3442840576
42.5080451965
40.4656105042
43.7519073486
42.9529724121
44.7758598328
49.4073867798
45.263835907
43.9285240173
44.8703651428
47.0727920532
42.7936058044
40.6724472046
44.1362075806
41.7428855896
37.1425819397
37.2641792297
39.6969184875
38.8790435791
33.770072937
35.4958839417
37.5354347229
36.91223526
36.2230987549
32.4742851257
34.0100708008
37.4194107056
32.7229614258
33.8860054016
31.9800415039
28.8645248413
33.4135475159
35.4594612122
33.2836532593
32.5764007568
37.0729484558
38.9852867126
41.8115463257
39.6273765564
36.7775611877
39.601146698
41.9126701355
40.3944244385
36.5573196411
35.9277191162
34.7656059265
14.0995998383
15.141207695
15.4820079803
12.8743686676
15.8713035583
12.3228693008
15.7759399414
15.768907547
15.1028366089
17.6106643677
12.9414396286
14.4917631149
10.2184286118
9.88489723206
9.58268070221
10.1644983292
12.3400058746
12.5996341705
17.0802364349
16.0418777466
20.3698806763
20.1925182343
17.0596199036
21.7392024994
24.4661273956
22.2390289307
21.5085926056
18.2433872223
17.8560791016
17.5399837494
17.1294078827
11.7829504013
10.3091897964
15.556429863
12.6919288635
7.86363077164
10.3034152985
12.7308006287
10.399559021
7.54016160965
11.007768631
12.5182771683
12.2192239761
17.2179737091
17.6245803833
18.7319164276
14.423620224
11.6883172989
8.54496955872
5.46482467651
6.08362579346
5.40584135056
7.40596151352
11.1892366409
14.3073530197
17.5576438904
17.4226436615
14.7273750305
10.2640275955
9.4332818985
6.25141954422
4.36667013168
7.51701927185
11.1013669968
14.9698572159
16.1369056702
19.086648941
22.3438453674
20.44688797
21.9580078125
24.2639961243
26.6902980804
27.0266304016
28.0398578644
30.3176383972
30.6747665405
31.9979553223
33.8929634094
35.6204109192
36.6797981262
31.6423282623
35.2488021851
37.3266410828
35.3632049561
30.1538944244
31.4037895203
31.4067382812
28.7050914764
26.2893295288
28.3671340942
27.5318489075
23.758934021
23.2797546387
25.3420028687
24.0466480255
20.3712444305
22.5245456696
23.7468929291
18.4981708527
19.2306957245
23.5875663757
22.347776413
18.5962772369
21.7541007996
18.7923069
22.4445075989
23.6677265167
19.1312026978
21.5183811188
23.0513744354
23.3647861481
24.6861095428
23.3419075012
19.2293548584
20.5380764008
17.6089324951
20.9531421661
19.8836212158
21.3745555878
23.712972641
23.5873908997
20.8546981812
20.9030609131
16.6145172119
16.8536586761
14.8722610474
16.3167228699
11.6149988174
14.5331163406
14.3031835556
17.5034122467
15.4677257538
18.5068626404
22.0377216339
24.021604538
26.4749088287
29.6800708771
28.5422859192
31.0148983002
27.3189964294
28.4223995209
27.0336475372
27.9131088257
26.6240081787
27.0845985413
32.0765151978
31.7713050842
28.6259555817
31.236164093
32.379447937
36.3741569519
34.4099464417
31.9715518951
36.4411354065
39.5204696655
37.2405281067
37.4986419678
33.5467376709
29.4765129089
30.0416679382
28.0049533844
31.2726535797
28.5968379974
25.7480583191
30.1440048218
32.9033851624
27.9841861725
28.6203289032
32.0182342529
31.4301109314
28.2017250061
32.0547485352
36.0774497986
31.3500843048
29.75548172
35.5820503235
37.0691642761
34.4824867249
36.720741272
34.3744621277
36.5853919983
37.4228858948
38.5481300354
40.7134590149
43.7311973572
41.7808570862
36.8366775513
41.1574020386
43.3198471069
38.4606208801
37.661781311
43.5961341858
42.4903259277
37.6697616577
40.8976364136
44.6867446899
41.2145614624
44.0118370056
40.9398002625
43.5516090393
42.0292625427
43.0369873047
47.3932571411
42.5259857178
41.7406578064
42.4007530212
45.1983070374
40.8938102722
38.872844696
42.8756141663
41.0322265625
36.1910133362
36.6665916443
39.9204978943
39.061870575
34.1358718872
36.430809021
39.2626457214
40.0327720642
39.3902778625
35.6941337585
37.1175880432
39.7667655945
34.7555580139
34.6592559814
32.9354934692
28.7566871643
33.1661987305
35.3916435242
32.2017593384
30.6212253571
35.465259552
37.3747940063
39.6471481323
36.9507446289
34.0050964355
36.4000320435
38.1924362183
36.4519233704
32.3195915222
30.6816253662
29.9081497192
26.1221599579
29.8903636932
29.6482963562
32.487953186
36.1814651489
39.070854187
42.0080070496
43.9467926025
40.0295600891
39.8755950928
34.4105911255
31.8905563354
31.3806743622
28.659576416
31.3988132477
28.1001911163
31.5045719147
31.3084831238
33.7923622131
37.7370872498
36.5871429443
33.2154045105
33.6092414856
38.5398254395
35.024520874
33.1681594849
35.1448860168
32.9663276672
37.7376251221
38.8015365601
33.2751693726
32.5778236389
36.8106079102
36.1776695251
29.6220798492
32.4036140442
35.6724853516
31.937084198
28.4200172424
33.1555137634
34.836933136
29.3237609863
32.7423095703
26.3054542542
25.9412937164
22.1993274689
24.2193870544
24.1025485992
30.2461853027
30.2287712097
32.5800666809
34.4824867249
37.1888084412
38.0706176758
40.5399703979
41.0883255005
42.781867981
39.7499313354
37.5173492432
34.8600082397
35.8839912415
31.0118484497
32.9241027832
28.1747226715
26.7868232727
25.9888782501
22.5755615234
23.23320961
19.7302951813
17.7192783356
14.5657958984
11.6696567535
9.78430461884
14.0241508484
12.162279129
6.53382921219
9.38154029846
12.4630498886
10.0619840622
6.17270898819
6.88801717758
8.68932628632
12.4328565598
14.1182975769
16.2947597504
13.2873191833
11.7564134598
15.6031894684
17.1361904144
14.115237236
15.2733020782
19.5955486298
19.404253006
17.5415782928
20.7008266449
23.5847110748
22.943567276
21.8167152405
26.0671443939
28.6337528229
26.6126308441
26.3459777832
31.0735340118
31.7894458771
32.9251594543
27.4546012878
25.9194316864
22.4766120911
21.6366043091
17.0151996613
14.8356399536
12.9955282211
10.0386037827
12.2402505875
15.9740877151
14.5589189529
18.1702575684
17.6753845215
21.560590744
24.4768199921
22.9403438568
19.5275497437
21.3887500763
17.5423793793
21.1188468933
19.7001361847
19.9556083679
20.4514598846
25.7239303589
23.4227790833
27.4427032471
23.4463558197
24.3251628876
19.8978672028
17.8530216217
14.8772802353
13.7757263184
14.7868652344
11.456161499
17.8501262665
18.3686771393
20.8664073944
25.0887832642
22.548242569
19.1590232849
15.3229761124
15.7488069534
11.6057634354
12.2364854813
17.6597709656
19.4187030792
21.138469696
23.68384552
23.0516834259
22.1860866547
25.7992095947
28.5093669891
28.0535697937
30.5689334869
26.4763851166
26.8348522186
26.2155075073
24.1166572571
20.8492069244
20.123374939
19.7023277283
16.6199131012
14.9604034424
14.9680900574
12.5091619492
10.5646028519
10.0306243896
9.86926269531
7.5818157196
5.20626688004
7.81025075912
7.59761571884
4.3979845047
4.75521278381
6.77396535873
9.46467113495
12.863658905
10.1292963028
14.2260255814
17.0491790771
18.6534748077
17.6395244598
21.5545463562
19.1400222778
16.0746212006
20.0682430267
21.9476108551
16.7301101685
17.4345779419
21.5286388397
21.3086948395
18.5486621857
17.5600013733
14.1061010361
13.0148458481
12.3117437363
10.3498916626
14.821518898
10.6816997528
12.0268735886
15.4223804474
19.7302017212
17.5857181549
14.5083971024
15.272851944
19.3616600037
16.9568309784
13.7103157043
17.3772220612
21.2483654022
17.3617668152
15.9722671509
21.6274929047
23.4748878479
26.0934715271
24.9637546539
27.7174816132
26.8054275513
22.0422534943
22.6146087646
26.1089496613
23.354883194
27.9744625092
25.5986099243
20.8948612213
23.1559734344
26.3723068237
21.3032493591
22.9960021973
16.7023868561
19.3163604736
23.3296775818
21.8525791168
18.5845909119
20.2095756531
21.5188961029
22.1217002869
39.843963623
44.0141487122
45.7681427002
47.7325286865
52.22813797
53.3526191711
56.6185798645
58.1023330688
55.0074958801
55.8867225647
49.5229301453
48.0562171936
45.9750022888
42.7425422668
44.3888816833
39.170665741
42.6086845398
40.2171020508
42.6000022888
44.2822799683
42.3684082031
39.4876899719
38.8502960205
41.7254829407
38.2020950317
35.3714675903
36.5991897583
35.9221229553
40.967754364
41.1551170349
35.4079551697
38.2032585144
42.1519355774
38.5554771423
34.4993591309
39.2296142578
41.0417709351
36.5463447571
35.7345466614
40.9898643494
41.4966621399
36.7515296936
42.0618515015
36.184425354
37.815410614
34.1375160217
34.5746269226
36.4775810242
41.5170516968
40.2388000488
44.4730949402
44.6867370605
45.5401649475
48.2770576477
48.5383300781
49.8902359009
50.4057579041
47.9151687622
47.1105880737
43.4810256958
46.3930091858
41.321346283
44.6975212097
40.6382980347
40.6455459595
42.3069152832
38.946105957
40.9733695984
38.3421669006
35.424659729
32.0122909546
29.2843990326
27.1611938477
33.6163978577
32.3148269653
26.6877250671
29.0353851318
33.4103813171
30.9644947052
26.8854656219
26.1082191467
27.541475296
29.7617416382
27.6464824677
31.5397777557
31.1413993835
26.4347896576
28.1598472595
31.1263923645
29.4231128693
25.6555042267
29.9148368835
31.7521133423
27.0377445221
27.8535690308
31.8149394989
30.8034000397
27.2673873901
30.6064147949
34.9179191589
31.1990814209
28.0633239746
33.6424369812
35.4017105103
33.6772422791
30.3210163116
26.2536430359
22.559967041
26.3342761993
23.549074173
23.0888061523
23.4589347839
24.7455310822
25.9666843414
27.5850391388
28.638502121
33.5340919495
34.8935546875
38.5133399963
42.023273468
40.2277336121
36.7706985474
37.1581382751
31.7844104767
35.1074714661
30.6653499603
31.4162864685
28.6819324493
33.5692596436
31.4325027466
33.9216003418
32.5842514038
35.683265686
32.2910919189
30.741689682
29.5488376617
26.4853820801
24.6220874786
21.0985565186
19.9688663483
21.6226043701
20.0865936279
23.3632259369
19.659992218
19.658285141
18.8343830109
15.0136318207
15.2160310745
17.213716507
14.1568727493
13.2818698883
10.3204507828
14.1162643433
15.5792598724
11.2399587631
11.0269727707
15.8922157288
15.1985654831
20.9747142792
20.4201774597
21.4221897125
23.567489624
20.2356910706
18.3950881958
21.5447368622
19.7746734619
13.441942215
18.2333831787
20.7101383209
17.0723628998
16.0221843719
20.8410892487
20.42811203
16.4882698059
19.9526977539
23.7832698822
22.4327373505
19.997428894
21.3086929321
17.9203948975
15.7425174713
12.5229701996
9.72524929047
14.041390419
12.4678077698
14.8352298737
13.5918884277
15.5513839722
12.7915029526
8.5700044632
9.74332427979
10.9830245972
6.67874956131
6.88413858414
7.58919858932
5.7230629921
6.42563533783
5.70405340195
10.2186136246
12.4334774017
15.9236860275
18.9761581421
21.8739032745
23.375535965
21.3642063141
23.9394226074
24.1262741089
23.278345108
21.290102005
18.9449062347
20.2011089325
20.4907398224
16.8299770355
14.9216871262
19.3919239044
17.2263641357
12.573056221
13.8485145569
10.111905098
15.0648899078
16.3634967804
19.5029792786
18.5616569519
16.6565914154
21.0046005249
25.1520614624
26.1796150208
29.6292877197
26.0741825104
25.1894302368
29.414484024
30.6027393341
25.7320804596
28.4074668884
25.9193153381
28.0753860474
31.8981647491
32.1675643921
30.7560424805
32.4912605286
35.6254768372
35.0598716736
36.4256973267
40.4979400635
40.0713806152
42.4296264648
45.958366394
48.0520057678
51.5748710632
52.6339035034
48.5946998596
49.1402893066
42.8955345154
41.2333106995
40.4351501465
38.0536804199
41.0277557373
37.1733055115
41.2110786438
40.2266387939
43.3007316589
46.1289787292
45.2108612061
42.0051689148
41.4742698669
45.9878959656
42.8353424072
40.1082305908
41.5090065002
39.5934715271
44.5113449097
44.7390365601
38.8753242493
39.4883308411
42.9529876709
41.2265625
35.3300704956
38.7718276978
40.8510971069
36.3332939148
33.9928245544
38.8072853088
39.4216003418
33.7798919678
37.497882843
30.1429729462
30.5517730713
26.9009838104
29.504365921
31.3932189941
36.8023986816
37.2280845642
39.8864974976
42.0292663574
44.5439376831
46.6318244934
48.7058906555
50.0699615479
51.6564750671
48.9780960083
46.9956817627
43.408493042
44.9969596863
39.3890953064
41.2522735596
36.5956344604
34.6281776428
35.4319992065
31.7151584625
32.6040992737
29.0945663452
27.6851730347
24.9549980164
21.0333576202
20.9899101257
25.4782829285
22.3550834656
17.3760509491
21.2390575409
23.163860321
19.4538497925
16.0652828217
13.6398553848
15.7919969559
15.9635915756
13.3743228912
17.686416626
19.115945816
14.4813404083
16.3869438171
19.8478145599
19.3386116028
16.4481487274
20.5434188843
22.8911838531
20.547246933
21.3778247833
24.8227863312
25.5581283569
23.410118103
26.4409255981
30.9953250885
28.8002948761
26.710647583
31.708940506
33.8314781189
34.0218315125
29.9080677032
27.4244365692
24.8056335449
25.6139526367
22.7694244385
19.5670051575
20.5651416779
18.9118652344
21.9380226135
24.0965042114
22.4246807098
26.9180583954
26.1439228058
29.4733390808
32.2671318054
29.6653347015
26.4662399292
27.8434791565
23.6202468872
28.0653457642
25.6186504364
27.5326786041
26.6865615845
32.6622467041
31.0272693634
34.904548645
32.5440940857
34.108165741
29.9576358795
28.4578018188
25.9585990906
24.344499588
24.4779949188
19.999256134
24.1845378876
25.0041503906
25.6343955994
29.6200809479
25.6636734009
23.637348175
20.6859931946
19.5608768463
16.1274337769
16.2400474548
19.1648483276
18.6421604156
18.2352046967
21.4173316956
23.1499633789
21.3358592987
22.8092937469
26.9698791504
25.1939220428
29.2607135773
26.2472915649
25.2463912964
25.0054721832
21.337020874
20.4583854675
20.6877708435
17.57122612
14.5342588425
16.1659088135
15.1168985367
11.1908655167
11.8612651825
14.0264978409
10.6634550095
7.14567184448
12.5190420151
13.8809213638
9.56664085388
8.72757339478
12.3117427826
11.2565536499
11.8563394547
9.09118080139
11.605099678
13.6249198914
16.3094539642
19.3503189087
20.9361686707
21.8088359833
22.9613056183
18.2326850891
16.826631546
20.756439209
19.5527667999
14.0395345688
15.2842264175
17.5458030701
15.9236850739
12.0786485672
11.770485878
6.86571359634
5.34722518921
5.48028850555
8.40418243408
8.92855453491
6.36204767227
9.12066650391
10.9302110672
10.3609361649
8.21296977997
5.82680463791
10.5995063782
11.2721776962
7.83295917511
8.6086025238
13.6669940948
12.8482093811
10.7578039169
14.4693756104
17.7119579315
19.9279155731
20.4782238007
22.3036251068
19.8131408691
17.4806690216
17.4823265076
22.075717926
21.5182876587
24.2827072144
20.5632171631
17.7274093628
21.2384357452
22.228509903
15.7630710602
17.2664432526
13.1508588791
16.8912677765
20.2879943848
19.0507717133
17.2475147247
20.4309463501
23.5302314758
23.591173172
41.669834137
45.6311187744
43.8917312622
45.8903121948
48.5905647278
50.4125442505
54.3584213257
54.4414710999
50.0343780518
50.9478340149
44.5255622864
43.5343856812
43.2281455994
41.7461624146
45.3970298767
42.2462234497
46.7662467957
46.0943717957
49.8439865112
52.264213562
52.2485733032
49.2226791382
48.0360603333
52.9257698059
50.5911865234
47.42527771
48.3638877869
46.0474891663
50.5800285339
50.2138519287
44.5593032837
44.7234916687
47.0727920532
45.8564758301
39.9588890076
42.7008018494
43.9506454468
39.4028205872
37.2348937988
41.2772254944
41.2033042908
35.6375465393
38.1887741089
30.3782653809
30.4890193939
27.5608062744
31.3222789764
34.1692085266
38.64894104
40.2765045166
42.0004920959
45.1983032227
48.3306465149
50.7728462219
53.4753417969
55.4042625427
57.4748687744
55.1311378479
52.749835968
48.6837730408
49.8193511963
43.7835540771
44.5963592529
40.0898208618
36.8480072021
38.2571678162
34.5130577087
34.9215354919
31.4199180603
31.3128261566
29.6110248566
25.1826095581
27.4121189117
30.474609375
26.0564746857
22.8180007935
27.5170383453
27.4395141602
23.2126045227
21.5973148346
17.9804840088
18.7854366302
15.9122600555
11.0867414474
15.0286912918
19.9056148529
15.3029203415
14.916390419
18.6380405426
20.6201667786
17.041765213
19.1053295135
22.752286911
22.3009471893
21.4328632355
23.8856525421
26.413351059
25.0769481659
26.3533172607
31.4194164276
30.4024219513
28.2909183502
32.1009483337
34.9831695557
35.6788902283
32.6231079102
30.9373855591
29.9749755859
29.9701213837
28.7659606934
24.4205646515
26.9733791351
24.7350502014
28.4843482971
29.5478858948
26.566324234
30.4486179352
28.5068092346
30.8011856079
32.8251152039
29.4204082489
26.9921741486
28.3050422668
25.3232498169
30.0484485626
28.5830383301
31.7697429657
31.3720226288
37.4329299927
36.7365341187
40.8320083618
39.3111763
40.262096405
36.3707389832
35.5513877869
32.9841117859
32.2731323242
33.32213974
28.383687973
33.3875961304
33.5068893433
33.9728431702
37.4369659424
33.1196289062
31.3334827423
28.5812129974
28.5444641113
24.9701023102
23.4832630157
27.0041599274
25.4199962616
25.042640686
27.3061256409
30.0821876526
29.356136322
29.8738822937
33.8149299622
31.0774288177
34.5278930664
31.4456787109
28.8527126312
27.6249103546
23.8921108246
25.2304821014
24.3919830322
20.1657791138
20.5053691864
21.4338741302
18.2596435547
16.1608047485
18.6446266174
19.0976295471
14.5591411591
15.0034132004
19.5588130951
18.1090526581
13.2589855194
15.9634590149
19.7302017212
20.2657585144
21.0146541595
18.3811187744
20.8478927612
23.7602787018
26.7003479004
29.7955284119
31.289188385
31.7753391266
32.9422950745
28.208694458
26.6226387024
30.0340232849
28.778087616
23.6899986267
23.7421417236
25.3763542175
24.1262702942
19.2845115662
20.6723175049
15.2687864304
14.8959646225
10.9302139282
12.6670217514
11.9403858185
12.2409582138
8.46118450165
5.51390314102
4.80234766006
6.95234155655
7.05941200256
7.6623134613
10.6609773636
11.4584121704
11.4295606613
12.5340538025
15.4319257736
16.2918281555
17.3007774353
22.9903316498
23.00938797
23.8901042938
23.9412231445
20.5509033203
20.2975692749
17.3525810242
21.0946521759
21.0761032104
21.2932033539
17.6909236908
15.9268884659
18.3683357239
17.2540836334
10.9942131042
10.298333168
9.33907604218
13.0984811783
14.2404184341
12.5279884338
12.5408725739
16.7025184631
20.2788352966
20.2640457153
38.246181488
42.5742149353
43.9120903015
45.1980133057
49.491394043
49.6337013245
53.3670578003
53.9876022339
51.0276031494
52.5933532715
45.7324790955
45.1229248047
42.6594772339
39.8602027893
41.7013244629
36.4562301636
40.500038147
37.7688026428
41.0758247375
41.6157531738
40.7700881958
38.259475708
36.3794326782
39.4020080566
37.2161483765
33.4002990723
33.7726745605
32.7643470764
37.4086456299
36.6767196655
31.0654125214
34.1164512634
36.91223526
33.1188240051
29.5487174988
34.1669616699
34.9341697693
30.2047672272
30.2641716003
35.1274299622
34.8917007446
30.472158432
35.7748832703
30.1962776184
32.4216499329
29.1875247955
29.3235111237
32.3592605591
36.4165802002
35.4443855286
39.7153244019
40.0327720642
40.8274612427
44.4669151306
44.6883163452
46.9070167542
47.6760635376
45.7367019653
44.8380470276
40.2955322266
43.3320426941
37.714138031
40.7010498047
36.9976081848
36.7321739197
39.7713699341
36.4045829773
38.8449897766
36.7429885864
33.9962692261
31.1505050659
28.157875061
27.848783493
34.2459487915
32.3274345398
27.5267543793
30.8665370941
34.7382850647
32.2589187622
29.1476364136
27.80534935
27.3602352142
29.2200202942
26.4486083984
29.7551784515
29.7442054749
24.4381446838
24.9110431671
27.6676921844
26.6762142181
21.5592975616
24.9073543549
27.187505722
22.1548194885
21.7380657196
25.5111808777
24.6151180267
20.7832145691
23.1298885345
27.8052158356
24.1034069061
20.2530097961
25.4682369232
27.7253112793
25.5437660217
23.295759201
19.1463375092
16.9833145142
21.1013336182
20.5193710327
19.5062847137
21.9681510925
23.790643692
25.5193443298
25.3463172913
26.1699981689
31.0634498596
32.6373214722
35.65234375
39.1602630615
37.2124443054
34.0336914062
33.6137428284
28.2101535797
31.2907085419
26.3421440125
28.0275001526
24.6885757446
29.5269966125
28.4169044495
30.8156356812
31.2772102356
34.2585830688
31.4503288269
30.9740066528
30.2133789062
27.8724708557
27.1513195038
22.387720108
21.9915142059
22.0482273102
19.6585178375
21.668800354
17.0945053101
17.9863681793
18.0472774506
16.3801651001
16.4842567444
15.7518033981
12.4828691483
9.02437210083
5.90018939972
7.63374233246
11.5389766693
10.3684177399
8.12022972107
11.9985466003
9.0619392395
14.1153154373
13.6034240723
13.010099411
15.1687793732
11.7143583298
11.7896776199
15.114689827
12.8517427444
9.10688686371
14.0196447372
16.100976944
13.9660167694
14.452753067
18.7075614929
18.5217323303
17.4755172729
20.4823207855
22.7986679077
22.534204483
22.0940074921
23.4748935699
21.334066391
18.2030181885
14.7615404129
12.4061365128
19.2773208618
19.1566066742
22.5933570862
20.5369377136
20.1798610687
18.6790237427
16.4193000793
14.6883859634
14.2805995941
13.3904333115
13.6964578629
8.98738098145
7.10929107666
10.1119041443
7.08592224121
12.0929374695
12.2669744492
16.617565155
17.7119636536
22.1326808929
25.3067874908
25.6402339935
22.361366272
23.6383056641
22.9903354645
21.0579204559
19.5432605743
19.0217590332
16.7773399353
16.348991394
14.3732757568
11.9333953857
13.8139801025
11.7264194489
8.95995521545
7.08727073669
5.76725149155
7.0713224411
9.95525932312
9.86417579651
8.6066198349
13.4349822998
16.7825984955
18.7644367218
21.6928653717
18.5763530731
18.9700622559
23.0820522308
23.9882164001
20.7607154846
23.8729152679
23.0246677399
23.6713924408
27.1793880463
28.6449565887
27.9641685486
28.5556373596
31.8532810211
30.7209205627
35.3926239014
39.5039978027
38.8268356323
39.2280197144
42.3678436279
41.5961685181
46.051902771
45.0593719482
41.7834739685
44.1586723328
36.8867645264
37.5904350281
35.4807929993
34.1373023987
37.0030784607
33.1124038696
38.0324401855
36.0506591797
40.7525100708
40.609577179
41.8634719849
39.7745132446
36.6515769958
40.8155593872
40.5683517456
36.1493301392
35.6615905762
33.4083786011
36.9657096863
35.1955909729
30.3016624451
31.5036144257
31.9800415039
29.9407157898
25.8967819214
28.6782035828
27.9638538361
23.2911128998
23.4447078705
26.7653274536
25.3340892792
21.0239639282
24.5338191986
18.6100273132
21.0096607208
19.0844478607
20.2140693665
25.0328941345
27.2381210327
28.1950244904
31.0204029083
32.9354934692
34.8967819214
39.1375732422
40.6506576538
43.918838501
45.7559585571
44.5031356812
42.7130470276
37.2995796204
39.3250732422
32.9720001221
34.0177459717
30.7556533813
28.6824264526
33.2471961975
30.002161026
32.2459220886
30.829252243
29.4712142944
28.3029575348
24.9073486328
28.2426452637
32.709072113
29.42436409
27.1345767975
31.697435379
33.3535881042
30.8758087158
30.049943924
27.8722724915
24.7075996399
24.9867477417
21.8739242554
23.1351184845
24.2538528442
19.3259677887
17.137676239
18.8525047302
20.022813797
13.9717473984
13.99812603
17.1731014252
14.072098732
10.4977483749
12.7433385849
13.842086792
11.3903188705
10.1040639877
15.7880887985
14.1628799438
10.5660362244
13.3704214096
17.1014099121
16.5202693939
15.923910141
14.5107870102
16.7759895325
17.3966789246
20.334312439
17.0216159821
22.2843284607
22.9669628143
25.7984237671
23.3922462463
22.1130409241
25.8394165039
26.4081630707
27.7715492249
30.5329875946
28.094751358
25.9495620728
24.5522785187
20.5642051697
23.3671150208
19.5658054352
23.439912796
21.1059074402
25.8393192291
26.7739143372
29.7188262939
31.7303085327
33.2133293152
31.0882530212
32.099647522
31.330532074
30.9348430634
32.473613739
26.8717651367
29.7862243652
27.9871845245
26.665594101
27.6686325073
23.3375854492
23.3321838379
22.9545955658
24.9400291443
23.3575401306
19.3650302887
20.5307197571
17.2376613617
18.177072525
16.8218460083
20.0853767395
22.9082832336
22.4792079926
23.4454364777
20.1558494568
20.0136394501
17.0681095123
12.4560508728
9.96171665192
8.16582107544
12.844037056
11.4473657608
8.05063056946
14.3994169235
14.1468877792
11.9070253372
14.0974140167
17.2108097076
17.3947200775
16.7413692474
20.7617435455
22.3127574921
20.6968860626
21.7475013733
24.7191295624
26.1089477539
26.5810813904
24.0373706818
21.733839035
22.0813732147
28.1721191406
30.2451591492
34.3465538025
32.9624824524
30.9197921753
31.9906406403
30.1175537109
26.6159210205
26.908323288
28.4144515991
26.5796031952
21.4185142517
22.394952774
25.1520690918
19.5653514862
24.7683639526
20.5377693176
24.5165615082
22.0757217407
26.2011566162
28.9912605286
27.1209907532
23.1868000031
22.0417022705
21.0946578979
17.5296669006
17.3540554047
20.5076446533
14.4306507111
12.0228776932
14.8582868576
14.6789693832
10.6702947617
10.2530212402
14.392706871
12.5017213821
16.7826023102
13.0034666061
11.3391809464
9.42781543732
9.86943149567
9.27025508881
5.23235177994
5.62707662582
6.0902299881
5.43045282364
7.64968633652
9.69413566589
10.2086277008
11.8837299347
14.7614603043
16.7811069489
14.0697526932
15.9827833176
19.3350334167
20.0321178436
18.3100528717
21.2960987091
19.3638019562
38.9870414734
42.8706626892
40.5635871887
41.837059021
44.1222076416
45.0238265991
49.3528442383
48.5351905823
44.2213516235
45.7771873474
39.02551651
38.9553146362
38.4622421265
37.6340408325
41.5078353882
38.7522697449
43.6343231201
42.9452209473
47.3628807068
48.9371833801
49.9056434631
47.2589492798
45.2189025879
50.2621002197
49.0438079834
45.385761261
45.7288398743
43.0770797729
47.0197486877
46.0414085388
40.8398399353
40.6341781616
41.8115463257
41.0621147156
35.47813797
37.5298042297
37.9251365662
33.5487594604
31.7764720917
35.0029945374
34.3116455078
29.1372795105
30.8964214325
23.2874851227
23.5930194855
21.4520893097
25.4311828613
29.2202167511
32.4905738831
34.7918052673
36.0422439575
39.6471481323
42.9712333679
45.9331588745
48.8417778015
51.4055786133
53.781627655
51.9424209595
49.4046401978
44.7735214233
45.7188796997
39.4176559448
39.5069274902
35.4595756531
31.6714076996
34.33776474
30.752904892
31.4350566864
28.6934299469
28.9821643829
28.1594619751
23.822719574
27.8748168945
30.5318489075
25.7983894348
24.0478363037
29.187210083
28.6651077271
25.02186203
24.8172454834
21.4334144592
19.441400528
16.5193195343
12.0048513412
13.4691696167
18.3694648743
13.8537664413
10.9689598083
13.9304876328
17.3823890686
12.8252458572
12.4840602875
16.9245910645
17.4077644348
14.9703626633
16.3599796295
19.91314888
19.3357543945
19.0041561127
24.0428657532
23.9746780396
22.1987762451
24.69323349
27.8916168213
29.0802993774
26.9445858002
26.2500019073
26.9264888763
26.0352535248
26.682888031
21.8990287781
25.9233875275
24.041885376
27.9310188293
27.3394622803
23.92760849
27.2180728912
25.2998867035
26.5773296356
28.3580055237
24.7804412842
22.9513244629
23.2897815704
20.926240921
25.2168636322
24.0155086517
28.1168880463
27.7797718048
33.4253883362
33.7438735962
37.7217903137
37.5156669617
38.0784873962
34.8799781799
35.0603523254
32.9954948425
33.0462379456
34.9642601013
29.5451812744
34.8143386841
33.8620147705
34.0512428284
36.6183128357
32.2977104187
30.8026485443
28.5992088318
30.053150177
26.7163734436
23.5623130798
27.3970355988
25.2257003784
25.7501468658
26.5917453766
29.5351676941
30.55519104
30.935503006
33.723575592
30.606918335
32.4090232849
28.9343700409
25.2908267975
22.9882831573
20.1334590912
22.7543106079
20.7349147797
16.6415233612
20.3387756348
19.8174152374
15.4627580643
15.8865938187
19.3106193542
18.3031578064
14.6087503433
18.4137325287
21.2570095062
18.1137714386
15.8759746552
20.2441539764
22.996006012
24.4657096863
24.1350669861
21.9440460205
24.1952648163
28.2643756866
31.4417648315
35.1598205566
35.6786117554
34.815536499
36.5292739868
32.8705062866
30.0903911591
32.5332450867
32.7236862183
28.442243576
26.1939907074
27.9915218353
28.4074668884
22.5819034576
25.832403183
19.9623794556
21.4920635223
17.2664432526
19.8176746368
20.5850105286
18.7768974304
15.0142946243
11.7111492157
10.2983379364
7.62666416168
9.77536296844
13.5922031403
8.86663722992
9.01679897308
12.9790725708
13.783741951
10.6181097031
13.8370141983
17.4259223938
17.3826217651
23.8729152679
22.0025787354
21.9094467163
20.8724365234
18.2656993866
18.0922527313
12.9967689514
14.7614583969
14.3510694504
13.0067796707
10.5750598907
9.2673368454
10.0501050949
7.89309024811
4.44428300858
6.89557218552
6.51048946381
5.77883720398
6.81833028793
9.05859184265
10.5556926727
14.3963785172
13.4867181778
