33.4140663147
34.8879203796
37.7386894226
38.9352035522
41.6047706604
44.4143257141
16.8095436096
15.8145523071
19.9814682007
19.3991584778
23.7038326263
25.8567867279
29.9719924927
33.1062088013
34.259513855
35.614906311
33.549659729
36.7288360596
32.3487815857
35.2066879272
35.8326797485
36.7775382996
33.3017616272
36.1581420898
31.5058631897
34.3448600769
33.7544517517
34.7595024109
29.6393871307
31.9151992798
31.5058631897
34.3448600769
33.7544517517
34.7595024109
29.6393871307
31.9151992798
40.2402687073
42.2833175659
43.9418106079
43.9050216675
41.0481452942
43.8096656799
32.7960548401
35.5777053833
36.8716049194
37.4894561768
34.1494598389
37.2467002869
32.7960548401
35.5777053833
36.8716049194
37.4894561768
34.1494598389
37.2467002869
29.7063674927
32.0332183838
33.7816467285
34.0150871277
31.4634742737
34.5376663208
25.5094985962
27.2057590485
29.6537036896
29.3917961121
27.8975658417
30.9270248413
26.3556346893
27.5385913849
30.7080955505
30.3818759918
30.7115039825
33.6619491577
46.8022613525
49.3052635193
50.9648170471
52.6800613403
53.1144332886
56.0181694031
35.7980461121
38.7957229614
40.8418045044
42.3622131348
41.7594337463
45.1736221313
35.7980461121
38.7957229614
40.8418045044
42.3622131348
41.7594337463
45.1736221313
30.8286399841
34.3776473999
35.4554328918
37.7253646851
36.7943534851
40.0552825928
29.0275382996
32.8097305298
33.0151519775
35.476146698
33.4567680359
36.5288772583
29.0275382996
32.8097305298
33.0151519775
35.476146698
33.4567680359
36.5288772583
31.5491886139
35.0125541687
35.0855331421
37.7032852173
36.5445175171
39.3060188293
38.6372833252
41.886264801
41.4427108765
44.4869613647
43.8625679016
46.257270813
38.6372833252
41.886264801
41.4427108765
44.4869613647
43.8625679016
46.257270813
34.3071136475
36.7236633301
38.4268074036
40.3821983337
41.8040008545
44.6285095215
35.6389350891
38.2204627991
40.3019866943
42.1200637817
43.1801986694
46.3065567017
35.9303016663
38.1499671936
40.6148262024
41.9962882996
43.2145118713
46.2822761536
25.8620033264
29.1817493439
29.9971694946
32.6221199036
32.8772354126
35.8216743469
28.8403434753
31.7124156952
30.1903476715
33.7513465881
33.8447723389
35.5925827026
36.0589866638
38.7336616516
38.9053993225
41.7844543457
42.8445358276
45.1108856201
26.7030124664
28.2162704468
30.3832893372
32.1987991333
35.4871444702
37.989906311
25.1515331268
27.2600135803
24.4608287811
27.9127197266
27.6895503998
28.7137947083
32.1162910461
34.4361228943
32.7759895325
36.1931800842
37.0754699707
38.4335594177
26.9458351135
29.2252540588
27.4002380371
31.0216197968
32.0459136963
33.3274765015
17.8652687073
21.0833492279
21.463760376
24.3549041748
25.4340496063
28.0424137115
14.7450428009
17.7950687408
14.9666624069
17.1240882874
11.1632232666
12.9884328842
17.7318382263
21.5677585602
21.396604538
23.0312404633
18.3226966858
21.6240196228
18.4964427948
20.0087776184
20.5481319427
19.795463562
14.8276529312
17.2473526001
15.9361524582
16.5300426483
18.389131546
16.9141902924
14.2146568298
16.7236156464
12.8668375015
14.8785028458
14.7810096741
14.7424573898
9.51056098938
12.4607009888
7.04942035675
9.89093875885
10.078710556
10.9408073425
7.89855575562
11.3437299728
3.95437049866
6.46382665634
5.14199066162
7.30174303055
6.50625419617
9.27762126923
