19.3811416626
18.4789543152
14.3047761917
15.462231636
13.3265485764
13.5687360764
17.6068229675
19.7929954529
23.9166660309
24.0589427948
22.1165294647
22.3996047974
26.229724884
26.3529453278
22.7263031006
25.9833564758
28.3583774567
29.7795715332
30.4167633057
29.7663993835
33.1463241577
29.4723262787
26.1570224762
24.5318584442
20.7816429138
17.4899158478
19.2907600403
21.7212753296
22.2954807281
26.067281723
28.5716304779
32.178024292
35.1276321411
33.1142082214
33.492099762
27.575750351
29.6259040833
25.1068286896
26.9175662994
23.5672130585
20.8073158264
24.2970161438
21.9248027802
24.9492988586
25.903503418
23.7723369598
20.5846233368
23.1081352234
19.7067661285
26.0806007385
25.5656681061
29.4726676941
30.5567932129
32.0789260864
28.1315555573
27.4685707092
23.2322158813
19.8163089752
17.6179618835
16.7368679047
18.4940185547
21.3704032898
21.7264118195
21.8764266968
23.4331932068
27.2550411224
25.9843788147
26.6614570618
30.1812019348
31.2319889069
29.5780849457
30.5785179138
28.553478241
25.9817352295
30.4505577087
29.7028160095
29.6743164062
24.8628959656
28.4575901031
25.9255828857
22.8710098267
22.6378517151
21.1793556213
17.5213375092
21.6317806244
18.7537212372
18.897436142
19.4073066711
20.2095375061
18.3415813446
17.2979545593
13.0302991867
14.2322788239
12.0505714417
12.5283174515
16.5303421021
18.9027748108
23.0679340363
23.2671909332
21.203125
21.3687019348
25.2822151184
25.4738922119
21.7040138245
24.9005355835
27.3979492188
28.6997947693
29.2772369385
28.5958957672
32.0477409363
28.3154182434
25.0151996613
23.358127594
19.610042572
16.2746448517
18.285610199
20.6394023895
21.1746864319
24.9584083557
27.4684791565
31.0962104797
34.0722579956
32.0910644531
32.5175819397
26.5626831055
28.6202812195
24.1652545929
26.0188102722
22.835231781
19.8580970764
23.536190033
21.3126354218
24.3972816467
25.5556564331
23.4331035614
20.121761322
22.5230770111
18.857875824
25.3160953522
24.6365432739
28.5832309723
29.801153183
31.2664985657
27.242401123
26.7069339752
22.2851600647
18.9791660309
16.5717048645
15.5708370209
17.3722515106
20.3500881195
20.6774024963
20.7279548645
22.3811244965
26.2481575012
24.9282741547
25.5722198486
29.1416130066
30.2356910706
28.5401000977
29.6233882904
27.5964393616
24.9381561279
29.4346618652
28.6124839783
28.5726261139
23.7191848755
27.3053092957
24.7450752258
21.7422370911
21.5260772705
20.1398563385
16.4092082977
20.6471176147
17.8150081635
18.0352058411
18.7415828705
19.6039237976
16.3987979889
15.7132616043
11.3440351486
12.2432308197
10.2328929901
11.1850919724
15.1755599976
17.9190769196
22.3262081146
22.394443512
19.9933834076
20.0902462006
24.1493377686
24.1819705963
20.1196556091
23.3857288361
25.8024501801
27.1157684326
27.6949615479
26.9636325836
30.5679264069
26.8330841064
23.4849834442
21.9543972015
18.1348552704
15.0056285858
17.6094017029
19.7244739532
20.0061626434
23.8472671509
26.048538208
29.8837127686
32.7306289673
30.8173179626
31.4411277771
25.4218769073
27.6661682129
23.3442955017
25.4241371155
22.5659236908
19.4374084473
23.4382343292
21.4945926666
24.6783466339
26.0758457184
23.9337978363
22.721118927
18.6384849548
25.2712898254
24.2183170319
28.2929935455
29.7313117981
31.0423851013
26.8858757019
26.6913909912
21.8640060425
18.856918335
15.9140472412
14.6296644211
16.2480735779
19.5968704224
19.9888114929
19.5772151947
21.2913837433
25.4961280823
24.1001014709
24.3992881775
28.0850334167
29.4261741638
27.6942443848
29.0583305359
27.0159511566
24.1299552917
28.5802669525
27.5416908264
27.4347286224
22.4383602142
25.7922420502
23.016330719
19.9760475159
19.5647239685
18.0222396851
14.2571821213
18.4791984558
15.796040535
16.1028556824
16.9169883728
18.0747623444
15.3302812576
14.9719896317
10.6871747971
11.4066791534
9.59042549133
10.9062643051
14.7543745041
17.6480751038
22.1091156006
22.1596641541
19.5828170776
19.5906562805
23.7407131195
23.7248268127
19.4230003357
22.7159919739
25.0629749298
26.3654632568
26.8747558594
26.1142635345
29.7644138336
26.061580658
22.7240066528
21.2914867401
17.4739398956
14.5075759888
17.4094772339
19.3609256744
19.5095539093
23.3660926819
25.3719444275
29.2976474762
32.0552215576
30.2100772858
31.0087585449
24.9517593384
27.2727241516
23.0612106323
25.2242164612
22.6006069183
19.3996009827
23.5922031403
21.872467041
25.1077041626
26.6399688721
24.5617237091
20.9972782135
23.1573562622
18.8035087585
25.4629669189
24.1637401581
29.89777565
31.1300411224
26.8805809021
26.9233951569
21.8652439117
19.1552944183
15.9068937302
14.3984508514
15.8749723434
19.4322013855
19.819360733
19.0898704529
20.8380756378
25.2413024902
23.7867259979
23.8616981506
27.608455658
29.112203598
27.3471012115
28.8912506104
26.8436641693
23.8343029022
28.2310390472
27.0715179443
26.900182724
21.8348884583
24.9838829041
22.1159362793
19.074848175
18.5233325958
16.8644733429
13.0693635941
17.1611766815
14.750872612
15.3810987473
16.1864204407
17.4223365784
13.5746564865
13.1799268723
8.63878631592
9.51539230347
7.64002132416
9.45537471771
13.2742185593
16.5463142395
20.9796447754
21.1567783356
18.458946228
18.2548522949
22.5172786713
22.676410675
18.1972141266
21.3377532959
23.7977657318
25.0364398956
25.4905529022
24.6558570862
28.2802371979
24.5139598846
21.1460208893
19.6280536652
15.8860502243
12.8232250214
16.1252803802
17.8859291077
17.9976730347
21.854631424
23.8852901459
27.8361930847
30.5860958099
28.8457221985
29.6609611511
23.5715866089
25.8735656738
21.7775306702
23.9315452576
21.5831451416
18.1920661926
22.5998802185
21.118850708
24.4058418274
26.1315860748
24.0940151215
20.408624649
22.4786777496
17.79296875
24.5113315582
22.9692592621
27.1994476318
28.9289493561
30.0739135742
25.7570610046
26.0151405334
20.7296180725
18.2849731445
14.7104473114
12.9071702957
14.3482265472
18.4800834656
17.4968070984
19.3726234436
23.9116573334
22.3766536713
22.3356494904
26.1672267914
27.7589969635
25.9475288391
27.6356964111
25.5621967316
22.424659729
26.8506736755
25.5783824921
25.3800163269
20.2299156189
23.3952579498
20.4878540039
17.333820343
16.7264060974
15.1183376312
11.4245843887
15.9062147141
13.4599819183
14.0529079437
15.4186964035
16.6309432983
12.4946317673
11.963599205
7.59549713135
9.65655326843
8.25524330139
10.506652832
13.9833784103
17.5637264252
21.6062679291
22.1648349762
19.4738731384
18.8234138489
23.1018886566
23.7012691498
18.9670314789
21.6148700714
24.2409877777
25.314201355
25.5487213135
24.3359508514
27.7684230804
23.9484882355
20.7190055847
18.874874115
15.7966432571
12.2802448273
15.9706907272
17.2821102142
17.8622093201
21.3777141571
23.8235721588
27.4320926666
30.4022426605
28.9419250488
29.7098960876
23.7233581543
25.6610813141
21.9191589355
23.5015964508
21.4015769958
17.4228248596
21.8379802704
20.2820034027
23.3190116882
25.1836662292
22.9179840088
19.3052558899
21.0393600464
16.6171836853
23.3695697784
21.8935451508
25.9670009613
27.6315422058
28.5516967773
24.1999092102
24.4654178619
19.0483055115
16.5372581482
12.7689218521
11.5517702103
12.3811368942
16.0840568542
17.0286998749
15.9700565338
17.3796482086
22.1712303162
20.9611759186
20.7491645813
24.5001525879
26.1426734924
24.6545257568
26.2497444153
24.4353351593
21.3815307617
26.127948761
24.7093982697
24.2038936615
19.0118312836
22.4200000763
19.7476711273
16.2838020325
16.2155399323
14.5986890793
11.5398597717
14.2118701935
15.2062253952
16.657119751
17.5974998474
