86.6568603516
89.1315536499
87.1121749878
85.8408279419
84.0780410767
88.3302612305
86.0697021484
79.6796569824
91.4624099731
87.4425125122
87.7859649658
86.2721557617
86.0020217896
81.5007705688
83.0498275757
84.0815505981
81.0566558838
80.0864181519
81.9117279053
77.6205368042
80.202911377
78.5721130371
79.3192901611
77.833404541
74.3169555664
79.1875228882
79.0633621216
81.9226531982
82.6811676025
76.2447967529
81.9724655151
76.8090286255
77.5540161133
73.6465759277
76.4747009277
75.6733856201
73.3113708496
75.9030838013
71.6872329712
72.3609619141
72.0920410156
70.6428451538
73.7227478027
72.8802261353
78.5891876221
80.8060836792
86.412727356
83.8024749756
82.6930999756
92.4613265991
86.5251617432
91.9457397461
93.4533615112
90.6302871704
91.9370117188
86.7290420532
88.9561233521
83.3355560303
86.897567749
84.8237686157
78.7043685913
84.5340499878
80.9485244751
80.5370635986
80.4452056885
78.3202667236
74.7910079956
74.8786621094
76.5827865601
70.5978164673
69.7903289795
68.5167694092
65.0817489624
62.2997665405
63.8515472412
67.2420654297
71.0913925171
65.5211639404
74.9335174561
74.0544967651
76.4438705444
79.9555892944
84.2192611694
85.3312606812
87.7935409546
91.0800170898
90.8626556396
89.3302841187
92.1802749634
98.103263855
96.9592514038
91.3110580444
92.1430740356
87.1839294434
83.087387085
86.1644744873
78.706817627
75.9353485107
73.1745834351
69.6547546387
70.0370025635
67.1222381592
68.1502151489
64.5762329102
68.3793869019
66.2030639648
65.0284729004
67.0115432739
62.5280227661
63.8276443481
65.2824478149
62.7160377502
57.4338264465
57.885761261
51.3939399719
50.6963996887
51.2610969543
54.3155250549
56.016002655
53.9545326233
57.5381622314
58.1364822388
57.1269989014
57.1959037781
61.3097610474
62.3259086609
59.0698242188
61.386631012
60.1253967285
63.3711090088
63.6482429504
66.1223449707
67.2663269043
67.9666366577
66.4282836914
67.4685287476
65.0971603394
73.7354278564
72.896484375
72.4617462158
76.1173324585
73.5156326294
69.2751846313
71.2824783325
58.6267814636
58.1107673645
63.2045402527
62.6277656555
63.5678520203
61.5348396301
63.4045066833
61.8486404419
63.929901123
56.1028327942
62.1296920776
63.3495025635
65.2874984741
68.4003372192
72.7840270996
74.185585022
74.9212646484
72.3893737793
78.4121398926
27.1354103088
33.7656135559
13.4994659424
31.4390983582
17.3786849976
24.0244598389
18.5074367523
16.5532283783
20.8602313995
29.040189743
30.5725002289
27.7509117126
29.1145172119
23.9162025452
36.2588653564
72.8081359863
78.9186401367
73.7971954346
71.1014099121
76.1905441284
68.584312439
69.8478622437
72.5330047607
73.519744873
73.9327316284
77.1521606445
73.7491073608
74.8358764648
67.6608352661
74.1623077393
70.7365646362
68.697807312
65.863243103
69.7334518433
67.6178665161
65.7272796631
69.5191421509
66.2844009399
63.2050895691
58.7452316284
63.00025177
63.633518219
58.0190238953
58.2419204712
63.9091720581
61.3880271912
58.4206085205
64.8943786621
59.8761711121
63.1718330383
68.7131881714
65.813835144
69.8153762817
72.1116867065
69.7257232666
76.1755447388
78.999420166
81.0476303101
79.3143615723
76.2191162109
73.8767547607
76.3603363037
73.6436538696
72.0062866211
67.8356781006
70.9212722778
72.4290390015
66.3038253784
66.9397277832
66.3934326172
70.2711410522
70.5734939575
67.1319503784
73.2284927368
72.1011352539
74.1246185303
76.0750656128
77.0638885498
74.4300689697
76.8421325684
80.6371536255
82.7339553833
84.7180557251
79.4781494141
82.3061599731
81.655921936
82.8599395752
76.1765975952
79.5738677979
80.9198455811
79.173286438
76.6936035156
73.4114990234
73.6292190552
63.9902954102
59.9321784973
69.1022491455
63.82213974
63.5100479126
59.4151954651
63.7920799255
65.5591506958
62.8493499756
59.9092178345
55.2750244141
58.4783821106
61.0943107605
57.5053253174
55.6601257324
48.742099762
51.3479232788
54.3393058777
53.3980102539
53.0536727905
57.6361618042
57.753452301
57.8145713806
60.477180481
63.0968093872
62.8661651611
62.2864532471
65.9406356812
68.1689758301
69.6054916382
73.996635437
73.7581863403
73.2981567383
72.5194320679
70.0733261108
70.3838272095
65.1916046143
66.1491470337
66.3938674927
64.030456543
61.5698165894
61.6160583496
61.023235321
57.7942047119
56.7386169434
53.2926712036
55.9555664062
57.7929801941
54.4287376404
52.488822937
55.268989563
56.6194915771
58.3233566284
59.4427604675
62.1660118103
62.208694458
62.6783943176
63.7742156982
67.2947540283
69.4728622437
72.7506942749
94.2058563232
98.6214675903
98.1953811646
102.409767151
101.940208435
103.284477234
100.759994507
96.5117950439
99.9562225342
99.4472808838
94.7842407227
93.5218734741
96.3081130981
92.684425354
89.1589660645
90.8142852783
92.2580871582
64.7053527832
67.8134536743
68.9224395752
66.0078811646
66.0610351562
70.7985992432
65.7314605713
65.7965087891
70.2273254395
64.7144241333
67.3167114258
66.4261856079
65.9189529419
62.9920501709
61.7231864929
64.7038726807
59.6526603699
60.8990020752
60.9113540649
60.5023880005
62.6263160706
61.9763298035
61.8520240784
55.9588661194
55.4166259766
61.6394538879
56.6995353699
57.9614562988
62.5844497681
60.1092414856
61.3959541321
58.5369415283
56.8877182007
53.6952514648
53.1352272034
57.1236419678
55.1997184753
54.1764526367
53.4265022278
52.8576965332
50.4039459229
51.1215667725
56.6766967773
51.6498298645
61.2164382935
61.6238098145
63.0028800964
62.7330055237
63.4628372192
69.8172836304
66.2724151611
70.8290634155
73.1599121094
70.8799438477
68.1207275391
63.4133644104
67.0193328857
65.7361221313
62.7723464966
63.1218109131
60.3073577881
62.8491668701
56.662612915
56.3100166321
56.8333969116
54.0136070251
54.4589691162
51.8204154968
55.3458976746
48.3139457703
49.1114387512
48.5995750427
43.0122299194
42.1293411255
39.3395080566
44.9017562866
47.502117157
45.1032714844
52.7792892456
52.3018951416
57.4994163513
57.1305007935
62.9173431396
65.6964645386
66.1316680908
71.9294281006
71.6939239502
69.5980529785
70.9668273926
76.0314483643
74.0340881348
68.7891311646
71.2032318115
68.349899292
64.9235305786
64.0656051636
57.0641822815
53.3291969299
53.1806144714
51.2254867554
52.4162406921
49.0550727844
46.8163757324
47.9352302551
50.5087623596
43.9937782288
49.4271430969
50.6753730774
44.3276748657
43.754524231
47.6982803345
43.4233818054
42.6031455994
38.1198043823
34.7308044434
33.1776657104
32.4907875061
37.0041542053
36.810005188
32.6054000854
35.5629272461
37.3506088257
38.3291664124
35.327960968
37.9855728149
42.1408119202
39.290397644
37.6822242737
44.1869430542
42.6126556396
40.3053970337
42.7867927551
46.2084159851
46.1491928101
44.4900779724
48.8830604553
47.3567123413
47.9749145508
48.0189628601
49.5216407776
53.8764381409
51.822769165
46.8552398682
52.9172859192
37.8388328552
38.1302185059
40.5616531372
41.9381904602
42.3043022156
43.2401008606
43.9607124329
44.4912033081
44.6846733093
36.8975906372
40.194190979
41.3464584351
46.4371032715
45.8317184448
49.7137489319
51.9061203003
52.964263916
48.6938095093
54.0635414124
28.1705856323
22.5343227386
34.3648834229
19.1586227417
36.703918457
30.9739131927
28.8062095642
32.0871086121
18.9743404388
18.6555118561
17.7009372711
26.0976219177
25.2908554077
38.1394577026
13.3444137573
55.9066505432
57.3792991638
54.1583099365
51.8640136719
54.0322990417
49.4640922546
52.2598876953
52.1991500854
53.2328224182
55.4389152527
54.5076293945
53.9175491333
54.4092941284
48.6826324463
52.6580123901
47.3965911865
48.2490730286
45.4935073853
46.2297706604
47.9648742676
41.0731048584
46.6640396118
44.3337631226
40.9243659973
41.7402153015
46.9387245178
45.1835670471
40.5689163208
40.4763946533
44.6735191345
39.7474517822
42.9944610596
44.5047073364
41.9347991943
42.5510253906
48.0536346436
45.8906517029
49.8897819519
51.1147460938
51.3428230286
60.3989181519
60.328212738
61.1801528931
60.8564300537
56.7966766357
56.3888473511
56.7838134766
56.0490264893
52.8575935364
50.319393158
52.1200447083
52.3251647949
47.6567153931
47.4553337097
44.4208641052
50.3690681458
49.6627693176
51.2123832703
51.2499275208
51.7322387695
53.6419334412
54.5863647461
57.9571456909
54.7822341919
58.3108596802
60.7474365234
61.2099609375
62.5261230469
60.0868797302
60.2466239929
63.4571876526
63.255695343
58.8289833069
60.6681938171
62.1530761719
60.979309082
58.06224823
55.2427597046
54.5290145874
49.5620765686
48.431892395
49.4889640808
43.8497314453
42.2670478821
39.7327156067
44.9145050049
45.4221839905
42.3454093933
41.218334198
37.0058860779
41.2197380066
42.3455734253
37.9167137146
36.754573822
27.5529403687
29.6975364685
33.702495575
32.2489128113
30.4042930603
35.467048645
36.8470840454
34.9978408813
36.9800415039
40.5889511108
40.2033500671
38.5862884521
42.2064971924
45.3263092041
46.1595649719
50.8435440063
49.9090995789
48.7930221558
47.9987831116
46.2379875183
46.0474243164
40.4948921204
40.7921257019
40.9201316833
38.1036529541
36.3229904175
36.6148109436
35.6402359009
32.0809059143
32.3962478638
28.9832458496
32.9250144958
33.4299926758
29.2140026093
28.2733898163
31.4942798615
30.9182109833
33.0293045044
33.5430183411
36.7101783752
37.1119689941
36.8663330078
37.5409049988
41.3343658447
43.4461669922
46.5365371704
67.9698104858
72.5581817627
72.2110519409
76.6338424683
76.55909729
77.8887176514
74.9446411133
70.8802108765
74.8277893066
73.9742126465
69.1507492065
68.3536376953
71.4827651978
67.339302063
63.9241600037
66.1790771484
67.6710662842
79.3337936401
82.6465835571
84.5443191528
80.5682754517
81.9580688477
86.680229187
79.4206085205
81.9905090332
84.6047744751
81.2210006714
82.9115142822
82.5198898315
81.3156661987
77.7781524658
76.6837463379
79.8460388184
72.5338058472
76.225944519
77.2552642822
77.2739562988
79.3132324219
79.0857543945
78.5981826782
72.9260559082
72.917388916
77.1165771484
68.3178863525
73.8659133911
76.8708343506
73.5114898682
76.5198440552
73.5690460205
74.1278533936
70.5676956177
67.9359436035
74.588432312
68.269317627
71.5236358643
70.2543106079
68.5508728027
69.7988891602
66.8404006958
68.0436706543
71.4435195923
68.5066757202
76.0528564453
75.3628997803
78.2898178101
77.4285812378
76.703086853
83.7876815796
79.9383163452
83.0086975098
85.4650039673
81.9982070923
79.0473556519
75.4719085693
80.3651885986
76.0968551636
74.9736022949
74.326965332
72.657409668
73.7262115479
68.8690338135
68.3254852295
70.368598938
66.8255767822
66.164894104
65.8337478638
66.8736572266
58.861579895
61.0428352356
60.1254463196
57.1310691833
56.0262145996
55.1195144653
58.2131004333
63.3016548157
57.1165771484
67.5153503418
66.9930877686
71.4079055786
71.7614059448
77.5694885254
79.4682998657
84.4580688477
84.1272888184
79.7521133423
82.0219192505
87.755279541
83.5306854248
81.0954818726
84.8734664917
82.0556411743
77.3420944214
78.9020843506
71.9858779907
68.1175231934
68.5406417847
66.8022003174
69.2172470093
66.0570449829
65.113609314
64.9591598511
67.646270752
62.1429290771
66.8335189819
67.9622573853
60.5768699646
58.7053413391
66.5386199951
62.8288230896
62.0064697266
55.072769165
53.3148498535
51.3239402771
51.2329483032
55.6337089539
55.3398590088
49.91954422
51.1478424072
54.1907043457
53.9561843872
50.4374351501
51.8583755493
56.7815895081
52.329624176
47.8128242493
57.3031730652
55.2384414673
53.046497345
54.5869979858
58.3281097412
57.8502197266
55.0473556519
59.4092903137
56.6191482544
59.9589653015
59.354839325
62.1083221436
66.4407272339
66.7602233887
61.712184906
67.8540802002
55.3174438477
55.7089729309
57.6922492981
59.1459465027
60.6425018311
60.9604988098
62.0239715576
63.9795036316
62.5999336243
54.5483436584
54.1492996216
58.0777511597
61.7646484375
61.6080932617
65.7506637573
67.2494659424
66.0165481567
60.6421127319
64.5927047729
37.4405860901
7.81919193268
45.9366035461
15.5333938599
36.2805023193
48.8512802124
45.8043632507
47.5956840515
27.300693512
8.50624656677
19.6135902405
43.1781654358
35.6169509888
39.9767799377
32.0119972229
71.1435852051
72.6683120728
69.8414840698
66.6169433594
68.7004470825
61.1889533997
63.6553497314
64.1446762085
64.220489502
67.9213562012
66.5996398926
66.0957183838
63.890914917
57.9246101379
63.2856559753
59.3253173828
59.5745849609
57.4854736328
56.931678772
60.9353370667
54.2652816772
59.683303833
55.3363113403
56.6560287476
53.6937637329
60.9459228516
60.3552436829
56.832157135
58.1545410156
61.4317512512
57.3770217896
59.3724899292
61.3648796082
57.4344711304
59.6441268921
65.7909851074
60.8766021729
64.613243103
68.3080749512
65.1082992554
74.5292282104
75.7379074097
74.4620666504
74.9809875488
69.9754943848
70.1332626343
69.0093612671
69.5456008911
67.1015548706
63.996471405
65.8660125732
65.6809616089
61.7663993835
62.2502708435
57.9652709961
61.5023765564
59.2049293518
60.2326545715
60.5251922607
61.0504455566
63.9568481445
63.9864578247
66.5026245117
64.1673583984
68.4123840332
70.1061401367
69.8161773682
74.7519226074
70.7205886841
69.0622177124
74.8509368896
74.5848083496
70.067276001
69.8123550415
74.1937789917
72.5540542603
72.0204620361
66.9772186279
68.3483581543
61.2602653503
59.8799133301
64.5547943115
58.7569999695
57.4335479736
55.6036949158
60.7372016907
61.6370048523
59.284324646
59.0910415649
55.600025177
60.4771614075
61.1694641113
56.7843399048
56.8573799133
45.8379135132
48.3039894104
51.7861213684
49.2396430969
47.3063697815
52.3423271179
53.4228172302
49.7678642273
52.1071205139
56.2151222229
54.3579444885
51.7948455811
56.4207611084
59.770942688
58.778717041
63.2528686523
60.6390457153
59.6403579712
57.6343955994
56.5471343994
58.0667762756
52.8839149475
52.3948860168
53.4029464722
49.4918937683
48.195514679
50.3469429016
49.4571762085
44.6896286011
47.2057113647
44.667049408
50.2151374817
49.4189071655
44.436214447
45.5811386108
48.9832038879
44.9030342102
47.3735084534
46.1600456238
49.8012962341
51.5032844543
49.7834281921
48.6689910889
52.8560409546
53.9587745667
56.4316825867
76.5769042969
81.7462463379
81.6884613037
86.6575698853
87.7365570068
88.6791687012
84.6736907959
81.5715332031
86.3832397461
84.316619873
79.4635543823
80.0391387939
83.1029586792
77.6880645752
75.1927108765
78.5167312622
79.423614502
74.3428344727
74.8575210571
74.9731826782
73.1865692139
70.5368270874
75.2281341553
71.9370422363
66.8835906982
76.6805343628
71.4445800781
72.5437927246
71.5068359375
70.7962341309
69.1765365601
69.1441879272
72.4788818359
68.8419265747
67.632850647
68.0405426025
64.3723220825
67.6226425171
65.4275894165
64.1008911133
61.649143219
56.7211227417
63.8911170959
65.0974578857
65.611869812
67.8404006958
63.0499992371
67.5034103394
62.9856948853
61.132194519
57.838180542
61.4043464661
62.0395088196
63.877746582
59.1430053711
63.8945159912
59.831237793
58.9598922729
58.2775688171
57.0121307373
61.744430542
56.8262672424
66.7643280029
67.4462585449
71.4834594727
68.0870895386
70.4360122681
76.4894256592
71.7504806519
78.0818862915
79.0842666626
77.444190979
77.8486022949
71.1136322021
73.5266647339
71.7440490723
71.4726409912
70.6261749268
65.3980255127
72.1279754639
66.5112686157
65.7076568604
65.2416687012
64.104637146
62.1201248169
59.39453125
64.1328201294
59.1803321838
56.8623352051
57.4833106995
51.0828361511
50.0466346741
49.3257217407
53.2376594543
55.5570831299
54.2354316711
60.9047851562
59.7040863037
65.4952163696
65.4959411621
70.6507339478
71.8810806274
72.6329650879
79.2606582642
80.4770050049
78.8492355347
79.2878875732
83.9032058716
84.188949585
77.9738769531
78.2518463135
74.8486709595
71.5303039551
72.2613983154
62.9401435852
63.009147644
60.4339179993
56.9159164429
56.4706840515
53.1594696045
53.0483398438
49.1435699463
52.5005912781
48.7750511169
50.4260482788
51.7246627808
46.8875694275
47.6875152588
46.7071762085
44.3638153076
40.7120170593
41.7772598267
36.7771453857
35.3856239319
34.6498641968
40.0493507385
39.6391830444
36.8326148987
42.6448326111
43.4161453247
43.5668449402
42.6793136597
46.8770370483
47.1631889343
46.5084533691
48.000453949
48.5297737122
50.4630889893
49.7519111633
53.3317298889
54.9959754944
54.5702857971
52.3544273376
55.679851532
54.612285614
58.4971389771
57.0925636292
57.5754623413
59.3633422852
55.5767822266
53.6747169495
56.5645446777
42.6990242004
43.7240791321
47.0840530396
47.7412338257
47.4088287354
47.6487960815
48.4775238037
46.7090682983
48.9438667297
41.9422683716
48.1515579224
46.7976531982
52.7603569031
51.6878204346
55.9802742004
58.0933570862
59.9181404114
56.8358879089
62.8338279724
16.6585464478
34.1106071472
26.584148407
27.4946079254
30.5848999023
12.5098485947
19.9750785828
18.5005245209
28.1576595306
33.4705352783
23.865436554
8.6958065033
15.9232292175
28.4816608429
20.6388778687
57.9292221069
55.6047096252
54.8481903076
57.6338233948
52.7133369446
55.8346481323
57.3806877136
58.4514541626
59.2965354919
60.6329612732
55.4353256226
60.2427101135
54.7881011963
60.0046310425
54.5291900635
55.0161514282
51.0648612976
53.7895736694
52.9510231018
48.9385147095
52.4074478149
51.3918151855
45.0493392944
44.7853088379
48.793762207
47.7437400818
42.8845214844
38.9372177124
46.3169975281
43.2789230347
43.0539474487
45.9620056152
43.1018600464
44.8106002808
49.3000869751
47.9757843018
51.420124054
53.0594749451
52.8102607727
60.4878311157
60.8822479248
64.7448272705
61.2387504578
58.7759590149
58.3495254517
59.2375488281
57.5944747925
54.5741691589
52.5038452148
53.9868927002
53.6103820801
48.7737426758
48.9117774963
48.0408248901
52.7185440063
54.5693855286
53.8747749329
57.1572761536
54.8078842163
57.1310539246
58.8314476013
61.4575881958
59.8418502808
62.3362846375
66.1205673218
67.4572525024
66.6722717285
62.8184509277
65.7412643433
65.4942169189
65.248374939
59.9393424988
63.047252655
62.0062675476
62.1549415588
57.9325180054
54.617351532
53.6342811584
47.9052314758
46.9974021912
48.9390602112
43.9344596863
44.012802124
39.4779777527
43.5194740295
45.5163040161
43.02967453
39.5755729675
34.9904747009
38.0445976257
40.9843521118
37.8138694763
36.3511428833
29.9466667175
32.8912734985
34.9458236694
34.2154006958
34.809425354
38.8452568054
38.2712097168
39.4274902344
42.4076194763
44.23620224
44.1674346924
44.3954544067
47.8256454468
49.3366508484
51.2492866516
55.3363838196
55.8461914062
55.7993583679
55.3811073303
52.4873466492
52.7047119141
48.0205078125
49.7325439453
50.2078170776
48.6810150146
45.2914123535
44.9793167114
45.190486908
42.4006462097
39.6387786865
36.4210472107
38.1384086609
41.0870742798
38.9230194092
36.665813446
39.5112800598
42.5289955139
44.841999054
46.4420394897
49.1704216003
48.0935630798
48.3269729614
50.1965179443
53.7910270691
56.6124343872
59.4020576477
79.5352706909
83.2769088745
83.3178405762
87.2541732788
86.4299850464
88.4673995972
86.1698532104
81.3760452271
85.0801544189
85.3495788574
80.5617752075
78.8838424683
82.4582290649
79.3643798828
75.3436203003
76.8993453979
79.0324707031
99.3215942383
100.333198547
98.0235290527
97.087600708
94.0391235352
98.135635376
95.8485870361
86.9753189087
101.053260803
97.0305023193
97.5224151611
95.9705886841
96.2834854126
94.3924560547
96.6659317017
93.3755569458
91.3540420532
92.9483947754
87.0666885376
90.9555130005
87.8351898193
86.2867736816
86.900970459
82.2735443115
84.6706085205
89.0599365234
91.163734436
91.4806900024
81.7572402954
91.9355392456
85.3453445435
86.985168457
82.2279586792
85.439453125
87.2347869873
87.8868255615
83.7545394897
88.8092269897
82.1757507324
83.9823913574
83.6796035767
81.5698776245
81.5953826904
82.747253418
87.9297027588
88.555267334
97.1500854492
93.1540298462
93.6896362305
101.847290039
95.6135787964
100.339660645
100.425331116
98.3644866943
102.705368042
96.1075057983
98.3903045654
89.6324386597
97.1500244141
93.5264816284
85.8079833984
95.4515533447
91.8956222534
90.9528579712
91.3756866455
89.9701461792
83.0568084717
85.5169754028
86.4612579346
83.0670089722
78.7522277832
77.9008026123
75.7182312012
71.7903594971
75.1000442505
77.7022018433
81.7031097412
77.4095230103
86.4471130371
84.7975769043
88.6934738159
91.5605392456
95.8402023315
95.3520812988
98.5140151978
100.375564575
103.66418457
101.527168274
102.718856812
108.473167419
108.797203064
103.015533447
102.875686646
97.5615615845
91.600189209
97.6334991455
88.9962005615
88.120010376
84.7535934448
77.8661651611
78.8403549194
76.2490081787
78.3782272339
70.7627563477
74.4763793945
74.4733657837
72.116104126
73.0357055664
69.7691040039
71.5755233765
70.486656189
69.175491333
62.2859077454
66.0984191895
60.270236969
59.014591217
58.6422920227
63.7568664551
64.2423019409
62.1048774719
67.4206924438
68.1033248901
66.7380981445
66.6973190308
72.0016937256
69.4254074097
68.9727554321
72.1967010498
65.0030822754
73.8916778564
74.5514068604
77.9135665894
78.5984268188
78.0138702393
75.1240768433
73.9698638916
74.3884506226
84.0825653076
82.028137207
82.0979385376
83.2063217163
80.8628921509
78.5283355713
78.0506820679
67.0723724365
67.958404541
73.063293457
72.6102600098
73.2538604736
71.3012313843
73.0490646362
70.560005188
73.2028045654
66.3428268433
72.7743835449
72.5520248413
75.5135955811
77.6675643921
82.0145339966
83.5254516602
83.420463562
81.3035049438
87.5097732544
23.7624111176
44.8648109436
24.8035907745
40.1926269531
17.3569412231
22.9824008942
29.0976200104
21.0709381104
40.3116569519
45.3056106567
38.1930351257
26.9520950317
28.287322998
15.3264665604
45.5401229858
78.9934234619
84.6435012817
78.5003967285
76.4050674438
82.5154800415
73.5366210938
75.2421569824
79.8498840332
80.4949951172
81.0207519531
84.1163253784
78.923500061
81.8533706665
74.5087203979
82.2286987305
79.1506271362
76.1246261597
73.2849121094
77.6552352905
73.5703277588
73.9627380371
76.5908050537
74.9266891479
70.5466690063
64.4803619385
67.3161621094
68.8057022095
64.962638855
63.1953849792
70.0383377075
68.3792953491
62.85572052
69.9416275024
65.4381713867
68.8488006592
74.0498809814
71.1257781982
74.2089920044
77.3403930664
74.5713882446
79.2029418945
83.6422348022
87.3498840332
82.7596740723
80.7811126709
78.9848861694
80.155128479
78.8176651001
76.8553237915
73.9286651611
75.9074859619
75.7536392212
70.7386703491
71.6977386475
71.0434188843
74.0026245117
76.1672515869
71.4876022339
78.7262802124
75.940322876
77.8271408081
80.5377731323
80.0858078003
80.7761383057
82.6688461304
87.6419830322
89.2611083984
90.2330932617
83.4457702637
87.6850204468
86.1335372925
85.8405838013
77.7766647339
82.1316070557
83.0705490112
82.3326034546
79.4700164795
74.4425430298
75.8011016846
63.8695411682
61.0413627625
71.4019699097
66.745765686
67.8429718018
62.7005882263
66.0019683838
69.0539093018
67.2503128052
63.1678276062
58.924987793
61.5232887268
65.0814971924
62.5724105835
61.4104385376
55.3073883057
58.5741424561
59.9508361816
58.9641075134
60.1811943054
64.0584716797
62.6501693726
64.0367279053
67.601852417
69.1006240845
68.4585571289
68.9168930054
72.8707580566
73.9022064209
75.4450454712
79.2378387451
79.5951309204
80.1006317139
79.2164077759
76.0270690918
77.3080978394
72.9121627808
74.7904891968
75.7114486694
73.9613952637
70.2008743286
70.4836807251
70.9266738892
67.6578292847
65.0189056396
61.9771118164
63.9257240295
67.0116882324
64.7084350586
62.751159668
65.6600723267
68.2277984619
70.6309967041
71.9775772095
74.8755569458
74.0614242554
74.1070404053
75.6546096802
79.4815979004
82.1620941162
84.9589309692
105.194061279
109.002113342
109.204772949
113.246589661
112.51889801
114.597915649
112.167449951
107.410842896
111.246177673
111.430297852
106.597343445
105.031898499
108.570892334
105.338897705
101.404335022
103.012413025
105.047149658
70.0058670044
73.1984710693
74.4717712402
70.443107605
70.7151565552
75.6370391846
70.1295318604
69.7653961182
74.8955612183
69.7453536987
71.7498321533
71.6487045288
70.7921905518
67.7677764893
66.7873764038
70.3008575439
65.0693130493
66.2948226929
66.2167892456
65.4426193237
68.0857391357
66.9769363403
66.1709518433
60.5627708435
59.6912956238
65.3101196289
60.6623954773
62.7399406433
66.7742767334
63.0791740417
65.6816101074
62.5893249512
61.7655410767
58.0004768372
58.4546051025
62.9335403442
60.3731155396
60.0653839111
60.2394256592
58.6481781006
58.6185112
55.9683265686
56.0656471252
61.2266921997
56.4694252014
66.065574646
65.8884735107
68.5542984009
67.3625488281
67.8133544922
73.9480819702
70.5996017456
75.0863494873
76.9244689941
74.3490982056
72.2562408447
66.5671005249
71.3264846802
68.7960891724
67.2006530762
66.6601638794
63.8044281006
67.1978607178
61.2658576965
60.3205947876
61.7142486572
59.0639648438
58.3801269531
56.4946975708
59.6806526184
52.0779838562
52.9725990295
52.8466339111
47.781993866
46.6358566284
44.764339447
48.7255096436
52.6333198547
48.5277786255
58.213596344
57.2387008667
62.8145599365
62.5737953186
68.4574050903
70.5542602539
71.1209259033
76.6368865967
76.9753799438
73.6764373779
75.1965026855
80.5635375977
78.6475067139
73.4321975708
76.1432800293
73.1290740967
69.135925293
69.6770782471
61.8998947144
59.0099945068
58.4890403748
56.1534957886
57.3406448364
53.9306640625
52.6008720398
51.6493263245
54.5236053467
48.6010284424
53.2166976929
54.342048645
47.5810127258
47.2388534546
51.3044319153
47.3048477173
46.1015434265
42.182510376
38.6855316162
36.7802276611
36.3706893921
41.5394630432
41.0475311279
36.0069160461
39.8987236023
41.7101631165
42.1258087158
39.4157714844
42.5446243286
45.5393943787
42.6651535034
41.1859397888
47.3003959656
46.0704193115
44.5156784058
46.8811759949
50.1674499512
49.7787590027
47.4753608704
51.9251594543
49.5854225159
52.0848464966
50.9398193359
53.1251792908
56.9000854492
55.3314056396
51.0319061279
56.4297065735
42.1699295044
42.9328193665
45.586353302
46.9155387878
47.5730323792
48.2328338623
48.9842796326
49.6296157837
49.5896987915
41.1220092773
44.694858551
45.7259635925
51.1517524719
50.3178863525
54.3271179199
56.5377159119
56.9254760742
51.328338623
57.357711792
23.022813797
17.4023838043
34.5062408447
12.8111562729
31.5048732758
30.5957450867
30.6529788971
32.1044845581
21.5104026794
17.0477828979
11.248717308
24.4028167725
20.4107894897
32.1926765442
15.7381038666
59.0651817322
60.4689064026
56.9352874756
54.8365745544
57.1789245605
50.8361244202
53.9753990173
54.7002944946
55.0807914734
57.7466278076
57.1598930359
55.4959335327
55.9328422546
50.281829834
55.478351593
50.5311279297
51.1630859375
48.0524215698
48.2714881897
50.8981361389
44.1612434387
49.4008636475
47.2215957642
44.1166381836
43.0237426758
49.1539001465
47.9905967712
43.6586265564
43.1354637146
47.3905563354
43.2942695618
45.5728912354
47.294593811
43.3825683594
45.0411567688
51.3152389526
47.712436676
51.8582649231
54.4078598022
52.3362350464
62.3329963684
62.9787597656
63.8667945862
62.8937644958
58.2707862854
58.6910820007
58.3480377197
57.905796051
54.6484603882
52.3864173889
54.0536994934
53.380443573
48.9495925903
49.5737457275
45.758441925
50.45936203
50.6467857361
51.4196815491
52.3884429932
52.2455329895
54.6590690613
54.8974838257
58.519367218
56.1801452637
59.7678642273
62.2782211304
62.5869178772
64.8274536133
61.0883674622
61.4713287354
64.8888778687
64.3544464111
59.6733589172
60.9293632507
63.0383033752
61.8097190857
59.5725784302
55.3288192749
55.5253486633
49.3120689392
48.3990974426
45.061416626
44.125617981
41.1152420044
46.1675567627
47.4088287354
44.792427063
43.3524589539
39.2363357544
43.7105102539
45.1938247681
41.0037574768
40.4812278748
30.3394012451
33.2136688232
36.491809845
34.5195274353
33.3784599304
38.4540519714
39.0376853943
37.1743087769
39.9239768982
43.3204498291
42.2459526062
40.7783546448
45.0920066833
47.8400878906
48.2321434021
52.7992019653
51.6293792725
50.9743843079
49.7484474182
47.7090339661
48.4894142151
43.1714744568
43.7678833008
44.5186347961
41.6047515869
39.1114616394
40.1003303528
39.6834831238
35.550151825
35.5827255249
32.4050674438
36.7207946777
37.587223053
33.5185546875
33.1093330383
36.6355171204
35.7680664062
38.4529075623
38.6590461731
42.1419754028
42.4438056946
41.5740661621
42.0410995483
46.2233963013
48.388256073
51.1518859863
72.0815734863
76.6110687256
76.6089630127
81.147895813
81.2516403198
82.8105163574
79.611076355
75.5154647827
79.8963317871
79.0275268555
74.0691757202
73.4708480835
76.9399490356
72.6104049683
69.2010574341
71.7250518799
73.3411712646
84.8039474487
86.0432662964
83.727180481
83.4119491577
80.4273223877
84.6295394897
82.7601623535
73.5098876953
87.8641738892
83.4991912842
84.0601577759
81.5077209473
82.3106842041
79.021774292
80.3329696655
81.9403533936
79.1628341675
77.2656402588
78.5166778564
73.5319671631
76.3759460449
74.1136856079
73.999671936
73.5771560669
68.8712997437
74.0705337524
76.9609069824
78.53881073
78.3157196045
72.7563323975
78.8684997559
73.4129562378
73.1573562622
68.6397628784
71.4956741333
72.2372131348
73.8792114258
69.5968399048
73.9826278687
68.9460678101
69.1194076538
69.2476959229
67.4337844849
70.6911849976
69.0713806152
75.5398483276
77.772605896
83.3495635986
79.6343765259
80.9182815552
89.1207885742
82.2386474609
89.139465332
90.2261810303
88.4422225952
90.5238800049
84.4617614746
85.3510284424
81.5338363647
84.5053253174
82.8203201294
75.3549346924
83.23802948
79.2758560181
78.6019439697
78.0192184448
76.696105957
72.6296539307
72.333694458
75.1080169678
70.8588485718
67.991569519
67.6456069946
62.4286346436
60.6657943726
61.8987693787
65.5725708008
68.239112854
65.1655731201
72.2285308838
71.4091796875
74.5553131104
77.4242706299
81.2182769775
81.5688171387
84.6332473755
88.8278961182
89.7355194092
89.1592254639
90.5165252686
95.6757965088
95.6714553833
89.6786193848
88.8160171509
84.0733947754
80.9876708984
83.3321914673
75.3447113037
74.0835647583
70.6166305542
66.2537841797
65.2356872559
62.0752410889
64.1613769531
59.3895606995
62.8126754761
61.6555709839
59.3804244995
62.0343933105
58.3210449219
59.8355293274
58.2470283508
56.6835174561
50.2426071167
53.6569786072
47.6363258362
47.0178184509
46.697353363
50.6214599609
51.2850723267
50.3313179016
54.9574623108
55.3274307251
54.8242797852
55.0200958252
59.3556747437
59.1586761475
58.1597747803
60.7550315857
57.0522384644
62.5104904175
62.1922416687
65.7260055542
66.5375747681
66.3369216919
64.9714508057
65.4792938232
65.2639312744
72.250579834
71.1688919067
70.5121307373
72.616859436
69.0688171387
66.3416061401
67.3226852417
54.899307251
55.0339622498
59.7571220398
59.2298431396
59.3596801758
57.9645843506
59.4048652649
56.2574729919
59.7540779114
53.1188468933
59.8436317444
59.7435569763
62.683555603
64.7595214844
69.0606918335
70.3949127197
71.9884567261
70.3883514404
76.3860778809
24.2091960907
41.8579521179
14.3891162872
37.0013809204
25.0406074524
11.3186473846
13.0073518753
5.96599721909
28.8830451965
38.8114547729
34.475025177
19.4360389709
26.41248703
26.1148452759
34.9784393311
67.9961624146
73.6592636108
68.3621063232
66.8655853271
71.4967575073
65.5266418457
67.4019546509
69.6268310547
71.3516159058
71.2534484863
74.2806549072
69.6224975586
73.3158721924
66.6968841553
72.5478134155
68.1552429199
66.552116394
62.6045265198
67.7751235962
64.182220459
63.2491455078
66.31690979
64.2830657959
59.2569961548
56.5346488953
59.461555481
59.5468215942
53.7646102905
52.0203018188
59.0745010376
56.6354560852
53.7526855469
59.3038139343
55.3969841003
58.163482666
62.8460388184
61.284992218
64.9243469238
66.4779510498
65.6212615967
71.4179077148
72.8189544678
77.2099380493
73.0807952881
71.8532714844
69.8318252563
72.3600921631
69.6785888672
67.5461578369
64.3226699829
66.5847473145
67.4776687622
61.9486694336
61.9181976318
62.5713920593
66.7473983765
68.217010498
65.5000076294
71.1265792847
68.6707611084
70.6670913696
73.2519378662
73.8283004761
72.1102752686
74.2136535645
79.0344161987
80.9435043335
80.7217788696
76.0051422119
79.790397644
77.2837524414
78.6436157227
71.8831481934
76.3373336792
75.3417053223
75.169670105
70.9410705566
68.357131958
67.8942565918
59.526348114
56.7354316711
63.1275787354
58.4127311707
58.5816917419
53.9209136963
57.6370429993
59.6692657471
57.1267738342
53.3305664062
48.7200546265
51.0533065796
54.2569503784
51.3497924805
49.2076797485
44.382194519
46.9138069153
49.1206550598
48.8021125793
49.3074607849
53.1917304993
52.732837677
54.2415161133
56.9577255249
58.6944503784
58.9644737244
59.2577362061
62.3909072876
63.9038658142
66.0921783447
70.1394348145
70.817199707
70.6921463013
70.3756637573
67.5102920532
67.4991226196
62.7574577332
64.3277816772
64.4942779541
62.9348640442
59.9298439026
59.3475341797
59.1987304688
56.6597518921
54.1434249878
50.8094062805
52.1522521973
55.0152740479
50.0637435913
52.5078849792
55.7873191833
57.4895057678
59.2821731567
61.6855430603
60.8569793701
61.7088088989
63.5749435425
66.8563842773
69.4814529419
72.6190719604
93.2878112793
97.1400909424
96.8558654785
100.692749023
99.686706543
101.437660217
99.4165725708
94.7095794678
97.8829421997
98.1315689087
93.5331268311
91.6577377319
94.6954956055
91.8169174194
87.8842468262
89.0531082153
90.9245147705
20.037858963
20.2648448944
23.2555084229
27.822851181
29.7115516663
30.9826717377
33.0508308411
40.9650726318
35.7632865906
32.4241371155
30.4563503265
28.1112575531
26.5062713623
26.762052536
23.7928180695
21.6742172241
25.1626148224
25.8001785278
25.9768886566
31.5217647552
30.2828330994
35.0971755981
36.9116744995
35.3940200806
39.73878479
42.1471138
42.3795318604
40.3450660706
39.3049926758
44.424407959
34.6976737976
36.9141387939
32.7846107483
35.5322570801
33.2487258911
28.4695014954
29.6260757446
31.1769294739
27.3390216827
32.4865112305
30.8957862854
31.1380519867
33.506690979
36.5022354126
34.1123466492
33.8333320618
36.7767677307
29.6107521057
33.9593658447
38.4370994568
36.3711013794
37.2170219421
36.6275939941
41.9840621948
44.9480209351
42.9688720703
43.6656036377
39.3612670898
47.0098609924
40.6475486755
42.8258285522
42.4957313538
38.9924240112
39.4979705811
36.9488372803
34.2458305359
37.1882019043
42.5577659607
36.1114006042
37.6010246277
41.7383995056
43.0628013611
44.2722969055
42.0604057312
44.2580795288
41.5865249634
41.6264038086
36.4422912598
41.2665557861
32.7733688354
32.4160995483
30.8203697205
29.3266983032
25.4194850922
29.1336898804
25.8273086548
29.8190975189
26.073638916
33.515499115
34.6654472351
34.0909538269
30.1838684082
30.4448471069
31.8946914673
31.6241989136
35.9012832642
26.386100769
31.8908748627
30.7033042908
33.8574523926
37.7077636719
36.5649604797
39.1071853638
37.5489883423
45.4334182739
44.445148468
43.9647216797
48.834438324
48.3093795776
48.9898300171
49.5849266052
50.5276794434
48.7073822021
54.251335144
50.5886611938
52.8326721191
54.8572540283
52.807472229
49.1503334045
50.7551841736
51.7245521545
47.2903747559
47.1727027893
50.9443664551
48.6052513123
45.0850067139
49.0936775208
51.1732368469
48.6184501648
53.3634910583
48.3391304016
47.686050415
44.3795280457
45.7521400452
48.8044013977
50.3177833557
51.1941452026
53.3457565308
43.842250824
48.2011871338
45.5263633728
49.0412330627
46.6072273254
46.1446762085
48.4594764709
48.9936408997
47.3228378296
43.3503494263
44.0549697876
40.9415168762
43.6568107605
40.9182815552
43.6053619385
41.7855758667
46.1073493958
43.2677154541
42.9060935974
41.7116127014
41.4314613342
38.3464698792
39.9575157166
41.5146903992
46.8526153564
46.3450050354
88.5458602905
86.6228485107
90.4503097534
83.8972473145
103.68573761
81.9067382812
80.0811462402
86.0528030396
78.0131607056
82.3186035156
81.9573745728
78.888710022
84.574546814
103.559082031
64.6681518555
51.2765846252
50.7152328491
52.0846824646
51.8440551758
49.5810546875
58.1517066956
60.3432197571
56.2893295288
55.6585083008
57.0931663513
57.2103538513
59.7140960693
59.5152320862
59.8155975342
53.4117774963
52.6626014709
53.1811218262
55.4907531738
53.1131134033
52.5362968445
51.4597206116
53.4497375488
52.2388305664
50.4558105469
59.6328353882
57.8804168701
52.8296203613
54.6667556763
55.8929786682
52.2043113708
50.3199310303
59.2362213135
55.0027236938
57.136806488
54.7757339478
52.1267242432
56.1513328552
56.6216125488
54.0020866394
58.9846343994
60.3731536865
56.8492164612
56.4623680115
60.25806427
59.7991714478
58.4605255127
61.4582176208
62.3775939941
59.5952415466
60.4343681335
62.2715759277
63.0081443787
61.4285354614
60.1737480164
63.1022911072
66.6305541992
65.0409851074
70.125579834
67.7222290039
67.5021133423
63.9142723083
66.2769241333
69.3264465332
63.7558746338
64.5375823975
62.9596633911
65.5300064087
61.6992607117
64.116104126
66.1814575195
67.6099395752
65.493637085
67.0661392212
70.5811004639
69.2682266235
67.7744598389
66.8458404541
70.8525695801
65.9757919312
72.0522155762
72.7802963257
63.178237915
62.9148139954
59.021522522
62.1762809753
63.5165367126
59.0637626648
56.6159629822
59.5232048035
59.7530059814
59.0797615051
56.1515579224
55.1869659424
53.3978614807
58.3264846802
54.9499435425
56.6945152283
58.6628570557
56.0283927917
54.4919700623
58.2385177612
57.6921386719
53.5848045349
54.2195625305
57.5645904541
56.6929740906
52.5377655029
54.5003166199
56.7042350769
57.6231002808
58.8625030518
55.8188056946
58.5731887817
60.2087173462
54.313659668
53.7677116394
52.1381149292
48.6919288635
50.4588890076
54.2530670166
50.8001251221
48.6376686096
52.8859062195
53.8539009094
54.3754386902
51.6991653442
49.4153518677
51.0757904053
50.0878868103
47.1391220093
48.4665184021
45.1758079529
46.3673400879
42.9866256714
42.5270500183
45.3878211975
46.5837974548
42.6548881531
41.9795532227
42.2443809509
42.3357543945
42.9388847351
39.3788528442
38.5357131958
35.6445121765
33.7247810364
36.9319114685
35.724029541
30.7378139496
32.2664794922
33.3129310608
29.9066162109
30.4168930054
29.7588100433
25.3719062805
24.7460384369
