36.0699195862
32.7979660034
35.116558075
38.0148735046
33.3762168884
32.0844993591
35.8614120483
35.6327896118
30.7773361206
33.1103439331
36.6148338318
32.3233604431
29.9023799896
34.2479896545
34.5391921997
36.3956565857
33.5266990662
30.0728778839
30.1474189758
30.728717804
28.6906299591
25.5338935852
26.5987586975
26.9278564453
23.8030567169
22.0644454956
25.4477157593
24.1524372101
18.6201133728
20.9340763092
24.2265815735
20.662399292
18.7728023529
23.8016719818
24.8407459259
28.0620307922
26.3794593811
23.7127399445
28.254737854
29.981678009
27.5551815033
28.4772930145
32.5022926331
32.5561408997
34.2062759399
34.9941520691
30.1235847473
31.5620079041
30.3900146484
26.4838676453
27.7265396118
31.7237281799
27.6185569763
24.228055954
28.1345272064
29.7168502808
26.3494167328
27.0199165344
23.9081344604
20.4390792847
20.0919151306
22.3085899353
20.5854663849
15.9876890182
18.9150276184
21.4716129303
18.8775653839
17.2069168091
20.3340835571
21.802904129
16.325674057
18.1368560791
22.7599887848
20.7940406799
19.5315513611
24.2635498047
28.9637889862
29.4470100403
26.4427242279
26.0158824921
31.1012687683
29.3861904144
26.4505596161
31.327960968
33.854183197
30.8569812775
30.4422225952
27.3949947357
27.767036438
29.4986343384
26.6272659302
23.4115905762
26.0045127869
27.2344093323
22.8405017853
22.1573448181
23.1907577515
20.5761642456
20.4167327881
17.1606426239
14.0794258118
13.4174547195
17.0100231171
16.9768390656
12.8594484329
14.684510231
18.7254047394
18.1027812958
16.2105312347
19.5748310089
22.1957759857
20.3586406708
20.6647319794
24.7819499969
25.8114032745
24.3582897186
25.5713596344
29.2043628693
33.4231033325
32.7408714294
29.7828140259
31.4466285706
34.7455482483
31.441028595
28.9314002991
33.1096191406
35.0522842407
31.2804641724
30.7180194855
28.1634216309
29.833524704
30.9286193848
25.9868164062
24.5333366394
27.1479244232
25.6039524078
21.8135051727
23.4165840149
23.2522258759
18.9152259827
17.1966133118
13.611114502
15.0114431381
12.1275539398
15.939617157
18.3157978058
17.9236755371
17.3343257904
20.6020832062
22.4469184875
22.7688884735
23.7755718231
26.4953842163
27.9314212799
27.4080257416
29.5433540344
32.2267341614
33.6949920654
36.860042572
36.6488037109
39.7956008911
39.1874465942
34.4786491394
36.0191383362
38.7468910217
35.0171089172
32.098739624
36.4677009583
36.1235694885
32.5273971558
32.084148407
30.4677124023
32.4702720642
31.366941452
27.5453071594
27.5855407715
29.7108364105
27.4005451202
23.6360416412
26.7475757599
29.5347976685
23.8220882416
20.7332782745
20.7316226959
16.7061748505
21.2046146393
18.9424304962
19.8040599823
23.1992206573
24.2461738586
23.211473465
25.0041313171
28.1401290894
27.6199054718
28.6649913788
31.1353645325
33.6266937256
33.5352020264
34.279876709
37.383808136
39.4021263123
40.1207962036
43.4684486389
41.9721717834
37.8860816956
40.9451179504
41.2839393616
38.0521736145
35.8716392517
39.282119751
39.9325294495
35.1440734863
35.3014335632
34.6551895142
37.6757965088
36.3042297363
31.7195072174
32.5330047607
33.6659317017
31.0846385956
28.7066326141
33.8845062256
32.2891769409
28.2929878235
27.6717510223
26.9598941803
30.6685066223
25.941116333
27.6107788086
31.7372341156
34.138458252
31.2630996704
32.881652832
36.5150413513
36.2317733765
35.4679908752
37.7101593018
41.6737480164
40.4330596924
39.5078735352
43.3071556091
45.9549713135
45.1966133118
43.8990936279
47.776309967
46.4856185913
42.5806121826
43.8140716553
40.7861709595
45.1128082275
43.7383155823
41.2236785889
42.0937461853
39.9384880066
43.9698600769
41.0782585144
39.5186004639
43.8177528381
44.3294868469
41.4655838013
42.6916618347
46.0158233643
45.6016578674
42.7657012939
45.8904380798
49.0984954834
47.2343139648
45.6417121887
50.2615432739
51.7771072388
54.4406738281
50.6666030884
53.7716331482
50.3095664978
48.1124382019
53.1297836304
52.7501602173
47.7325057983
49.079498291
52.4066467285
50.9654808044
47.6627082825
50.1423072815
50.3707885742
53.9968147278
53.0885848999
50.0068244934
51.0559577942
54.6184806824
52.0658340454
50.123714447
54.1406898499
55.5226325989
49.2114181519
52.2313308716
55.2954483032
56.2001800537
51.6630592346
55.2388839722
50.0738639832
49.4516983032
53.5650291443
53.4135627747
50.1174201965
51.7427024841
55.5799407959
53.9228782654
52.354095459
55.2757568359
58.4534072876
54.4427642822
54.2893791199
59.2029647827
59.6403579712
59.3003120422
57.4011573792
58.2484207153
57.5853843689
59.9949035645
63.5742301941
58.8443756104
58.7754631042
62.5918426514
63.1047973633
59.2066307068
59.903049469
64.922164917
62.1070327759
58.0423698425
61.5474243164
60.9184417725
64.2839889526
64.7449264526
61.223739624
61.8051452637
65.8417358398
64.1782836914
61.0726318359
65.2835845947
67.337890625
65.9852218628
62.5486831665
61.7584724426
60.1251296997
63.9019126892
57.997253418
58.4252662659
62.8023643494
60.7088890076
59.1415901184
61.3721351624
64.5614318848
62.5146827698
60.7178382874
65.2217712402
66.0497360229
62.8563499451
63.9744262695
68.2925415039
67.0964660645
67.6270751953
70.9164352417
69.6727905273
67.8796920776
72.4190063477
73.493347168
70.6453170776
69.4274749756
75.6054382324
73.9678192139
70.0950546265
72.5611572266
71.1095809937
74.7418518066
75.4227600098
70.9078674316
71.0743026733
75.1204681396
74.0316619873
70.394821167
73.5623855591
76.2892913818
73.7078781128
71.9819869995
76.3377609253
76.9928741455
72.7274246216
74.1000061035
78.491859436
77.4584121704
64.1060943604
60.9523963928
59.2554893494
61.6612663269
64.1340484619
68.0496520996
68.776008606
64.6491012573
66.6794662476
70.9807128906
68.4066925049
67.6520080566
70.0715942383
72.8678359985
70.2827224731
69.7120895386
73.429901123
73.6548080444
71.0122680664
72.6577529907
76.613067627
74.1276245117
77.4911193848
81.6258850098
80.775352478
77.4840087891
81.4190826416
83.6235046387
80.468208313
79.6621627808
85.1050796509
84.315826416
81.6546173096
84.8248901367
81.3736953735
84.5785217285
85.0956573486
80.8363113403
79.833984375
83.6904373169
82.3823242188
77.9265060425
80.8877944946
82.9891815186
76.5691680908
75.6184616089
72.080078125
72.1201477051
69.5725021362
72.9473190308
76.3194122314
71.829750061
73.1722946167
77.1556625366
78.55052948
77.0072937012
77.6877822876
81.5540542603
80.6996994019
79.1826248169
82.5024032593
85.4990463257
84.3132858276
87.0703277588
92.6619873047
91.0846252441
88.1265335083
89.7451553345
93.5105667114
90.1553649902
87.9574661255
92.2537078857
93.1798095703
89.8633728027
90.3374099731
87.8494262695
90.5304412842
89.2271957397
86.0676727295
85.1722869873
87.8054351807
85.7808227539
81.2277755737
84.0543746948
84.0781097412
78.8895111084
74.8580245972
73.7797470093
73.8045043945
74.2161254883
76.3702468872
78.7188720703
77.7402038574
76.6250610352
81.6964035034
83.4348602295
83.1343917847
84.2139282227
87.7246856689
87.3339309692
85.7641220093
90.1359558105
92.3207550049
91.0056152344
93.7234573364
33.4232902527
30.0464115143
32.1729774475
34.487197876
29.4405021667
28.1171588898
31.4621315002
30.7255001068
25.9138965607
27.9382820129
31.1727027893
26.5069789886
23.9949245453
28.1327228546
28.0457782745
29.5847244263
26.7156829834
23.0486488342
23.4823131561
24.4538879395
22.2069015503
18.9539852142
21.0649623871
21.3391571045
18.1246051788
16.8152313232
20.8917827606
19.6942253113
14.3351383209
17.5307025909
21.1143665314
18.2228240967
17.3256511688
22.38397789
24.6277122498
26.6514549255
24.1129722595
22.2408065796
26.8937702179
27.2791404724
24.1822223663
26.0833683014
30.360370636
28.8487930298
30.2598628998
30.5063381195
25.5872459412
24.6883640289
26.5511817932
24.9213790894
21.2705116272
22.4061031342
21.3026885986
18.2052879333
21.9755306244
23.0032253265
19.3555316925
19.7281475067
16.629901886
13.146736145
13.1563177109
15.4957609177
13.8945760727
9.63164424896
13.0628833771
15.7691583633
13.7431144714
12.9153833389
16.1967735291
17.8291015625
13.9292221069
15.9261875153
20.2314357758
19.2758178711
19.2190475464
23.7328109741
28.6789798737
28.1430797577
24.339597702
24.2682685852
28.7610931396
26.2591381073
23.1340026855
28.2989730835
30.5061359406
26.5719261169
25.9553031921
23.1087532043
23.9868679047
24.9007835388
21.5010662079
18.9901123047
21.5928764343
21.5712490082
17.2327461243
17.6987476349
17.6817245483
14.6091537476
14.2879219055
10.6730804443
9.00841331482
7.32789897919
11.0228853226
12.4275140762
9.4903345108
10.3728713989
14.8634958267
15.5681619644
14.5264978409
17.0361099243
19.5291690826
19.8756656647
19.9054603577
22.841386795
24.5279541016
24.4532203674
25.6446170807
27.6766624451
32.1322174072
30.644071579
27.5839881897
29.8269500732
32.1124649048
28.2064418793
25.9293289185
30.6457099915
31.4113769531
27.1613502502
26.823972702
24.8230228424
27.2185344696
27.569278717
21.9540271759
21.9326229095
24.7842102051
22.4705104828
18.8163166046
21.8654842377
20.9153862
16.5191822052
16.6173114777
13.5310897827
16.6308765411
14.3487014771
14.5230970383
18.1550960541
18.8027076721
17.2481956482
19.4261436462
22.4481945038
23.1671543121
22.8224143982
25.3827552795
28.1385936737
27.062078476
28.1139030457
31.4451599121
33.8699493408
36.2883796692
35.2636642456
38.568611145
37.1318435669
32.6533126831
34.9573326111
36.8338623047
32.4968299866
30.365606308
34.7254981995
33.5902175903
29.9278049469
30.145904541
29.1220054626
31.5759849548
30.3741798401
26.6685009003
27.3802032471
30.0020809174
27.3880882263
24.2843666077
28.2888946533
30.5846824646
25.0883407593
22.0541210175
24.0410957336
20.0610561371
24.9342861176
22.3196849823
21.6222438812
25.6130504608
26.9200515747
24.7023601532
26.0865306854
29.7661571503
29.1354694366
28.986207962
31.7182617188
34.8958244324
33.8221244812
34.0170097351
37.8467826843
39.6773338318
39.6699676514
42.9309921265
40.9156265259
37.0947265625
40.9490432739
40.7623939514
37.2821884155
35.808265686
39.4498634338
39.4760017395
34.9328422546
35.815826416
35.5553970337
38.9890975952
37.7018699646
33.3573799133
34.4025192261
36.2602806091
33.7549629211
31.6695270538
37.1909446716
36.3929443359
32.336566925
32.466178894
31.2168197632
35.0174484253
29.5790729523
30.8284492493
35.1961898804
37.3689231873
33.6991691589
35.2690048218
39.2420120239
38.5990447998
36.9694290161
39.5227966309
43.6935958862
41.5635643005
40.3554649353
44.5921211243
46.810874939
45.6798934937
44.6804466248
48.5355644226
46.7985992432
43.2494392395
44.6812171936
42.3062171936
48.8166275024
48.0913696289
45.6157531738
46.8866462708
44.144443512
47.9566612244
44.6651954651
43.1716499329
47.4424514771
47.4345207214
44.2672233582
45.6862258911
48.8248786926
47.9384689331
45.0010719299
48.392036438
51.1773796082
48.8461990356
47.3461837769
52.1879348755
53.1401786804
55.5048179626
51.9874610901
55.1537284851
51.7767601013
49.9291687012
55.1500778198
54.9896469116
50.2320251465
51.8497581482
55.3396682739
53.8281059265
50.9958457947
53.6860618591
53.6971549988
57.2754707336
57.018196106
53.7445449829
54.3625488281
58.3201332092
56.274559021
53.8407936096
57.7255325317
59.5537414551
53.4797973633
56.0541305542
58.9939041138
59.805973053
55.3249931335
58.082359314
52.9660072327
52.7162284851
56.6232643127
55.8277816772
52.7056465149
54.6296653748
58.3153457642
56.1723518372
54.8307189941
58.0617485046
60.5140571594
56.4129714966
56.7703666687
61.6379394531
61.6120414734
60.7946052551
59.4744415283
60.3828468323
60.2144584656
62.4393768311
66.3038330078
61.9242324829
61.7306137085
65.3911514282
66.3740921021
62.6981086731
63.2931098938
68.5090255737
65.9545669556
62.0162315369
65.7564086914
64.5841293335
67.7818145752
68.4892883301
64.882019043
65.0469207764
69.0805282593
67.7365112305
64.2254638672
68.0995559692
70.464050293
69.0479049683
65.6793746948
64.5777359009
62.5727539062
65.9097900391
60.049282074
60.9782066345
65.1653289795
62.5148506165
61.3829803467
63.9632377625
66.8384017944
64.6797561646
63.2937545776
67.8503952026
68.0879745483
65.1322250366
66.7810668945
70.8704833984
69.4451980591
70.4571075439
73.7861938477
72.9113616943
71.0151901245
75.3088531494
76.8156051636
74.0975952148
72.5766677856
78.8263244629
77.5651168823
73.6575088501
75.7777481079
74.0727996826
77.5274810791
78.3036804199
73.6890335083
73.5419998169
77.462928772
76.6003799438
72.7102966309
75.4800796509
78.3026733398
75.9212188721
73.6612319946
77.7714920044
78.6590118408
74.199760437
75.2074813843
79.5921936035
78.7905426025
65.5554046631
62.7560882568
60.5484046936
63.0761566162
64.9640350342
69.4482498169
69.7765731812
65.8486480713
68.3333816528
72.4750747681
69.7157669067
69.4171524048
72.029258728
74.6077041626
72.0753936768
71.8333282471
75.6069107056
75.4951019287
73.1548995972
75.1784439087
78.9441070557
76.4063796997
80.2685470581
84.385307312
83.8282394409
80.2508010864
83.8773117065
86.4080276489
83.2805175781
82.0956497192
87.4920501709
86.9539642334
84.2498245239
87.0426864624
83.4708633423
86.4621963501
86.8537139893
82.4576263428
81.5399703979
84.9841842651
83.5280075073
79.1618499756
81.8377685547
83.7488632202
77.2521820068
75.9940109253
72.6364212036
72.4872665405
70.3466033936
73.9603881836
77.071144104
72.7612075806
74.5247497559
78.4721908569
79.8319168091
78.5340499878
79.459564209
83.1824798584
82.3304138184
81.1621398926
84.5222015381
87.3137054443
86.3881530762
89.2674484253
94.7169952393
93.410194397
90.1487350464
91.5248260498
95.3706359863
91.9831085205
89.5466537476
93.669631958
94.7242965698
91.3543243408
91.4948730469
88.9994049072
91.5539169312
89.964515686
86.8240127563
86.0786819458
88.3463439941
86.0956115723
81.7746658325
84.4950027466
84.142616272
79.0459976196
74.6933822632
74.0551986694
74.003578186
74.8755569458
77.0007553101
79.2476272583
78.5550308228
77.7906646729
82.5975265503
84.3197937012
84.3289031982
85.4972229004
88.781539917
88.391456604
87.3800888062
91.5461654663
93.5989456177
92.4567565918
95.4581604004
34.9498977661
31.3349895477
33.1649398804
35.6026039124
30.7233428955
29.0123958588
32.3348007202
31.9478931427
27.0703868866
28.5765857697
32.058052063
27.6683139801
24.6935024261
28.5696678162
28.9496212006
30.2716560364
27.9047031403
23.9188194275
25.0460910797
25.9679660797
23.2623386383
20.3294792175
22.9428710938
22.695016861
19.3095149994
18.5834999084
22.6089477539
20.7836399078
15.6354112625
19.4027671814
22.4231357574
19.0670452118
18.6039123535
23.7285366058
25.3320884705
27.5938587189
25.1137123108
22.7042865753
27.1851139069
27.8532352448
24.624710083
26.0054569244
30.4410800934
28.9625034332
30.0277481079
30.5791053772
25.9026832581
24.4219512939
26.151512146
24.9056529999
21.2422618866
21.7095050812
25.4460296631
21.2656173706
17.5469398499
20.9876422882
22.4860229492
19.3969326019
19.622636795
17.2461891174
13.3435602188
14.5614061356
16.2448043823
13.84674263
13.9557390213
15.8947105408
13.2363452911
12.8756122589
16.4181785583
17.2323284149
13.0527601242
15.9162387848
19.8629779816
18.207118988
18.5196666718
23.2585353851
27.6079158783
27.5670890808
23.6089229584
23.0317268372
27.7085113525
25.4745235443
22.0588417053
26.7801151276
29.4276065826
25.6090908051
24.6229534149
21.6567726135
22.0879268646
23.0505638123
19.8739032745
17.1584358215
19.2709846497
19.7402057648
15.4347286224
15.099404335
15.3881444931
12.6163492203
12.445555687
9.20191574097
6.43307971954
5.97046852112
9.53809738159
9.75687122345
6.53205442429
9.4034576416
12.6998128891
12.7990818024
12.2778615952
15.2650375366
17.2185726166
17.3910980225
18.0428962708
20.9470920563
22.1203956604
22.2496013641
23.880569458
25.9686832428
30.289232254
28.551366806
25.3811511993
27.3127117157
29.740945816
25.9407958984
23.3858337402
27.951335907
29.0025730133
24.7556438446
24.1518878937
21.9998340607
24.2113304138
24.5872764587
19.1062240601
18.849773407
21.5454120636
19.3216838837
15.6232919693
18.5451545715
17.7526473999
13.3526649475
13.6760005951
10.3950796127
13.7043123245
11.6707391739
11.2143545151
14.8712682724
15.7176160812
14.26192379
16.1978816986
19.2411499023
20.2476539612
19.869430542
22.2367610931
25.1578330994
24.2779064178
25.2375526428
28.4118900299
31.0241756439
33.3948516846
32.3500061035
35.4955215454
34.1748733521
29.6203174591
31.8115921021
33.6834373474
29.4186687469
27.1462516785
31.4699993134
30.4143981934
26.743434906
26.8769321442
25.8083076477
28.2565727234
27.1163825989
23.3613548279
24.0708560944
26.7507820129
24.2072868347
21.0826568604
25.177646637
27.5235919952
22.1729507446
19.0930633545
21.472442627
17.4681110382
22.3579921722
19.7734375
18.5918483734
22.6649188995
24.1492004395
21.6796379089
22.9047088623
26.6694564819
26.1969547272
25.7900123596
28.4758148193
31.8198680878
30.6968002319
30.7708492279
34.6210136414
36.5077934265
36.4417533875
39.6740646362
37.6495780945
33.8121643066
37.6600379944
37.4509086609
33.9692687988
32.5031356812
36.1652946472
36.1969947815
31.6783103943
32.5988121033
32.3332862854
35.8025093079
34.589214325
30.2621231079
31.2967948914
33.3095207214
30.8901309967
28.8168182373
34.3729286194
33.8333282471
29.7764987946
30.1625728607
28.7383327484
32.5814704895
27.0375919342
28.0361461639
32.4344139099
34.6000938416
30.7652587891
32.2508621216
36.2916488647
35.6707496643
33.8178596497
36.3881187439
40.6288375854
38.3800773621
37.1041679382
41.37865448
43.5612792969
42.3978157043
41.4277763367
45.2871780396
43.5504570007
40.0501327515
41.5792350769
39.2842178345
46.0525894165
45.5277938843
43.0832519531
44.5175170898
41.6161842346
45.3640403748
41.9948616028
40.442035675
44.6824645996
44.5758361816
41.3264732361
42.7562904358
45.8502006531
44.8812484741
41.9207229614
45.3543281555
48.0611152649
45.668964386
44.1874465942
49.0555953979
49.9301528931
52.2732810974
48.8118286133
52.0378112793
48.7030563354
46.8290290833
52.060092926
52.0043449402
47.3003540039
48.9032707214
52.4400939941
50.9884719849
48.2195320129
50.9177284241
50.8466796875
54.4012870789
54.3181800842
50.9796333313
51.4817390442
55.5310020447
53.6440162659
51.0740509033
54.9234695435
56.8718032837
50.9016036987
53.363861084
56.2773704529
57.1224098206
52.6506690979
55.2050323486
50.118522644
49.8874015808
53.7264022827
52.8067779541
49.6998214722
51.6616172791
55.3129882812
53.0819091797
51.7741699219
55.060749054
57.3879547119
53.275894165
53.7301673889
58.5789604187
58.4902114868
57.6227874756
56.4161148071
57.4062385559
57.2864189148
59.4231452942
63.3531990051
59.0512275696
58.7928771973
62.40990448
63.5055160522
59.8736457825
60.4225311279
65.6903610229
63.2221870422
59.313419342
63.1066970825
61.7743911743
64.9252471924
65.7006912231
62.0853004456
62.1432914734
66.1797943115
64.9398498535
61.3354682922
65.1361923218
67.5852432251
66.2107391357
62.8934745789
61.6887283325
59.6555595398
62.8761901855
57.0077476501
57.9900169373
62.1373786926
59.3863487244
58.2982902527
60.9353713989
63.7490768433
61.5638542175
60.2454528809
64.8086776733
64.9521789551
62.0353813171
63.7758865356
67.8209762573
66.3716964722
67.4760360718
70.817024231
70.0130844116
68.0800018311
72.3185424805
73.909576416
71.2238998413
69.6326828003
75.8928756714
74.7230148315
70.816116333
72.8606338501
71.0978164673
74.5147857666
75.3261108398
70.7253723145
70.4875106812
74.395362854
73.6078491211
69.6731109619
72.3638153076
75.2266616821
72.9118728638
70.5552444458
74.626449585
75.5870666504
71.1263046265
72.0653839111
76.4561462402
75.7409515381
62.5106124878
59.7622642517
57.4583473206
59.9628562927
61.791305542
66.3244094849
66.5923080444
62.6545143127
65.1944961548
69.3055801392
66.5042724609
66.2533798218
68.894569397
71.4342193604
68.9024963379
68.704498291
72.4867401123
72.3279190063
70.0320205688
72.1102294922
75.8442687988
73.3138198853
77.2503814697
81.3598709106
80.8582077026
77.2230834961
80.7964172363
83.3802642822
80.2643280029
79.0130462646
84.3980255127
83.9125595093
81.2128143311
83.9510726929
80.3501586914
83.306930542
83.6992721558
79.2980422974
78.3640899658
81.7708206177
80.3232116699
75.9485397339
78.591835022
80.5074920654
74.0054626465
72.7412872314
69.3803863525
69.2082595825
67.0847244263
70.7245254517
73.8095245361
69.5062561035
71.3029251099
75.2479782104
76.6016845703
75.3285903931
76.2803726196
79.986289978
79.1389007568
78.0146713257
81.3728027344
84.1399841309
83.2564620972
86.1443405151
91.5711288452
90.3019943237
86.9975204468
88.3430175781
92.1980895996
88.8123703003
86.3471298218
90.4513473511
91.5268249512
88.162727356
88.2650680542
85.7628860474
88.303894043
86.6999664307
83.5623016357
82.8204727173
85.068649292
82.812789917
78.4977035522
81.2155380249
80.8529434204
75.7562866211
71.4000701904
70.7683334351
70.7262878418
71.6080780029
73.7268676758
75.9751358032
75.3049697876
74.55809021
79.34009552
81.0683822632
81.1023712158
82.2689285278
85.5355758667
85.1593170166
84.1946563721
88.3287887573
90.3782730103
89.262878418
92.2835006714
37.4799690247
33.8120002747
35.621295929
38.3388633728
33.6530456543
31.8194618225
35.3112182617
35.2253837585
30.2916049957
31.7531356812
35.4227828979
31.2327785492
28.1511726379
32.0129432678
32.6621284485
34.0066719055
31.7656211853
27.7546806335
28.9244251251
29.7521686554
27.005241394
24.1499328613
26.5363883972
26.2071399689
22.7932262421
22.0129947662
25.8256626129
23.7935390472
18.5664691925
22.1754150391
24.985124588
21.1895713806
20.4552536011
25.6435489655
26.5379924774
29.3945941925
27.2651443481
24.3179130554
28.6969013214
30.0372524261
27.0165328979
27.7850608826
32.1942825317
31.3708572388
32.3840522766
33.2823677063
28.7155685425
26.9092617035
28.8656654358
27.9579868317
24.1997413635
24.4387760162
28.5066738129
24.6330184937
20.6075439453
23.9009513855
25.7766666412
23.0131111145
23.2172889709
21.0797977448
17.1061077118
18.4352302551
20.0176906586
17.4096565247
14.1283178329
17.4021644592
19.1102218628
16.0531578064
15.4665527344
19.0189037323
19.4714775085
14.4858131409
17.6140975952
21.5625572205
19.1225833893
19.0814857483
24.0436191559
28.6443080902
24.9566478729
23.9469547272
28.9841880798
27.2354164124
23.7679843903
28.0909996033
31.1190624237
27.7690162659
26.6802310944
23.5928077698
23.5320186615
24.861530304
22.0839252472
19.0014724731
20.7340145111
22.0078468323
17.8272132874
16.451084137
17.3180503845
15.0544128418
14.865067482
12.2560634613
8.47615146637
9.33244419098
12.5211362839
11.3654155731
7.55173635483
11.7283821106
14.2131223679
13.1633090973
12.6030302048
16.2914199829
17.9305610657
16.8229598999
18.111164093
21.5564556122
22.0291137695
21.6248893738
23.6048717499
26.4865760803
30.6014328003
29.0626182556
25.8737354279
27.2750492096
30.2774734497
26.8512840271
23.9938831329
28.1401176453
29.9439525604
25.9376869202
25.0043716431
22.5061187744
24.1646442413
24.8508701324
19.8730144501
18.7497692108
21.0131244659
19.2033519745
15.5096607208
17.3602142334
16.9127883911
12.591044426
11.5885028839
7.9931268692
10.6525583267
8.76719665527
10.1396284103
12.884516716
13.5440645218
12.9070453644
15.190164566
17.5387783051
18.7456645966
19.1001358032
21.2973079681
23.7206420898
23.359413147
24.7790164948
27.4450340271
29.7773723602
32.479183197
31.8052597046
34.6833648682
33.8804016113
29.1515712738
30.8243999481
33.0690155029
29.1805038452
26.3625011444
30.5760536194
29.9629497528
26.3224449158
25.9528274536
24.5769844055
26.7541255951
25.5226783752
21.732925415
22.1979255676
24.511423111
22.0265045166
18.6210384369
22.3907356262
24.8544979095
19.3299312592
16.2122650146
17.9522590637
14.0760173798
19.039144516
16.7710170746
15.7684984207
19.61536026
21.4364509583
19.3421859741
20.5229682922
24.1621417999
24.0419692993
23.9692649841
26.3843975067
29.6604938507
29.0388050079
29.2123451233
32.698928833
34.8040924072
35.0206871033
38.2390785217
36.4349822998
32.4421691895
35.8454627991
35.8052635193
32.4060020447
30.5954360962
34.0861206055
34.386505127
29.6927700043
30.2656726837
29.8773155212
33.1992912292
31.8665218353
27.4345817566
28.4829483032
30.1680870056
27.661157608
25.5482826233
31.0827255249
30.2776546478
26.2427330017
26.5555362701
25.3531284332
29.2945632935
24.0554504395
24.8972244263
29.2384757996
31.6493606567
28.0556983948
29.3759803772
33.3665237427
33.0721168518
31.3612518311
33.7084884644
38.0481491089
36.1434707642
34.8439826965
38.9265365601
41.3390655518
40.2666816711
39.0965652466
42.9599494934
41.3805503845
37.6738891602
39.0759658813
36.4926109314
42.7447738647
42.0656585693
39.6636390686
41.0809936523
38.3941307068
42.2378883362
39.0185165405
37.2750053406
41.5113830566
41.6412773132
38.4267807007
39.6953163147
42.8772087097
42.0971374512
39.1018180847
42.3889160156
45.3159751892
43.1048660278
41.4823188782
46.2757759094
47.4069290161
49.8457221985
46.2122001648
49.3789863586
45.9862365723
44.0109710693
49.1969985962
49.0046272278
44.1924743652
45.7522010803
49.2268867493
47.7607650757
44.8556900024
47.5265922546
47.5523910522
51.1402893066
50.8703117371
47.6190261841
48.2865028381
52.2323379517
50.1960716248
47.8363456726
51.7619018555
53.5823173523
47.5892562866
50.2406959534
53.2212028503
54.1928024292
49.6747550964
52.4864234924
47.3936958313
46.9225921631
50.8065910339
50.1090202332
46.8820152283
48.6834106445
52.4000396729
50.3168907166
48.8584251404
52.0351486206
54.6689796448
50.5283813477
50.734703064
55.6223831177
55.6838569641
54.9926719666
53.5131187439
54.4462394714
54.16381073
56.4027557373
60.2271881104
55.8015594482
55.6180076599
59.3073348999
60.2323760986
56.5449180603
57.1720695496
62.3622093201
59.7951507568
55.8700752258
59.6467514038
58.5060081482
61.7050361633
62.4609146118
58.9071578979
59.0757827759
63.1487808228
61.8721237183
58.3888397217
62.3092041016
64.7051467896
63.4436531067
60.1504592896
58.9884338379
57.1423301697
60.4613494873
54.536315918
55.282459259
59.4987602234
56.9063339233
55.5993270874
58.1126670837
61.0245552063
58.8237915039
57.3284645081
61.8980369568
62.2024497986
59.1720733643
60.7315597534
64.8500900269
63.4453926086
64.369178772
67.691947937
66.777961731
64.9072952271
69.2369537354
70.711769104
67.9917678833
66.5279083252
72.7719802856
71.4947357178
67.6390686035
69.8294754028
68.1278762817
71.6065979004
72.4435958862
67.9402923584
67.7296600342
71.715423584
70.9246444702
67.0690002441
69.8690719604
72.7581634521
70.4285430908
68.2313766479
72.3828125
73.3350448608
68.9764328003
70.0107803345
74.4193725586
73.7067947388
60.4042129517
57.5223999023
55.3631477356
57.7643165588
59.8220596313
64.1277236938
64.5136413574
60.4312591553
62.8111419678
66.9645004272
64.1630706787
63.7244606018
66.3129196167
68.9019851685
66.3027648926
65.9773254395
69.7605285645
69.6619567871
67.2302932739
69.2104187012
72.991065979
70.4304046631
74.217628479
78.341003418
77.7562408447
74.2406692505
77.9081115723
80.4182510376
77.3310012817
76.2100296021
81.6038360596
81.0812149048
78.4268417358
81.3242492676
77.7277984619
80.7496109009
81.2414779663
76.9136199951
75.866859436
79.4628448486
78.1325302124
73.6715927124
76.3995132446
78.4535064697
71.9759597778
70.8654556274
67.3926391602
67.243850708
64.9322509766
68.517250061
71.6783218384
67.2177658081
68.882194519
72.8626098633
74.1901168823
72.7948913574
73.6801681519
77.4490661621
76.5434494019
75.2758407593
78.6687698364
81.4856567383
80.4708633423
83.3446350098
88.836555481
87.5125427246
84.3126602173
85.7403411865
89.5858078003
86.2510299683
83.8608551025
88.0249481201
89.101890564
85.7926635742
86.0026550293
83.4733047485
86.0408248901
84.5784225464
81.4398651123
80.5870437622
82.9856948853
80.8609085083
76.4189376831
79.1395492554
78.9587020874
73.8290863037
69.622177124
68.7661514282
68.7095336914
69.4056854248
71.5750274658
73.8328094482
73.0124130249
72.1374282837
77.0606002808
78.7661972046
78.661529541
79.8275909424
83.1918640137
82.7694091797
81.5818252563
85.8416976929
87.9115219116
86.7010574341
89.6326065063
32.7471961975
29.1678352356
31.1710796356
34.1791534424
29.7119255066
28.0372314453
31.8348789215
32.0287017822
27.0913143158
29.0349578857
32.8167304993
28.9356765747
26.1340713501
30.3839035034
31.273109436
33.1926193237
30.8964233398
27.3416461945
27.9489593506
28.03150177
25.569442749
22.8952255249
24.0360431671
23.6426353455
20.3708992004
19.177438736
22.346496582
20.3235397339
14.9784288406
17.9900112152
20.5636672974
16.573474884
15.2874889374
20.4320240021
21.103187561
24.2556800842
22.4775390625
19.4553146362
23.9140701294
25.6730632782
23.1247615814
23.7718448639
27.9349727631
27.9315910339
29.4317550659
30.4246749878
25.7089653015
24.2497692108
26.9264068604
26.0336017609
22.0793628693
23.1856231689
27.4378395081
23.7046890259
20.1244792938
24.0944385529
26.0504932404
23.0994148254
24.3489761353
21.5082912445
18.1002388
18.0394821167
19.2543029785
17.1417160034
12.906373024
15.3755693436
17.3850841522
14.4672327042
12.696187973
15.8510961533
16.9840679169
11.3449163437
13.4437150955
17.9004478455
15.8089036942
14.8066062927
19.64610672
24.2836551666
24.6642303467
21.4905662537
21.0230140686
26.0847949982
24.4012393951
21.4430732727
26.3204021454
28.844165802
25.9683513641
25.6228160858
22.5688781738
22.9869098663
24.9191169739
22.1916103363
18.8376255035
21.7754936218
23.3635253906
18.9618911743
18.4398403168
20.1236629486
17.6758289337
18.3526992798
14.9631605148
12.0847940445
10.4741773605
13.5183725357
13.5728578568
9.467045784
10.2659797668
14.2255496979
13.8745260239
11.4698877335
14.6292152405
17.5174274445
15.9770317078
15.8440227509
19.8696403503
21.2261734009
19.9263591766
20.9706897736
24.2833557129
28.5755653381
27.9022483826
24.9945659637
26.935426712
30.0897350311
26.7633514404
24.4726238251
28.802778244
30.5942115784
26.9875888824
26.73179245
24.2045326233
26.0810661316
27.4662475586
22.6104717255
20.9850711823
24.2738075256
23.0131759644
19.0786209106
21.1937389374
17.3697910309
16.9035644531
12.4556999207
14.1714448929
10.4731521606
13.1988773346
16.2325973511
15.2531042099
13.7561864853
17.3050308228
19.5279331207
19.2368469238
19.8497238159
23.0041122437
24.4339294434
23.3836212158
25.4585666656
28.5255470276
29.9589614868
32.9653778076
32.6603469849
36.1630783081
35.2799377441
30.7019939423
32.6091995239
35.3670043945
31.5143604279
28.9317016602
33.6243934631
33.2248802185
29.6844940186
29.7095546722
28.0551681519
30.2682666779
29.8398036957
25.7496528625
25.5095920563
28.3706684113
26.4679355621
22.3965625763
25.7061080933
29.1021747589
23.8097362518
20.4061775208
21.0933971405
16.0450839996
20.3004550934
17.2894515991
18.2303237915
22.0825748444
22.1316223145
20.6833934784
22.9041614532
26.0426235199
24.8133239746
25.8426246643
28.8251209259
31.0068454742
30.4361515045
31.4122886658
34.7976493835
36.4549407959
37.1345901489
40.6254882812
39.1252746582
35.1308403015
38.5808486938
39.0886459351
35.9348983765
33.8691215515
37.6733551025
38.3552474976
33.8248786926
34.2141265869
33.3758163452
36.4831886292
35.6267585754
30.9595737457
31.3633861542
33.1644477844
30.9710159302
28.2358531952
33.3297386169
32.4051017761
28.2392482758
27.7287750244
26.2581100464
29.7386455536
24.2848377228
26.4205627441
30.6928501129
32.5237350464
29.2947292328
31.4213104248
35.0631027222
34.1025733948
33.4491577148
36.1765441895
39.723815918
38.1606636047
37.5769119263
41.6057929993
43.9688034058
43.3593597412
42.4352226257
46.4046554565
45.2086677551
41.6198654175
43.3442840576
40.5831604004
44.5015144348
43.4060745239
40.7111816406
41.6204299927
38.8832931519
42.7154808044
39.51121521
38.4026107788
42.7560882568
42.7961082458
39.945514679
41.5847015381
44.7670555115
44.0651397705
41.4009933472
44.8948402405
47.6915359497
45.6280479431
44.4835662842
49.2106781006
50.3770828247
53.1078643799
49.7370948792
53.2108955383
49.9259185791
47.4572181702
52.4432678223
52.5924224854
47.6836128235
48.7619476318
52.2938461304
51.1887130737
47.8532600403
50.1927146912
50.1001396179
53.6460151672
53.0496788025
49.6430015564
50.3247947693
54.0457954407
51.8110313416
49.2805099487
53.1311912537
54.7572937012
48.4294548035
51.0238876343
53.9542770386
54.5865249634
50.1359481812
53.321144104
48.1348381042
47.9743003845
52.0667152405
51.6289787292
48.5519523621
50.5082397461
54.2605514526
52.4729652405
51.2450141907
54.3448371887
57.0627059937
53.2345504761
53.5807647705
58.4139060974
58.7843589783
58.3342704773
56.9508094788
58.2012519836
57.5650634766
59.599407196
63.4102783203
58.8288230896
58.4403915405
62.1123695374
62.9542579651
59.0335540771
59.4242286682
64.6799163818
62.1182937622
57.972568512
61.3959693909
60.2869720459
63.6002464294
63.9756088257
60.2685890198
60.7089538574
64.6443634033
62.9436721802
59.6435966492
63.6983833313
65.7612915039
64.1492843628
60.6342391968
59.8322982788
57.9049263
61.6539382935
55.8405570984
56.617603302
60.9300537109
58.7515296936
57.5091400146
59.8930854797
63.017162323
61.1162796021
59.5877418518
64.0467147827
64.8718948364
61.8581352234
63.1779174805
67.4577941895
66.359161377
67.1685638428
70.5389251709
69.3831329346
67.3566818237
71.7713775635
72.9194793701
70.0886383057
68.5815582275
74.7957077026
73.2908325195
69.22706604
71.4043426514
69.9063796997
73.4716567993
74.0028762817
69.2445755005
69.5227966309
73.4284973145
72.2104034424
68.4856872559
71.6168823242
74.2138595581
71.5586242676
69.722946167
74.0477981567
74.5796890259
70.1716461182
71.5436782837
75.9087371826
74.735244751
61.440071106
58.3999938965
56.6313056946
59.2172393799
61.5384864807
65.6364898682
66.3471603394
62.444732666
64.5801773071
68.9013290405
66.4921417236
65.9165725708
68.3498916626
71.1952514648
68.7933654785
68.3547668457
72.0319137573
72.4104766846
69.9647598267
71.5932540894
75.589630127
73.3226470947
76.7689208984
80.87840271
80.0767059326
76.5335083008
80.4287185669
82.5965118408
79.289642334
78.3303375244
83.8078079224
82.9263839722
80.1389465332
83.0905990601
79.7112503052
82.8993835449
83.200920105
78.8166656494
78.102722168
81.7371444702
80.1924972534
75.9109115601
78.9026794434
80.7521514893
74.314781189
73.2058792114
69.8135528564
70.0072097778
67.6080703735
70.9116744995
74.3381652832
70.2116317749
71.5219039917
75.4305267334
76.9855575562
75.622467041
76.265586853
80.06980896
79.4711074829
78.116897583
81.2356262207
84.2991409302
83.3709106445
86.0295410156
91.5318756104
89.8549575806
86.7979354858
88.3767776489
92.0956039429
88.5647201538
86.3409118652
90.6281051636
91.4007492065
87.941192627
88.3929901123
86.0044021606
88.7529754639
87.2715759277
84.0810470581
83.4181137085
85.9705657959
83.7420883179
79.3428192139
82.3411026001
82.1919631958
76.9707183838
72.8255233765
71.9664916992
72.2127609253
72.6656188965
74.6445236206
77.1396865845
76.3836212158
75.2733078003
80.1357955933
82.0254745483
81.8752212524
82.808380127
86.2406234741
86.0883865356
84.680305481
88.7762908936
91.0932922363
89.9762039185
92.6785507202
31.7858181
27.9254703522
29.5047893524
32.4012374878
28.0004520416
25.9031772614
29.5120716095
29.9343738556
24.9709014893
26.2741413116
30.2327613831
26.6047458649
23.3197860718
27.2743492126
28.607000351
30.324136734
28.603307724
24.7867012024
26.1464214325
26.0908088684
23.1079292297
20.8662509918
22.6740493774
21.6086082458
18.1668148041
17.7937545776
21.0308036804
18.320734024
13.4215602875
17.4021930695
19.3251113892
15.1943702698
15.0096130371
20.0353889465
20.5721893311
23.3019218445
21.215763092
18.0470943451
22.2921066284
23.7079353333
20.7715034485
21.3009128571
25.7082138062
25.1017436981
26.2093963623
27.303106308
22.8151397705
20.8983669281
23.2838077545
22.61977005
18.7263660431
19.2951011658
23.6973285675
20.2438602448
16.2866325378
20.0740737915
22.3355789185
19.8660068512
21.2867183685
19.0112037659
15.5318460464
16.3190593719
16.6241283417
13.9008789062
10.6763343811
12.9399271011
14.1510152817
10.8127326965
9.66568660736
13.0659160614
13.4620113373
8.16827201843
11.274518013
15.1225728989
12.8578290939
12.8806180954
17.7404575348
21.9529800415
22.2268791199
18.5520782471
17.8455886841
22.7947349548
21.0057888031
17.7535114288
22.4762554169
25.1728935242
22.0866718292
21.4802703857
18.3969669342
18.7578773499
20.5823631287
17.8864173889
14.5318384171
17.4640007019
19.1653766632
14.8150987625
14.3667058945
16.3583393097
14.120598793
15.4192562103
12.1844244003
9.65934562683
7.53472328186
9.81875133514
9.81333255768
6.23649597168
6.61164474487
9.91607284546
9.93028068542
7.69355678558
10.7220230103
13.4554796219
12.8276500702
12.7213497162
16.2050533295
17.6949863434
17.1343765259
18.3671550751
20.9160690308
25.2559585571
24.1411304474
21.1474208832
23.2746009827
26.0899143219
22.5944709778
20.3514976501
24.8787250519
26.356048584
22.6902008057
22.5602436066
20.1499061584
22.2840843201
23.6291122437
18.7414951324
17.3233222961
21.0055809021
19.7752494812
15.8591747284
18.5932846069
19.3305568695
15.2061920166
16.037519455
11.5188331604
13.7478837967
10.2364301682
10.6405076981
14.3117380142
13.4083576202
11.0819787979
14.2531681061
17.0458374023
16.6664009094
16.538690567
19.7922592163
21.7211799622
20.2973251343
21.9079875946
25.3161373138
27.1440429688
29.7811965942
29.1474342346
32.7991027832
31.5692214966
27.1063690186
29.3937168121
31.8876152039
27.8324985504
25.6290569305
30.4466323853
29.8235378265
26.3224697113
26.7673377991
25.2636470795
27.6925640106
27.6325206757
23.4825973511
23.2803211212
26.6537761688
24.9454975128
20.9892654419
24.6161251068
28.1246929169
23.2737884521
19.8287830353
21.521894455
16.2521343231
20.3336963654
16.9992332458
17.2106189728
21.3765926361
21.1160106659
18.9687824249
21.1649265289
24.4533061981
22.9282035828
23.4142246246
26.6907024384
28.9921970367
27.8386497498
28.6943416595
32.4348068237
33.8702774048
34.267364502
37.7724380493
36.1132469177
32.2623825073
36.128944397
36.5470123291
33.3833618164
31.6088600159
35.6519584656
36.1627082825
31.8913421631
32.617099762
31.8064308167
35.060798645
34.5136833191
29.9474391937
30.2152042389
32.590297699
30.6623287201
27.9076347351
33.0111160278
32.7487297058
28.5561466217
28.4552059174
26.4491291046
29.8317337036
23.8802604675
25.9107723236
30.2711658478
31.7549438477
28.0616893768
30.3403072357
34.0850944519
32.7247848511
31.7389583588
34.7740707397
38.2023658752
36.1576385498
35.6210823059
39.8812484741
41.9465103149
41.2808418274
40.6431884766
44.6252708435
43.347114563
40.0616188049
42.1022033691
39.7125816345
44.2125549316
43.544708252
40.8250160217
41.9559669495
38.7337036133
42.3518028259
38.8679504395
37.9485778809
42.267742157
41.8902053833
38.9254951477
40.7990989685
43.8184738159
42.8045654297
40.1914138794
43.9278144836
46.3577728271
44.0408935547
43.143661499
47.9710350037
48.7653045654
51.4118385315
48.3436737061
52.0097351074
48.8665847778
46.3846092224
51.3956565857
51.8895225525
47.1591415405
48.1909255981
51.8629417419
50.9123039246
47.7550849915
50.0917816162
49.7593650818
53.2282409668
53.0512657166
49.4365997314
49.7694587708
53.7094230652
51.8533973694
48.8712158203
52.5752487183
54.4987411499
48.3237190247
50.5298843384
53.3390159607
53.8442611694
49.4706268311
52.1068687439
46.9637451172
47.130279541
51.0937767029
50.2653656006
47.3601646423
49.5631980896
53.1979866028
51.1637878418
50.1771392822
53.4636764526
55.6841201782
51.9171524048
52.6838989258
57.4389343262
57.6055793762
56.9384994507
56.0163383484
57.4918670654
57.0424346924
58.8111343384
62.8251495361
58.4676475525
57.8774528503
61.40599823
62.5829391479
58.7576293945
58.9663009644
62.0633544922
57.953918457
61.4327201843
59.8805656433
63.0850715637
63.5369949341
59.7342453003
59.9276618958
63.8098373413
62.2545509338
58.7059364319
62.5378799438
64.7421798706
63.0281600952
59.5389823914
58.5789909363
56.3977279663
59.9222831726
54.1742248535
55.2871704102
59.4777908325
57.039932251
56.1023330688
58.6837997437
61.6401748657
59.7587089539
58.5125312805
62.9583473206
63.5481796265
60.7135543823
62.3255233765
66.4830627441
65.3456192017
66.4645004272
69.8774490356
68.9108276367
66.7433166504
70.9904098511
72.3439025879
69.5842666626
67.8312759399
74.0733947754
72.7914581299
68.6490478516
70.5538787842
68.9301834106
72.3840179443
72.9002838135
68.0263824463
68.2042770386
71.9961013794
70.837097168
66.9791488647
69.9210510254
72.5092086792
69.9262313843
67.8262557983
72.0319976807
72.6223449707
68.0975952148
69.314956665
73.6627807617
72.5500183105
59.3422317505
56.4995765686
54.4890594482
57.1749610901
59.2069587708
63.5826454163
64.1274185181
60.3900222778
62.7381973267
66.9922637939
64.5802993774
64.2508239746
66.7596588135
69.5314483643
67.2303695679
66.9742279053
70.6473846436
70.961479187
68.721496582
70.4842071533
74.4134979248
72.2311325073
75.8963317871
79.9777069092
79.3174667358
75.5586395264
79.3059768677
81.5838470459
78.2350006104
77.0604400635
82.5221633911
81.7101745605
78.8637008667
81.5717163086
78.1747894287
81.2656555176
81.436668396
76.9604492188
76.3884963989
79.7738647461
78.0882492065
73.9121398926
76.8059310913
78.4867630005
72.0251083374
70.7495193481
67.4823303223
67.6728210449
65.4794998169
68.8324127197
72.1813735962
68.2813415527
69.7215118408
73.5774078369
75.1842498779
73.989730835
74.7051391602
78.4225158691
77.9365234375
76.7844238281
79.8240203857
82.8339691162
82.1176681519
84.772895813
90.1735992432
88.5615310669
85.3508224487
86.819229126
90.5430221558
86.9342803955
84.6133804321
88.8268737793
89.5847320557
86.055557251
86.3730316162
84.0242080688
86.7513504028
85.0993347168
81.9073410034
81.393737793
83.7844085693
81.3983917236
77.1477432251
80.1814041138
79.8363723755
74.6381225586
70.3499984741
69.7283630371
70.0532531738
70.6689529419
72.55493927
75.0783233643
74.5195846558
73.5304489136
78.1990203857
80.1483840942
80.1706390381
81.0662384033
84.3801651001
84.3372039795
83.1960296631
87.088760376
89.4156494141
88.4508361816
91.2398834229
35.734287262
31.7672920227
33.1155433655
36.1702690125
32.0114860535
29.6513824463
33.2314338684
33.9617538452
29.0140953064
29.9071521759
34.0218276978
30.6299266815
27.0673046112
30.714384079
32.3649139404
33.8364295959
32.4432144165
28.3948078156
30.182641983
30.2552680969
27.0351657867
24.9301872253
27.0864868164
25.8330802917
22.3568592072
22.2416172028
25.4385795593
22.4346408844
17.786813736
21.8080635071
23.4012393951
18.9665813446
18.8576965332
23.7817649841
23.4815750122
26.670955658
24.8709182739
21.1467418671
25.0364112854
27.0119819641
24.15533638
23.9214172363
28.3216381073
28.0891971588
28.82472229
30.3102645874
26.1792488098
23.6859455109
25.9263782501
25.7355308533
21.9482879639
21.7448940277
26.390083313
23.3833198547
18.9309310913
22.115272522
24.8197288513
22.9365730286
23.9656181335
22.3450908661
18.5586738586
20.1913318634
20.3912715912
17.2018871307
14.7015867233
17.0848369598
17.7358360291
14.0444002151
13.4053096771
16.7231864929
16.213640213
10.8056659698
14.4866666794
17.7161312103
14.3593397141
14.5363798141
19.4847717285
22.5998859406
23.9129066467
20.3936061859
18.8607788086
24.0916538239
22.9305515289
19.4674892426
23.2543258667
26.6085777283
23.9626865387
22.8901386261
19.7261562347
19.2329311371
21.2310466766
19.093875885
15.5105161667
17.3856220245
19.9754199982
15.9645824432
13.9427404404
16.4472236633
14.9217710495
16.1035060883
13.7529344559
10.1494169235
10.1505393982
11.9724435806
9.87266635895
6.26292228699
9.69824695587
10.6374225616
8.77683544159
7.56938076019
11.5878458023
13.102016449
11.0820713043
12.5244684219
16.2384090424
16.4257507324
15.6881370544
17.7884960175
20.9746646881
24.9196929932
23.6461963654
20.5471038818
21.8323345184
25.2125415802
22.1516017914
19.367193222
23.3282413483
25.6556816101
22.1832580566
21.4745960236
18.6817264557
20.141046524
21.6963367462
17.3961830139
15.09025383
18.1824455261
17.3853931427
13.5250463486
15.2037439346
16.4353466034
12.5588855743
12.7822246552
7.96639347076
9.56768226624
6.30705404282
7.40347623825
10.3059177399
9.28629875183
7.75237703323
11.0344839096
13.2604064941
13.4102993011
13.912238121
16.765953064
18.5031166077
17.7845077515
19.6505508423
22.4392356873
24.299369812
27.1427898407
26.7576942444
29.9919471741
29.2845802307
24.6046981812
26.3496608734
29.0949211121
25.4075431824
22.6234607697
27.2908248901
27.0682163239
23.5967159271
23.5583400726
21.7859592438
23.998249054
23.9277915955
19.7258033752
19.3171806335
22.486749649
20.9281578064
16.7390365601
20.1962833405
23.8592472076
19.1296806335
15.6586427689
17.2614021301
12.0067071915
16.0881462097
12.9742670059
12.7949256897
16.9163036346
17.0793399811
14.8897409439
16.9137878418
20.2263126373
19.1665344238
19.6107654572
22.6392593384
25.1110153198
24.2943077087
25.0715866089
28.5697631836
30.2614536285
30.7922725677
34.2485694885
32.7247467041
28.7358608246
32.2638015747
32.757484436
29.6427249908
27.6277484894
31.5559177399
32.2526550293
27.8859348297
28.399143219
27.501247406
30.690164566
30.1206436157
25.5093975067
25.7754554749
28.0774421692
26.1828289032
23.415140152
28.5401496887
28.3582611084
24.1913414001
24.3199977875
22.2795734406
25.7995567322
19.9349842072
21.5645942688
25.9357089996
27.6198730469
23.8984489441
25.9585800171
29.762714386
28.6936130524
27.5371456146
30.4231624603
34.0424919128
32.1141586304
31.457118988
35.6243400574
37.8323974609
37.1748771667
36.4053726196
40.3897705078
39.20362854
35.8144569397
37.8372879028
35.335735321
39.8146209717
39.2456855774
36.5990753174
37.9030456543
34.6833610535
38.3224716187
34.8647613525
33.7065963745
37.9988937378
37.7074012756
34.6583137512
36.4097633362
39.4582672119
38.4983062744
35.8124427795
39.4792823792
42.008014679
39.7534065247
38.7423171997
43.5481567383
44.455657959
47.1335449219
43.974281311
47.629070282
44.4797935486
41.9334106445
46.9330596924
47.4001121521
42.6541938782
43.6674232483
47.3327293396
46.4036560059
43.2372016907
45.578994751
45.248752594
48.7235183716
48.5898361206
44.9887771606
45.3350296021
49.3022041321
47.4922866821
44.548248291
48.2873649597
50.2416038513
44.1586685181
46.4107894897
49.2553825378
49.9123878479
45.4975395203
48.1193809509
42.9927368164
42.9748191833
46.9037361145
46.1057929993
43.107837677
45.2214546204
48.8770103455
46.8465995789
45.7629470825
49.0292053223
51.3576545715
47.5320663452
48.1977920532
52.9703865051
53.1662940979
52.5629043579
51.5383415222
53.0205726624
52.5247383118
54.3036804199
58.2988128662
53.934387207
53.3564224243
56.9006767273
58.0591888428
54.2504577637
54.4933128357
59.9018211365
57.5781707764
53.4997062683
57.0405464172
55.4852828979
58.6775360107
59.2060203552
55.4497756958
55.6088600159
59.536655426
58.0787277222
54.5171546936
58.3676605225
60.6383895874
59.0725822449
55.6595191956
54.6079139709
52.5439071655
56.0079994202
50.1901931763
51.1751823425
55.3814163208
52.9324760437
51.8658447266
54.421333313
57.3822517395
55.4387016296
54.1243438721
58.5943756104
59.1756134033
56.2893981934
57.8708076477
62.0322151184
60.8794898987
61.9577827454
65.3640441895
64.3993301392
62.25831604
66.5185394287
67.8891830444
65.1405487061
63.4228134155
69.6690826416
68.4059371948
64.3170700073
66.2670135498
64.6187896729
68.0810241699
68.6746749878
63.9018554688
63.9777450562
67.8268966675
66.7680969238
62.9128761292
65.8401489258
68.5126266479
66.0033035278
63.9009475708
68.1204071045
68.8085021973
64.3567733765
65.5541000366
69.929145813
68.9363937378
55.6603622437
52.7721366882
50.7457122803
53.3229408264
55.4518165588
59.7280769348
60.2776832581
56.4041137695
58.7081680298
62.9569206238
60.4698905945
60.0568199158
62.5690765381
65.3229064941
62.9532394409
62.6523208618
66.3464584351
66.6202545166
64.3201065063
66.0911712646
70.0099105835
67.7838058472
71.4367980957
75.5250015259
74.8712921143
71.1516418457
74.9028015137
77.2060241699
73.9067459106
72.7549133301
78.2089996338
77.44871521
74.6496429443
77.424949646
73.9826126099
77.0777359009
77.3408660889
72.9154891968
72.2146911621
75.7043075562
74.1312332153
69.8640441895
72.7674942017
74.573890686
68.1166915894
66.9462051392
63.5845222473
63.7393188477
61.4315223694
64.79637146
68.1552200317
64.1134262085
65.5202865601
69.409324646
70.970993042
69.7056503296
70.4188995361
74.1662521362
73.6117782593
72.4013671875
75.4924926758
78.4948577881
77.7100753784
80.3847122192
85.8144836426
84.2295227051
81.0427093506
82.5303268433
86.2696380615
82.7176513672
80.4087371826
84.6391143799
85.4475402832
81.97631073
82.3148727417
79.9249954224
82.6423568726
81.0811920166
77.894859314
77.2845230103
79.7516326904
77.4652633667
73.1224441528
76.1283416748
75.9009628296
70.6876296997
66.4958343506
65.7192993164
66.0121917725
66.5275039673
68.4634552002
70.971824646
70.3181533813
69.2748718262
74.0312728882
75.9511260986
75.8996124268
76.817237854
80.1805877686
80.0877532959
78.8482971191
82.8227310181
85.1360092163
84.1151199341
