81.9250411987
85.9269104004
79.5759811401
89.1618881226
71.4862136841
80.8522415161
80.6011962891
86.3561325073
86.2198638916
65.1877975464
71.2995147705
74.7789535522
68.7009353638
78.6967926025
61.6036529541
73.6001586914
69.8744812012
77.5904159546
75.1455688477
55.1942710876
31.3978652954
81.9924850464
84.5047302246
79.2627182007
86.4131698608
71.148147583
78.5869598389
81.053024292
82.5187606812
85.7316894531
66.2875823975
27.4051685333
77.1965179443
80.5485076904
76.453666687
83.6509552002
68.3162536621
78.710609436
78.0609741211
81.5410995483
83.0032806396
62.0183525085
26.0443706512
78.4508209229
81.2232055664
78.4914474487
83.4150848389
69.3456573486
77.8996276855
81.0386199951
79.8201828003
85.494392395
64.6490020752
34.5152931213
82.9388656616
86.665687561
82.1273269653
89.3264846802
73.1219177246
82.2284698486
84.0056533813
85.8119659424
89.197052002
66.540802002
29.9999217987
79.0853118896
83.4750518799
80.0575561523
86.6128540039
70.8927078247
82.8757781982
82.1137390137
83.919090271
87.2575073242
63.8214149475
38.819278717
83.8648834229
88.3337478638
85.4259567261
91.3148193359
76.3078155518
87.7417678833
87.4930953979
88.4128341675
92.5706100464
68.8546218872
42.8925437927
77.1974716187
80.3346710205
78.4677124023
82.3485794067
70.5285720825
79.3496704102
80.8567199707
79.4823913574
84.7605895996
64.6965332031
50.6552276611
77.3518218994
81.9254837036
80.0919418335
84.8884277344
71.1640014648
83.1023483276
82.25756073
82.2357788086
87.082649231
63.2790794373
47.7696380615
77.3518218994
81.9254837036
80.0919418335
84.8884277344
71.1640014648
83.1023483276
82.25756073
82.2357788086
87.082649231
63.2790794373
47.7696380615
68.3457336426
72.1473846436
70.5241699219
75.0751953125
61.6047172546
74.845993042
73.1134796143
72.9669036865
77.5165100098
55.8533096313
50.3583221436
68.1874465942
72.8272781372
72.8078384399
76.2935333252
65.5892333984
78.9125213623
74.6662139893
75.5094833374
78.5167007446
57.0724525452
54.307384491
68.1874465942
72.8272781372
72.8078384399
76.2935333252
65.5892333984
78.9125213623
74.6662139893
75.5094833374
78.5167007446
57.0724525452
54.307384491
57.4273414612
62.5485649109
63.4448547363
66.6023788452
56.6511993408
71.4761734009
65.2181549072
66.5116119385
69.018447876
47.7885246277
58.1928596497
57.4273414612
62.5485649109
63.4448547363
66.6023788452
56.6511993408
71.4761734009
65.2181549072
66.5116119385
69.018447876
47.7885246277
58.1928596497
57.4273414612
62.5485649109
63.4448547363
66.6023788452
56.6511993408
71.4761734009
65.2181549072
66.5116119385
69.018447876
47.7885246277
58.1928596497
45.4001808167
52.3571090698
50.3916435242
57.5809555054
43.7776565552
61.7066574097
51.2191696167
58.4586524963
56.4009971619
32.4441108704
55.6496505737
59.3596878052
63.9337692261
62.2066116333
66.9976959229
54.4421768188
65.9342346191
64.1383209229
64.9524612427
68.5151290894
46.3830871582
51.3770866394
62.5745010376
66.5877227783
64.2972793579
69.4061584473
56.3664398193
66.5707092285
66.3655929565
67.219329834
70.6938476562
49.2162742615
48.4409751892
64.4174423218
71.0817184448
70.3141403198
75.8044586182
63.2662506104
78.2304534912
71.5411834717
75.6423873901
76.2261734009
53.0313568115
49.1500511169
64.4174423218
71.0817184448
70.3141403198
75.8044586182
63.2662506104
78.2304534912
71.5411834717
75.6423873901
76.2261734009
53.0313568115
49.1500511169
62.4436759949
70.2651824951
69.5774154663
75.2045135498
62.8519668579
78.6983413696
70.5638580322
75.3051986694
75.4890823364
51.8732948303
53.6483955383
63.4141197205
69.7161483765
68.9052886963
74.0668182373
62.3417549133
77.5361557007
70.0273132324
74.1063461304
74.3370056152
51.8319091797
55.9990386963
55.3819274902
62.9610404968
62.383392334
68.6107025146
57.0855636597
74.8635025024
62.8025741577
70.461265564
67.0896759033
44.3389205933
58.0884017944
67.4658813477
72.4195785522
68.7596206665
75.8146972656
60.912563324
73.4223632812
70.0584640503
73.7277297974
75.1623840332
51.9150009155
39.4675102234
74.2342376709
82.5756607056
80.6015396118
87.8026657104
73.0231781006
89.2454452515
81.3488922119
87.6632537842
86.9107971191
59.6721191406
47.018081665
75.7620849609
83.8124313354
82.6562347412
88.7705078125
75.3886413574
91.4537582397
83.5035324097
88.5748977661
88.849609375
62.6254730225
55.4135856628
95.083694458
102.091056824
100.877952576
105.978973389
92.1410064697
105.509063721
102.466445923
104.03061676
107.661102295
80.4959945679
54.1455230713
99.9140167236
106.808227539
104.10723114
110.748130798
95.1511917114
107.851554871
105.485404968
108.471755981
111.047203064
83.6687011719
46.6818847656
83.7591552734
91.149307251
89.0481338501
95.513168335
80.4634628296
94.822052002
90.3104476929
94.028678894
95.8121490479
68.1267547607
45.0664329529
82.6094818115
90.04322052
87.1382904053
94.5514373779
78.5575256348
92.9346923828
88.2148132324
93.0969161987
93.9286956787
66.1151123047
40.4079093933
67.3468856812
74.0237884521
71.3697738647
78.3227615356
62.6567497253
77.3591690063
72.7600784302
76.8978881836
78.2466049194
51.1248435974
40.0995407104
59.8780784607
65.1361236572
62.686668396
68.7896499634
53.5589942932
67.4443206787
64.6289215088
66.8241500854
69.752746582
44.1722412109
41.8004455566
57.4787788391
59.81640625
59.6175270081
61.6363334656
50.172454834
61.053730011
62.8494873047
58.2770614624
66.666267395
45.6522445679
52.1251602173
62.6147918701
65.8195953369
66.7689971924
67.8609466553
57.8372573853
69.2240066528
69.8390197754
64.9840316772
73.5262908936
51.9508399963
56.7007293701
62.5636825562
66.3572235107
66.3424835205
68.8267364502
57.2073860168
69.2135696411
69.1489486694
66.0849990845
73.2647476196
50.3349647522
51.8154792786
63.6396255493
65.3014984131
64.389213562
66.5864715576
54.5126075745
63.4858322144
67.7921829224
62.3156585693
71.6310882568
51.0106925964
48.5361251831
61.3916893005
64.3422622681
59.8575286865
66.9191970825
49.9923591614
60.5611915588
62.1981544495
63.4925956726
67.2569656372
44.5490226746
35.0615310669
63.2184066772
67.1553726196
63.0026473999
70.1913604736
53.3767433167
65.0040130615
65.0786437988
67.2356109619
70.3091278076
46.2189102173
34.2374725342
63.2184066772
67.1553726196
63.0026473999
70.1913604736
53.3767433167
65.0040130615
65.0786437988
67.2356109619
70.3091278076
46.2189102173
34.2374725342
67.5582122803
71.3763198853
66.7241439819
74.2996520996
57.0685310364
67.8852081299
68.7341842651
71.0806045532
74.0407028198
50.1713867188
30.2411937714
71.0299377441
75.311340332
70.347038269
78.4697647095
60.8590927124
71.8382720947
72.111076355
75.4194335938
77.593711853
53.2440223694
27.2596321106
75.613609314
80.2321090698
75.7422027588
83.4135055542
66.2427902222
77.2562942505
77.5257339478
80.3297653198
82.9858169556
58.0740470886
26.9840908051
74.6476669312
76.9261932373
72.219909668
78.7738800049
62.1081504822
69.844291687
74.783744812
74.2474746704
79.689414978
57.7860946655
27.673204422
68.4719390869
70.7815704346
65.7440261841
72.8580780029
55.7322311401
64.2390136719
68.1917648315
68.6911621094
73.1828842163
51.4298782349
30.0114955902
73.2200317383
74.4496765137
69.4140472412
75.7594604492
59.1548690796
65.4015350342
72.2391357422
70.6896896362
76.918586731
56.6493034363
29.4754543304
65.7073898315
65.7875061035
63.0623626709
66.2859420776
52.6094970703
58.6427841187
66.7092132568
60.7803649902
70.5667114258
51.8405227661
42.7822418213
74.0912857056
75.4186782837
71.9092102051
76.5316848755
61.5424804688
68.1547698975
75.0548019409
71.3609390259
79.438911438
58.6570014954
34.9258613586
75.7278289795
77.1898574829
72.8828964233
78.4613265991
62.5691375732
69.0140762329
75.815864563
73.3445968628
80.4077148438
59.5429649353
30.6629562378
64.0993270874
68.3975219727
66.2902526855
71.3391494751
56.8111152649
69.0126266479
68.6596603394
68.5492706299
73.4752655029
49.0262680054
41.6082382202
63.9149475098
68.1936035156
67.3393554688
70.9875411987
58.0842170715
70.4292373657
69.8971252441
68.3293762207
74.3675765991
50.3867263794
47.5873069763
46.8635139465
50.8717346191
50.2160263062
54.1272621155
41.3354492188
55.940196991
52.7833023071
52.5102539062
57.1200065613
34.1558227539
52.759223938
65.5377349854
71.6814117432
66.2529067993
76.1339187622
57.7034873962
71.7040710449
67.0979232788
74.6716842651
73.1096572876
47.0194549561
31.9023094177
45.6889839172
51.0551452637
51.492061615
54.9802513123
43.4416427612
59.5411758423
53.6978645325
54.4227294922
57.9929580688
34.2569236755
56.6891059875
