22.5280609131
23.5477142334
20.3786182404
24.7046432495
23.1700305939
26.135219574
28.3452148438
27.8639240265
25.3510379791
24.1219425201
25.937871933
25.9269485474
26.1272678375
26.4059238434
27.3054733276
23.2681331635
26.70561409
27.3909015656
29.3263473511
27.9014625549
25.5210762024
24.9599094391
21.967754364
24.4414787292
22.8436222076
22.2789287567
23.5102558136
21.3515357971
21.6962718964
21.2485618591
20.8709716797
19.8000125885
19.0341682434
21.1292896271
21.0016155243
24.720281601
26.9768733978
28.835647583
31.2661361694
33.5150871277
34.1000213623
32.1200485229
33.3151550293
33.7032928467
32.873462677
29.8804759979
29.3444957733
28.8921489716
25.9527053833
24.3615531921
26.3161945343
25.0398521423
21.012506485
21.1980171204
21.8144626617
20.7370853424
18.3542728424
20.7449207306
20.935962677
17.8723278046
17.4745903015
17.8650493622
17.2420063019
18.3902835846
17.2869338989
16.5757102966
16.3246154785
17.8738536835
17.984172821
19.5775604248
22.6310214996
24.3469009399
27.3265228271
28.8641376495
29.6307544708
28.2583293915
26.1879444122
22.8712272644
20.1642303467
19.146446228
17.4067287445
16.9497718811
19.7289600372
18.7295722961
21.3958072662
21.9749717712
22.7368240356
22.7838993073
24.308177948
27.1032848358
26.4609394073
26.0783901215
28.6619205475
30.1508769989
30.1952877045
29.8532905579
32.8109512329
29.4639873505
32.8221473694
28.3318691254
31.0804786682
31.562461853
29.2891426086
26.2844619751
28.179523468
28.0842990875
24.3344936371
23.9498119354
24.8778057098
23.6799240112
21.2189350128
22.1265335083
23.1299762726
21.2536697388
20.2442188263
22.259262085
23.1990947723
19.8748397827
20.8419342041
24.4069538116
23.5777244568
21.9448947906
24.9259567261
22.4501895905
25.3061180115
22.2610149384
26.5494174957
24.5777549744
23.8978710175
24.636510849
24.4985694885
23.7715988159
21.0677852631
21.27460289
19.6852245331
21.5349349976
19.1038856506
20.9508342743
23.4328670502
21.6716022491
19.3709716797
19.6423683167
17.7270526886
18.746389389
18.5578308105
20.1194591522
19.4744243622
22.4706115723
23.9507083893
26.973772049
26.8570766449
28.8470115662
30.878950119
31.6655521393
31.9653244019
30.7331676483
29.5656375885
33.2527961731
32.2041130066
28.6280918121
31.9743366241
33.3532142639
36.5740203857
35.5793876648
33.6653060913
36.5212898254
39.7188072205
37.1104621887
39.2933731079
38.740146637
37.5052185059
33.2396316528
33.7081260681
30.2051181793
29.9278583527
27.7548084259
31.2868328094
29.5118408203
26.3100643158
28.7668418884
31.8192367554
27.7554092407
26.5460567474
29.8097381592
30.2549819946
26.9992141724
29.1456298828
33.3615837097
29.2192840576
28.5790367126
32.0814170837
33.9891700745
32.4535636902
34.8005714417
32.761920929
34.4359893799
37.3910102844
38.7136535645
42.3650398254
41.6386833191
43.0571708679
42.7954330444
37.4300880432
41.9766311646
44.1811027527
39.2110176086
38.9013710022
44.3003883362
43.0742835999
38.8358306885
40.6063690186
45.0592536926
42.7768592834
45.8588027954
40.9786491394
39.5346069336
37.1334152222
40.0344619751
38.1871566772
41.151889801
38.7008132935
37.1596870422
35.4381103516
39.2917861938
36.2043228149
35.4636878967
34.8848152161
39.052116394
34.9251060486
32.2951698303
36.8899536133
37.442489624
32.2051277161
33.156993866
35.8040885925
35.0685348511
31.980802536
34.1308631897
37.2832756042
39.3923492432
40.0917854309
35.4951629639
37.3107414246
38.4454612732
33.6924209595
31.8566989899
29.6747570038
25.8471164703
27.3548374176
31.0368156433
28.2512817383
25.5934410095
28.6345081329
30.4522895813
27.8956623077
26.9112815857
31.7244129181
31.3625869751
29.5563869476
30.2323188782
33.9597244263
32.9937286377
20.4596614838
21.7185821533
17.2724132538
23.0997714996
20.6068096161
24.1670265198
26.7130374908
25.48072052
22.3893928528
20.9913730621
22.3422641754
23.1017246246
22.90284729
22.8820533752
25.4314823151
20.5362358093
22.9947757721
26.0446014404
29.6117286682
28.3066310883
25.448381424
24.2489814758
20.3525714874
22.3414001465
18.0581760406
17.598783493
18.2911911011
16.7160949707
16.385219574
14.7262048721
13.8211393356
14.3139896393
14.7981805801
18.5359287262
20.0003299713
23.8337535858
27.0051174164
28.708776474
31.5948810577
33.7643508911
34.6947059631
32.7027282715
34.1887397766
34.6271629333
33.7799301147
30.5092029572
29.7864437103
29.3355579376
26.1616744995
24.017539978
26.2093410492
24.8032836914
20.1705799103
19.7278652191
20.3126239777
18.8419189453
15.3515472412
18.2612571716
18.2222728729
13.0026321411
11.8410100937
10.2170219421
7.01802301407
9.58343601227
10.253364563
10.2393274307
8.62298870087
13.5017967224
12.4743614197
16.2943649292
20.9141349792
22.9561233521
26.7535228729
28.1425914764
28.9446983337
27.7275676727
25.8746852875
21.5907268524
18.3786334991
15.5023498535
12.4487714767
8.4084482193
12.7536287308
11.0874624252
12.8104333878
14.4813318253
16.1182994843
17.3455276489
18.2384853363
23.131444931
21.4130020142
19.353811264
22.9539318085
25.5917110443
25.6825332642
23.9986896515
27.1752700806
22.5303993225
25.9846420288
20.6694831848
23.2250900269
24.4548740387
21.3925170898
17.6589813232
20.8665866852
20.8352642059
15.7666692734
15.9927892685
17.8970241547
15.9409418106
12.4135608673
15.5088853836
17.0237503052
14.0965824127
14.1513376236
17.5953636169
18.454870224
14.809803009
16.9462776184
21.202878952
20.3187160492
18.842880249
22.8906459808
20.0098209381
23.5194683075
19.9163017273
25.4692516327
22.8513946533
20.5130748749
21.7208042145
20.1117858887
20.4895076752
17.7091808319
15.4731588364
12.5947132111
12.9607782364
8.14237499237
9.92317581177
13.9743127823
10.7542886734
7.96202898026
10.4856042862
8.46318340302
12.9514427185
14.8545455933
18.5530147552
16.8632774353
21.8734111786
23.7018260956
27.0880355835
27.7157649994
30.1291179657
31.822593689
32.6148414612
32.4438514709
29.8460178375
27.9841384888
31.6575031281
29.701133728
25.7687206268
30.3001708984
31.4595413208
34.8288192749
34.1620750427
32.540512085
35.3759346008
38.7271461487
36.7160682678
38.774356842
38.567653656
37.7214813232
32.8028526306
32.9234313965
29.2459888458
28.1674919128
25.3621673584
28.9088401794
27.3368759155
23.5020465851
25.3412418365
28.9417037964
24.3997459412
21.777223587
25.6279449463
26.4592342377
22.119134903
23.8835468292
28.9161891937
24.4393405914
22.4599304199
26.2505187988
28.8150978088
27.207824707
30.2642307281
29.1062221527
31.1026725769
34.5735321045
35.4449806213
39.3609199524
39.2372016907
41.0074768066
41.2575721741
36.2857971191
40.9926185608
42.730922699
37.3859291077
37.6988258362
43.0872116089
41.286403656
36.941822052
39.1668014526
43.7947387695
40.7919464111
44.0326805115
38.5634078979
36.5971221924
33.7285652161
36.1642951965
34.0036964417
36.7366256714
34.1795692444
32.0114250183
29.4535770416
33.474155426
29.8377513885
29.5709915161
28.9548015594
33.8522911072
29.683391571
26.6936016083
32.0583457947
32.9449272156
27.4616088867
28.5876083374
31.8888053894
31.2823600769
28.2411823273
30.732000351
34.3493385315
37.0405387878
38.0456352234
33.7901191711
35.3875694275
35.8916893005
30.9861373901
28.3766269684
26.3758392334
21.4913730621
23.2275886536
27.015832901
23.483039856
19.9138660431
23.4854221344
25.250415802
21.7801971436
20.8120956421
26.2584934235
25.2914791107
22.8099994659
24.1674251556
27.8316936493
26.1663532257
40.7055358887
38.7882347107
36.0072059631
39.2469787598
37.6317367554
39.5247116089
41.1355056763
40.1701889038
38.2140579224
37.7782325745
38.306678772
38.9675559998
38.730846405
38.614025116
39.6257209778
36.6897850037
37.544002533
38.9004554749
39.3781089783
40.4900894165
39.7419967651
38.6743736267
36.5079269409
38.1979141235
35.9559669495
35.8751335144
36.0106544495
35.2743873596
34.5748825073
34.1362915039
33.9768409729
34.3595085144
34.4530944824
36.2223510742
36.252166748
38.9020080566
40.517490387
42.3208274841
43.5071907043
45.6932106018
46.0605049133
44.759223938
45.256855011
45.8910751343
44.4186897278
42.3671112061
42.7542228699
42.0121955872
39.4080085754
38.9794197083
40.4940338135
38.8764419556
36.0960502625
36.7374649048
36.9370994568
35.54662323
34.3759422302
36.4876861572
35.7794189453
33.5828704834
33.4484863281
32.3490982056
31.718957901
31.6662063599
31.8881816864
32.1227722168
32.2737579346
34.1536598206
33.7126655579
35.40574646
37.8370857239
38.9544792175
41.3367042542
42.2592391968
42.6133651733
41.8948783875
40.3793067932
37.9389801025
36.0541801453
34.9326896667
33.4802436829
32.2751235962
33.6776199341
32.6024055481
33.4586029053
33.5806083679
33.5868682861
33.0288085938
32.5615844727
34.0391197205
35.0203590393
34.2501068115
34.3611831665
35.0020751953
36.7885322571
36.7333946228
37.6467590332
36.0096054077
37.7573814392
35.0583457947
37.0214653015
36.7755126953
36.0715789795
34.1296043396
34.4019432068
34.7785987854
33.2672576904
32.5339317322
32.7111129761
33.290096283
32.0502243042
31.7726383209
32.6855316162
32.7844848633
32.4473724365
32.6653175354
34.285243988
33.6508255005
33.525390625
34.7010726929
35.8364295959
35.7435798645
37.003326416
34.9577255249
35.2613716125
33.1027259827
35.3422889709
32.9849586487
31.7629833221
32.1275138855
32.012878418
32.8283462524
32.1625823975
31.6323318481
32.254283905
32.2749023438
31.8904724121
32.6257781982
33.617389679
32.458404541
31.7053718567
31.495059967
31.435218811
31.6580657959
32.1848602295
33.4308509827
33.2900619507
35.1036872864
36.7590713501
37.8110160828
18.6113777161
22.1187438965
17.1630973816
17.5433769226
14.5058221817
35.8312187195
33.6813850403
34.4020347595
32.8575057983
31.9098758698
33.6913795471
34.3992996216
36.5669364929
37.6766319275
36.5240249634
37.2654533386
40.7129135132
40.5733947754
42.1148719788
43.6563835144
43.8686599731
40.1194000244
38.7058830261
36.6142539978
36.3573722839
35.951374054
36.3852844238
34.27110672
33.2403564453
33.680316925
32.8669319153
31.7388114929
32.23387146
32.4796676636
31.8240680695
31.8751735687
33.1774139404
34.3822250366
32.9912757874
33.5826377869
35.4124298096
36.0468864441
35.6027069092
36.5349578857
34.652507782
34.2312889099
35.8253364563
38.7840003967
41.4795074463
40.7251319885
43.2989616394
42.8413696289
39.1633300781
42.5716018677
43.2543296814
38.0937080383
38.8253479004
43.3398895264
41.2089614868
36.9434814453
39.6923751831
44.0198135376
40.9394378662
43.9376716614
38.584777832
37.3471794128
35.520565033
38.898853302
37.8793945312
40.7348213196
38.8779449463
38.3345756531
38.1180458069
41.3191108704
39.5158538818
38.4754981995
38.5825309753
41.6300811768
38.7844047546
36.3032341003
38.4994010925
39.8496665955
36.0856399536
35.080039978
37.0173988342
37.7614593506
34.6804161072
34.5262565613
38.0879325867
38.7462272644
41.1056404114
39.0895843506
41.105255127
40.7237548828
36.6185035706
36.7757148743
36.7030906677
34.1371307373
36.3373298645
37.6780662537
35.084815979
34.7008972168
36.5772628784
36.8850708008
35.1402282715
35.8467788696
38.6561317444
37.2573318481
36.6512870789
38.2372436523
39.8966140747
49.5618476868
17.9207134247
19.1848907471
14.6261281967
20.8013820648
18.5356769562
22.2093524933
25.0515766144
24.0433502197
20.7694320679
19.5919513702
21.4790554047
22.279882431
22.4812240601
22.9371776581
25.1961669922
20.4387435913
22.6369113922
25.6075649261
26.6056785583
28.7248439789
27.1311321259
24.408203125
23.3738365173
21.6178665161
17.8820858002
16.9029407501
17.679901123
15.0563755035
14.9943265915
13.9577598572
13.4737138748
13.2273025513
13.6753845215
17.3057308197
18.6310367584
22.5411624908
25.5534553528
27.5854930878
30.2209758759
32.3281440735
33.0897979736
30.951965332
32.4395484924
32.703830719
31.9965648651
28.8178977966
27.7644500732
27.2714500427
24.2715129852
21.9865989685
23.9782714844
22.70586586
18.2448596954
17.42445755
17.9241008759
16.6293144226
13.0945644379
15.6313476562
15.7167358398
10.4368848801
8.94817638397
8.12082481384
5.49196767807
8.73639965057
8.3447265625
8.53276824951
5.70062637329
10.9400396347
10.0592308044
13.9695940018
18.6125087738
20.9722118378
24.7119693756
26.2853279114
27.305524826
26.2034263611
24.0872020721
19.786075592
16.5146331787
13.5815143585
10.7017049789
6.87363243103
12.6609039307
11.226937294
13.9559984207
15.6323595047
17.1737804413
18.04155159
19.0544109344
23.7391052246
22.443441391
20.7296466827
24.0901603699
26.5216312408
26.7761268616
25.4685153961
28.6531028748
24.2087993622
27.7601413727
22.3496017456
25.1072692871
25.9299297333
22.9973583221
19.3423805237
22.1727371216
21.8992023468
16.9242553711
16.970954895
18.3983230591
16.4176864624
12.8684711456
15.3779067993
16.5939903259
13.5548715591
13.0007228851
16.5708122253
17.2520694733
12.8132247925
15.2416534424
19.754360199
18.4789333344
16.6377372742
20.9283237457
18.1458206177
21.9984149933
18.7222557068
24.1416091919
22.0583229065
19.9662723541
21.4861526489
20.3953361511
20.5635108948
17.2712650299
15.6050510406
13.0471715927
14.1553974152
9.35398101807
11.8364677429
15.8796272278
12.7315301895
9.26624011993
10.8479995728
7.99577331543
12.0441942215
13.848192215
17.4411010742
16.2355442047
21.017829895
22.8994407654
26.1666202545
25.7755527496
27.9114227295
29.9103755951
30.870218277
30.9665756226
29.378818512
27.679189682
31.4042549133
29.7447109222
25.6811618805
29.7963218689
30.8976383209
34.3205757141
33.3672027588
31.7145748138
34.7985420227
38.0131874084
35.718132019
37.7172088623
37.2755393982
36.2330589294
31.374256134
31.757642746
28.0479335785
26.9720745087
24.0414848328
27.9754142761
26.4673366547
22.5968093872
24.7611179352
28.6234874725
24.0734081268
21.6488246918
25.691570282
26.606754303
22.4076366425
24.326128006
29.5383529663
25.0864486694
23.3878955841
27.2706947327
29.8549976349
28.3236122131
31.2277698517
29.7180576324
31.5305290222
34.8862991333
36.137336731
40.0089607239
39.6363487244
41.4086875916
41.379070282
36.1290817261
40.8031539917
42.7119178772
37.3991355896
37.3989753723
42.8275527954
41.2363357544
36.7451477051
38.7644462585
43.4196052551
40.629234314
43.9483642578
38.6811828613
36.8054466248
34.0573120117
36.8380737305
34.6031417847
37.6267585754
35.1393623352
33.0259284973
30.8141460419
34.859577179
31.3037471771
30.7055606842
29.9857082367
34.7342987061
30.2928924561
27.3545608521
32.7345695496
33.3481864929
27.6323757172
28.9421920776
32.0460510254
31.2093849182
28.058347702
30.6928005219
34.1162986755
36.7754669189
37.5013885498
32.8579368591
34.524055481
35.4037818909
30.4063472748
27.8462791443
25.4879951477
20.7301197052
22.3661174774
26.5345039368
23.1740570068
19.5783100128
23.3278675079
25.3571109772
22.1055316925
20.9585170746
26.6672382355
26.0128173828
23.7245140076
24.8561534882
28.8685741425
27.4617462158
18.0555801392
18.8544025421
14.300318718
20.4837799072
18.3434448242
21.9780025482
24.8728027344
23.9575061798
20.6800575256
19.6138477325
21.6108703613
22.4153633118
22.7150402069
23.2841510773
25.4061641693
20.7379436493
22.8108139038
25.7150287628
26.6151046753
28.6602153778
27.0015869141
24.3615150452
23.406419754
19.7288608551
21.7557983398
18.2462329865
17.1836605072
17.9614009857
15.0954494476
15.0836076736
14.2949314117
13.9458770752
13.5105609894
13.8826036453
17.3750324249
18.5502166748
22.4696559906
27.5788936615
30.0204677582
32.1273880005
32.8119773865
30.6595897675
32.1196594238
32.3452262878
31.6549072266
28.5229530334
27.4052276611
26.893863678
23.9399681091
21.6656074524
23.5728626251
22.3354282379
17.9560775757
17.0748100281
17.5242462158
16.266746521
12.8076410294
15.2527952194
15.3208417892
10.1751022339
8.78092575073
8.24698829651
6.1406493187
9.04883956909
8.22889328003
8.49887657166
5.86111211777
10.75004673
10.0647382736
13.780708313
18.2988433838
20.7355003357
24.3981685638
26.0245323181
27.0882053375
26.0560455322
23.8472137451
19.6097679138
16.3629245758
13.5501346588
10.8141546249
7.42309999466
13.2133359909
11.76379776
14.6890277863
16.2839031219
17.7415370941
18.4609622955
19.485710144
24.0685501099
22.9218482971
21.3125305176
24.5599536896
26.9179019928
27.2337913513
26.0391025543
29.191192627
24.8463554382
28.3816356659
22.9944915771
25.7956829071
26.5169582367
23.6455287933
20.0276641846
22.7273178101
22.4126319885
17.5356559753
17.4972229004
18.7864952087
16.8862380981
13.3827800751
15.6243495941
16.7706336975
13.8475971222
13.0595569611
16.5490894318
17.2520656586
12.6989107132
15.0478773117
19.5907993317
18.2710723877
16.3625507355
20.6220607758
17.8589477539
21.7523803711
18.5705890656
23.9121227264
21.9848251343
19.9829788208
21.5750961304
20.6472511292
20.7635746002
17.3477191925
15.8718481064
13.517282486
14.7818698883
10.2214784622
12.7866926193
16.7128658295
13.6104164124
10.1044187546
11.3409090042
8.43060112
12.0721569061
13.8058252335
17.3372955322
16.3133945465
20.9799594879
22.8906326294
26.0726470947
22.9734611511
25.2053394318
26.9918460846
28.0186710358
28.0827045441
29.3580970764
27.7136096954
31.4347820282
29.8649463654
25.7855358124
29.7672100067
30.8533782959
34.2821311951
33.2562599182
31.5945835114
34.7332496643
37.9073982239
35.5438957214
37.5084342957
37.0207862854
35.9197883606
31.106420517
31.5532665253
27.8436107635
26.7890911102
23.8595142365
27.8687877655
26.3671627045
22.5131759644
24.767742157
28.6609802246
24.1264705658
21.799446106
25.8534965515
26.7765369415
22.6482563019
24.6150341034
29.8295574188
25.4058570862
23.8124790192
27.6974468231
30.2656917572
28.7561035156
31.6044616699
29.9969387054
31.7506771088
35.0657844543
36.4199066162
40.2693748474
39.8273620605
41.6007537842
41.4912796021
36.1763076782
40.8313751221
42.7813911438
37.4873161316
37.4016914368
42.8316497803
41.3016853333
36.7797584534
38.7403068542
43.3918418884
40.665763855
44.0001373291
38.7982711792
36.956489563
34.2484016418
37.1159172058
34.8750305176
37.9649162292
35.5031356812
33.4185676575
31.2978343964
35.3544311523
31.8426914215
31.1608486176
30.4239444733
35.112411499
30.6328163147
27.7129116058
33.0517425537
33.5944252014
27.8517570496
29.1759223938
32.221912384
31.3424167633
28.1610507965
30.8048095703
34.1709747314
36.8033714294
37.4560089111
32.7260780334
34.4245262146
35.4006576538
30.3878154755
27.8778553009
25.4454898834
20.7625141144
22.4014701843
26.6196517944
23.320476532
19.7972793579
23.5429134369
25.6103725433
22.4456100464
21.3030796051
27.0087795258
26.4125289917
24.2041625977
25.3037528992
29.3386154175
29.2352027893
6.8801817894
9.73099708557
6.32911348343
13.625535965
14.4002504349
17.5768222809
21.7512168884
22.3755054474
18.883146286
19.4155597687
23.4673862457
24.1762485504
26.0946712494
28.2638759613
28.9510135651
25.6682987213
26.3113098145
28.3581981659
27.8655719757
28.749382019
25.882774353
24.4674892426
24.5788917542
22.4499416351
24.089761734
23.4820346832
20.9652023315
21.7905368805
15.4535303116
16.8167591095
18.9457454681
20.0826320648
17.3467502594
17.2539176941
18.7220134735
18.5802192688
21.8324012756
23.1135940552
26.5909099579
27.4645671844
28.93683815
28.5536994934
25.6785984039
26.9195384979
25.9514732361
26.2552318573
24.1537094116
20.968290329
20.1067333221
18.9760627747
16.3265247345
16.1128482819
14.3995475769
10.7739305496
10.0969457626
11.1390399933
9.36743736267
6.1361207962
8.34596538544
7.44314908981
5.76196336746
12.4979572296
14.1708221436
16.2689247131
12.6918306351
13.270608902
9.9200925827
7.82103157043
9.88933944702
10.2279491425
12.0834083557
16.3506851196
18.5981731415
21.2721862793
23.5829181671
23.2786884308
19.8456096649
16.7668685913
14.355761528
13.2363910675
13.4619073868
14.1951961517
20.2917423248
19.8196678162
24.0438766479
25.43658638
26.5164012909
26.2586574554
27.4709072113
30.8325424194
31.0484867096
30.4893188477
32.8730354309
34.4026222229
35.1750297546
35.1353111267
38.1385993958
34.5347251892
38.2176208496
32.8275718689
35.9990119934
35.6167373657
33.2627601624
30.0348300934
31.6703033447
30.7743110657
26.6217670441
26.191192627
26.1002140045
24.4741706848
21.6221065521
21.8238124847
21.7368431091
19.3929023743
16.7850227356
19.1806812286
18.90782547
12.6110115051
14.8766431808
18.9757499695
15.8673143387
11.9862937927
16.2878398895
15.0746278763
19.9135951996
19.4548950195
22.5699462891
23.8011112213
23.420589447
25.831237793
26.9064102173
26.3169212341
21.8878917694
22.7077312469
21.7190074921
24.2856559753
20.4102973938
23.5223464966
27.2284641266
24.4242801666
20.439748764
20.0674743652
16.9190387726
17.1550502777
17.5216217041
19.0093040466
20.4766216278
22.7066841125
24.4456424713
26.4007301331
26.1976108551
26.3031215668
29.6424713135
31.506061554
32.8213615417
31.3195056915
30.6063213348
34.0967788696
33.946975708
29.8708000183
31.5660114288
32.2882919312
35.5643997192
33.3030509949
31.6639556885
35.6124687195
37.8623199463
34.2749481201
35.801902771
33.9868888855
31.9110107422
27.9687671661
29.8618164062
26.5137329102
25.7348690033
22.7395648956
28.0321369171
27.0116653442
23.7789459229
27.1108417511
31.4940357208
27.6115226746
26.5312690735
30.600402832
31.674943924
28.6357421875
30.8505973816
36.1011238098
32.1687660217
31.624671936
35.4385185242
37.8473892212
36.6757507324
38.86302948
36.1743812561
37.131275177
39.7229995728
42.4022483826
45.8662948608
44.4782333374
46.1435470581
44.9027633667
38.7920799255
42.9425621033
45.5279502869
40.7292404175
39.288684845
44.5278625488
44.0216941833
39.2191696167
40.0886154175
44.5294914246
42.9875297546
46.4228668213
42.4069099426
41.0769577026
39.0657958984
43.0321426392
40.6708450317
44.625415802
42.5164070129
40.7557640076
39.875793457
43.7999763489
40.6729431152
39.027179718
38.0257530212
41.932800293
36.8154640198
34.3280944824
39.2743988037
38.8335227966
32.7815055847
34.6044845581
36.587387085
34.8978919983
31.6411685944
34.5279426575
36.768447876
38.9779968262
38.3699836731
32.1843223572
34.0570755005
36.7467384338
31.8628234863
29.9666938782
26.3203659058
23.2554855347
24.0729122162
29.1815567017
27.1096916199
24.2976150513
27.9346580505
30.6153640747
28.6427192688
27.1490058899
32.8919181824
33.3883132935
31.989812851
32.2575950623
37.079750061
36.8107147217
19.8123626709
22.6265602112
20.6021995544
23.8264007568
21.5923957825
23.6804523468
26.0012264252
24.4180183411
21.6094894409
21.5653018951
23.1103839874
24.9639873505
26.0871620178
27.9316196442
29.9480304718
26.7151260376
28.3266124725
30.698928833
31.3119792938
32.9219551086
31.1591300964
28.9534606934
28.0208129883
25.5281429291
26.1403484344
23.6889476776
21.475818634
20.8098678589
18.517911911
18.2398796082
18.9693527222
20.4227180481
19.7057819366
20.9513378143
22.6165523529
24.376625061
26.5183067322
29.2561283112
30.5631790161
33.1489143372
34.4314193726
35.2236557007
33.2905540466
34.9428405762
34.8922233582
34.7676582336
32.0581932068
30.5297393799
30.3427391052
28.3760223389
26.1222305298
27.5907077789
26.9210453033
22.9495868683
23.1975631714
22.5973358154
20.7216777802
21.5700435638
21.5887374878
19.092672348
18.549074173
18.0614528656
18.5313243866
19.4197597504
19.086523056
19.7706756592
18.2691421509
19.5248203278
18.5047798157
20.151473999
22.8947296143
24.2273235321
27.1659946442
28.04804039
29.1119804382
28.6178417206
27.4089813232
24.0178337097
22.378156662
20.0893669128
19.6536159515
19.0695133209
21.6311531067
21.8010787964
23.8890209198
25.2319946289
26.3647632599
26.7189159393
27.2947673798
30.7991504669
30.267074585
29.2230472565
31.4527397156
33.3172836304
33.7942199707
33.1299858093
35.8279457092
32.2154350281
35.1652412415
30.4772453308
32.6421585083
32.4810714722
30.2599067688
27.7976226807
29.4217147827
28.2733535767
25.0511379242
25.2596645355
25.0483150482
23.1436901093
21.8665618896
22.6546058655
21.897726059
20.0667037964
19.9643421173
22.0150127411
20.3071479797
18.9257602692
20.9756355286
23.2127037048
21.3553104401
21.0764427185
24.088891983
22.9883842468
26.0231819153
24.678894043
28.3951892853
27.8371715546
26.1390380859
28.1001358032
27.7867450714
27.8969631195
25.062669754
24.2646999359
23.2579917908
24.4209938049
21.6018848419
23.1486282349
26.0736713409
23.9515743256
21.4056396484
21.557138443
20.3209495544
21.2407131195
22.5314807892
24.5466194153
24.4022884369
27.2219657898
28.5538215637
31.1245422363
30.9714488983
31.7619781494
35.8951644897
35.9253463745
37.1547355652
34.4040908813
32.9762191772
36.0581741333
34.8059997559
31.2131137848
33.9322853088
34.3877639771
37.395236969
36.0780715942
35.0245475769
38.219078064
40.6055412292
38.5192871094
39.8867340088
39.5076408386
38.4935302734
34.0130310059
34.5137214661
31.4441299438
29.7817211151
26.6806087494
30.2992649078
30.0278072357
26.9026660919
28.2176380157
32.4578514099
28.931268692
26.7046928406
30.3593044281
31.7186222076
28.5785007477
29.6669616699
34.7763023376
31.4373092651
30.1166858673
33.1412124634
35.7620620728
34.8365859985
37.0839157104
35.5708465576
36.6391220093
39.3805046082
41.1651115417
44.5225448608
43.9716644287
45.7560119629
45.3700256348
40.430141449
44.4775657654
46.2560844421
41.4625740051
41.1330680847
45.8757400513
44.5474433899
40.1967391968
41.74036026
46.078250885
43.4031448364
46.7510643005
42.304145813
40.5051307678
38.2077293396
41.1412811279
38.727394104
41.9556121826
40.1223640442
38.0149841309
36.7328796387
40.0711250305
37.0481796265
35.7500572205
34.6460266113
38.4610671997
33.809589386
31.8173904419
36.7154693604
36.2367897034
30.9258575439
33.0141983032
35.2482872009
33.6570472717
31.3537979126
34.2572784424
36.5469512939
39.4239120483
39.292881012
34.7805137634
35.8549003601
37.018661499
32.7504425049
29.8066005707
27.0605792999
23.8457660675
23.4394569397
27.8140029907
25.9200134277
22.6330013275
25.3680305481
28.0228729248
26.264497757
24.4292964935
29.6543502808
30.2551002502
28.8388977051
28.9307785034
33.0778541565
21.9708271027
20.7157726288
23.7735366821
21.9496669769
25.1051864624
23.0877285004
24.9332370758
27.2948970795
25.7025985718
22.9705715179
23.2956676483
24.661272049
26.4925823212
27.5190086365
29.2084789276
31.1803264618
27.9980373383
29.5402183533
31.8173809052
32.3776931763
33.9010658264
32.157623291
30.147983551
29.3232288361
26.909734726
27.5908889771
25.1630306244
23.1675682068
22.4107208252
20.2802257538
19.4394855499
20.4502029419
21.9142570496
21.4408817291
22.5661506653
24.236989975
25.7535018921
27.9391593933
30.5026760101
31.7484474182
34.3052749634
35.5616149902
36.3059768677
34.3731651306
35.9166641235
35.8121032715
35.6494140625
33.0977630615
31.5946426392
31.2811546326
29.3882236481
27.3448181152
28.6760044098
27.8720436096
25.1830329895
24.1896572113
24.3070678711
23.6204738617
21.9581298828
22.8107452393
22.7048091888
20.3431072235
19.9653244019
19.3675670624
19.8583717346
20.503068924
20.2403945923
21.0714626312
19.7302036285
20.9680366516
20.0786838531
21.7063064575
24.3009109497
25.6789245605
28.4563274384
29.3179225922
30.4118003845
29.9437332153
28.7193889618
25.500705719
23.8412399292
21.7464942932
21.2112426758
20.5337848663
23.0507965088
23.1197986603
25.0536880493
27.3193588257
27.5793533325
27.9586391449
31.4365692139
31.0628814697
29.9752044678
31.9991912842
33.842754364
34.4758796692
33.843536377
36.3921127319
32.8516960144
35.7018661499
31.0903930664
33.2066917419
32.8807983398
30.8498020172
28.4913597107
29.8976287842
28.7061424255
25.7636260986
25.8875427246
25.4524593353
23.8254089355
22.695230484
23.1582641602
22.1838569641
20.8725585938
20.6336021423
22.318397522
20.3807926178
19.9207191467
21.6129055023
23.3625984192
21.90076828
21.9658718109
24.5745162964
23.5847206116
26.3529243469
25.22397995
28.8168048859
28.3694972992
26.529706955
28.6473388672
28.3720798492
28.6198253632
25.8445587158
25.0004673004
24.3113212585
25.3456993103
22.7836093903
24.2282371521
26.9731960297
24.9448871613
22.5004444122
22.4997653961
21.4614868164
22.1075801849
23.4758281708
25.4728889465
25.4435100555
28.1811332703
29.618850708
32.0009689331
33.8532905579
34.6028938293
38.7632331848
38.8416366577
40.0589256287
34.9104194641
33.4241943359
36.3524894714
35.0736427307
31.520488739
34.1077194214
34.3953552246
37.3463935852
36.0266571045
35.1384468079
38.3389663696
40.6065635681
38.6954650879
39.9398117065
39.6229476929
38.7689971924
34.2111434937
34.6179389954
31.659910202
29.7660694122
26.6412773132
30.0743503571
30.0234203339
26.9892616272
28.0391807556
32.4042549133
29.0419921875
26.7767276764
30.3678073883
31.8479862213
28.848154068
29.781709671
34.916934967
31.7750988007
30.4686374664
33.3720474243
36.011554718
35.2091026306
37.3831062317
35.9170341492
36.8466377258
39.52161026
41.4197807312
44.7066040039
44.1719360352
46.0467987061
45.631942749
40.7855377197
44.7386550903
46.41015625
41.6380844116
41.3207550049
45.9483985901
44.5828018188
40.2186851501
41.731098175
46.0534095764
43.3097572327
46.6944274902
42.3080673218
40.4593582153
38.2061576843
41.1752586365
38.6961021423
41.9899864197
40.2581825256
38.1266479492
37.0228652954
40.2652015686
37.3277053833
35.9125099182
34.8069877625
38.4894523621
33.7903060913
31.8651256561
36.6700973511
36.0988121033
30.753862381
32.9457969666
35.0450057983
33.3526153564
31.128824234
34.1183128357
36.277671814
39.2391319275
39.0301322937
34.58618927
35.550151825
36.6713294983
32.4609336853
29.391834259
26.6243228912
23.5926761627
22.90766716
27.3969268799
25.6357021332
22.7560901642
25.4235954285
27.9840240479
26.445142746
24.9893436432
29.951789856
30.5191326141
29.3591499329
29.563539505
33.5073051453
21.5266723633
14.1215496063
14.9224615097
10.7090234756
17.2433338165
16.2068214417
19.7093544006
23.1518516541
22.9376430511
19.5412063599
19.1692829132
22.1756095886
22.9153499603
24.0044898987
25.3918781281
26.7369022369
22.6871261597
23.994392395
26.4928340912
26.6878433228
28.1932964325
25.9297370911
23.8603019714
23.4500598907
20.4590034485
22.4296207428
20.437620163
18.6370506287
19.4953212738
14.8325042725
15.4764652252
16.2154216766
16.6433944702
14.8953847885
14.908416748
17.454662323
17.8488807678
21.6627655029
23.8292617798
26.7540111542
28.4238433838
30.3348274231
30.5292453766
28.0631961823
29.4038562775
29.1565952301
28.8184947968
26.0828933716
24.1624755859
23.479681015
21.1306686401
18.7409744263
19.8916721344
19.0122814178
15.482542038
13.6467313766
13.7135181427
13.0817813873
9.96042060852
11.1256961823
11.6750564575
7.48839235306
6.51189088821
9.61540031433
9.95163249969
12.1923570633
9.30559921265
9.63471984863
6.68153810501
8.31059646606
9.22967338562
11.5295467377
15.1671094894
18.3610668182
21.4865455627
23.5893726349
25.1585979462
24.4266090393
21.5869693756
17.7709712982
14.6840696335
12.6767597198
11.1991949081
10.3438463211
16.3744029999
15.3877305984
19.1727523804
20.5804462433
21.7805461884
21.8784561157
23.0300636292
26.9136066437
26.5577297211
25.5643386841
28.2942428589
30.1855068207
30.7615909576
30.2278842926
33.2910614014
29.3992290497
32.9845924377
27.6364555359
30.6487388611
30.7770442963
28.2083854675
24.802898407
26.8798389435
26.2685241699
21.8296413422
21.518491745
22.0284500122
20.339641571
17.1963691711
18.176399231
18.6954689026
16.1512718201
14.2163105011
17.1437358856
17.5255088806
11.9031515121
14.1016101837
18.7082996368
16.6700134277
13.861038208
18.1446361542
20.2252521515
18.1383571625
22.6183414459
22.124042511
20.9618091583
23.0007247925
23.1770172119
22.8749103546
18.8055992126
18.6854839325
17.1920928955
19.2722663879
15.2511396408
18.1365261078
21.8776111603
18.9860801697
15.2417917252
15.3942403793
12.3395776749
13.7147502899
14.6059160233
17.2037887573
17.5692481995
21.0726127625
22.9879989624
25.6095733643
19.9365406036
21.3004016876
23.7915821075
25.219745636
25.9420394897
29.7233791351
28.5416736603
32.2043457031
31.333902359
27.2147712708
30.0932369232
31.0425720215
34.4542045593
32.8356666565
31.1237621307
34.6905212402
37.4839324951
34.5085029602
36.3156585693
35.2763938904
33.7030220032
29.2216033936
30.3008823395
26.6679782867
25.7870235443
22.8324298859
27.4936294556
26.1398696899
22.5000705719
25.3904705048
29.531671524
25.2390346527
23.5949020386
27.6846504211
28.6692695618
25.0928077698
27.2563266754
32.4848175049
28.2858066559
27.3060741425
31.1684799194
33.6365203857
32.292263031
34.7772636414
32.5705947876
33.9187583923
36.8898048401
38.9277458191
42.5985946655
41.6705055237
43.3946304321
42.7177352905
36.9609603882
41.4203872681
43.6986236572
38.6099967957
37.8605537415
43.2518920898
42.212310791
37.5154838562
38.9790000916
43.5769538879
41.3868980408
44.796169281
40.1360397339
38.5529174805
36.1734390259
39.6187438965
37.3303565979
40.8654403687
38.5744285583
36.676361084
35.194896698
39.2155723572
35.9262275696
34.7290611267
33.8632545471
38.1557922363
33.3559303284
30.6315555573
35.7569351196
35.8083343506
29.8814659119
31.4200782776
33.9669075012
32.7054634094
29.4189834595
32.1739730835
35.0337371826
37.4573631287
37.5262908936
32.0775985718
33.9191627502
35.7101860046
30.6802082062
28.4914226532
25.4558162689
21.4703216553
22.8270740509
27.501663208
24.7619171143
21.6093044281
25.3318748474
27.7165908813
25.1534881592
23.8505020142
29.5989074707
29.5384063721
27.765045166
28.4589290619
32.8630599976
33.1919670105
14.856092453
14.1800508499
10.3094511032
16.1964015961
15.2169322968
18.646648407
22.3852024078
22.2857208252
18.7218532562
18.8177642822
22.2418727875
23.1963615417
24.6851882935
26.5021743774
27.7639751434
24.2123527527
25.3658428192
27.7007465363
27.7636508942
29.1086101532
26.8089675903
24.7636070251
24.3484210968
21.6937084198
23.2405147552
21.6253738403
19.3344898224
20.003742218
14.2866077423
15.3743467331
16.8988132477
17.9091320038
15.7715005875
16.1613922119
18.1546096802
18.8811264038
22.072681427
24.1368560791
27.2322673798
28.4901008606
30.1272792816
30.2485466003
27.783662796
29.2100257874
28.8428516388
28.7119541168
26.1662654877
23.9437942505
23.3674888611
21.46159935
18.8925743103
19.7292823792
19.2763004303
16.5500431061
14.2191724777
14.1689491272
14.047914505
11.8575191498
11.524479866
11.9499502182
9.43179798126
7.83938455582
11.1900348663
12.4118852615
14.4738378525
12.0100955963
12.6780204773
9.70803546906
9.84663486481
9.58924674988
11.4261388779
14.719332695
17.8309803009
20.8524894714
22.8415927887
24.6253566742
24.2887802124
21.5093975067
17.8531303406
15.4138784409
13.1670560837
12.8903961182
12.726275444
18.2642345428
17.7694225311
21.4589595795
22.9725017548
24.1780548096
24.2196884155
25.3115520477
29.0264358521
28.7868385315
27.9453086853
30.5034809113
32.2729072571
32.9219360352
32.5032997131
35.4735908508
31.7213783264
35.2862586975
29.9786624908
32.9349098206
32.7680244446
30.2739982605
27.156129837
28.9822273254
28.132648468
23.9131145477
23.6886348724
23.819890976
22.0306377411
19.2382469177
19.9730052948
19.9684753418
17.3684368134
15.4451570511
18.2478275299
17.8110637665
11.9799871445
14.9415988922
18.9772586823
16.1482028961
13.2984790802
17.8795089722
16.3146705627
20.8050079346
19.5969276428
23.4929275513
23.6157226562
22.5802173615
24.8027877808
25.264497757
24.9658603668
21.0070877075
19.7175979614
21.818983078
18.0001850128
20.8416843414
24.3711357117
21.5442867279
17.98919487
17.9074230194
15.2036857605
16.0958862305
16.9539756775
19.0999660492
19.6883983612
22.6810302734
24.3426151276
26.7454166412
25.9795074463
27.038602829
28.8399295807
30.8958797455
31.4021930695
30.9471969604
29.9602451324
33.4365730286
32.8309822083
28.7867889404
31.223815918
31.9624824524
35.245552063
33.4121932983
31.8857593536
35.5307388306
38.037727356
34.9946060181
36.5994033813
35.1675338745
33.6175079346
29.3152236938
30.6649894714
27.2686309814
26.1667957306
23.020318985
27.8985519409
26.8779087067
23.4434261322
26.2629966736
30.6354694366
26.6358070374
25.0090885162
29.0930461884
30.2170581818
26.8763866425
28.8805885315
34.1667060852
30.1937294006
29.2696666718
33.0088729858
35.5034294128
34.2831802368
36.6870040894
34.3627662659
35.5499649048
38.3573570251
40.6370582581
44.2006721497
43.128364563
44.8543586731
43.9892425537
38.1728210449
42.4686737061
44.8051071167
39.8421897888
38.8582038879
44.1411323547
43.272190094
38.5523681641
39.7645454407
44.2500953674
42.3112258911
45.7276153564
41.3173370361
39.7727203369
37.5537147522
41.1704444885
38.7701568604
42.4926300049
40.3269386292
38.3897705078
37.2157745361
41.068775177
37.8383865356
36.4631881714
35.4851646423
39.5603408813
34.6057243347
32.0699043274
37.1534004211
36.9190750122
30.9757022858
32.780796051
35.0353012085
33.5281333923
30.3801937103
33.2882270813
35.8184738159
38.2536010742
38.0251159668
32.3598251343
34.0431632996
36.1275482178
31.2632732391
29.0085391998
25.6957550049
22.1331996918
22.9736766815
27.8990955353
25.5569782257
22.4120731354
26.0648651123
28.6471347809
26.435459137
24.9361915588
30.6495780945
30.9217586517
29.3412475586
29.7821044922
34.4900817871
38.3816375732
31.7643127441
32.0355644226
27.7783527374
32.575214386
29.3794937134
32.525302887
34.0023994446
32.2001838684
29.8669662476
27.7828521729
27.4415397644
27.8812217712
26.3396492004
24.6012516022
27.6196155548
22.6449756622
25.6483879089
28.7071819305
30.9334621429
33.7499351501
33.5324478149
30.3847351074
28.7014427185
24.6259365082
26.5944385529
21.2932624817
22.5891113281
23.1801242828
24.5293464661
23.6826133728
20.6436862946
18.6929244995
20.7136077881
21.0448856354
24.7280597687
26.3917312622
29.8364639282
33.3868789673
34.0995178223
37.5444145203
39.9881515503
41.4002685547
40.0452804565
41.491558075
42.5836677551
41.2473869324
37.6560020447
38.1493339539
37.9463233948
34.2145195007
32.5438499451
35.4209518433
33.7047920227
28.5621128082
29.3373565674
30.228515625
28.3043708801
25.0606460571
28.8969593048
28.4173660278
23.4012031555
22.6343364716
19.2210655212
15.9555206299
16.6662921906
19.039484024
18.4910106659
18.8203868866
23.7386417389
22.1262245178
25.7778644562
30.3364887238
31.3552341461
35.2118759155
36.0066604614
36.0094337463
34.4430732727
33.5079841614
29.4106445312
26.5486011505
23.8795032501
20.5293579102
16.7855739594
16.8504428864
14.7156190872
13.1737442017
12.7687625885
13.7964277267
16.3983211517
17.2697544098
21.997964859
18.5734901428
15.6422958374
20.1671161652
23.1908550262
22.3930244446
19.4916419983
22.7189235687
17.9085655212
20.9693984985
16.9007053375
18.9334621429
21.6688079834
18.8098220825
15.2660264969
18.9471721649
20.1436920166
16.1364688873
16.282541275
19.4449100494
18.3105754852
15.9553766251
19.2953529358
21.5199756622
19.6074790955
21.0595302582
23.6477470398
25.0491352081
23.6033325195
24.9648513794
28.2544193268
28.5811805725
28.2080230713
31.4798583984
28.3886413574
30.6151771545
26.0613212585
31.662694931
27.2612094879
24.4687862396
24.2082138062
20.808839798
21.6967906952
21.2821025848
17.6932296753
14.283788681
12.3604412079
11.6704931259
11.2678251266
11.1050834656
12.0329332352
14.5677347183
15.0150184631
19.0684661865
20.7823925018
24.2810974121
21.0931930542
26.3011779785
27.8289928436
31.5119285583
23.9094390869
27.9319267273
27.8440437317
27.293838501
25.8317813873
32.6541061401
30.2016506195
33.6560516357
30.6789302826
27.503112793
33.3576431274
34.8048171997
37.8937911987
38.3009605408
36.7378959656
38.5427818298
42.381690979
41.3892021179
43.6015319824
44.4792175293
44.1987533569
39.2843704224
38.4201126099
34.9139633179
34.0089378357
31.7895488739
33.8740577698
32.0743751526
28.6017780304
29.3065128326
31.6107788086
27.3113136292
24.5204544067
27.2409553528
27.5189800262
23.1322212219
24.4322166443
28.1246852875
23.6918411255
21.3286552429
24.499671936
26.4835453033
24.4713726044
27.8312759399
27.9341602325
30.6357765198
34.3986320496
33.6786880493
37.6816291809
38.4827957153
40.1069564819
41.4510955811
37.6607666016
42.4046440125
43.513053894
38.1993484497
39.7051429749
44.8332366943
42.3090591431
38.6804504395
41.6535453796
46.0557098389
42.3450813293
45.1876831055
39.1064338684
36.967716217
33.7571334839
34.7860031128
33.1847229004
34.6218338013
31.8076210022
29.8033542633
25.9718799591
29.9365100861
26.3736667633
27.351568222
27.2749423981
32.3750724792
29.5543060303
26.5693283081
31.3052330017
33.175075531
28.9156951904
29.0790061951
32.9775009155
33.3050804138
30.7315673828
32.4162826538
36.6253013611
39.2350387573
41.2467651367
38.5368804932
39.9646224976
39.1256866455
34.6676483154
32.1447067261
31.4437789917
26.4937801361
28.4844493866
30.7845191956
26.9529094696
23.9054374695
26.4768428802
27.2407016754
23.4698467255
23.194770813
27.1778964996
25.1964244843
22.3816165924
24.3278503418
26.2306537628
24.4476299286
34.7681465149
37.9393157959
35.9611816406
39.1202392578
37.507522583
39.4862480164
41.2196731567
40.0731010437
37.9786682129
37.3807411194
38.0118522644
38.5420722961
38.3364562988
37.983215332
39.2344932556
36.1220359802
37.0771713257
38.5983085632
39.0844688416
40.2797355652
39.6810684204
38.6641159058
38.4023742676
36.265007019
37.8810844421
35.6640815735
35.4629440308
35.5258712769
34.9898109436
34.1705551147
33.678943634
33.6750488281
34.0512886047
34.136554718
35.9554328918
36.1524925232
38.8224716187
40.5268249512
40.9362449646
43.8465919495
45.7309341431
46.4532699585
44.7981796265
45.3640708923
45.7016067505
44.5132675171
42.5749664307
42.6520957947
41.7986373901
39.4087295532
38.9637947083
40.4920730591
38.6532974243
36.059387207
36.6619377136
36.8460884094
35.5138816833
34.2108650208
36.3188819885
36.0193634033
33.4450340271
33.4627037048
32.2462539673
31.4880371094
31.4802074432
31.9082317352
32.0895195007
32.2285614014
34.0596199036
33.6143989563
35.3531761169
37.8796844482
38.9645996094
41.4337348938
42.3661384583
42.8975105286
41.5407371521
40.3610649109
37.871761322
35.869140625
34.7872238159
33.2672653198
32.0183525085
33.2289505005
32.4929046631
33.1345977783
33.2181625366
33.0503120422
32.5953102112
32.1790122986
33.5121879578
34.5564041138
33.8187294006
34.0567626953
34.6875762939
36.3091506958
36.4178276062
37.4413337708
35.4998703003
37.4962921143
34.7142410278
36.8151397705
36.4776268005
36.023639679
34.0241737366
34.189453125
34.6800498962
33.1659965515
32.3425445557
32.6126708984
33.1979026794
31.9510803223
31.6858654022
32.6696395874
32.6590003967
32.1561393738
32.4649238586
34.0023422241
33.5351867676
33.4545860291
34.611000061
35.810798645
35.5425605774
36.7449607849
34.8397598267
35.2105140686
32.8885116577
35.4891624451
33.000793457
31.5590744019
32.0094032288
31.7561016083
32.4493484497
31.9303627014
31.278175354
31.8812866211
32.0011940002
31.6572608948
32.1004562378
32.3025588989
31.3895702362
31.2692737579
31.203742981
31.4271278381
31.9926795959
33.3351020813
32.8699302673
34.7938766479
36.5601158142
37.6259841919
55.0511665344
56.3984680176
59.697517395
60.3106613159
60.8196716309
35.864315033
34.018283844
34.6533203125
32.7600212097
31.700138092
33.5559654236
34.3668518066
36.5245819092
37.6632843018
36.5184440613
37.3542366028
40.7911338806
40.7299346924
42.8320922852
43.6308860779
44.1855506897
39.9483947754
38.6292533875
36.621799469
36.3451309204
35.992816925
36.428237915
34.3591766357
33.1182594299
33.6927909851
32.8476753235
31.650554657
32.2230262756
32.4592704773
31.7103271484
31.649148941
33.0350723267
34.2780189514
32.7227592468
33.2936019897
35.2455825806
35.864730835
35.4121398926
36.2747192383
34.524559021
34.0769767761
35.6780509949
38.4892463684
41.2296867371
40.5572891235
43.0607261658
42.703792572
39.1238441467
42.5230560303
43.1879615784
38.0769042969
38.8870506287
43.3474845886
41.1744766235
36.950378418
39.7173652649
44.2959938049
41.0401077271
43.986618042
38.5663261414
37.3085021973
35.5072097778
38.8653793335
37.9219436646
40.7478675842
38.7190055847
38.3544616699
38.1817855835
41.2974967957
39.4175186157
38.3884773254
38.628364563
41.6611747742
38.6742630005
36.1990127563
38.4276504517
40.1156692505
36.135559082
35.2821655273
36.9351806641
37.694732666
34.6438446045
34.5124320984
38.1857376099
38.7993431091
41.3603782654
39.1704483032
40.827419281
40.6440086365
36.5972213745
36.6742782593
36.6147651672
33.9937057495
36.2397994995
37.6804008484
34.9732704163
34.658531189
36.8085098267
36.9894714355
35.0209007263
35.8582611084
38.7197418213
37.4835891724
36.9489402771
38.1858482361
40.0493965149
28.0317382812
41.4939460754
44.3362846375
41.8745765686
45.172542572
42.9295921326
45.0329017639
46.3346328735
44.7444877625
42.8677215576
41.7625846863
41.5590400696
42.0597229004
41.1776657104
40.0396652222
41.8687324524
38.6050262451
40.0690574646
41.7958679199
42.9505577087
44.6294593811
44.6697731018
43.0477333069
42.3029747009
39.826374054
41.328212738
38.2111244202
38.6984214783
38.6498451233
39.4840507507
38.4308433533
36.9828796387
36.436542511
37.6596603394
37.8994789124
40.0627937317
40.7859649658
43.3432273865
45.5880737305
45.4203300476
48.8483276367
50.8113098145
51.9763374329
50.6293334961
51.3950195312
52.1306724548
50.7744865417
48.4037666321
48.9770812988
48.3711700439
45.547164917
44.9295387268
46.9811134338
45.0769348145
41.7773857117
42.6782226562
43.1190872192
41.523235321
39.7269897461
42.4931297302
42.0835037231
38.7829780579
38.6586494446
36.4186325073
34.9530563354
34.8228645325
36.1917800903
36.1976242065
36.6082115173
39.3283233643
38.4144058228
40.6840362549
43.7565345764
44.487537384
47.3309326172
47.9566230774
48.0988502502
46.5679206848
45.8823776245
43.0788879395
40.9987754822
39.5174865723
37.5236625671
35.6077232361
35.7805557251
34.961643219
34.4271659851
34.3016166687
34.0340423584
34.0443077087
33.264919281
34.5122070312
34.8125762939
33.6513900757
33.5030555725
34.2171440125
35.696018219
35.2997016907
35.477645874
34.0888442993
35.1117973328
33.6316108704
35.0159111023
35.0798873901
35.1485557556
33.6657409668
33.7095718384
34.7878913879
33.951210022
33.3687438965
34.2187576294
34.9572296143
34.1007843018
34.6051979065
35.9028549194
35.8606414795
36.273651123
36.9209365845
38.4014587402
38.4659004211
38.6507148743
39.9424438477
41.2699546814
41.330947876
42.8587837219
40.6878814697
41.18567276
38.1536178589
41.5069313049
38.0120925903
35.954662323
35.6897125244
33.9895210266
35.0946083069
35.6347427368
33.9144592285
34.0808868408
33.2200813293
33.5499229431
33.111289978
33.0360946655
33.0855445862
33.2567481995
33.6579971313
34.2850456238
36.2172203064
38.0709114075
36.597782135
39.2008285522
40.6835708618
42.2980194092
58.7888069153
60.6638221741
63.5235481262
63.8276443481
63.937713623
40.1412963867
38.2552833557
38.9848518372
35.9581718445
35.5258522034
39.118976593
39.9838409424
41.6420402527
43.2781105042
42.4212379456
42.6512908936
45.9341392517
46.6329460144
48.6745758057
49.8468132019
50.6952362061
46.4067382812
44.8431625366
42.7918205261
42.2484931946
41.6003303528
41.6712265015
39.9780769348
38.3568878174
38.1236534119
37.5070724487
35.9914550781
35.3655967712
35.0626983643
34.3638458252
33.6925201416
34.218711853
33.3972740173
33.168888092
33.2182769775
34.0993347168
33.7868423462
33.6748161316
34.0170707703
34.0390090942
33.8106956482
35.7758293152
36.1854324341
38.686580658
39.7354125977
42.5963020325
43.6854705811
41.9544029236
45.1925125122
44.8178825378
40.2034263611
42.6863059998
46.3164100647
43.1826438904
40.7311897278
43.9238700867
47.8255882263
43.5841026306
45.7702636719
39.567905426
37.7462005615
35.3114700317
35.9712028503
36.4889526367
37.7251853943
35.3683815002
35.9791526794
35.6345252991
38.3629112244
37.0195159912
36.7437133789
37.5800209045
40.4781303406
38.7574768066
36.3782806396
37.5775909424
40.4731674194
37.7353897095
36.1270713806
38.2899360657
39.9872055054
37.8226737976
37.2759513855
41.2107276917
42.0544242859
45.3675537109
44.5128097534
45.6267662048
44.2403640747
41.0387954712
40.4214477539
41.0729370117
38.0959434509
40.2237739563
40.8953475952
38.0244979858
37.5490646362
39.233745575
38.8048820496
36.5972976685
37.7505760193
39.7665977478
37.8437156677
37.2489929199
38.843044281
39.5746269226
25.9041385651
40.5337562561
42.5840377808
39.2752990723
43.1076011658
40.278968811
42.8587646484
43.9715843201
42.1488037109
40.2226257324
38.4352798462
37.8075065613
38.0418701172
36.4867858887
34.4079246521
36.754573822
32.8441009521
34.8818588257
37.0590705872
38.9592781067
41.3442077637
41.8775444031
39.3929595947
38.1591720581
35.0545272827
36.8141288757
32.7812232971
34.0341186523
34.3042144775
35.9981498718
34.9389877319
32.4937400818
31.1784534454
33.0011100769
33.1743164062
35.878162384
37.0048789978
39.8033447266
42.6592903137
42.2778091431
46.1691207886
48.4234046936
49.9797668457
48.7788887024
49.8073997498
50.9626159668
49.4099578857
46.3809928894
47.3878211975
47.0009536743
43.5400505066
42.6393737793
45.2862358093
43.3031654358
39.0224266052
40.2056236267
40.9546813965
39.0760574341
36.5973396301
40.1385612488
39.6907577515
35.4831848145
35.1253471375
32.1116714478
29.7666969299
29.7728710175
31.8456077576
31.4815254211
32.1739501953
35.8864898682
34.6129570007
37.5087966919
41.3034362793
41.8846359253
45.2751846313
45.8183250427
45.651714325
43.8608360291
43.347076416
40.0355186462
37.6400680542
35.7579078674
33.1037788391
30.4270858765
29.889705658
28.711057663
27.2982292175
26.7987480164
26.3594436646
26.8639659882
26.3739681244
27.5460510254
26.4950809479
25.1655025482
25.3933620453
26.0582885742
26.7369155884
25.9928436279
25.9047870636
25.0608940125
26.4677314758
25.6180553436
27.2639293671
28.7966842651
28.2074775696
26.3306159973
27.2377490997
29.2136917114
27.6407566071
27.1407527924
29.2950630188
29.68227005
28.4461193085
30.056810379
32.0605163574
31.3720703125
32.4149475098
33.7947883606
35.4512901306
35.202091217
35.7661056519
37.8650131226
38.9983558655
38.9939842224
41.2356185913
38.4995727539
39.5489425659
35.3815155029
39.9159011841
35.1485519409
32.7680587769
31.6192245483
28.4665756226
29.5573711395
30.9548301697
28.3590984344
27.571062088
25.9958877563
26.7924747467
25.7230854034
24.9158706665
25.5590744019
26.6470794678
27.7366695404
28.6753406525
30.7942466736
31.8264102936
31.667963028
35.2981719971
36.5969276428
39.114112854
54.541595459
57.0572433472
58.9421310425
59.3432540894
58.867816925
37.5507659912
35.5295829773
37.5797729492
34.0910606384
32.7788734436
38.418964386
39.9920730591
42.3562355042
43.7037620544
42.2899055481
42.8562736511
46.8088760376
46.7791900635
49.2774581909
50.2823219299
50.7959442139
46.1970558167
44.7766075134
42.0138130188
41.5487213135
40.3328132629
41.0941009521
39.0685272217
36.5882644653
36.7036705017
37.0753326416
34.0349998474
32.4832611084
33.2042922974
32.4560432434
29.8612518311
30.900636673
31.4029998779
28.2961883545
27.7099990845
29.4794483185
29.0330219269
26.5892276764
28.7624340057
29.513715744
32.5752449036
36.0620193481
33.7246208191
37.6934356689
39.0599403381
40.5743713379
42.6860771179
40.4012031555
44.6719245911
45.1065940857
40.2006759644
42.6849822998
47.2956390381
44.4177932739
41.7841186523
45.073638916
49.1743431091
45.2883148193
47.4675483704
41.1494255066
39.4140167236
36.4267501831
36.4578475952
36.1640281677
36.6272697449
33.2335548401
32.990940094
30.1074199677
33.6992683411
31.4400520325
32.5489234924
33.4501152039
37.4814834595
35.8359909058
33.0697860718
35.7350578308
38.7655601501
35.6586914062
34.4713783264
37.8503341675
39.2076263428
36.8830795288
37.2170982361
41.6290969849
43.2655220032
46.2959060669
44.793636322
46.0266647339
44.6264801025
40.8628578186
39.3525161743
39.6708526611
35.6233482361
37.8038597107
38.9326667786
35.4740028381
33.9452056885
35.8450698853
35.641292572
32.5902099609
33.3630409241
35.7479019165
33.4613418579
31.8855342865
33.6927604675
34.4653129578
25.0992774963
34.2521324158
34.1173210144
30.5271091461
34.5786361694
31.9990158081
34.7450942993
36.0112190247
34.7429924011
32.7804489136
30.9052047729
30.916727066
30.8518371582
29.5885181427
28.1180515289
29.4294433594
25.3724346161
27.0243854523
29.2518596649
31.1580657959
33.6822166443
33.6622962952
31.1350765228
29.9756641388
26.8244228363
29.0201416016
25.8598384857
26.9043731689
27.8118171692
28.4369335175
28.0182991028
25.9447689056
24.5375099182
25.3757362366
25.1099872589
27.7041912079
28.3548660278
31.475063324
34.274181366
35.0470809937
37.9741249084
40.5357017517
41.6420974731
40.4441146851
41.6173706055
42.7461051941
41.3668403625
38.0188446045
38.7848052979
38.6186523438
35.1252975464
33.8820152283
36.5367584229
34.9726791382
30.4022426605
31.3979167938
32.2403411865
30.6104640961
28.0251808167
31.3331184387
30.959022522
27.0630187988
26.5844173431
24.4416389465
22.4683742523
22.9213428497
24.0062274933
23.3293418884
23.8466320038
27.2448959351
26.2558116913
28.8051223755
32.4477500916
33.3196678162
36.5553512573
37.4207000732
37.3649940491
35.751121521
34.7493019104
31.4047031403
29.0081043243
27.300485611
24.7701683044
22.7064437866
22.8515911102
21.3432312012
21.4552440643
20.7934188843
20.7088298798
20.8975582123
22.4975185394
23.9064788818
22.0089378357
22.303150177
24.8081741333
26.0421295166
24.8759174347
24.5031661987
27.364030838
24.7584819794
27.5160598755
24.5706176758
26.7924289703
28.4532299042
26.4795799255
23.7004203796
25.7842273712
26.7875518799
23.8327045441
23.4610385895
25.4788913727
24.9061565399
23.0768089294
24.7246589661
26.5234985352
25.2613639832
25.8558483124
27.5796012878
29.0503292084
27.5561084747
28.376947403
31.2129821777
31.5636634827
31.0590610504
33.7302894592
30.9527587891
32.6603279114
28.5222015381
33.0422439575
28.8177642822
27.3116645813
26.2401199341
23.9292583466
23.4848899841
24.0928649902
22.6036663055
20.8443584442
20.895860672
20.4935493469
20.6169662476
21.4812431335
20.984916687
20.7757701874
21.8083381653
21.6120491028
23.7992286682
24.3329811096
26.3814086914
27.2384166718
28.4725646973
31.6705741882
16.7680606842
21.1446399689
20.2734947205
18.8034858704
17.0570735931
32.9545707703
30.8251399994
34.3912239075
32.0072402954
29.3447723389
34.497051239
36.2731323242
39.2281303406
39.5493240356
37.6860313416
39.2718505859
43.1545791626
41.8030052185
44.1476135254
45.0881195068
44.5212593079
40.19789505
39.3970527649
36.0611457825
35.8349075317
34.1533851624
36.0942382812
34.0690574646
31.1691932678
32.2604751587
33.8702888489
29.9731330872
28.4880504608
30.6136474609
30.3528308868
27.0701580048
28.8584518433
31.53565979
27.3287200928
26.6822624207
29.5965499878
30.6977710724
28.631893158
31.0766944885
30.0512332916
32.6703529358
36.0149078369
35.4569320679
39.3158149719
39.5622596741
40.7402038574
41.8093986511
37.8115501404
42.5220108032
44.0171699524
38.9897918701
40.1915245056
45.3666534424
43.2576179504
39.8340568542
42.5886611938
46.8161582947
43.663394928
46.2986450195
40.610874176
39.0295448303
36.207359314
37.6242256165
36.5163269043
38.1116294861
35.2834815979
34.1505432129
31.2668399811
35.1713638306
32.3050003052
32.6743583679
32.6763687134
37.0492515564
34.2756271362
31.5491638184
35.4681549072
37.1031951904
33.0383682251
32.8805961609
36.2764053345
36.6018829346
33.899356842
35.134563446
39.0724487305
41.0751228333
42.9862365723
40.1878662109
41.8606262207
41.4212379456
37.0464363098
35.2515678406
34.4585037231
30.2645759583
32.1684799194
34.3947296143
31.1101207733
28.7563877106
31.0231285095
31.8688335419
28.865278244
28.5716114044
32.1749610901
30.72514534
28.6002655029
29.9713859558
31.93318367
31.0136070251
31.8565216064
31.9186058044
28.1493282318
32.4615631104
29.7619628906
32.6717185974
34.0743408203
32.7315979004
30.6150894165
28.6734619141
28.7555065155
28.788772583
27.540397644
26.0965690613
27.8684635162
23.3024101257
25.4218864441
28.0802078247
30.0480003357
32.6851234436
32.4554100037
29.6593952179
28.3314685822
24.7816371918
27.0357532501
23.3994407654
24.4354915619
25.3910140991
25.9708766937
25.5471401215
23.3193092346
21.7974357605
22.7027721405
22.4705657959
25.3948764801
26.2973842621
29.6239051819
32.6682052612
33.5312423706
36.6137924194
39.1328811646
40.2920951843
38.9750404358
40.2630577087
41.3175773621
40.0169906616
36.5798454285
37.1363258362
36.9630241394
33.4247894287
31.9771003723
34.6769676208
33.1153678894
28.3522968292
29.2222118378
30.084903717
28.4212703705
25.6088962555
29.0218372345
28.674665451
24.4881916046
23.9223937988
21.6443367004
19.4450721741
20.0524673462
21.2370929718
20.4822635651
20.9531021118
24.6698684692
23.5805015564
26.3715133667
30.2675495148
31.2531871796
34.6723060608
35.5869064331
35.6123733521
34.0063247681
32.9374160767
29.3274021149
26.7503757477
24.7957038879
22.0364437103
19.6851673126
19.933298111
18.2046585083
18.4243755341
17.7224273682
17.7963047028
18.4266223907
20.4496746063
23.0780620575
20.5783500671
20.2596702576
23.441368103
25.2540340424
24.284078598
23.1760463715
26.3455295563
23.0301914215
26.0346450806
22.5480003357
24.8599128723
26.6323642731
24.3575363159
21.3360843658
23.7909641266
24.6900863647
21.3245067596
21.045331955
23.2398071289
22.4146270752
20.3593292236
22.3393039703
24.2026939392
22.6746253967
23.3380088806
25.3545875549
26.7668018341
25.0617771149
26.0762672424
29.1651954651
29.3712215424
28.7867126465
31.7022781372
28.8452262878
30.8408813477
26.5965671539
31.4915027618
27.3566684723
25.553276062
24.839225769
22.33685112
22.1164150238
22.0882415771
20.1934242249
17.7481975555
18.0038890839
17.2941989899
17.5156326294
18.6587677002
18.0172100067
17.6714096069
18.9298000336
18.594203949
21.2071304321
21.9338150024
24.3998184204
21.5452728271
27.0826702118
30.5732154846
17.5916290283
21.7798366547
21.5259990692
20.4386425018
19.0421657562
32.2384719849
30.0872859955
33.7247543335
31.2916221619
28.2738742828
33.5189819336
35.1808128357
38.2482070923
38.4316329956
36.6270561218
38.4590873718
42.2765960693
40.8643112183
43.1576042175
43.9452896118
43.356262207
38.8442993164
38.1567115784
34.7066993713
34.2785873413
32.362197876
34.5469207764
32.6032409668
29.4547176361
30.6115436554
32.6216621399
28.4994316101
26.6695384979
29.1517410278
29.1231002808
25.4451007843
27.2242679596
30.4416980743
26.0623474121
24.9817657471
28.1180839539
29.591342926
27.5653038025
30.2863502502
29.4173583984
31.9764957428
35.4430885315
35.0885353088
38.9978523254
39.2808418274
40.6281585693
41.6094360352
37.4552345276
42.199962616
43.6846885681
38.543056488
39.6515884399
44.8739967346
42.7422866821
39.1224479675
41.8451309204
46.1844711304
42.9388504028
45.7163696289
39.9854698181
38.2454376221
35.3324012756
36.8501663208
35.4927139282
37.2377662659
34.44896698
33.0056991577
29.9797382355
33.9454460144
30.8455562592
31.211019516
31.094909668
35.6703109741
32.6796951294
29.881357193
34.1610069275
35.7014503479
31.4001331329
31.4800643921
34.9677505493
35.1510467529
32.4146690369
33.9083404541
37.8578910828
40.0809936523
41.8667526245
38.8640785217
40.4940910339
40.1234436035
35.6418609619
33.6032562256
32.6534538269
28.23711586
30.128080368
32.5721702576
29.1727485657
26.5353145599
28.9886684418
29.9696292877
26.7874240875
26.3568115234
30.2704563141
28.8405914307
26.5307407379
27.9318180084
30.1497364044
28.5566768646
34.2840538025
33.9729423523
30.738697052
34.4707717896
32.3081092834
34.8705253601
36.1645317078
35.2295570374
33.353427887
31.7133388519
32.0952529907
31.8990650177
31.0039749146
30.0276832581
30.5252571106
27.0527706146
27.8247890472
29.4132709503
30.7875747681
32.9654960632
32.919216156
30.9197101593
30.2398071289
27.69739151
29.9617538452
27.8460121155
28.5203742981
29.4912033081
29.4740123749
29.2589836121
27.7606983185
26.7052459717
26.9735164642
26.5265407562
28.6020946503
28.6675930023
31.6563873291
33.9186553955
34.9107666016
37.3975143433
40.0095481873
40.8549346924
39.6530418396
40.6326713562
41.7041091919
40.3235626221
37.1886100769
37.9954872131
37.7909736633
34.4945373535
33.4990463257
35.9286117554
34.4570083618
30.3115634918
31.3160152435
32.0814666748
30.6496925354
28.4427890778
31.3595409393
31.0633678436
27.7717781067
27.4098072052
25.9692783356
24.5456752777
24.9876899719
25.4525508881
24.831111908
25.2603492737
27.9074821472
27.2655620575
29.2884025574
32.4257545471
33.3324317932
36.2068634033
37.182472229
37.201877594
35.6335678101
34.4432830811
31.5240726471
29.3440723419
28.1179237366
26.0344200134
24.6387882233
25.2599773407
23.9719638824
24.766210556
24.3495960236
24.3519496918
24.0802326202
25.4428081512
26.0404281616
25.6852931976
26.0209197998
27.880153656
28.5813083649
27.9866142273
28.246509552
30.7152919769
28.5551967621
31.1971912384
28.2343158722
30.5374984741
31.7036781311
29.928062439
27.2635269165
28.9462356567
29.7002353668
26.9105510712
26.4157142639
27.9309425354
27.4606246948
25.6748409271
26.7382907867
28.2757987976
27.1897754669
27.3143348694
28.721288681
30.1705856323
28.4931697845
29.0990276337
31.7702274323
32.037651062
31.3823451996
33.7751731873
31.1936244965
32.7217941284
28.9483032227
32.8260650635
28.9422454834
28.2156600952
27.0149917603
25.8282241821
24.782617569
25.228559494
24.8143806458
23.6887493134
24.2344150543
23.5888957977
24.1502189636
25.3181724548
24.5453929901
23.8255348206
24.4290122986
23.9043045044
25.378736496
25.4567699432
26.7592697144
24.8835525513
27.1034049988
30.9273872375
13.2621488571
17.6419582367
16.4776248932
14.7135190964
13.0175409317
32.4588813782
30.7163238525
34.3679733276
32.5716438293
30.100063324
34.530960083
36.4471359253
39.3646507263
39.4882354736
37.4403495789
39.0511207581
42.8947181702
41.1897163391
43.6155967712
44.4368553162
43.6485710144
39.6593856812
39.0065307617
35.7491645813
35.8934440613
34.4507713318
36.4693946838
34.3493995667
31.7229728699
33.1363296509
34.5774726868
30.8854122162
30.0075016022
32.0294647217
31.6487884521
28.9047679901
30.8836231232
33.3928031921
29.4239463806
29.3473930359
32.2151069641
33.1737594604
31.2971992493
33.3002204895
31.6050949097
33.8932571411
36.9175834656
36.8338241577
40.5268287659
40.2947769165
41.2858314514
41.9375572205
37.5485801697
42.2562179565
44.0928573608
39.2256813049
40.0168190002
45.2808876038
43.5299873352
40.0872001648
42.5949859619
46.7744636536
44.0290107727
46.6265525818
41.2615509033
39.9881858826
37.4313278198
39.2688179016
38.2537612915
40.1376914978
37.4117660522
36.5390472412
34.2287826538
38.0675926208
35.412109375
35.3856468201
35.3223304749
39.4011611938
36.4522781372
33.8230018616
37.5190544128
38.9035758972
34.7549819946
34.6123695374
37.6821517944
37.8760757446
35.0551147461
36.1998214722
39.9036483765
41.6118812561
43.3303871155
40.2791023254
42.1074104309
42.0478515625
37.6563568115
36.2178726196
35.2351455688
31.4174442291
33.2673416138
35.6132049561
32.6006164551
30.50415802
32.7636528015
33.7430305481
31.0711135864
30.730255127
34.360748291
33.2058792114
31.3722438812
32.5281639099
34.7149772644
34.5132980347
24.9345817566
23.9115505219
21.6237812042
25.3089847565
24.9052944183
27.1629486084
29.7316150665
29.8354587555
27.3364696503
27.261100769
29.6290683746
29.9704017639
30.892080307
32.053237915
32.2388076782
29.1673583984
29.2826652527
30.696062088
30.0655899048
30.6788406372
28.381860733
28.0305633545
28.6415901184
26.8424549103
28.9775085449
28.3857650757
27.1611461639
27.9196090698
24.4610538483
24.7286491394
25.6877803802
26.1324768066
24.6558799744
24.1821975708
25.4472846985
24.1983509064
27.5658740997
28.3138008118
31.4318141937
32.0195732117
34.2548408508
33.9095344543
31.7578296661
32.1685600281
32.0781517029
31.0390319824
29.1307296753
28.3663368225
27.2081947327
24.7934970856
24.508764267
25.3427410126
23.7027263641
21.4828586578
21.7822990417
21.6871681213
20.7434043884
20.2168121338
21.4315948486
21.2487735748
20.1123256683
20.2002506256
21.6736106873
22.1801624298
22.8595199585
20.851776123
21.0204315186
20.5170040131
20.6047992706
21.3832473755
22.0120162964
23.6601428986
25.791967392
27.724319458
29.6051635742
30.75431633
30.0112304688
27.1807079315
25.0217990875
22.8747940063
22.7312030792
22.0165748596
22.2423324585
25.7985801697
24.8418445587
27.9169998169
28.5016441345
28.962228775
28.1888332367
29.0959873199
31.2504730225
32.1116638184
31.8672981262
33.4418830872
34.4448738098
35.4110641479
35.7040748596
38.1454696655
35.3732795715
38.4909629822
34.0539093018
36.9776077271
36.7576370239
34.938533783
32.0237617493
33.1877555847
32.8501319885
29.6292533875
28.8702983856
28.9174613953
28.319475174
26.0321483612
25.5833473206
26.1098365784
25.1408748627
23.1647338867
23.9312992096
25.2688102722
22.1019878387
21.9390354156
24.6582374573
24.3318214417
22.6495246887
24.2565479279
22.0985908508
23.6789627075
21.6949768066
23.8775959015
23.7889652252
24.8173122406
26.3095474243
27.922372818
27.2294712067
23.7209968567
25.3537406921
25.4659976959
27.3777961731
25.2364177704
27.4509525299
30.0555000305
27.9664115906
25.2409992218
24.6795959473
22.8049278259
22.1617069244
21.4727420807
21.3162155151
23.612487793
24.3736228943
26.5720748901
27.361782074
8.8497877121
9.09730911255
11.1017742157
11.972401619
30.4258174896
29.9393234253
33.2812538147
33.3046226501
29.7921657562
31.1884860992
32.4759025574
35.7434883118
34.0901908875
31.8229942322
35.2960472107
38.1668968201
34.7431030273
36.8998184204
36.1008110046
34.3432159424
30.4516582489
31.2681217194
27.6715641022
28.3643035889
27.0577507019
30.6542663574
28.4954166412
25.9417266846
29.2829685211
32.0781517029
28.4332122803
28.5544605255
31.5425224304
31.9571800232
29.7267589569
32.1247406006
36.1324691772
32.5467376709
32.7253761292
36.088973999
37.8408432007
36.6782875061
38.449546814
35.6818733215
36.5215950012
38.9193916321
41.4117431641
44.7076644897
43.3118095398
44.8800125122
43.7075920105
37.7515144348
41.9603042603
44.4831619263
39.743812561
38.474521637
43.845123291
43.2581176758
38.6914558411
39.8513641357
44.3250389099
42.6729431152
45.9048614502
41.7327308655
40.6794128418
38.7489891052
42.4663619995
40.6268119812
44.1599273682
42.0112495422
40.7496337891
39.9000511169
43.7650108337
41.0604515076
39.6578407288
39.0335960388
42.7088661194
38.3643264771
35.8133201599
39.9006919861
40.0131759644
34.6473197937
35.4772834778
37.5391159058
36.6140708923
33.1676826477
35.1489143372
37.7930603027
39.3828887939
39.5673789978
34.2647476196
36.6203727722
38.6117477417
33.6900672913
32.7972068787
30.3360862732
27.4074897766
29.2251682281
32.8549880981
30.5157775879
28.8001365662
31.7600650787
33.5781135559
31.6545982361
31.0347213745
35.6803283691
35.4944915771
34.3349266052
35.0733337402
38.7192459106
42.4069480896
34.5799331665
32.0788841248
30.3291893005
32.9658851624
32.5562934875
33.8643722534
36.181930542
35.8990364075
33.7197113037
34.4819755554
36.2212028503
37.1828422546
38.1031417847
39.3151321411
39.9011573792
37.3903808594
37.7616386414
39.0054168701
38.6238250732
39.0942268372
37.2726745605
36.9916229248
37.2663383484
35.6473083496
37.070186615
36.0356445312
34.780670166
34.8459243774
31.9516239166
31.647151947
32.9287834167
33.7472076416
32.9061775208
33.0063896179
34.0744628906
33.7062530518
36.064453125
36.8947601318
39.6880340576
39.7677536011
41.4279594421
41.1306381226
39.3741760254
39.6786117554
39.4626426697
38.5285301208
37.3897590637
36.5236778259
35.360824585
33.9127464294
33.5677070618
33.8469314575
32.5792160034
31.5204811096
31.1993579865
30.7721405029
30.0455303192
29.9911136627
30.427947998
29.7764053345
29.3556175232
29.3867073059
30.1770133972
30.8484954834
31.0921173096
29.8316764832
30.4958190918
29.911945343
30.0445861816
30.326461792
30.9835414886
32.2013816833
33.8753814697
35.4662361145
36.7337875366
37.8042259216
37.7980613708
35.6248550415
33.7808494568
32.3031425476
31.693693161
31.3278522491
31.2322826385
34.0835762024
33.3986320496
35.686882019
36.3305435181
36.6926574707
35.9665336609
36.0702285767
38.1406364441
39.2242088318
38.7405471802
39.5020484924
40.3788795471
41.9254570007
42.1295776367
43.8185386658
41.5367698669
44.0363883972
40.1521148682
42.5869140625
41.7326850891
40.5265960693
38.3558197021
38.7788467407
38.1856575012
36.0422363281
35.3777008057
34.697227478
34.6385879517
33.1585998535
32.2226905823
32.0712776184
32.0120048523
30.4743251801
30.3224201202
31.1623878479
29.8628826141
29.4724693298
29.8646583557
30.471157074
30.0579833984
30.3742752075
29.4644737244
29.4867954254
30.1650943756
30.696352005
31.9594116211
31.5640926361
33.6452140808
34.9463005066
35.1332359314
32.5567550659
33.1718254089
33.8367347717
35.021900177
33.4894371033
35.2814025879
37.305393219
35.3972511292
33.3196411133
32.5783958435
31.5351390839
30.770362854
31.0232505798
31.7004470825
33.0985374451
34.195640564
35.8741912842
36.3849601746
18.6946315765
16.4878406525
19.0361785889
18.2188911438
36.7288589478
35.8817634583
37.4009056091
37.6142730713
34.9134063721
34.5485229492
33.5296936035
35.882358551
33.3956832886
33.4025878906
37.0170860291
38.208480835
36.4744949341
36.8120727539
36.5558204651
36.7084312439
32.6563072205
32.0561561584
30.972284317
29.4761791229
30.0000171661
31.1042995453
29.9755878448
30.0486221313
31.7325630188
33.9583930969
32.5704078674
33.0424308777
34.919960022
35.7919921875
34.9334373474
36.375617981
39.7988433838
37.7431983948
37.9515533447
40.4177207947
42.0431213379
41.5928840637
42.9076919556
40.4760398865
40.3401374817
41.9126319885
45.2986297607
47.9052658081
46.4667358398
48.5976753235
47.0613059998
42.0740394592
45.1121749878
46.785446167
42.5085105896
41.0041847229
45.1738243103
44.638469696
39.9290885925
40.2752037048
44.4670524597
42.9020843506
46.4264221191
43.1955871582
42.0925674438
40.8907279968
44.920009613
42.8527030945
46.7221832275
45.3124961853
44.0245742798
44.2035140991
47.386631012
45.2316932678
43.419178009
42.7856407166
45.5638542175
41.4704246521
39.4091415405
42.4872169495
42.1093711853
37.4006195068
38.1679878235
39.0545082092
37.9957695007
34.9013633728
36.6189689636
37.9156684875
39.0839080811
38.5121383667
32.9706306458
35.7130584717
38.2036895752
33.8076820374
34.3860816956
32.7213821411
31.7317676544
33.3534622192
35.6668243408
34.1884918213
33.9348373413
36.1293182373
37.3511276245
36.4026298523
36.4310150146
39.9764404297
39.7727394104
39.4163513184
40.2987632751
43.370010376
53.8566703796
21.1320018768
24.8133850098
23.4801235199
26.6539611816
25.4591903687
27.1116924286
29.836057663
28.8111591339
26.0253639221
26.7563171387
28.5300998688
29.9069213867
30.9307022095
32.333656311
33.7812271118
30.6710281372
31.7697906494
33.7188453674
33.867805481
34.9911155701
33.0903320312
31.8023834229
31.4837474823
29.3463459015
30.441078186
28.5878067017
26.8613853455
26.4565391541
23.6743202209
22.7868461609
24.2422637939
25.525177002
24.8679618835
25.5026626587
27.068649292
27.7032375336
30.2117080688
32.0794525146
33.5274581909
35.7790107727
37.1071166992
37.4967041016
35.3821220398
36.4838638306
36.1065597534
35.8236656189
33.8385505676
32.2698326111
31.4681434631
29.854549408
28.450586319
29.2618541718
28.0756912231
26.0936088562
25.2753772736
24.9923725128
24.1921691895
23.2444992065
23.9021625519
23.6073093414
21.880563736
21.9223804474
21.8983325958
22.5608081818
22.9040622711
22.1392459869
23.1578712463
22.1143455505
22.864774704
22.5811405182
23.8872089386
25.9883022308
27.7302379608
30.0579185486
31.2051753998
32.5250930786
31.9945812225
30.3406047821
27.5987148285
25.8052825928
24.3660144806
23.7834129333
23.2739276886
26.1975841522
25.9449310303
28.0673408508
29.0394268036
29.6798267365
29.4884090424
29.6153144836
32.7577171326
33.0814857483
32.1384391785
33.6474456787
35.213973999
36.3145484924
36.0432052612
38.3009490967
35.0510978699
37.8926849365
33.3768463135
35.7567939758
35.0886383057
33.5399627686
31.1077785492
31.9893264771
31.047706604
28.443063736
28.0469493866
27.3217964172
26.6450252533
25.2247524261
24.6295375824
23.8733863831
23.5740642548
22.1238136292
22.5171298981
22.0764102936
21.6790542603
22.0333099365
22.3574924469
22.7031345367
22.7850170135
24.121465683
23.2778892517
25.1568241119
24.9533596039
27.8909244537
28.2003974915
26.4297714233
29.0645751953
29.3855113983
29.7300777435
26.8037261963
26.4278736115
26.5756835938
27.7292556763
25.6122398376
27.179485321
29.639333725
27.7791061401
25.2595863342
24.7882022858
23.7509078979
23.4629611969
24.6366977692
26.2853717804
26.9291763306
29.1654186249
30.9683799744
32.6608505249
40.2643547058
40.8097419739
45.0125694275
45.488822937
46.732585907
34.8536109924
33.3743782043
35.9753112793
34.9935836792
31.4376010895
33.2318153381
33.1211166382
36.0674324036
34.4254074097
33.7930641174
37.2652931213
39.2369155884
37.3809127808
38.3774108887
37.9890670776
37.3739738464
32.6203804016
32.96692276
30.2270030975
27.7883987427
24.7173461914
28.0981521606
28.3473587036
26.6860294342
31.4147663116
28.449136734
26.9510669708
30.2688884735
31.8286552429
29.4293422699
30.5446586609
35.4849281311
32.6567955017
31.8710079193
34.749294281
37.1486549377
36.5324440002
38.4093780518
36.6136207581
37.1125183105
39.5113639832
42.0125312805
45.1357116699
44.3369293213
46.3900146484
45.6254653931
40.6789703369
44.406867981
46.0459823608
41.3206939697
40.6883392334
45.1874732971
43.9817581177
39.4218215942
40.6537284851
45.0173416138
42.4771499634
45.9805870056
41.8746986389
40.1274147034
38.1255226135
41.5885696411
39.116645813
42.7811698914
41.1425170898
39.2673225403
38.73878479
42.0116844177
39.3219337463
37.5986671448
36.7069320679
40.0895118713
35.3592910767
33.2658424377
37.5749015808
37.0929107666
31.498052597
33.3844909668
35.0027694702
33.2541236877
30.5252685547
33.5518531799
35.4679794312
38.2164878845
37.7498130798
32.7862701416
33.9933395386
35.6268577576
31.0582294464
28.5544643402
25.4312210083
23.3858032227
24.611032486
28.4982643127
26.4796848297
25.576669693
28.41796875
30.152557373
28.7546768188
28.4463634491
32.8433227539
33.0026435852
32.3342666626
32.8887557983
36.4260063171
24.5817012787
28.2886142731
32.0480766296
31.4252052307
33.6933746338
32.8939819336
33.9350967407
36.1584243774
35.2584228516
33.1659202576
33.9648094177
35.3783340454
36.6228713989
37.6135368347
38.9653739929
40.1267242432
37.5691108704
38.373298645
39.9377937317
39.9095993042
40.7064743042
38.9805183411
38.1614189148
38.0248069763
36.3772010803
37.2418632507
35.8855819702
34.3650550842
33.9088783264
31.7584056854
31.1488895416
32.3527336121
33.4695663452
32.8624305725
33.3445053101
34.4791641235
34.8773384094
36.9029998779
38.3467788696
39.4461784363
41.5015563965
42.5687980652
42.8615493774
40.9425239563
41.8038978577
41.3180236816
41.079208374
39.6121826172
38.1711082458
37.333782196
36.1725578308
35.192276001
35.7094078064
34.6113510132
33.3497047424
32.7114944458
32.3834648132
31.8161144257
31.300617218
31.650724411
31.4555530548
30.3848209381
30.4988288879
30.6636295319
31.2418804169
31.4702777863
30.8083362579
31.5691337585
30.7806892395
31.135383606
31.0270290375
31.8609981537
33.3151283264
34.7100067139
36.4731330872
37.3734931946
38.5885734558
38.1853027344
36.8211975098
34.7001914978
33.3252563477
32.3297805786
31.9875488281
31.7458324432
34.0594482422
33.9174308777
35.7007484436
36.4532546997
36.877117157
36.5473175049
36.506187439
38.9236297607
39.5911636353
38.8506622314
39.7993927002
40.9973831177
42.2656326294
42.2459259033
44.0498275757
41.345741272
43.7527122498
39.8667793274
41.9628486633
40.9780158997
39.993221283
38.0261383057
38.4200592041
37.5241737366
35.7510070801
35.3329315186
34.4771995544
34.1851425171
33.2420578003
32.5248222351
31.9060173035
31.9225158691
30.7830562592
30.8556690216
30.6484870911
30.371137619
30.4784126282
30.4525604248
30.7794189453
30.7842483521
31.2691726685
30.9828701019
31.7919807434
32.1814460754
33.8118209839
34.5685539246
33.2696876526
35.5207748413
36.029712677
36.374458313
34.0392990112
33.9080314636
34.3192596436
35.3076477051
33.7131843567
34.9902191162
36.9830780029
35.5225219727
33.4018440247
32.9164390564
32.1132202148
31.6891784668
32.4773902893
33.5560150146
34.2971038818
35.8381080627
37.4476394653
38.5701179504
48.3235588074
48.605506897
53.0871200562
53.4407463074
54.8352165222
39.9322433472
38.6509513855
40.4092750549
39.6956291199
36.8643226624
37.494140625
36.6422576904
38.7146606445
37.0086517334
37.4178161621
40.5213279724
41.4338874817
40.582157135
40.6784248352
40.6370582581
40.7730484009
36.489402771
36.4500350952
34.8649024963
32.3354492188
30.9362430573
31.4260940552
33.097568512
31.9739551544
32.1247558594
35.5284156799
34.0943489075
33.4333877563
35.4682502747
36.9135055542
35.6023788452
36.2773780823
40.2313270569
38.387096405
37.9746589661
40.1437721252
42.1931114197
41.9654159546
43.3241386414
41.6564674377
41.5687942505
43.3035736084
46.1654090881
48.7288131714
47.863735199
50.0587310791
49.0620231628
44.720249176
47.7307243347
48.9397888184
44.7734184265
44.0240020752
47.5979042053
46.5016326904
42.2643318176
42.9701766968
46.8880004883
44.3639717102
47.8382873535
44.6461257935
43.023349762
41.6467895508
45.089881897
42.6998672485
46.3485603333
45.2691383362
43.6641578674
43.8219413757
46.5606994629
44.4289054871
42.473613739
41.6627120972
44.1101074219
39.8657150269
38.3984222412
41.5348091125
40.63230896
37.796661377
38.2167243958
36.2527503967
34.5793037415
37.0107421875
37.3903961182
40.0062866211
38.5176773071
34.4111480713
34.2816467285
36.3029212952
33.3438987732
32.1643028259
30.7550354004
31.119020462
31.7558612823
33.4644088745
32.7544631958
32.9269561768
34.7629585266
35.7843055725
35.2046356201
35.2810020447
38.4361114502
38.7143859863
38.6342315674
39.0374832153
41.8826255798
28.0071487427
