31.1665725708
28.0267753601
25.6145343781
24.1019268036
21.1110019684
23.2164859772
20.9380817413
19.9493865967
21.1487903595
16.2066192627
14.5792350769
10.5668506622
8.37391757965
6.57185268402
5.77974462509
5.19421100616
8.07655334473
10.8287067413
14.0377817154
15.7399740219
9.92080020905
6.82944869995
6.91810035706
6.56913948059
10.2999782562
12.3482093811
15.9965047836
19.758846283
22.3970718384
18.7327861786
16.4037494659
14.4112195969
12.3435258865
10.8051338196
11.7303924561
10.7087497711
13.8747520447
12.7386789322
14.0020589828
17.5599002838
19.2788314819
19.9293708801
20.986782074
23.967748642
21.4569301605
18.0569591522
21.8929347992
23.9352378845
19.9556045532
19.2376022339
23.4497318268
23.3618774414
19.2263755798
21.872543335
25.043296814
24.5559043884
21.8596439362
26.6954936981
28.8482284546
25.7671737671
28.7395553589
28.1838779449
26.8861484528
25.7509784698
23.526342392
18.8138561249
21.3844909668
21.1098003387
20.3728733063
19.6230373383
21.4548034668
18.1738204956
20.3171653748
21.5645313263
17.1942443848
14.5710754395
16.5533561707
15.1141004562
15.4039611816
16.190290451
15.9927167892
18.4102420807
13.6952075958
15.9891281128
16.6593666077
16.017824173
15.4144058228
15.8687858582
20.3779220581
17.2592353821
15.5378398895
19.7740936279
22.2744903564
20.7373714447
17.3817062378
19.4133319855
23.5101509094
23.5258598328
28.5258693695
26.5519180298
32.3250045776
33.8896713257
34.324508667
28.9366321564
29.5567646027
33.0049438477
30.3497543335
26.6276054382
29.3333969116
31.9251327515
27.9755344391
26.4900722504
30.1135444641
31.3300075531
27.9309101105
27.9522686005
32.84375
30.1319847107
27.9178333282
31.4307441711
34.1663627625
31.9479904175
32.4089813232
28.1039562225
28.08177948
22.5456352234
24.7572555542
20.075088501
22.8409633636
19.0141525269
19.3267784119
15.7069635391
16.9936847687
19.7684383392
16.3078727722
20.4068527222
20.9378204346
22.3110370636
22.6528835297
26.2022285461
24.3640899658
23.5545730591
21.2002658844
21.5347194672
17.8760814667
16.1052074432
20.4029464722
18.8754825592
20.5544242859
23.4677753448
27.4074745178
30.2540645599
18.4455490112
18.2239761353
19.2757568359
20.0784301758
23.9017524719
24.0972595215
22.8397254944
26.4010028839
30.1192474365
32.8890304565
33.3641548157
29.3923339844
29.8526725769
34.8133850098
31.2602005005
36.3447570801
35.7012214661
34.8234405518
33.1801795959
31.9402580261
28.5581321716
32.170589447
33.0308494568
34.6897277832
29.9192314148
27.9957828522
31.486246109
30.4173030853
26.6223564148
28.8013362885
29.6831169128
27.2509689331
25.6537570953
30.006029129
29.6774597168
24.8161506653
27.4739379883
31.4224319458
30.0276451111
26.9123916626
27.5891513824
24.086145401
27.063533783
29.471496582
28.7266902924
32.3477478027
30.6748981476
29.2032775879
29.2382183075
24.3540287018
29.9375629425
32.5272483826
29.1945667267
29.2694568634
34.877155304
34.9703140259
32.5448684692
34.5517730713
38.5730895996
37.9212913513
39.2757301331
34.4012680054
35.113910675
33.1382217407
35.5451698303
36.329990387
38.1195487976
33.8200569153
35.5783157349
33.5753669739
39.1165313721
37.843296051
37.3678474426
39.080745697
42.3380279541
40.4490814209
36.0728416443
38.5497894287
41.9608154297
36.6062698364
34.4267578125
37.556854248
39.1965293884
34.2273979187
33.7429962158
38.6454200745
37.7490692139
40.9979820251
37.0646705627
40.9368934631
41.6308250427
36.103187561
37.4573097229
36.9807739258
32.6353988647
37.4455947876
39.8140678406
35.2850379944
35.4659385681
39.3362388611
39.0276565552
35.5201301575
37.9156723022
42.190372467
39.0078468323
38.8140144348
42.4476623535
43.4727668762
39.8561019897
41.3625450134
46.013381958
29.2640609741
26.7706813812
23.6857566833
23.6195926666
20.3435153961
23.0276088715
21.8174934387
20.399728775
20.6356449127
15.830198288
14.2573060989
11.1553211212
8.75475978851
6.19623851776
5.77974462509
4.60273551941
7.75831222534
10.2892112732
13.5639381409
16.3482284546
10.9338512421
8.34189033508
5.41847085953
7.00886964798
7.48491334915
10.2347078323
14.1204519272
17.887752533
20.0692653656
15.9362268448
13.0271310806
11.4611797333
9.21803665161
9.41184425354
10.9408159256
11.8466815948
14.9582080841
15.2165079117
17.4168834686
21.1802215576
22.2971973419
22.2952880859
23.325252533
25.8698558807
22.9433021545
19.8648052216
23.0630779266
24.4286212921
20.156003952
19.3044109344
23.2960395813
22.5538730621
17.8801174164
20.5989570618
23.490196228
22.5247383118
19.428358078
24.7435665131
26.3802509308
22.6261024475
25.3421077728
24.0893287659
22.420009613
21.3544464111
19.6489009857
14.8832387924
17.7133274078
18.5676441193
17.5459518433
17.8499698639
20.7030315399
18.3234062195
21.2008857727
22.8037090302
18.9030895233
16.5329055786
17.6829338074
15.1052932739
14.1772432327
14.1406393051
12.7724523544
14.3031663895
9.26365470886
11.1173849106
11.8878211975
11.0534753799
10.6377925873
11.5132980347
16.1727523804
14.2603597641
11.7562437057
15.4485425949
18.5574455261
17.7659740448
14.5956306458
15.8597202301
20.2772083282
19.4004268646
24.5261993408
22.0572738647
27.7348003387
29.4753475189
29.6069335938
24.1462020874
25.1308708191
28.4807243347
25.575843811
22.0315189362
24.9909305573
27.3352336884
23.3366565704
22.3202037811
26.030828476
27.0803890228
24.0129032135
24.428358078
29.1177310944
26.54646492
24.7126312256
28.4241294861
30.9897518158
29.0035438538
29.9687175751
25.5488834381
25.9221191406
20.0356788635
23.3416938782
18.1319694519
19.87799263
16.4093856812
15.8252182007
12.6419095993
13.7349729538
15.6079330444
11.8140573502
15.4888525009
16.0050735474
17.3685092926
17.6814136505
21.1739635468
19.4335174561
18.8791446686
16.6525917053
17.6404018402
14.4483976364
13.7945652008
17.9613323212
17.8060684204
19.5502204895
21.8625049591
25.8730831146
28.5047626495
20.5472278595
18.9927845001
19.2457523346
19.0758857727
22.9596538544
22.4118499756
20.5351448059
25.0726261139
28.4687957764
31.4593658447
31.9319496155
28.3457050323
29.1343650818
34.0567779541
31.0545101166
35.6851844788
35.1902618408
34.5653305054
32.2263183594
30.87059021
27.298324585
30.1148071289
30.4327087402
32.2193603516
27.7405529022
25.3538341522
28.5092105865
28.015253067
23.847574234
25.2622509003
26.5094089508
24.4215087891
22.1299991608
26.3120384216
26.6579647064
21.4712467194
23.4834842682
27.5787258148
26.7130126953
23.5549449921
24.8056259155
21.7160282135
24.9011211395
27.7785415649
27.0291423798
30.9533100128
29.7618942261
28.9785614014
29.2972755432
24.3974475861
30.2229957581
32.3989181519
28.419670105
29.0065689087
34.6062355042
34.1400871277
31.3277072906
33.6544799805
37.9908905029
36.5733451843
38.278591156
32.9333953857
33.1022377014
30.7587528229
33.032081604
33.3579063416
35.1867599487
30.9650173187
32.1288948059
29.7466201782
35.3124885559
33.7125091553
33.3818092346
34.9358062744
38.4730987549
36.4656906128
32.0966758728
35.0204772949
38.2895584106
32.926574707
31.026802063
34.4545707703
36.021987915
31.1386623383
31.0215702057
36.0362701416
35.7736473083
38.9432792664
35.1071739197
38.6479034424
39.0578155518
33.5087127686
34.2399520874
33.7904052734
29.0953731537
33.7350196838
36.1308898926
31.5129165649
31.3032245636
35.1413040161
34.9136161804
31.2119693756
33.424446106
37.7589988708
34.6043930054
34.1625862122
37.7841072083
38.8682518005
35.2304153442
36.5754814148
41.3413391113
29.6895999908
26.7422084808
24.0077209473
23.4631824493
20.8669643402
23.6208667755
22.0492019653
21.3980369568
21.975730896
16.9631137848
16.2783298492
12.5162963867
10.9214134216
8.97357654572
5.194211483
4.60273599625
4.03164720535
6.89768314362
10.3742961884
12.843337059
7.3218164444
5.51288557053
4.53775882721
7.31098508835
10.7972478867
12.9475269318
16.9959087372
19.6831226349
22.4264373779
18.8895378113
16.3284320831
13.8273897171
10.8135318756
9.90794277191
9.27630138397
10.2444705963
12.26861763
12.7571763992
14.7492284775
18.5406360626
19.5595054626
19.4832801819
19.9317798615
22.5406322479
19.3637199402
16.5801696777
20.3745307922
21.5519180298
17.3122940063
17.3202552795
21.3507900238
20.2910919189
16.095199585
19.390329361
22.1757259369
21.2175731659
18.7934589386
24.2101745605
25.6507644653
22.558763504
26.0177001953
24.8264160156
23.775598526
22.2086334229
20.0092220306
15.6181049347
18.9131641388
18.793012619
18.8206214905
18.1393966675
20.1945934296
17.7856693268
20.039270401
22.140586853
18.1738185883
15.2336540222
15.7727985382
14.1697635651
13.4192018509
14.8010616302
13.8473377228
16.2370090485
12.4627389908
13.7791070938
15.3971290588
13.9780921936
12.5883893967
12.3574514389
16.7049732208
13.6755743027
12.9212036133
17.0138263702
19.0277385712
17.5505599976
15.0695781708
17.4332962036
21.2452697754
21.0557193756
26.0460128784
23.6355457306
29.523475647
30.5479755402
31.155878067
25.8815135956
26.0996017456
29.3637256622
26.9151592255
23.0146274567
25.4171447754
28.2318782806
24.3907089233
22.4516544342
26.0444984436
27.5118179321
23.9844207764
23.7647647858
28.8113746643
26.4714336395
23.9528636932
27.280506134
30.2757053375
28.3251953125
28.5354862213
24.2032470703
23.9567604065
18.2970733643
20.6844902039
15.7222900391
18.4443225861
14.6427726746
15.2016649246
11.4877853394
12.6574258804
15.7472257614
12.6629114151
17.3721599579
18.5987434387
20.4939899445
20.3277301788
23.6055774689
21.4189319611
20.042049408
17.929479599
17.5731620789
13.8411483765
12.018907547
16.5968341827
15.2465515137
16.6669425964
19.6293640137
23.6102046967
26.610004425
16.3310165405
15.0241537094
15.6904201508
16.0902633667
20.0386829376
20.1704540253
18.6208076477
22.2878265381
25.903055191
28.773223877
29.1989059448
25.3291721344
25.9828529358
30.9143066406
27.5599594116
32.4608573914
31.9076728821
31.2341003418
29.2650127411
27.9004535675
24.4655532837
27.9085216522
28.7903308868
30.3374595642
25.574836731
23.6344280243
27.0997867584
26.1054992676
22.2438278198
24.51420784
25.411239624
23.0609874725
21.4851741791
25.9103355408
25.8041324615
20.9300880432
23.7208919525
27.7228431702
26.49518013
23.5863761902
24.2534008026
20.5171375275
23.3232460022
25.8130168915
25.5994739532
29.2819423676
27.5824127197
26.6592674255
26.4686260223
21.2278060913
26.9574890137
29.449842453
25.7326927185
25.8136520386
31.4538383484
31.4007759094
28.6593055725
30.7003288269
34.9121360779
34.0094604492
35.587688446
30.6407833099
31.185125351
29.1744022369
31.8562221527
32.4175643921
34.4906692505
30.3539028168
31.92445755
30.2693119049
35.7881507874
34.5070991516
33.7087898254
35.3383750916
38.4715805054
36.4367752075
32.0936889648
34.6019821167
37.8393096924
32.399394989
30.2833881378
33.3258666992
34.8826026917
29.8890991211
29.4803714752
34.336807251
33.5684432983
36.7207183838
32.7873497009
36.60364151
37.2791290283
31.7372684479
33.0976600647
32.6681365967
28.3735523224
33.2813491821
35.5597343445
31.0484790802
31.4418926239
35.2964057922
34.9363555908
31.5540981293
34.1097373962
38.3147239685
35.1851959229
35.2061882019
38.8210105896
39.8701286316
36.4188194275
38.154335022
42.7351875305
26.9647064209
23.8916530609
21.4027404785
21.3803329468
20.0356311798
23.2834281921
22.3658752441
22.7374420166
22.8807945251
18.1734848022
19.290353775
15.882733345
15.7244110107
14.9592962265
10.8287096024
10.2892093658
6.89768314362
4.08050298691
3.83246302605
6.93374443054
4.17878913879
6.55986070633
6.81155729294
10.7726755142
15.0242481232
16.0813941956
20.075296402
20.3544902802
23.5460071564
21.1122093201
19.1114807129
15.5149049759
11.7559604645
10.7507572174
6.5352768898
9.77340984344
8.76274776459
11.6286430359
14.1991271973
17.7574520111
17.5370101929
16.3734931946
15.836274147
17.7164573669
13.8865308762
12.2298545837
15.7244653702
15.7018127441
11.4133386612
12.8974733353
16.3760452271
14.1959896088
10.6898860931
14.8158979416
16.970331192
15.7832269669
14.4599246979
19.9842357635
20.7127246857
18.5735607147
22.9854068756
21.9262866974
21.9512004852
19.8764896393
16.8754386902
13.5738039017
17.2419033051
15.9853515625
17.7903823853
16.1731700897
17.4525852203
16.2732906342
17.915599823
21.1947002411
18.1239280701
14.9356651306
13.1416254044
12.3517780304
10.733795166
13.8520822525
12.956448555
16.0897960663
15.1235122681
15.3266000748
18.6182918549
16.9158878326
14.7711105347
13.3113174438
16.5827655792
14.074131012
15.7741775513
19.008184433
19.8386669159
18.4220314026
18.0070858002
20.78748703
23.772611618
23.3010444641
27.9846038818
24.758562088
30.5125293732
30.3440475464
31.1473274231
26.276227951
25.7586898804
28.1992015839
26.0361652374
22.0975036621
23.3959236145
26.2586727142
22.6976051331
19.7127819061
22.7502250671
24.3912982941
20.282409668
19.3958683014
24.5285758972
22.3136348724
19.0635948181
21.982213974
25.1894397736
23.2721996307
22.6591186523
18.5426311493
17.8391799927
12.7642154694
14.3187093735
10.3296194077
14.1306533813
11.1161155701
13.6615819931
10.06183815
9.37920856476
14.0444889069
12.1472005844
18.0896053314
19.5540275574
22.4731674194
22.1741123199
24.2932891846
21.2464084625
18.7857151031
16.6726341248
14.3679523468
10.1947107315
6.82675743103
11.3100414276
8.78410720825
10.0252037048
13.2306365967
17.1184062958
20.3460884094
12.8196496964
10.4030942917
11.5795078278
12.1091346741
16.204328537
17.3373966217
15.3404865265
17.4788150787
20.8738899231
23.8639068604
23.6344509125
19.6726341248
21.0494365692
25.5878353119
21.6620121002
26.4247074127
25.5392589569
24.6098594666
22.6937351227
21.6709575653
18.1608638763
21.8896503448
23.0763988495
24.8145866394
20.0457630157
18.3459968567
22.4115867615
21.7431468964
18.0609321594
21.0191230774
22.0885677338
20.0938072205
19.0449714661
23.5452957153
24.0586910248
19.660036087
22.7647361755
26.7259502411
25.9223899841
23.7650737762
24.0869598389
19.7265357971
21.5402336121
23.620223999
25.0949630737
28.4608211517
26.2310295105
26.0963954926
24.8437862396
18.7104225159
24.1642150879
26.9280185699
23.0286560059
22.1697940826
27.730884552
28.0840873718
24.7228946686
26.2045440674
30.5728473663
29.9778347015
31.9173793793
27.5715293884
28.1234035492
26.4525413513
30.0988636017
30.2209777832
33.1159095764
29.54829216
30.8107299805
30.2487850189
35.5178184509
34.2629852295
32.6133804321
33.9032859802
36.5709953308
34.0112609863
29.9350299835
32.45885849
34.9502220154
29.1878604889
27.468044281
29.8753051758
30.9218044281
25.8534545898
25.7056503296
29.9861316681
29.1382369995
31.651725769
27.078496933
31.0613422394
32.3785552979
26.7890014648
28.5213508606
27.7005062103
23.9915084839
28.9272899628
31.3992347717
27.2406578064
28.1096591949
32.0293922424
31.8363132477
29.0326786041
31.6003074646
35.8766822815
33.2395820618
33.7197418213
36.9307174683
38.4131088257
35.5980072021
37.7245826721
42.18359375
26.6189689636
23.0189628601
21.1215000153
19.759054184
18.5302734375
21.3230400085
19.7400627136
20.4468193054
21.1726531982
16.4400749207
17.7285175323
14.0183954239
14.4077091217
14.433339119
9.92080020905
10.9338521957
7.32181596756
5.70516633987
4.17878913879
5.45427703857
6.1308760643
4.29418611526
6.90450620651
9.31284236908
15.0707292557
15.6032018661
19.4372177124
19.6320705414
23.1335525513
21.0528087616
19.5041103363
15.6062488556
12.1938457489
9.91941738129
6.02731657028
6.93018388748
6.02623558044
7.94883537292
10.392493248
13.9542770386
13.8874998093
13.0767831802
13.0158777237
15.3685588837
12.2349367142
9.57211780548
13.4669485092
14.5719842911
10.5525846481
11.3687114716
15.2463006973
14.4274368286
11.26927948
14.634970665
17.3334503174
16.9694252014
15.5800619125
20.2677383423
21.9445915222
20.2624168396
24.416557312
24.4132881165
24.5065460205
22.8327293396
19.4106426239
15.7845458984
18.6729946136
16.5231323242
18.1055030823
15.6981534958
16.1833744049
14.1264657974
15.2857437134
18.3077354431
14.9952220917
11.6658678055
10.3211040497
10.3682222366
10.1076784134
13.5536966324
13.837105751
17.6108074188
16.3504867554
17.4110431671
20.476896286
19.3274459839
17.6311283112
16.6170005798
20.2076015472
17.4713611603
18.6393089294
22.1777133942
23.3458175659
21.774263382
20.7721977234
23.5617256165
26.8146896362
26.4881305695
31.3015270233
28.2056159973
33.9882698059
34.061794281
34.7353553772
29.7271900177
29.4600257874
31.9187660217
29.532913208
25.7064914703
27.0994510651
29.7160015106
26.029624939
23.2840385437
26.2155246735
27.5543212891
23.3753261566
22.6356754303
27.5510177612
24.7599925995
21.706193924
24.7739315033
27.6140899658
25.2456741333
24.6833190918
20.7380599976
20.2766685486
15.7580814362
16.6193981171
13.6625404358
17.7609500885
14.8753852844
17.4603691101
13.7507181168
13.0798101425
17.6781005859
15.2866630554
21.211561203
21.9695320129
24.7918777466
25.0270347595
27.1920814514
24.1613006592
22.0264854431
19.4726009369
17.5536842346
13.2966051102
9.74207401276
13.4915437698
10.1300582886
11.950630188
15.0339202881
18.741361618
21.7514228821
12.5350618362
11.6624259949
13.8069925308
15.1215219498
19.0886688232
20.6574764252
18.940114975
20.4440460205
23.9121932983
26.766204834
26.336933136
22.1952800751
23.5330104828
27.9315319061
23.4000263214
28.3947372437
27.1813297272
25.7406291962
24.4717979431
23.8628578186
20.4666042328
24.5726833344
25.8372783661
27.8416557312
23.1087722778
21.5517234802
25.8568572998
25.1942596436
21.6888961792
24.7420463562
25.8516330719
23.8243942261
22.8935813904
27.3887958527
27.7958965302
23.4453105927
26.5679416656
30.5450382233
29.6331443787
27.3755722046
27.6075954437
23.1921844482
25.0100536346
26.8763217926
28.2410106659
31.4864311218
29.0331439972
28.4409770966
27.0357933044
20.9235401154
26.1541538239
29.233751297
25.7788543701
24.5167808533
30.041557312
30.8091526031
27.6568775177
28.8475017548
32.9886131287
32.929889679
34.687210083
30.6861972809
31.5025100708
30.0044612885
33.6706428528
33.9467582703
36.8002738953
33.165763855
34.6023521423
33.9692726135
39.2849617004
38.0341949463
36.4562568665
37.747844696
40.4263916016
37.8359260559
33.7756881714
36.2869377136
38.7441749573
32.9427452087
31.2659225464
33.5699539185
34.5361366272
29.4704971313
29.3022422791
33.4262237549
32.3415374756
34.7191848755
29.8748950958
34.0021362305
35.63879776
30.0750598907
31.9483985901
30.8828525543
27.3489093781
32.138168335
34.8370323181
30.794878006
31.5350875854
35.5301170349
35.4827384949
32.708026886
35.0742988586
39.5184020996
36.9868850708
37.3624610901
40.4663848877
42.116027832
39.303981781
41.3205337524
45.875995636
25.7652683258
22.8917484283
20.1232032776
19.7294425964
17.047121048
19.9666862488
18.8847923279
18.2276363373
18.4283828735
13.5165262222
13.4449586868
10.1286067963
9.41906738281
8.89273738861
6.91809940338
5.41846990585
4.53775882721
5.93415594101
6.81155633926
9.58274173737
12.0800762177
6.90450572968
4.84298229218
5.339179039
8.77108669281
9.99816322327
14.0887060165
15.9307136536
18.8004646301
15.664317131
13.543223381
10.3851575851
7.23415231705
6.19572544098
6.35865306854
7.80168008804
10.3252820969
11.3195180893
14.0882949829
17.8954181671
18.4054813385
17.9668636322
19.0128688812
21.3401107788
18.543888092
15.4153413773
18.297832489
19.6575260162
15.4273557663
14.5190792084
18.5148715973
17.9787635803
13.4063529968
16.1180725098
19.1150360107
18.4651126862
15.5921916962
20.7179660797
22.6195411682
19.467502594
22.642457962
22.224905014
21.284702301
20.1725406647
17.4808177948
12.8018341064
15.5034379959
15.1058759689
14.9961862564
14.2212533951
16.5020656586
14.3133926392
16.9497146606
19.1138095856
15.5116062164
12.8983163834
13.1505041122
10.7772912979
9.84216785431
10.889383316
10.2182559967
13.0923299789
10.229393959
11.8720979691
14.2856311798
13.6481103897
12.8206977844
12.9291734695
17.2780170441
15.641462326
14.7220096588
18.0191421509
20.5684375763
19.7586917877
17.7250232697
19.4157085419
23.4705657959
22.3588867188
27.4438667297
24.2700519562
29.9444503784
30.9977397919
31.0987548828
25.7346458435
26.4340934753
29.1881408691
26.1741828918
22.6427879333
24.9547252655
27.1062679291
23.0764331818
21.5317897797
24.8934631348
25.7707080841
22.1885719299
22.4053668976
27.0612316132
23.9977760315
21.8996372223
25.6967811584
28.0829143524
25.738451004
26.456287384
22.130197525
22.6157493591
17.1285667419
20.0248336792
15.705786705
18.1950492859
15.2471656799
15.974281311
12.5022783279
12.1949853897
15.3008241653
11.5800914764
16.7370052338
16.784154892
19.0845508575
19.8147926331
22.3604106903
19.8270931244
18.679643631
15.8874750137
15.8825778961
12.0651311874
10.4414014816
14.3930263519
13.5913648605
15.8179521561
17.9575710297
21.9436740875
24.4841575623
18.1907138824
16.6175460815
17.5514335632
17.7100982666
21.8146514893
22.0450458527
19.817489624
23.3381500244
26.6446552277
29.7517795563
29.6551094055
25.9270000458
27.2618713379
31.9127788544
28.2426776886
32.8646850586
31.9603061676
30.8697929382
28.7727355957
27.8883514404
24.2061157227
27.2545280457
27.6262149811
29.8632087708
25.4029083252
23.0338878632
26.7982158661
26.7093830109
22.5423316956
24.3535308838
25.9185791016
24.0822925568
22.0004138947
26.3526344299
27.2527065277
22.2044525146
24.4239444733
28.6520195007
28.1167755127
25.3659000397
26.4070835114
22.7541751862
25.3844413757
28.002450943
28.341840744
32.099861145
30.4330806732
29.9496212006
29.5083217621
23.8964748383
29.6069221497
32.140663147
28.1371974945
27.9592227936
33.5886154175
33.5508041382
30.3344535828
32.2123985291
36.6286582947
35.5960922241
37.5166130066
32.6254844666
32.8746376038
30.760515213
33.7548789978
33.7878608704
36.2236251831
32.3048667908
33.2771224976
31.5500240326
37.0505104065
35.3801803589
34.4832458496
35.7651748657
39.0858421326
36.5984306335
32.3650550842
35.4639129639
38.1706161499
32.4367904663
30.9049034119
33.9431991577
35.086971283
30.0738792419
30.2324390411
34.8577346802
34.5366516113
37.1922111511
32.6894264221
36.3961982727
37.4148712158
31.7460899353
32.6598014832
31.7225437164
27.3406963348
31.9355964661
34.7357368469
30.3459720612
30.2350444794
34.2674179077
34.3193321228
30.9410381317
32.9679794312
37.6075248718
34.8805656433
34.6201705933
37.8828582764
39.4840660095
36.2880210876
37.8127746582
42.6495628357
22.9316635132
18.8427619934
17.8203926086
15.3575782776
15.0582542419
17.5641441345
16.1031455994
17.6956291199
18.4841880798
14.4271612167
17.0685405731
14.0491266251
15.8352689743
17.3336257935
13.8747529984
14.9582052231
12.2686157227
11.1221847534
8.76274871826
7.92814779282
6.71602678299
6.02623653412
7.79019832611
10.3252840042
11.1740236282
17.0338497162
16.2184238434
19.4044876099
17.8406486511
21.6701641083
20.8436279297
20.2973937988
15.8419818878
13.0238323212
10.0600347519
6.38752841949
5.85427331924
5.41460847855
8.55002784729
11.4712457657
10.2081298828
8.67982769012
9.68457698822
11.6611251831
9.91495609283
6.31428050995
8.67729949951
10.8623018265
7.52678155899
6.86913776398
10.7535972595
11.7375240326
9.40564727783
11.2386493683
14.288061142
15.0837545395
13.9463644028
17.1096439362
19.8143539429
19.0927276611
22.9572925568
24.5733680725
25.2016201019
24.0791492462
19.8910732269
16.6165714264
18.2444114685
14.5590848923
16.6137084961
12.9669084549
12.053352356
10.0206546783
10.3492517471
13.7911958694
11.3491792679
8.37812519073
5.55417203903
6.89297485352
7.8984837532
12.0341920853
13.773598671
18.2329921722
18.3654308319
19.7429256439
23.2797470093
22.861371994
21.6264591217
20.869764328
24.2974185944
22.4540328979
23.5148391724
26.5945167542
28.0511226654
26.8524875641
26.0810718536
28.5167427063
31.9321022034
31.0668182373
35.9181404114
32.2884864807
37.8329277039
37.811290741
38.0845069885
33.1152992249
33.1613845825
35.0379753113
32.2360610962
28.8301486969
29.9013328552
31.8119029999
28.10754776
25.6114063263
28.0176849365
28.6929969788
24.3956508636
23.92146492
28.1793899536
24.4728870392
21.8072433472
25.0977668762
27.0742912292
24.0542907715
23.683511734
20.1633167267
20.4459609985
17.0737419128
17.4687252045
16.4353694916
20.4840221405
18.7049465179
21.6234741211
18.2319297791
16.3638267517
20.9404563904
18.3903446198
24.4387149811
24.0584163666
27.1954135895
28.2642593384
29.645280838
26.287979126
24.3178253174
21.1820411682
19.2803459167
15.1953783035
11.6583299637
13.5758886337
9.88709831238
12.7514896393
14.5742416382
17.798740387
20.0729942322
15.4149599075
15.1310930252
17.8094959259
19.2211380005
23.0099048615
24.9839630127
22.8887691498
23.5305690765
26.5582427979
29.4500904083
28.2653484344
24.2834072113
26.3248023987
30.1112041473
24.888420105
29.5314674377
27.6643295288
25.3462295532
24.5533981323
24.885345459
21.4990062714
25.4052963257
26.3166751862
29.1380786896
24.8710803986
23.1908397675
27.9156742096
28.1103305817
24.6527576447
27.4716434479
29.1190338135
27.6032619476
26.5172214508
30.8393669128
32.0446281433
27.782907486
30.5110263824
34.5717163086
34.1827354431
32.1383285522
32.5236549377
28.1086502075
29.6082267761
31.3366222382
33.3142814636
36.4578933716
33.8526496887
33.4844169617
31.664150238
25.3527545929
30.1738395691
33.4349479675
30.0606994629
28.222202301
33.5166740417
34.620552063
31.152173996
31.8572750092
35.9517974854
36.2083930969
38.1798858643
34.6532783508
35.3803863525
34.0084762573
38.0633773804
37.9344749451
41.1767425537
37.8143692017
38.8395195007
38.342880249
43.5743713379
42.061882019
40.2846488953
41.225944519
43.9079551697
40.8548240662
37.0200881958
39.9317016602
41.7434425354
35.699924469
34.6304664612
36.6680374146
37.1017303467
32.1145935059
32.4541282654
36.0527000427
35.1789131165
36.8248977661
31.2109870911
35.2989196777
37.6199264526
32.0836334229
33.7389564514
31.9732456207
28.7926082611
33.0820045471
36.3789100647
32.7169837952
33.0908584595
37.2069091797
37.6355018616
35.1047821045
36.8784751892
41.7157363892
39.7375259399
39.9489936829
42.5489654541
44.8310394287
42.4118118286
44.2747192383
49.0032730103
16.3843517303
12.3754072189
12.9599056244
11.5305604935
14.2171993256
16.7616653442
17.7003898621
20.2637729645
19.6727256775
17.8458824158
22.2166004181
20.9981861115
23.611333847
25.798330307
23.4497261047
23.296037674
21.3507919312
19.7171268463
16.3760433197
13.7959403992
12.282497406
15.2463026047
17.4365005493
18.5148696899
19.644487381
23.6467456818
21.6745319366
23.8156490326
18.9125118256
22.4288387299
23.7179222107
24.325843811
19.7698726654
17.7941875458
16.0877990723
12.9800319672
14.3030414581
10.7535963058
14.2423505783
16.9414520264
18.2779064178
15.1955728531
11.9815607071
12.7378902435
11.6076288223
11.617852211
10.6885204315
6.81466245651
6.67872095108
6.87777709961
5.29982089996
6.50223827362
8.08062839508
6.15581274033
7.26312828064
10.0635595322
10.9562911987
10.2350473404
13.3497867584
15.2306079865
18.6686134338
22.3061256409
24.2862091064
23.7591495514
18.9193706512
17.8092861176
17.7288627625
12.33826828
16.1347541809
11.8014535904
8.57808113098
10.8982505798
9.92040729523
14.3552942276
15.3710031509
14.2990379333
9.36599445343
10.5131978989
10.3703584671
13.9217424393
16.0545120239
20.0964412689
23.2908344269
23.8760528564
28.3315544128
28.3484115601
27.2980136871
26.4098892212
28.7678260803
28.6941795349
30.3470726013
32.1942062378
33.4472732544
33.0399932861
33.4927062988
35.4187202454
38.5493965149
36.6985359192
41.2136497498
36.5794754028
41.3780021667
40.6200027466
40.3719100952
36.0167388916
36.1403999329
36.6359405518
33.6079368591
31.0997657776
31.1074333191
31.8164234161
28.6515712738
26.3440742493
27.3960838318
27.0698490143
22.924041748
22.688167572
25.2876148224
20.7327232361
18.813117981
21.7923660278
22.077583313
18.4079475403
18.1443405151
16.054977417
17.677740097
17.1608009338
16.967338562
19.1898803711
22.2922153473
22.7980060577
26.1172218323
23.7794113159
20.2110671997
24.2054958344
22.5132675171
28.2029037476
26.8257331848
30.5565357208
32.2389678955
31.8893470764
28.0197658539
25.9205646515
22.6864547729
20.2076568604
17.4281024933
14.8912315369
13.1237916946
10.797246933
13.8026075363
12.3555488586
13.6890439987
13.9170465469
22.274055481
21.0526390076
23.4035739899
24.1616744995
27.3622589111
29.5475196838
26.6931934357
26.1170787811
27.8475341797
30.7522201538
28.2588500977
25.220916748
28.621011734
31.0318069458
25.5869083405
28.7083415985
25.9750328064
22.604719162
21.9064426422
23.8279438019
20.6970920563
23.1980514526
23.140203476
27.2533512115
24.4026203156
22.5809841156
27.4597301483
29.4217758179
26.2919788361
28.3927783966
30.8814182281
30.5538330078
29.304681778
32.9145202637
35.7078285217
31.9694576263
33.8533172607
37.7496261597
38.4952697754
37.1666717529
37.8235206604
33.5962600708
34.3060798645
35.8492012024
39.1747970581
42.1210289001
39.5226173401
40.2030830383
37.7817001343
31.2623615265
35.4013023376
38.4934577942
34.8312950134
32.430065155
37.0733718872
38.2636032104
34.0266876221
34.041519165
38.1778678894
38.3445854187
40.9506835938
38.1259765625
38.3280601501
37.1280555725
41.8382415771
40.7033805847
44.7287864685
42.1797332764
42.1693458557
42.2552146912
47.0149993896
45.0952606201
42.7519874573
42.91664505
45.3557052612
41.467918396
38.3292732239
41.8485412598
42.2001609802
35.9933509827
36.2068328857
37.5841293335
36.9167747498
32.4151420593
33.8062934875
36.1956520081
36.0862808228
36.1984634399
29.5202655792
33.0783424377
36.444278717
31.284702301
32.2579612732
29.3249340057
27.1566944122
30.175775528
34.2921905518
31.6413612366
31.5321121216
35.5302009583
36.7624816895
35.0171585083
35.7472991943
40.9025230408
40.1150474548
40.2601013184
41.762348175
45.0839920044
43.6877288818
45.4291534424
50.1465072632
18.2185955048
15.4260149002
13.4381895065
14.8704500198
15.40675354
19.0526313782
20.0909576416
21.373878479
20.3088340759
17.2277374268
20.6011772156
18.9264354706
20.4931716919
21.5480194092
19.2263793945
17.8801193237
16.095199585
14.1259651184
10.6898899078
8.26998233795
9.11857414246
11.2692832947
13.6512041092
13.4063529968
16.0878868103
19.1210823059
18.1438522339
21.0542564392
17.5638923645
20.8028621674
20.6085739136
20.1265621185
15.819890976
12.9289512634
12.4426441193
8.37954711914
12.3991584778
9.40564632416
14.1830873489
17.5780830383
20.2286186218
18.142698288
15.4069633484
15.4403429031
15.3500080109
12.8168716431
11.9241638184
11.3168373108
9.8449716568
6.6359910965
7.00125217438
8.08062839508
5.61712789536
5.37168693542
6.58706760406
6.41936588287
6.23344373703
10.2209863663
11.2206459045
10.8604316711
15.5030975342
16.8421897888
18.405380249
17.1837215424
12.6144371033
11.2825012207
12.8401727676
9.16903305054
13.1968755722
10.4551868439
10.6587667465
12.5485239029
13.8160219193
18.085395813
17.3919715881
15.3767433167
11.0961008072
9.98035430908
7.1026134491
10.856546402
10.983704567
14.611620903
17.7226524353
17.4710483551
22.1356773376
21.5559978485
20.1473922729
19.0058841705
21.153503418
21.4328155518
23.2164936066
24.7819194794
25.8896255493
25.6987895966
26.450674057
28.2385482788
31.186498642
29.2196598053
33.6356239319
29.005027771
33.8702430725
33.0949897766
33.0029754639
28.6167564392
28.5824241638
29.3228759766
26.4447097778
23.6592788696
23.8480033875
25.0166530609
21.7163448334
19.1776218414
20.7215766907
20.9077911377
16.5797653198
16.3052616119
19.7846546173
15.874458313
13.3298120499
16.811964035
18.1555862427
15.123134613
15.0644025803
11.5778646469
12.9866275787
10.5873279572
12.2534313202
12.5620136261
15.1910820007
15.6099624634
18.5755577087
16.4524593353
12.6871910095
16.6048603058
15.1677236557
20.9115219116
20.361907959
24.1707458496
25.1924819946
25.0898303986
21.2151966095
18.7520980835
15.8514604568
12.9436588287
9.88505077362
7.56208992004
6.29240083694
5.23633956909
8.69051074982
7.58170795441
10.5876836777
12.0599451065
19.4649600983
16.7839927673
18.1776199341
18.0930042267
21.5397815704
23.003326416
19.83061409
20.4892234802
22.3897342682
25.6181583405
23.6985931396
20.6411132812
23.9053726196
26.9739246368
22.4415664673
25.7489814758
23.7724342346
21.5735912323
19.4498100281
20.2552051544
16.5643749237
18.7557163239
18.5807933807
22.3119468689
18.974905014
16.5806655884
21.3306522369
23.1958961487
19.5399589539
21.4112586975
23.9228858948
23.528131485
21.9011192322
25.6354217529
28.4593486786
24.4899654388
26.2665729523
30.2333202362
31.0104656219
29.6231651306
30.4693164825
26.4576282501
27.390378952
29.3298587799
32.3489685059
35.5351524353
33.3370361328
34.3149757385
32.3710212708
25.9362850189
30.6071643829
33.2906837463
29.0672130585
27.4382019043
32.3661155701
32.8690719604
28.502243042
29.1895313263
33.7301368713
33.0174980164
35.7623214722
32.139175415
32.015625
30.4418048859
34.8891067505
33.7082443237
37.5646095276
34.8958053589
34.7764472961
34.6577453613
39.4724884033
37.5517845154
35.3366966248
35.648525238
38.2652206421
34.5698623657
31.1898117065
34.7641639709
35.5224685669
29.2936534882
29.254940033
31.064043045
30.7610435486
26.0432491302
27.3810253143
30.3838100433
30.5857772827
31.3313083649
25.2022743225
28.7225780487
31.2887554169
25.8115253448
26.5425662994
24.1497898102
21.1266307831
24.8090229034
28.5974903107
25.3577785492
25.3406162262
29.437417984
30.3396644592
28.212802887
29.4010906219
34.4320831299
33.1798286438
33.3640480042
35.3306274414
38.2225532532
36.5089950562
38.3586387634
43.0446662903
30.150308609
29.3547763824
25.1669712067
28.0259284973
24.5824432373
27.8320884705
28.4237804413
26.331319809
24.9797668457
21.3070259094
19.7748985291
18.7627124786
16.4608802795
13.8832988739
16.017824173
11.0534744263
13.9780921936
15.4007635117
16.91588974
19.3204059601
23.1386489868
19.3274459839
17.8691310883
13.6481113434
16.0175685883
11.3101663589
14.2048826218
16.689491272
20.1479511261
20.6065120697
16.0437412262
12.4008226395
13.4715576172
12.4108028412
15.6553926468
17.4574222565
20.4207134247
22.8613700867
24.6075973511
27.4729766846
31.2885131836
31.7844543457
31.0417118073
31.8532238007
33.6937980652
30.2538356781
27.9640331268
30.1741313934
30.290304184
26.0055580139
25.2349472046
28.3484134674
26.3647174835
21.5559997559
23.9907398224
25.8231430054
23.8517589569
20.5122261047
26.0768928528
26.1814155579
21.1785488129
22.7285499573
19.1760082245
16.1982822418
15.4299345016
16.2768688202
12.8922233582
15.7039937973
19.5610542297
17.929693222
20.7450408936
25.1042022705
24.5173034668
28.1414089203
30.0101146698
27.0584144592
25.2534923553
25.3855628967
21.6682529449
19.0818881989
17.4092006683
13.8753099442
11.7449359894
8.02904891968
5.86192464828
4.51252126694
3.99096393585
7.11799049377
10.2834205627
12.6503610611
8.32515048981
7.89844036102
12.9992733002
14.7241954803
12.6197471619
10.6928720474
15.1158952713
11.5090608597
16.4230499268
12.9406557083
17.9078903198
20.5656528473
19.7836933136
14.2343816757
16.6345806122
19.8569450378
16.4446296692
13.800611496
17.7371940613
19.3022098541
15.5430498123
16.4933757782
20.207775116
20.8616256714
19.3942508698
20.8691539764
24.5501308441
23.0009708405
22.4280490875
26.0373497009
28.1179103851
27.1133098602
29.1574840546
24.9398708344
25.9929351807
20.1248817444
25.220287323
19.5414409637
18.2730236053
16.2534732819
12.9739522934
12.5226125717
13.2656488419
11.1465902328
8.16060352325
6.50523233414
7.70262289047
7.70874023438
6.96820402145
11.0354604721
10.6698389053
11.6288900375
11.0621900558
14.366642952
13.8103189468
16.2358360291
19.0083446503
21.7389850616
23.009885788
23.9373588562
27.5378475189
29.5464324951
28.1270141602
24.8627147675
23.5712299347
21.6269664764
24.8168411255
22.5290260315
19.8472766876
26.1134738922
28.4950809479
31.5880088806
32.2879104614
29.884305954
30.97838974
35.5304222107
34.1257324219
37.5594482422
37.5831108093
37.7143478394
34.106262207
32.3923797607
28.868391037
29.6666202545
28.7779006958
30.4196033478
26.9951705933
23.8898200989
25.5449085236
26.2044353485
21.7364997864
20.810962677
22.6521759033
21.5654239655
17.7300453186
20.7385253906
22.5103969574
17.2026081085
16.8217487335
20.8068828583
21.3328208923
18.2491455078
21.0014801025
19.7832221985
23.1580371857
26.8333492279
25.6689529419
29.9108810425
30.0636119843
30.6221370697
31.7457904816
27.6400432587
33.3330307007
34.409286499
29.5435810089
31.3756771088
36.495929718
34.7650146484
31.5796051025
34.5643234253
39.192325592
36.1311340332
38.3549766541
32.2058181763
31.1318721771
28.0467472076
29.4432640076
28.7775268555
30.2557849884
26.3966197968
26.0296440125
22.4004096985
27.7390537262
25.3440666199
25.7743835449
26.9716358185
31.228685379
29.2869625092
25.0947742462
28.913734436
31.9753417969
27.1139717102
25.8573513031
29.9832515717
31.5160865784
27.2708568573
27.8924999237
32.9823303223
34.1753768921
37.2383651733
34.1965789795
36.7143707275
36.1451339722
30.9867477417
30.1250648499
30.0658512115
24.7629070282
28.6316165924
30.6708889008
25.9947528839
24.7499084473
28.1337242126
27.9294605255
23.7194309235
25.4575004578
29.5436859131
26.3032054901
25.079366684
28.8062133789
29.6644649506
25.7851085663
26.536989212
31.4826049805
21.4142780304
20.9079227448
18.3604221344
23.034116745
24.0528011322
27.9204826355
30.1737194061
31.1836566925
29.1342086792
26.8069171906
29.9886722565
28.8720989227
29.8762760162
30.1022167206
28.1039543152
25.5488853455
24.203245163
21.7154979706
18.5426292419
15.9821586609
17.3889274597
20.7380542755
23.4201164246
22.1301994324
25.7016773224
26.8988380432
26.4454250336
29.0565280914
25.1116943359
27.2932186127
27.2649765015
26.5232028961
23.2414588928
20.6952114105
21.9020824432
18.302116394
23.1691741943
20.1633148193
25.137008667
28.394613266
30.9692630768
28.6519317627
25.5782356262
24.5372714996
23.4234275818
20.367181778
21.5279426575
20.4796276093
16.6575984955
15.2522382736
17.103521347
16.0549812317
10.8780908585
11.5778617859
12.9865980148
10.1760730743
6.98366212845
10.0110940933
12.8373537064
7.99317407608
8.9478931427
13.8530435562
12.4590568542
15.6885223389
13.6742191315
10.534942627
13.8452453613
15.6577148438
14.5199289322
18.9294910431
18.2453632355
19.2585144043
22.7531337738
24.0699310303
28.3402576447
28.2810764313
26.4544048309
21.9771671295
20.6502685547
17.0848388672
19.1808624268
17.5302848816
18.5595550537
23.4758911133
21.3246917725
26.1529121399
24.9398670197
23.1017436981
21.2994670868
20.9150257111
23.2257537842
26.2385749817
25.9941673279
25.719575882
26.4553127289
29.2827091217
30.570941925
32.2127113342
29.629360199
32.8364295959
27.6661663055
31.1903419495
28.8435001373
28.7888240814
25.9593029022
25.0522460938
24.0208740234
22.0958995819
20.3122653961
18.4931049347
19.0011672974
17.3050041199
14.134683609
13.4779787064
13.6826086044
9.7833776474
8.66744613647
10.2719869614
8.50390529633
5.00294876099
6.3800239563
7.70526027679
6.5801897049
4.94232225418
5.391040802
7.82055187225
10.036272049
12.6855173111
12.1330652237
15.8839521408
18.5384731293
18.7458114624
14.4172353745
16.1014251709
17.5768203735
21.3935680389
21.8302097321
25.7567100525
25.7845058441
23.9934463501
20.0833187103
16.7315101624
15.8581085205
11.2447252274
11.8884525299
12.4352273941
8.33474063873
11.3605918884
11.3113307953
7.09140539169
6.44500637054
6.22736692429
25.4774513245
21.2246704102
20.9454479218
19.3354473114
21.2231636047
21.9893436432
18.2926979065
18.1609191895
17.8357505798
20.9390220642
18.175201416
17.2297725677
21.5368499756
23.056180954
20.4611206055
21.2303638458
19.6515636444
18.5524997711
14.4925937653
15.486281395
12.4232912064
10.6873064041
8.4857673645
13.3721656799
12.341340065
9.54670810699
13.3633928299
17.5867443085
14.7998886108
15.2518730164
18.3633785248
19.749042511
18.2827186584
20.3824443817
24.8823699951
22.392791748
22.981760025
26.04870224
28.1047306061
28.0154571533
28.9964084625
25.8360347748
25.5273399353
27.1887493134
31.5408840179
34.2594184875
32.5892181396
35.1430091858
33.0313987732
27.3011302948
30.9593238831
32.6836242676
28.0022087097
26.6819438934
30.4619255066
30.217294693
25.1666240692
25.6251754761
30.2390193939
28.3713989258
31.9068241119
28.6946811676
27.541809082
26.0779075623
30.8417739868
28.3971309662
32.9494819641
31.5869045258
30.1463832855
31.1457195282
34.8908996582
32.8539886475
29.8312988281
29.2957668304
31.2382774353
26.8747444153
24.5318412781
28.3471069336
27.469871521
21.4129047394
22.8349380493
23.7527275085
22.2976970673
18.4398136139
21.0658607483
22.6493453979
24.2382793427
23.554441452
17.251329422
19.5757656097
22.3880443573
17.4994602203
16.9949455261
13.7604408264
11.9236392975
14.4743299484
18.5615921021
16.4201049805
16.6637516022
20.2705955505
21.5793094635
20.70652771
21.4337272644
26.0275268555
25.877986908
26.5788631439
27.5916996002
30.931936264
30.4703941345
32.6099739075
36.6942977905
27.2596702576
25.6934623718
22.099489212
25.0133075714
23.5742759705
27.4758796692
28.0796546936
27.84897995
26.7043094635
22.6182880402
23.6189060211
21.3663425446
20.6636924744
19.1159954071
16.993686676
13.7349710464
12.6574258804
10.5496330261
9.37920761108
9.71751976013
13.647480011
13.0798101425
14.6304216385
12.1949834824
16.7194595337
17.3321456909
18.830411911
22.4336166382
22.3566837311
24.536031723
21.8579139709
19.3537464142
16.9011325836
13.4824428558
15.1808214188
12.2780847549
17.2390975952
16.363822937
20.1485290527
23.1527729034
26.7145881653
26.0867061615
24.3259887695
23.5728340149
24.5395927429
20.3032150269
19.8108329773
21.9753112793
20.2967472076
16.3089237213
17.9424495697
20.2110710144
16.114610672
12.6871929169
16.7426261902
17.409942627
14.6049318314
13.4503593445
19.7900791168
18.3017997742
15.003068924
19.3219089508
15.5517063141
15.3665466309
12.3517637253
11.0361356735
9.68459606171
14.5118532181
15.7431020737
17.7377700806
18.1384353638
20.8903675079
21.5254192352
23.9537715912
27.4767684937
25.132101059
22.4564743042
20.0774650574
17.9300117493
14.4931716919
16.0599517822
12.9471187592
13.5970964432
14.439994812
12.0942621231
15.8537397385
13.2656488419
10.4574041367
8.03102493286
9.18311309814
9.87209415436
12.4682703018
13.4518709183
13.6146402359
13.706205368
15.4013814926
17.0987949371
19.268951416
17.5097103119
21.6149921417
17.4313869476
22.6915912628
21.8587627411
22.5704574585
18.1594161987
17.289686203
19.1921863556
17.2627792358
13.3410491943
14.2759456635
17.3566360474
14.1332950592
10.7589216232
14.0315217972
16.1696548462
12.5492420197
11.745218277
17.0041618347
16.26861763
13.1650114059
15.8245182037
19.4005432129
18.7334461212
18.6131381989
14.4172363281
13.9012308121
7.91186141968
12.3335781097
6.79863071442
6.86658477783
5.49932384491
6.41824579239
5.25905656815
5.55535554886
6.5515537262
11.3180036545
14.2889041901
17.4649047852
16.0549793243
17.2555923462
14.094080925
10.7072935104
10.1105899811
6.91651535034
4.79978990555
6.00317525864
9.00047588348
10.7382183075
10.7533922195
12.0756597519
15.5622882843
18.4279823303
19.0083293915
14.4960546494
13.1326856613
10.9028215408
14.2879018784
13.538479805
10.0437374115
14.3907184601
16.6903953552
20.0488414764
20.0198688507
17.3086204529
19.1960220337
23.4195365906
21.4154682159
24.7505226135
24.5482616425
24.679233551
21.1024265289
19.4507255554
15.9064445496
17.3416595459
17.4985294342
18.9560527802
14.8465871811
12.1840648651
15.182258606
15.6334371567
11.1141414642
12.5909385681
14.3221464157
13.2090492249
10.8111658096
15.0693979263
17.1132564545
12.4980020523
14.4957561493
18.5885391235
18.9378147125
17.2756443024
18.4016208649
14.9301557541
16.5494041443
19.4125518799
21.3070888519
24.9538536072
23.7137336731
25.1451244354
24.4184761047
18.937166214
24.2346744537
25.8677043915
20.8346843719
21.1944980621
26.3042163849
25.3717422485
21.2932548523
23.4758529663
28.3334369659
26.0200252533
28.6609783173
23.485124588
22.8224468231
20.4676818848
23.999710083
23.0982532501
26.2788944244
23.1682376862
23.1959114075
22.615070343
27.654706955
25.9954204559
24.1526031494
25.111661911
28.0064544678
25.1748638153
21.1360397339
24.3414669037
26.4887943268
20.6496963501
19.4147586823
22.2737083435
23.2129592896
18.266828537
18.8422622681
23.3591957092
23.8488426208
26.2617073059
22.2905292511
25.4490718842
25.9332504272
20.3703937531
20.9173126221
20.4825897217
16.0449180603
21.0241107941
23.1794567108
18.7336215973
19.4203243256
23.2091159821
22.9105682373
19.9179210663
22.6516838074
26.7564277649
24.0972557068
24.5894031525
27.8663101196
29.2644824982
26.6116371155
28.8485393524
33.2347564697
28.4581375122
28.8664512634
24.4017734528
28.6570587158
25.2208862305
28.3986930847
30.1664638519
27.7506923676
25.4480857849
23.0143508911
21.8336429596
22.2784461975
20.6463546753
19.1924991608
22.3110427856
17.3685073853
20.4939880371
21.733625412
22.4731636047
24.1852664948
27.9207668304
24.7918739319
23.454000473
19.0845546722
20.9436435699
14.937251091
16.5244464874
17.5629863739
19.9460372925
19.0968494415
15.248216629
12.5073957443
14.8501739502
15.2045993805
19.1150283813
21.6053161621
24.7482223511
27.1954116821
29.2910251617
32.5302276611
36.2187995911
36.2929039001
35.2177238464
36.4198150635
37.8375091553
34.7210617065
32.4457015991
33.6014022827
33.5276451111
29.5721931458
28.1047878265
30.556520462
28.8246898651
24.1707515717
25.5042629242
26.8692245483
24.9754447937
21.3891372681
25.9395275116
25.8272895813
20.4447479248
20.3176670074
16.7480735779
12.9419622421
13.7218904495
15.7438240051
13.6679649353
14.580537796
19.7051525116
17.3244457245
21.4158592224
26.3048820496
26.6594200134
30.5850715637
32.2321624756
30.1283054352
29.0071372986
28.8785438538
24.5713806152
21.7063293457
18.8427448273
15.1998004913
11.2297554016
10.4511537552
7.91209506989
6.59046316147
7.70874023438
10.3888978958
12.9293775558
14.2402076721
18.7418365479
15.0635757446
12.5282144547
17.4502677917
20.3191928864
19.1855716705
16.2943630219
19.9171047211
14.8848676682
18.5659236908
14.1586151123
17.0123634338
20.2178249359
17.8508663177
12.8257102966
16.9878559113
18.8064804077
14.1921920776
13.7079439163
17.5386295319
16.9887046814
13.490489006
16.768415451
19.598531723
18.8310127258
18.6953868866
21.348400116
23.4464378357
21.5730247498
22.577173233
26.3962612152
27.1874790192
26.2749538422
29.5056915283
25.7567157745
27.8905563354
22.8158550262
28.5620002747
23.7615013123
21.3768939972
20.89453125
17.6183242798
18.1580963135
17.4649009705
14.2434778214
11.7427530289
7.92470550537
4.90616846085
5.73405456543
6.36025810242
7.46321153641
10.8704710007
10.4625549316
15.6285686493
16.6035270691
20.0387687683
21.2206802368
25.2978591919
26.8784313202
26.5455818176
29.6570682526
30.7401790619
34.4086380005
30.8056812286
29.5006446838
27.1917495728
30.1777553558
27.7077026367
24.4717483521
30.6027698517
32.2661819458
35.4616279602
35.7034797668
33.9370346069
35.6681213379
39.6961936951
38.5448684692
41.2450523376
41.1117362976
41.1053886414
37.0773277283
35.7670059204
32.1999359131
31.8007545471
29.8375091553
32.1121788025
29.6863937378
26.0767402649
27.23072052
29.3248767853
24.817401886
22.3608570099
25.1282272339
25.1268825531
20.5779666901
22.5052566528
25.9248561859
21.0373973846
18.9124622345
22.5398788452
24.5452136993
22.0654850006
25.443157196
25.0048904419
27.9636592865
31.7287731171
31.0091876984
35.1738853455
35.7113456726
36.9131507874
37.9883384705
33.8447914124
39.3781280518
40.2169914246
35.04845047
36.8985328674
41.7639389038
39.7391624451
36.1370506287
39.0613136292
43.8295669556
40.2128372192
42.8602600098
36.7174110413
34.9971733093
31.7172145844
33.0105400085
31.4091186523
33.0348930359
29.8168525696
28.1245441437
24.0936717987
28.7613563538
25.5417156219
26.3121490479
26.6986255646
31.3998203278
28.9959926605
25.3724727631
30.1899986267
32.2783699036
27.6122779846
27.5545940399
31.725019455
32.6522369385
28.9620132446
30.53058815
35.0921325684
37.3081283569
39.6881980896
36.4823226929
38.3315124512
37.737121582
32.8452835083
30.7388439178
30.2348499298
24.8483181
27.4999103546
29.9605941772
25.7179088593
23.0842494965
26.2204837799
26.6967754364
22.427482605
22.7410316467
27.1864948273
24.7203502655
22.4471969604
25.4377555847
27.0458164215
23.6005096436
23.37084198
28.7215900421
32.1022377014
32.2545394897
27.743024826
31.9828014374
28.8002185822
32.2084388733
33.58934021
31.4435482025
29.4611644745
26.4330863953
25.2357654572
24.8546733856
22.808052063
20.4425888062
22.6528892517
17.6814155579
20.3277282715
21.1715564728
22.1741085052
23.9987030029
27.9571704865
25.0270404816
24.0689430237
19.8147926331
22.4257507324
17.278717041
19.6612739563
21.429561615
24.0353412628
23.7408256531
19.7064399719
16.5114383698
18.1898269653
17.5620079041
21.2708435059
22.7357273102
26.3191566467
28.2642650604
30.6006298065
33.6757316589
37.4818153381
37.6592102051
36.5617980957
37.1710395813
38.6216926575
34.9971656799
33.1924285889
34.9318885803
34.3701324463
30.2870483398
29.71900177
32.2389793396
29.634431839
25.1924819946
27.3731136322
28.4530220032
26.0372257233
23.0146045685
28.2768802643
27.338809967
22.1147594452
22.8923015594
17.9027862549
14.4195098877
13.8430137634
16.6280078888
15.1115264893
17.4406528473
22.3356304169
20.8719367981
24.4566326141
29.1133441925
29.4312057495
33.1509933472
35.20860672
32.7543106079
31.1160812378
30.7060775757
26.7985572815
23.6880493164
21.7128925323
17.7527999878
14.2415046692
13.0164175034
9.74681568146
8.46579265594
6.96820497513
8.36720085144
10.3404779434
10.5356988907
15.312661171
11.9001150131
8.25497245789
12.846118927
16.07654953
15.4905605316
12.3092813492
15.2356872559
9.98021793365
13.4927282333
9.12710094452
12.5165872574
15.6664543152
13.952381134
8.63197898865
12.4621696472
15.0622310638
11.3503808975
10.1840639114
14.4056682587
15.0399045944
12.0031251907
14.6517324448
17.7927207947
18.1020431519
18.1019649506
20.1370372772
22.7030658722
22.1726436615
22.4634666443
25.5870018005
27.2339076996
27.033454895
29.5308685303
25.7845077515
27.1078491211
21.9013996124
27.4494342804
22.1271896362
19.2687568665
18.5334949493
14.5229520798
15.827009201
16.054983139
12.0648450851
10.9356193542
5.55748128891
7.19567728043
5.73405647278
5.74893093109
7.49071884155
9.71765232086
11.1893024445
15.0941925049
16.379108429
19.8696022034
21.52302742
25.3919334412
26.272397995
26.4146938324
29.4863681793
31.0330944061
33.1109466553
29.2010746002
27.3080024719
24.6679992676
27.2035369873
24.2164154053
21.3261528015
27.8506546021
29.4282283783
32.399471283
33.1461334229
31.5971508026
32.8573913574
36.9246864319
36.4789123535
39.0581054688
39.368270874
39.930355072
35.7428207397
33.9140548706
30.6295146942
30.1596069336
28.5723648071
30.0058021545
27.5122203827
24.2245979309
24.7254009247
26.1717510223
21.942073822
19.4273700714
21.5747280121
21.3955287933
16.9575252533
18.5994606018
21.4541091919
16.7971668243
14.4497852325
17.8425235748
19.6309108734
17.1342830658
20.6478691101
20.7580852509
23.7430419922
27.5689926147
26.4600467682
30.569984436
31.4582557678
32.8540649414
34.2380371094
30.6788139343
35.9904747009
36.4412193298
31.2954692841
33.6362457275
38.2485046387
35.8819084167
32.5647201538
35.7424964905
40.3694000244
36.4449920654
38.9474182129
32.6380996704
30.808599472
27.4488735199
28.2784099579
26.8445987701
28.1180286407
24.8570518494
23.2467594147
19.0295066833
23.7952976227
20.7778205872
21.6937713623
22.4349193573
27.091211319
25.1757774353
21.3776760101
25.7714996338
28.4149036407
24.1349334717
23.5454216003
27.8764591217
29.2416000366
25.7109470367
26.8735084534
31.6528720856
33.7827758789
36.5783004761
34.1361465454
35.8762168884
34.7161407471
30.07305336
28.1516456604
28.3596858978
23.0294418335
26.0383453369
27.6899433136
23.2574424744
21.303483963
24.1131248474
23.9398784637
19.57447052
20.8179721832
24.5307826996
21.3796977997
19.5370826721
23.2338638306
23.929725647
20.0164833069
20.2804603577
25.3388824463
23.7197475433
23.2435512543
19.2306842804
23.9100131989
22.7149791718
26.8116760254
28.6041793823
28.2544651031
26.2138328552
23.0354213715
24.586807251
23.42420578
23.2118587494
22.3659248352
21.5347156525
17.6404075623
17.5731601715
16.0185413361
14.3679523468
13.9225273132
17.4201126099
17.5536823273
18.8635349274
15.8825740814
19.863571167
19.0073013306
19.6869621277
22.5664863586
21.1300964355
22.6889915466
20.7799396515
18.8435497284
16.7387943268
14.1479549408
16.7938556671
14.8695306778
20.077583313
19.2803421021
23.4808502197
26.9391784668
30.3764915466
29.2407894135
27.0482978821
26.7585010529
27.1304588318
23.3987159729
22.9232578278
23.6689758301
21.6081829071
18.1413536072
18.8771896362
20.207654953
16.1441116333
12.9436607361
15.638800621
15.4497642517
12.3174467087
10.9523744583
16.7077655792
14.3226671219
10.2807235718
14.0036783218
9.36674404144
9.56165981293
6.48482179642
5.51805400848
6.69686603546
10.8030309677
13.1570672989
15.3495759964
16.7191314697
20.050825119
21.9732036591
24.7269191742
28.2602920532
26.7993183136
24.7465991974
21.9493675232
19.0592365265
15.0422019958
15.4842662811
11.9109697342
11.1900949478
14.7440166473
11.6013231277
16.0036849976
14.3666448593
12.6138343811
11.2247285843
11.0982322693
14.7152709961
16.3278465271
15.542096138
16.3551330566
17.8469734192
19.9173240662
20.3409442902
22.4838790894
19.282245636
22.9091777802
17.635931015
21.7646331787
20.7364311218
20.3988571167
16.4372692108
16.379240036
16.7398166656
13.8716840744
11.2437295914
11.4658727646
12.821480751
9.49760341644
7.06433343887
9.45823574066
10.3759155273
6.79242897034
7.59984922409
11.7092790604
10.4847784042
8.55572128296
12.1278190613
14.4340343475
13.9227428436
15.1870641708
11.24472332
12.5871267319
7.95945882797
13.8075199127
10.5870027542
8.02967643738
10.1251535416
10.2190580368
10.8476772308
6.91651439667
6.36838102341
7.54556846619
10.6415300369
11.9510412216
15.6285686493
15.0941858292
14.2140684128
10.4354085922
6.89377069473
6.25439310074
4.6177482605
8.5400724411
7.91756772995
12.6517524719
13.3075017929
12.1040992737
14.7849884033
16.3241462708
24.6592731476
20.0829849243
18.8508224487
16.3628520966
19.1012096405
18.0416679382
13.9652376175
17.8764724731
18.9106903076
22.3696498871
21.5585365295
19.901971817
22.734292984
26.0443229675
24.4096889496
26.5672149658
26.099199295
26.0083713531
21.8093852997
20.8456058502
17.3002414703
16.684425354
15.1124391556
17.7940711975
15.1782751083
11.4325561523
13.9720859528
16.8838863373
12.3025655746
11.314581871
14.7377300262
15.3200626373
11.7910509109
14.771686554
19.1405982971
15.0174474716
14.8940582275
18.885017395
20.8827972412
19.7846660614
21.6758403778
19.1772098541
20.3595867157
23.2970123291
25.6654605865
29.2373485565
28.4457645416
30.5762462616
29.8454360962
24.5523929596
29.4459514618
30.7519493103
25.4737186432
25.8477554321
30.4655342102
29.2129459381
24.6407604218
26.6417636871
31.5945987701
28.6567192078
31.8375320435
26.7982902527
25.3350296021
22.7803611755
26.3313980103
24.2773189545
27.8536930084
25.4403915405
24.0424537659
23.2991409302
27.8583621979
25.4572639465
23.5179443359
23.6152667999
26.8328075409
23.1677379608
19.6123981476
24.0577220917
24.9676151276
18.8318576813
19.1802883148
22.0223121643
22.0567092896
17.5451126099
19.5719623566
23.3590259552
25.1787490845
26.5606002808
22.1288318634
24.4702568054
25.1340866089
19.7380428314
18.6275348663
17.321893692
12.3884897232
16.4619102478
19.5514450073
15.3726396561
14.6619920731
18.7608642578
19.32081604
16.3428325653
17.9009799957
22.7842292786
21.0237922668
20.9353084564
23.4625740051
25.8725948334
23.8814983368
25.7123165131
30.4098854065
23.4316692352
21.2686920166
18.1994132996
20.3575401306
19.4778442383
23.3245983124
23.8815670013
24.2284622192
23.2469539642
19.2733707428
21.1803798676
18.9005012512
19.1184558868
18.6684780121
16.1052074432
13.7945671082
12.018907547
9.610455513
6.82675743103
5.83116531372
9.4327287674
9.74207305908
11.9377365112
10.441403389
14.608420372
16.7358188629
17.2442245483
20.8213195801
19.5341091156
22.310798645
20.4767971039
18.7165699005
15.1960315704
11.5860958099
12.2524776459
8.19278812408
13.3560018539
11.6583271027
15.9579696655
19.1796264648
22.5353393555
21.4479656219
19.4000434875
18.8611354828
19.633348465
15.77572155
15.0524406433
16.6936645508
15.2050666809
11.1603775024
12.638381958
14.8912334442
11.2251996994
7.56209135056
11.7821941376
12.8053874969
10.5979547501
9.52404499054
15.6559448242
15.0883197784
12.6301259995
17.4430141449
15.7715587616
16.3726444244
14.0728521347
10.8057498932
8.91440200806
12.894156456
12.2129554749
15.015961647
14.1416425705
16.1191883087
16.8806476593
18.9454250336
22.7403621674
20.7651424408
18.1487064362
15.132311821
13.3462343216
9.99633979797
12.6237182617
10.6019821167
12.9845743179
14.6796789169
13.4784507751
17.8572235107
16.2358360291
14.1030797958
12.3928079605
14.419383049
14.4249038696
16.5857810974
18.1911582947
18.8889942169
18.6147880554
19.6161212921
21.5440788269
24.1962547302
22.513212204
26.8600540161
22.5702953339
27.7544822693
27.0028934479
27.3830528259
22.8869838715
22.424156189
23.8626937866
21.4536113739
17.992357254
18.5958919525
20.8391551971
17.4376869202
14.3495388031
16.8707523346
18.1621017456
13.8958148956
13.2078962326
18.0358715057
15.770652771
12.5048360825
15.7816944122
18.6824054718
16.9505119324
16.712934494
12.4352264404
12.4854373932
7.18653488159
10.7781896591
7.44833230972
9.71364879608
9.09120464325
11.6302156448
9.47514152527
6.00317430496
10.3152246475
9.42392063141
15.2971439362
16.4648361206
20.038766861
19.8696041107
20.6137294769
17.0138378143
14.0317001343
11.9791736603
8.54007053375
4.5868268013
5.50593519211
6.00951147079
7.5772857666
8.59012889862
12.5147628784
15.2730617523
17.3038425446
13.4660110474
13.5951652527
12.6068582535
16.3219509125
16.9193572998
13.6782045364
16.0126342773
18.3874778748
21.7685813904
20.8819198608
17.7091464996
20.238992691
24.147321701
20.7603797913
24.4087181091
23.4186782837
22.5548000336
19.5901470184
18.8913326263
15.0527486801
17.2609939575
17.4890613556
19.9810829163
15.8801546097
13.2923202515
17.4991283417
18.4500598907
14.2925815582
16.3070716858
18.3651752472
17.456407547
15.6313018799
19.7507038116
21.97356987
17.683177948
19.7781925201
23.8148822784
24.2029056549
22.6172237396
23.4815750122
19.5721092224
20.8711490631
23.2127094269
25.644952774
29.0621070862
27.2302265167
28.2885131836
26.9184589386
20.779006958
25.9465942383
28.2152519226
23.5996570587
22.8920040131
28.0909252167
27.9418907166
23.7410755157
25.2119293213
29.9729480743
28.5392417908
31.1791820526
26.731426239
26.4714221954
24.5465278625
28.5772914886
27.6808052063
31.1693210602
28.1941280365
28.329656601
27.9996147156
32.9785003662
31.2630004883
29.2459774017
29.9652404785
32.7029266357
29.5010375977
25.716173172
29.0048217773
30.5941963196
24.5119171143
23.7336883545
26.0680179596
26.4797439575
21.507522583
22.3390254974
26.2206745148
26.396446228
28.1514186859
23.096616745
26.6182308197
28.1020107269
22.4315662384
23.2771434784
21.9438056946
18.0626049042
22.690328598
25.6279830933
21.6417503357
22.1005935669
26.1314697266
26.3558349609
23.7407646179
25.8356971741
30.4182109833
28.3486289978
28.7305049896
31.4681072235
33.5291023254
31.2541637421
33.3379325867
37.8813552856
20.4613304138
18.8242263794
15.8188524246
19.1222000122
19.0394687653
23.0053539276
24.4443492889
25.0975704193
23.5503578186
20.3670139313
23.0592269897
21.4870738983
22.2765922546
22.4292926788
20.4029464722
17.9613323212
16.5968322754
14.3778877258
11.3100423813
9.25003623962
11.5888137817
13.4915475845
15.809548378
14.3930234909
18.0208835602
19.6268024445
19.3994274139
22.4460029602
19.6352329254
22.2344341278
21.3575458527
20.2217578888
16.6433506012
13.6081151962
14.5580406189
10.8612766266
15.9169301987
13.5758886337
18.3598613739
21.7673683167
24.7753181458
23.0355682373
20.4411411285
19.9549427032
19.9081478119
16.504535675
16.3180446625
16.4726333618
14.1356859207
10.8787612915
12.1888399124
13.123790741
8.81685066223
6.29239988327
9.47479534149
9.28888607025
6.57533836365
6.53798532486
12.1286268234
10.6587963104
8.7327299118
13.9768600464
12.8579597473
14.4753446579
12.4354944229
8.38201999664
8.60868930817
11.5434150696
10.3396492004
14.1564397812
13.2391166687
14.9402294159
17.0833816528
18.9568958282
23.0321846008
22.0183811188
19.8677425385
16.0500869751
14.2337532043
10.5311765671
12.9675693512
11.1882753372
13.2268753052
16.88256073
15.3481750488
20.1608181
19.0083389282
17.23878479
15.7161197662
16.8803138733
18.2002239227
20.4222126007
21.1554718018
21.8046321869
22.108373642
23.7002696991
25.1814193726
27.6432609558
25.3393363953
29.372795105
24.506570816
29.0701198578
27.8910045624
27.8630428314
23.8123340607
23.4828987122
23.9241085052
21.2962265015
18.556098938
18.3857841492
19.6988258362
16.6064376831
13.7149991989
15.2092876434
15.7553472519
11.3072328568
10.9531793594
14.8386678696
11.8896083832
8.72437000275
12.4317331314
14.4843912125
12.4454507828
12.4927387238
8.33474445343
9.6737909317
6.25809192657
10.0244255066
9.32345199585
10.4206733704
11.9061317444
14.4441223145
13.3033075333
9.00047683716
12.0700721741
11.8621482849
16.9995136261
17.3113307953
21.2206878662
21.52302742
21.0381813049
17.0904808044
14.0309705734
11.9341964722
7.91757011414
5.92651939392
5.50593471527
5.91806650162
7.8480591774
6.09590291977
9.41902637482
11.2998332977
20.588722229
16.700220108
16.8987998962
15.7250900269
18.8732738495
19.5773296356
15.9532756805
17.4160308838
18.8628635406
22.2769069672
20.5848388672
18.0663337708
21.4519195557
24.5385799408
21.1259441376
23.8787155151
22.4880027771
21.2360782623
17.965675354
18.0635738373
14.2495622635
15.2894096375
14.6302642822
18.1612281799
14.9988193512
11.9899816513
16.3875236511
18.7770900726
14.8274593353
16.062040329
18.8588962555
18.899105072
16.8850212097
20.3518848419
23.7496910095
19.9275226593
21.2353248596
25.0988101959
26.3040962219
25.2078495026
26.2784156799
22.670173645
23.4423484802
25.627904892
28.7827892303
32.0261993408
30.2556686401
31.8585643768
30.1939468384
24.06549263
28.7564888
30.9068508148
26.2034168243
25.1907272339
29.9683265686
29.8285446167
25.2094860077
26.297504425
31.0838394165
29.51304245
32.5362358093
28.4844245911
27.8537902832
26.0146865845
30.3622150421
28.7939929962
32.7259559631
30.2952136993
29.7092952728
29.6899261475
34.3066978455
32.302986145
29.9756774902
30.1620674133
32.7966842651
29.0358219147
25.6993789673
29.4653148651
30.1083679199
23.863401413
24.024477005
25.9850749969
25.6725292206
20.985994339
22.6294727325
25.7639083862
26.5466136932
27.3850784302
21.6784477234
24.8409976959
26.8650169373
21.3340930939
21.5447387695
19.4093875885
15.8793840408
19.8190612793
23.420293808
19.9534664154
19.9662036896
24.0584411621
24.8421268463
22.6617240906
24.0430431366
28.946100235
27.6290473938
27.9171733856
29.9828891754
32.7290153503
31.0887374878
33.0654067993
37.6340866089
22.6591300964
19.8736972809
17.8523807526
19.0542888641
19.448141098
23.0381679535
23.4471187592
24.7330665588
24.0530929565
20.436340332
23.2786998749
20.9029941559
21.9237823486
22.2099323273
18.8754806519
17.8060684204
15.2465515137
12.4699411392
8.78410720825
5.62575006485
6.55412912369
10.1300592422
13.4118967056
13.5913648605
16.9998836517
20.6023082733
20.4225616455
23.8017292023
21.2853527069
24.5434150696
23.6766586304
22.5845432281
18.4407672882
15.0038433075
14.4784412384
9.24827289581
13.6121015549
9.88710021973
14.7905883789
17.7505054474
20.4815368652
18.6142978668
15.9826631546
14.7834501266
14.7885055542
11.0171804428
11.3610296249
12.2877845764
9.82169437408
6.24524784088
9.41287231445
10.7972459793
6.40031337738
5.23634004593
9.48214149475
9.99002552032
8.51645851135
9.48121929169
14.1792573929
13.7772951126
13.4491605759
18.6662082672
18.4502754211
20.0173740387
17.9150543213
13.8865795135
12.9137229919
15.7921390533
13.0592346191
16.9382686615
14.5616264343
14.779551506
15.9667654037
16.8840389252
21.2127037048
19.900434494
17.2868423462
13.0558452606
12.8299684525
10.168261528
14.2441530228
13.6805772781
16.9523963928
19.2515888214
18.5830192566
23.0939540863
21.7389888763
19.63813591
17.8259754181
19.5784835815
18.9917087555
21.7921714783
23.635881424
23.8395500183
23.1512451172
24.4295921326
26.8118190765
29.2255554199
27.9139060974
32.1266937256
27.8852977753
32.9501876831
31.6865272522
32.2266769409
28.0283718109
27.212348938
28.2089176178
26.0687599182
22.781583786
22.6623744965
24.734413147
21.6992015839
18.1933040619
19.9044895172
21.0668048859
16.5273723602
15.2354326248
19.5597877502
17.0136241913
13.3100767136
15.8325090408
18.5116252899
16.3467121124
14.9114942551
11.3605890274
10.8635520935
8.11253166199
8.50724124908
8.77403450012
12.41954422
12.5056324005
16.2291088104
14.0852355957
10.7382183075
15.3408985138
14.87774086
20.7715950012
21.5581359863
25.2978591919
25.3919258118
25.7642402649
21.965637207
18.8352947235
16.6961975098
12.6517534256
9.33863449097
6.00951194763
5.91806650162
4.32299137115
5.32182598114
8.92461681366
11.9348745346
15.7477149963
12.5365495682
13.8026170731
13.8557043076
17.1416187286
19.0174217224
16.2113380432
16.1371097565
18.2778072357
21.4103221893
19.7124862671
16.3036460876
19.365524292
22.6198883057
18.0499954224
21.7562522888
20.0405158997
18.3019695282
16.1486797333
16.3956794739
12.7201385498
15.8508024216
16.7266101837
19.5538864136
15.5800857544
13.8151321411
18.6772670746
19.6181983948
16.3025169373
19.1493721008
20.993686676
20.2233753204
19.3638896942
23.2643814087
25.3468914032
21.7706832886
24.2404460907
27.9798641205
28.2606868744
27.0690498352
27.4326248169
23.1320457458
23.7146663666
25.3354969025
28.6629810333
31.6129589081
29.1823196411
30.197599411
28.0036697388
21.5474128723
26.0369358063
28.7603759766
24.6767215729
22.8405303955
27.7501716614
28.3953437805
24.1300868988
24.7296028137
29.2272529602
28.7359523773
31.3503627777
27.9122524261
28.0619411469
26.7362422943
31.3416824341
30.4807052612
34.3512611389
31.7303943634
32.0520591736
32.4705123901
37.2104682922
35.6996154785
33.2295761108
33.7908859253
36.0227813721
32.6059341431
29.1682128906
32.1135787964
33.1692390442
27.0786437988
26.5176811218
28.0657711029
28.0294284821
23.2009334564
24.0158748627
27.0750961304
26.7308597565
27.7897510529
21.9389419556
25.8068370819
28.2479705811
22.7664203644
24.3042488098
22.4386425018
19.6965007782
23.9937133789
27.1381092072
23.7920017242
24.7006950378
28.632068634
29.0401172638
27.0991706848
29.0345726013
33.5609703064
31.9660873413
32.6769180298
34.9783859253
37.3463020325
35.5478477478
37.8071899414
42.1786689758
30.077539444
29.2275657654
26.2285671234
30.3244018555
30.525094986
34.5376853943
35.9232673645
36.5615921021
34.9791259766
31.6528263092
33.8193016052
31.8491725922
31.8391914368
30.740983963
27.9957828522
25.3538322449
23.6344299316
20.7156238556
18.3459968567
16.4891109467
18.6239738464
21.5517234802
24.418794632
23.0338859558
27.4098148346
28.5893650055
29.4428024292
32.6912345886
30.6410274506
32.8060951233
31.3883323669
29.546295166
26.7867546082
23.6045188904
25.0388298035
20.9014987946
26.082616806
23.1908435822
27.9336853027
30.7726192474
33.6810722351
32.0339889526
29.3926334381
27.41456604
26.8931369781
22.6294174194
24.4101238251
25.287443161
21.3305511475
19.1693248749
22.4382667542
22.5809860229
16.5662708282
16.5806694031
19.978061676
18.196313858
14.6504335403
16.7343978882
21.3766460419
16.9506454468
16.275144577
21.0550613403
16.5760726929
18.6806430817
15.1182365417
14.208530426
16.9599170685
20.7110824585
21.0005588531
24.7101554871
24.5625686646
26.1337051392
28.4681720734
29.9527282715
34.2368011475
33.0422744751
30.4736194611
26.5011425018
25.4144611359
21.765958786
24.1475639343
21.537443161
21.9590053558
25.1331729889
22.2881546021
26.3875102997
23.8898220062
21.0913486481
18.3511600494
16.5022144318
18.1051521301
22.5320339203
22.141254425
19.9899959564
20.2972259521
24.4249210358
26.2289180756
26.5622463226
24.9841766357
27.3928184509
23.1156387329
26.6446628571
23.2637653351
24.5909156799
22.416431427
19.8206863403
19.3020324707
19.3005809784
16.6169242859
14.0497922897
16.8833847046
16.0633792877
11.0457983017
10.9268131256
14.0395851135
10.7719593048
7.18754196167
11.2540464401
13.7390594482
9.46130180359
7.49560546875
12.8094758987
14.3435754776
11.5745315552
9.54670906067
6.55000829697
6.96775341034
8.21751976013
8.76967048645
6.64311504364
10.850528717
13.4149999619
14.8378753662
12.1840600967
13.101978302
16.7584724426
19.6576747894
22.6822357178
26.0767440796
24.2245979309
23.4542655945
20.1935558319
15.9252700806
17.0068149567
11.432554245
12.5435295105
13.2923212051
11.9899816513
13.8151302338
11.5817375183
10.5182695389
10.78910923
13.1553649902
23.0317344666
17.9281368256
16.0664348602
13.4702606201
14.0081567764
14.0659255981
10.8066196442
10.5594091415
9.49321937561
12.6885662079
11.0529575348
10.7290067673
14.3215560913
16.1923313141
15.7277317047
16.3152637482
16.3812942505
17.4946117401
12.6572341919
10.9855098724
8.69302940369
6.43191003799
6.88137960434
7.37793397903
4.64066362381
5.37469482422
8.35769844055
6.18692827225
8.21097660065
9.73694992065
11.1460819244
11.1554174423
12.972618103
16.4315128326
15.1994171143
16.5815315247
18.8727779388
20.265253067
20.855796814
21.163690567
18.2096862793
17.0292797089
18.3643093109
23.1987991333
25.5318126678
24.0852508545
27.2621555328
25.3087825775
20.4702606201
23.5959033966
24.591796875
19.7189674377
19.1236953735
22.5118770599
21.5525608063
16.4800243378
17.518743515
22.3058319092
19.5693016052
23.185256958
19.5749721527
18.2020893097
16.7911529541
21.7021198273
19.4588489532
24.098279953
23.0152893066
21.9914398193
24.0644550323
27.4936923981
26.2402362823
22.7339572906
22.7379283905
23.9720993042
20.2857341766
17.7109336853
20.2738189697
20.202791214
14.3555307388
14.5602989197
15.2044239044
14.5532550812
10.0669574738
11.9427585602
14.2036809921
15.5065460205
15.9746265411
11.2755699158
13.9302921295
15.2793903351
9.89386081696
10.8795099258
10.1334905624
8.21175289154
12.98350811
14.5391950607
11.4927110672
14.4054174423
17.3421134949
17.0271892548
16.3525047302
19.230796814
22.2848949432
20.9805011749
22.8722476959
24.9479389191
26.6959400177
25.8556079865
28.8455982208
32.1772193909
39.9885826111
40.3364982605
36.5466156006
41.9294891357
41.2836723328
45.4023971558
47.1964416504
46.9470405579
44.8765983582
41.6725883484
42.8054504395
41.2568588257
40.2989845276
38.1658096313
36.6062812805
32.9265632629
32.399394989
30.2517910004
29.1878623962
28.5481281281
31.4968852997
32.9427490234
34.9303016663
32.436794281
36.8788909912
35.8033370972
37.5154190063
40.3679084778
39.585193634
40.6587181091
38.4525909424
36.0098800659
34.8834877014
32.3342895508
34.9366798401
32.1504974365
37.4241409302
35.6999282837
40.0667800903
42.9715690613
46.2722396851
45.1418914795
42.7941703796
41.0223693848
40.8583488464
36.3889427185
37.7733535767
39.0481414795
35.3782539368
32.8668785095
35.5176429749
35.9933395386
30.2810821533
29.2936477661
32.4200820923
30.7360019684
27.0520896912
27.9604663849
32.6370811462
27.7089500427
25.6952400208
28.5942802429
21.5339927673
22.3166294098
18.922039032
21.6812171936
24.9687976837
28.5358123779
31.1732349396
33.5980987549
35.1692390442
37.9626312256
40.2640304565
42.5060005188
46.4204292297
44.8866996765
42.3863868713
39.1577720642
37.1584815979
33.1926651001
34.1833076477
30.5241374969
28.8268470764
31.3872718811
27.5351352692
30.0406455994
27.1139755249
24.6809101105
22.3394184113
17.991973877
21.6561069489
25.2571258545
22.550403595
19.10896492
20.9892997742
26.2222366333
26.477684021
24.7969455719
22.8442401886
22.5212020874
19.2652015686
19.7288074493
14.3877792358
16.5650463104
17.745721817
13.8469371796
11.350976944
14.8942546844
14.3317842484
10.3135166168
13.1464986801
15.6729669571
12.8529281616
11.2539052963
15.0167503357
15.9217939377
14.2372426987
14.8176164627
20.4885520935
18.9246673584
16.4922294617
19.924156189
23.376247406
22.3455905914
21.412902832
19.8755931854
19.5207767487
21.9534511566
20.2230377197
15.5227870941
18.6963825226
17.6963348389
21.3757076263
20.6496906281
17.8167324066
22.5777835846
21.3781604767
25.7093086243
27.612279892
24.1349277496
22.762254715
21.5150127411
18.2538051605
22.0126876831
18.8318595886
21.9537353516
24.5119132996
23.863401413
27.0786457062
25.0599708557
24.3141002655
24.529209137
25.8946971893
34.1907234192
28.900094986
25.6992225647
22.144235611
21.174036026
18.4931278229
16.5684185028
18.7249279022
16.52085495
17.7863368988
18.480381012
20.5461330414
21.9169254303
22.8045730591
26.0330810547
24.9710922241
26.647726059
29.3644618988
24.423324585
21.8842506409
21.2040519714
17.381029129
16.3174972534
13.8855667114
15.0417299271
14.3555307388
9.83700084686
12.0136804581
12.267537117
8.7410697937
8.32958221436
11.8689851761
11.492773056
7.67282772064
12.3531827927
14.2912120819
12.4092502594
11.1998434067
14.6012859344
17.1105556488
18.1622695923
18.6318130493
16.9808006287
18.5302658081
21.9450435638
23.6453399658
24.4975395203
28.9658946991
28.6398487091
26.5066394806
28.6648292542
27.606344223
22.8158149719
24.7301120758
26.3835220337
23.2179718018
19.4273395538
21.6712913513
25.436756134
19.9495620728
23.4818878174
19.1735496521
15.5789365768
13.4042072296
15.5868749619
11.1609764099
15.2464094162
16.3099517822
12.4764852524
15.577129364
16.5031375885
15.3572998047
11.1923303604
10.1317310333
10.3505659103
6.46145772934
5.85320997238
8.2316608429
6.75559663773
5.4624876976
6.34740304947
6.27799224854
6.32182693481
9.0632982254
10.4700126648
15.0474462509
16.0917339325
16.6879634857
15.8692760468
12.7436294556
11.0883779526
7.93802595139
11.429933548
10.5377264023
11.9635572433
8.74139499664
6.70140314102
10.3519906998
9.84814929962
6.84383392334
7.84945249557
12.2189807892
11.425236702
9.40589237213
12.941983223
15.3570251465
14.8213577271
14.844285965
18.4893245697
20.1142024994
