30.7516403198
27.9134025574
25.4581546783
23.844751358
20.6367359161
22.8093681335
20.7068023682
19.5822505951
21.1638412476
16.1716594696
14.3145828247
10.3770284653
8.02091026306
6.55074501038
5.48277235031
5.53945875168
7.19292449951
10.0023508072
13.1121940613
13.5511989594
10.3371925354
7.15276956558
7.15643215179
6.36561870575
10.2133693695
12.0896081924
15.8977613449
19.6419639587
22.2374515533
18.436876297
16.1106052399
14.3523445129
12.3305635452
10.863117218
11.8125772476
10.8105392456
14.0200042725
12.1924276352
16.9327011108
17.7939376831
20.0992927551
21.8619060516
24.6399497986
27.3997631073
29.4355449677
23.7386837006
24.2312870026
27.8539276123
24.8835773468
20.8072547913
25.1950511932
27.0262126923
23.3826522827
22.984834671
26.4005298615
25.7806968689
22.5357952118
27.0630130768
29.4342365265
26.0583705902
28.8254108429
28.5245265961
27.0950031281
26.2165813446
24.0221538544
19.2313747406
21.2609024048
21.2919464111
20.374042511
19.5884418488
21.370677948
18.0624351501
20.5660762787
21.0879650116
17.0162754059
14.3249340057
17.1340312958
15.2994413376
15.6697778702
15.9785470963
15.83319664
18.1945075989
13.4488792419
16.0192985535
17.1104431152
16.3621997833
16.6205863953
16.3524913788
20.9187889099
17.8812732697
16.4834747314
20.6184768677
23.2260017395
21.6163349152
18.1293087006
20.1236953735
24.3064231873
24.3718795776
28.543170929
27.4744911194
33.2936782837
34.5729675293
35.0326881409
29.6715621948
30.3265571594
33.6721382141
31.0308895111
27.291021347
29.9403495789
32.2588233948
28.4581623077
26.9482097626
30.6130123138
31.7038841248
28.2502689362
28.3889827728
33.2137184143
30.4468212128
27.9702777863
31.7289142609
34.1930847168
32.1016159058
32.726890564
28.4826984406
28.3664112091
23.182888031
25.6215686798
20.8063526154
23.5643558502
19.9063835144
19.9887123108
16.5815086365
17.7270030975
20.5277748108
16.7989902496
21.0134754181
20.9618186951
22.4207458496
22.7642993927
26.034034729
24.5553836823
23.8953819275
21.2508106232
21.9279632568
18.5061130524
16.6220264435
21.2218894958
21.6531162262
22.6302318573
20.3453388214
18.860918045
21.4263572693
24.8687419891
25.1555042267
23.8219413757
27.2595653534
31.0314044952
33.7958030701
34.1185646057
30.1987266541
30.2543525696
35.3831367493
31.3672294617
36.5796546936
35.7584686279
34.4468002319
32.6938400269
32.0514640808
28.8162670135
32.5361633301
33.466293335
35.2043037415
30.492477417
28.6784420013
32.2652893066
31.2020702362
27.4782848358
29.6374282837
30.4952583313
28.215215683
26.466802597
30.7070446014
30.6297740936
25.7066612244
28.3393554688
32.1909751892
30.921295166
27.7566757202
28.5511207581
25.0654125214
28.0200901031
30.4000911713
29.4284362793
32.9604644775
31.6182937622
30.1179332733
30.4182624817
25.3992881775
29.8487129211
33.8763122559
30.3805713654
29.9852294922
36.0555267334
35.9725227356
33.3056182861
35.4936180115
39.5698471069
38.8747215271
40.311920166
35.4106292725
35.8551673889
33.9468040466
36.5044822693
37.1093597412
38.7388877869
34.7755889893
36.4646224976
34.2027854919
39.7342605591
38.0515022278
38.1065635681
39.6320724487
42.8216552734
41.3640060425
37.0305633545
39.4725799561
42.7821083069
37.5368804932
35.2537651062
38.2646598816
40.0181388855
35.0462799072
34.6463394165
39.4733581543
38.7896461487
41.8685188293
37.7585144043
41.4062995911
42.3163833618
36.7495765686
38.0903778076
37.4976730347
33.198387146
37.9365653992
40.4160270691
36.0000190735
35.8762626648
40.0461616516
39.9147796631
36.3101043701
38.7196578979
42.9389724731
39.8495864868
39.4369316101
42.4292068481
44.1029853821
41.2886428833
42.2490386963
47.6184387207
29.0984172821
26.73985672
23.6589717865
23.4640884399
20.0648784637
22.8648338318
21.740983963
20.343214035
21.0360374451
16.0391864777
14.5655899048
11.2749004364
8.93239212036
6.53375768661
5.48277235031
4.50586605072
7.35348510742
10.8126077652
13.3746900558
12.7865457535
10.5948896408
8.01434993744
5.38866424561
7.00835943222
8.09790706635
10.6521339417
14.8065662384
18.236782074
20.4843387604
16.2998752594
13.5049028397
11.9505701065
9.63094997406
9.65638065338
10.5245399475
11.5851783752
14.4804506302
14.1067895889
18.6072483063
20.3523540497
22.2492389679
23.4333457947
26.2071094513
28.6423511505
30.0305099487
24.6552410126
24.8087921143
27.8121852875
24.6612567902
20.4693851471
24.6876983643
26.0632305145
22.0777893066
21.4854373932
24.5611190796
23.566619873
20.1121196747
24.9502944946
26.7585144043
22.8957710266
25.5627422333
24.5528488159
22.8875865936
21.9443569183
20.1819152832
15.4439487457
17.8230247498
18.7835674286
17.8172607422
17.8440093994
20.5362186432
18.0722026825
21.1562709808
22.2156486511
18.5806446075
15.9981575012
17.8196220398
15.0519809723
14.2144460678
14.1013183594
12.8407640457
14.474814415
9.66541099548
11.6641302109
12.9924583435
11.8955545425
12.1624078751
11.9944753647
16.6702289581
14.5045251846
12.692820549
16.4391040802
19.3767127991
18.3140010834
15.0660152435
16.6172180176
20.993888855
20.397069931
24.6950340271
23.1568851471
28.9516086578
30.2436676025
30.5264472961
25.1319026947
25.9706192017
29.2262878418
26.4562034607
22.7958908081
25.5860671997
27.7945632935
23.9722080231
22.7203845978
26.469745636
27.4879207611
24.2557277679
24.6471405029
29.3846511841
26.8022785187
24.5583343506
28.4096012115
30.8279628754
28.9811096191
29.9294109344
25.6122016907
25.7231369019
20.1697044373
23.4220256805
18.1495609283
20.1574993134
16.7195663452
16.1772937775
13.0721101761
14.1125411987
16.2847652435
12.4237728119
16.3928565979
16.4978599548
18.0777931213
18.2694034576
21.4510498047
19.9811115265
19.3990058899
16.9042015076
17.9514274597
14.9007444382
13.7379932404
18.5046958923
19.8306770325
21.7733860016
19.4909267426
17.1623039246
19.3782844543
23.1099071503
22.7437000275
20.9285144806
25.1239280701
28.6347560883
31.5948047638
31.937456131
28.3295326233
28.6538314819
33.7723236084
30.2950973511
35.1648178101
34.4268798828
33.3790969849
31.0389633179
30.2346401215
26.8460464478
29.9175891876
30.4378128052
32.2150306702
27.738111496
25.5617923737
28.8684825897
28.2308177948
24.2048110962
25.8184986115
26.9352340698
24.910528183
22.6685962677
26.7896404266
27.2263660431
22.0557479858
24.2429504395
28.2160835266
27.3608589172
24.1951904297
25.4256477356
22.1794891357
25.2816028595
28.0452594757
27.1901397705
30.9771327972
29.9908008575
29.1278705597
29.634803772
24.5016002655
29.2666778564
32.8548583984
28.8212833405
28.7741165161
34.8796386719
34.3211250305
31.3041057587
33.7220306396
38.0492286682
36.7312355042
38.4873962402
33.2276725769
33.2029762268
31.0128993988
33.5107727051
33.730304718
35.4619140625
31.5367050171
32.759765625
30.2910842896
35.8314933777
33.9400100708
34.0290527344
35.4234580994
38.8136978149
37.2306289673
32.9161911011
35.6836547852
38.877155304
33.6169090271
31.5245990753
34.7565040588
36.4578666687
31.5454425812
31.4290809631
36.3441314697
36.1546821594
39.1586380005
35.1813545227
38.5834846497
39.2206420898
33.6590919495
34.5240478516
33.9785881042
29.4149665833
34.0564498901
36.5156822205
32.0314445496
31.6737804413
35.8142242432
35.704662323
31.9822444916
34.3050956726
38.538394928
35.4689102173
34.9187660217
37.8984794617
39.6129417419
36.8048248291
37.696723938
43.0987625122
28.7104854584
25.9479846954
23.3110923767
22.5026302338
19.8000831604
22.6075439453
21.2962207794
20.6758518219
21.6333904266
16.5899486542
15.9710168839
12.0810775757
10.7134618759
9.43726730347
5.53945970535
4.50586605072
3.86678195
6.75373983383
9.3088350296
9.21496868134
6.72607326508
4.85049533844
4.31145620346
7.00250959396
11.0423870087
12.8154850006
17.1292095184
19.3364601135
22.187335968
18.6690273285
16.3625507355
13.7773113251
10.6840925217
9.55770874023
8.48102474213
9.46231079102
11.2986402512
10.5756654739
15.1156749725
17.0183162689
19.1939582825
20.3454284668
22.8330688477
25.5053577423
26.8504238129
21.2483081818
22.0782184601
25.0814819336
21.6401786804
17.9327144623
22.5045719147
23.5484294891
19.5657444
19.7510681152
22.8580532074
21.8155956268
18.8187198639
23.90924263
25.6184883118
22.3888187408
25.7687358856
24.9685497284
23.9326210022
22.6132526398
20.2276878357
15.7365217209
18.536649704
18.4081935883
18.4678497314
17.453710556
19.2902736664
16.7882175446
19.3742351532
20.9313049316
17.1774349213
13.939365387
15.3050336838
13.3659639359
12.8322153091
14.0779476166
13.3515043259
15.9491291046
12.5401592255
14.0249433517
16.280632019
14.9059906006
14.5690126419
13.303604126
17.5537166595
14.6343421936
14.4707841873
18.4021453857
20.4013557434
18.8094997406
16.3411636353
18.7581367493
22.5668048859
22.4686107635
26.6306648254
25.0392074585
30.9986343384
31.6101264954
32.2484283447
27.0009841919
27.2125244141
30.2593173981
27.8098659515
23.9165611267
26.1367912292
28.6346912384
24.9489555359
22.8792057037
26.4308929443
27.7781143188
24.1120147705
23.9288520813
28.8979091644
26.4308567047
23.5802001953
27.1440925598
29.8629055023
27.991312027
28.2851467133
24.0032787323
23.6335830688
18.4321537018
20.8569316864
15.9821166992
18.9138317108
15.3920373917
15.9811239243
12.4206647873
13.2023534775
16.5656108856
13.1836032867
18.357711792
18.8956298828
21.0593338013
21.0117702484
23.8257827759
21.8324718475
20.4833774567
17.9704494476
17.75831604
14.0948514938
11.8885154724
16.6563301086
16.9796543121
18.4062309265
16.473985672
14.6916303635
16.9840259552
20.7339458466
21.0828037262
19.4540042877
22.7248497009
26.4027519226
29.2564067841
29.4359664917
25.5718212128
25.889995575
30.9386730194
26.9991855621
32.0691184998
31.2219638824
30.0167980194
28.0446834564
27.3529682159
24.0675449371
27.7230548859
28.7351398468
30.4195289612
25.6936702728
23.9125213623
27.6009254456
26.6384525299
22.8797512054
25.2499675751
26.1491603851
23.9696407318
22.3312225342
26.6803894043
26.8868160248
21.9934196472
24.8372554779
28.7530269623
27.649438858
24.7574729919
25.5036735535
21.6429977417
24.3091278076
26.6907405853
26.4544830322
29.9971675873
28.4809265137
27.534948349
27.4564495087
22.0190982819
26.5626239777
30.4871006012
26.6979312897
26.0880756378
32.2306098938
32.1255111694
29.1223754883
31.2078437805
35.4491539001
34.647026062
36.3127174377
31.4751110077
31.8132629395
29.9388713837
32.8997955322
33.2629051208
35.2965049744
31.5294704437
33.0449180603
31.2881832123
36.7834701538
35.1243743896
34.7216148376
36.1188545227
39.1336326599
37.4640083313
33.1725006104
35.6421051025
38.6821060181
33.3066101074
31.1436653137
33.9674301147
35.554599762
30.5420150757
30.2325630188
34.9258842468
34.3244743347
37.2179412842
32.9895744324
36.6396484375
37.6551589966
32.0559844971
33.4840965271
32.8612442017
28.6992263794
33.5431404114
35.9884719849
31.6346740723
31.7649173737
35.94556427
35.8191337585
32.3956756592
34.9502372742
39.1478767395
36.166557312
36.0198745728
38.9840126038
40.7066917419
38.1835403442
39.4171791077
44.7880096436
30.7549095154
27.5503749847
25.6455345154
24.1029529572
22.6099567413
25.2676944733
23.7255821228
24.1690921783
25.4375019073
20.655632019
20.9167442322
16.7480983734
16.2397899628
15.5602006912
10.0023488998
10.8126058578
6.75374031067
4.15912485123
3.99594783783
6.52650499344
5.08524131775
6.64863729477
9.28931236267
11.7288398743
17.3807220459
18.6195640564
22.8448562622
23.7969055176
27.1547889709
24.3628902435
22.4499149323
19.2161693573
15.7216901779
13.8355770111
10.2961397171
10.9619464874
9.96646022797
8.34011268616
12.1800737381
14.140540123
16.9673118591
18.0198974609
19.5989990234
22.7570438385
23.9049320221
17.9915771484
20.4538993835
23.2079639435
19.231502533
17.009355545
21.8956012726
22.0471000671
18.2313613892
20.0528850555
22.8658256531
21.6259098053
19.7495956421
25.0023517609
26.1969223022
24.100402832
28.4033088684
27.5804634094
27.3886203766
25.478849411
22.6007442474
18.9716472626
22.2609119415
20.8864936829
22.3251686096
20.1826648712
20.6491146088
18.3844432831
19.8824825287
22.1382865906
18.4716453552
14.5525712967
14.8682699203
14.7770814896
14.6714258194
17.6324501038
17.4295921326
20.6564865112
18.5888881683
19.4140834808
22.2829475403
20.4639282227
19.35364151
16.9936008453
20.2147121429
16.1758518219
18.1862754822
22.1861553192
22.6935691833
20.2915401459
19.0205936432
22.4659252167
25.2285232544
26.0479106903
29.8013477325
28.4652080536
34.4793586731
34.141544342
35.4222488403
30.570142746
29.776506424
32.5916671753
30.8689575195
26.7160778046
28.0654945374
31.1057014465
27.8057937622
24.634021759
27.7675819397
29.7444839478
25.6897449493
24.5102844238
29.7085380554
27.8174877167
24.0857601166
26.7961368561
30.1163692474
28.4748020172
27.5533084869
23.5175647736
22.0532207489
17.7854957581
18.397605896
14.4082098007
18.6368255615
15.0663108826
17.2882957458
13.6023731232
14.3200998306
18.8716907501
16.8025379181
22.6218395233
23.9628715515
26.5823841095
25.9834785461
28.4721260071
26.0708808899
23.7907714844
21.6524486542
19.7213382721
15.6948947906
12.2496528625
16.337348938
14.4818582535
13.4667425156
12.0157594681
11.74061203
14.1627435684
17.3831825256
19.0412349701
18.1658668518
19.5598258972
23.4838275909
25.9349269867
26.0467948914
21.7944660187
21.7750453949
26.65873909
22.0779209137
27.5174465179
26.6895866394
25.4807682037
24.2935409546
23.5807685852
20.744310379
25.4180469513
27.4334640503
28.5976791382
23.5369720459
22.6934165955
26.676492691
24.8568954468
21.9109382629
25.495759964
25.7491149902
23.2613449097
22.8638210297
27.3080940247
26.7864151001
22.7078609467
26.5007457733
30.0536708832
28.4027843475
26.0176944733
25.8754520416
21.3171424866
23.1342144012
24.6878376007
25.2835845947
28.2363758087
25.8905677795
24.6984806061
23.6701850891
18.0307674408
21.9643974304
26.3994522095
23.2729530334
21.7749118805
27.7937850952
28.4776687622
25.7764720917
27.2931175232
31.1996078491
31.3501396179
32.6883735657
28.6758079529
29.7237186432
28.4817333221
31.957485199
32.7271347046
35.0164222717
31.5656776428
33.6739387512
33.0377807617
38.307849884
37.1399002075
36.0877380371
37.5757713318
39.8786125183
38.3019714355
34.1328010559
35.8628692627
38.7844581604
33.4980621338
31.0885238647
33.1752166748
34.7090911865
29.714553833
28.8858299255
33.152633667
31.6973800659
34.5430450439
30.2500591278
34.2313995361
35.7115020752
30.2695140839
32.7365531921
32.2295379639
28.8891525269
33.9775352478
36.1078109741
32.0483131409
33.0816764832
37.117477417
36.8144721985
33.9396286011
36.9377479553
40.8075370789
37.883644104
38.4135856628
41.4246788025
42.9151344299
40.7494049072
42.5104064941
47.69739151
26.0449314117
22.7730140686
21.012468338
19.3435611725
17.9970531464
20.7398204803
19.6207389832
20.2700977325
21.2504177094
16.6879425049
17.7286586761
13.8909244537
14.3333282471
14.8316755295
10.3371925354
10.5948877335
6.72607421875
6.38366365433
5.08524179459
4.93811321259
4.66055727005
4.29137182236
7.02057743073
9.5821352005
15.3362016678
15.7064628601
19.7977218628
19.6890163422
23.2402992249
21.0451431274
19.7073154449
15.8810110092
12.3747053146
10.0710325241
6.25493431091
6.88093090057
5.69624471664
5.82960796356
9.27360248566
12.0778894424
14.0037412643
14.6256113052
16.695104599
19.40782547
20.5081539154
14.8606061935
16.3691520691
19.2011528015
15.5298614502
12.5911407471
17.4323539734
18.1049003601
14.4422149658
15.6058912277
18.7022323608
17.9217700958
15.7767906189
20.6610679626
22.4935359955
20.5102958679
24.619020462
24.7751407623
24.7731533051
23.3394699097
19.8565254211
16.0373249054
18.6877326965
16.641500473
18.1987762451
15.6006860733
15.8711013794
13.7129516602
15.3495540619
17.8763637543
14.559709549
10.7856340408
10.4629907608
10.0615520477
10.1289176941
13.3469600677
13.7550058365
17.569694519
16.4561595917
17.4917163849
20.8529701233
19.7966194153
19.3470802307
17.279750824
20.6818275452
18.0210361481
19.5053749084
22.9704551697
24.1385345459
22.4446601868
21.2957134247
24.1062717438
27.3470573425
27.2109699249
31.2120628357
29.0446166992
34.9418182373
34.6702537537
35.399307251
30.3985595703
30.157075882
32.4707984924
30.1202068329
26.3357944489
27.644657135
29.9393386841
26.5042037964
23.6321430206
26.5607147217
27.8987369537
23.6901016235
22.9496936798
27.7565231323
25.0349903107
21.6527423859
24.9148025513
27.5301456451
25.3526973724
24.8636226654
20.9108772278
20.310546875
16.3142204285
17.2462024689
14.2603178024
18.3412513733
15.7591400146
18.0082702637
14.4755144119
13.7744722366
18.3494434357
15.5799627304
21.9489421844
22.2240867615
25.1407985687
25.4077606201
27.2766265869
24.4703960419
22.349943161
19.6140079498
17.8889293671
13.7276420593
10.4135665894
13.8748512268
12.7409801483
15.3283720016
15.0925092697
14.342877388
16.0191497803
19.8795452118
21.3404159546
19.5895824432
20.964756012
24.4890232086
27.2394046783
26.6771411896
22.6509857178
23.5670795441
28.0635490417
23.2089385986
28.2516651154
26.8440151215
24.9090709686
23.5404014587
23.5419120789
20.3584194183
24.6369457245
26.0348930359
28.0838069916
23.3554668427
22.0293979645
26.4101886749
25.697511673
22.2931671143
25.3672046661
26.4101085663
24.4904613495
23.4825801849
27.8828277588
28.5053501129
24.0989151001
27.2774658203
31.1432476044
30.2334861755
27.925907135
28.2962989807
23.818479538
25.5837249756
27.3955821991
28.544008255
31.6773834229
29.4343204498
28.7773799896
27.583574295
21.661699295
25.5688819885
29.8609657288
26.3800640106
24.5971927643
30.6284179688
31.2856845856
28.0137729645
29.2926216125
33.4629364014
33.4199981689
35.1951255798
31.2222175598
31.870256424
30.455991745
34.2620429993
34.4011802673
37.1382217407
33.8157501221
35.2470016479
34.4610595703
39.7610588074
38.2005500793
37.0399055481
38.1373291016
40.7324180603
38.6014976501
34.5354194641
36.9607963562
39.2970733643
33.6678504944
31.9092121124
34.0390548706
35.0559425354
30.0307216644
29.8842792511
33.8870925903
33.0311126709
35.2526397705
30.2104511261
34.1570739746
36.0252799988
30.4043655396
32.3331642151
31.1808624268
27.7611255646
32.4889945984
35.2649154663
31.3329849243
31.8324794769
36.0831985474
36.2380447388
33.3440895081
35.7772598267
40.1563682556
37.6580886841
37.8781433105
40.4800643921
42.5969047546
40.7228279114
42.2402153015
47.5911712646
25.1235904694
22.4946193695
19.7298164368
19.2279376984
16.3289604187
19.3225231171
18.5364322662
17.8025093079
18.3276672363
13.3768720627
13.2793254852
9.84551811218
9.22648525238
9.11925601959
7.15643167496
5.38866424561
4.3114566803
7.2051320076
9.28931236267
10.7626190186
9.38740253448
7.02057695389
4.88658809662
5.45580148697
8.85782241821
9.88425350189
14.2377986908
15.7360868454
18.6325740814
15.4018230438
13.4881906509
10.3749847412
7.17356967926
6.11777925491
6.00240087509
7.56019687653
10.030755043
10.6287317276
14.6157197952
16.901556015
18.3325500488
19.1292705536
21.9218997955
24.132976532
25.3503742218
20.1851463318
20.1076908112
23.0046329498
19.932806015
15.6629257202
19.9101219177
21.3436832428
17.5058517456
16.8816204071
20.1001396179
19.3603229523
15.9918622971
20.7464885712
22.8842868805
19.5035762787
22.5434303284
22.4154529572
21.3958072662
20.5397434235
17.8003044128
13.028342247
15.2375812531
14.9989204407
14.8069133759
13.8454685211
16.0463752747
13.7686290741
16.7563724518
18.3665561676
14.9956741333
12.2313842773
13.2598791122
10.4816131592
9.67000007629
10.4189052582
9.86487007141
12.8088932037
10.1401882172
11.8646831512
14.5910158157
14.0324707031
14.4071912766
13.5104980469
17.7849159241
16.2035942078
15.6561155319
18.8803882599
21.4264678955
20.5026378632
18.315076828
20.0715141296
24.1659393311
23.1994819641
27.4998016357
25.1810417175
30.9590702057
31.64503479
31.7882175446
26.4468975067
27.1718482971
29.7791786194
26.787776947
23.2672920227
25.4876937866
27.3196239471
23.5213508606
21.8343696594
25.2300739288
26.0087528229
22.3215026855
22.6064567566
27.2036628723
24.0953598022
21.6817131042
25.7008342743
27.823184967
25.5908508301
26.3899421692
22.183763504
22.560136795
17.5029029846
20.3692531586
16.1254558563
18.7073497772
16.0140895844
16.529586792
13.2652654648
12.870218277
15.9864530563
11.9553060532
17.4426956177
16.9256954193
19.3349761963
20.1242637634
22.34948349
20.0441799164
18.937795639
15.9026384354
16.1307792664
12.5460720062
10.8556461334
15.1121778488
16.322353363
19.9848995209
18.780790329
16.7288970947
18.483165741
22.621837616
22.8070983887
20.5542831421
23.8498668671
27.2013492584
30.2646617889
30.0055065155
26.3666286469
27.3102397919
32.0910339355
28.0818786621
32.8254051208
31.6348361969
30.0366230011
27.8468799591
27.580745697
24.0763473511
27.2806396484
27.7354221344
30.0477867126
25.6443653107
23.4592399597
27.3239078522
27.2271385193
23.1356582642
24.984331131
26.5126247406
24.8081817627
22.6645526886
26.9043693542
28.0398712158
22.9469890594
25.1985683441
29.3302326202
28.8669624329
26.0839653015
27.2488613129
23.5152111053
26.0921707153
28.6606788635
28.8636684418
32.5181007385
31.0909309387
30.5806980133
30.3629798889
24.7077007294
29.2467556
33.0538368225
28.9908866882
28.2054481506
34.3587989807
34.1908721924
30.7745609283
32.7220802307
37.1599082947
36.1514587402
38.1483726501
33.3121452332
33.3199043274
31.3034858704
34.4785919189
34.3311805725
36.6933288574
33.055721283
33.9920349121
32.1046867371
37.5752105713
35.5898704529
35.1228027344
36.18907547
39.453212738
37.3560905457
33.1692657471
36.2058525085
38.781578064
33.1787910461
31.5485973358
34.4278373718
35.6277770996
30.6333217621
30.8648681641
35.3627586365
35.2623023987
37.7079124451
33.020072937
36.5734558105
37.7942962646
32.0972442627
33.0279846191
31.9502983093
27.6720046997
32.1827888489
35.1038780212
30.8462581635
30.4832267761
34.8095359802
35.0424385071
31.5805873871
33.6443099976
38.2360916138
35.5974349976
35.1586303711
37.7844009399
40.0046920776
37.7078437805
38.7090377808
44.1978378296
22.2334022522
18.5868473053
17.6587867737
14.9802093506
14.5730113983
17.0295314789
16.2281131744
17.6995067596
18.5735645294
14.7817249298
17.0520935059
13.8901443481
15.681427002
17.5829753876
14.0200052261
14.4804506302
11.2986412048
11.6340589523
9.96646118164
8.72011184692
7.35083627701
5.69624519348
7.57363462448
10.0307588577
11.3671417236
17.0689144135
16.1806259155
19.6553764343
17.8211765289
21.7023944855
20.714302063
20.3441009521
15.9303770065
12.880022049
9.98740577698
6.64179992676
5.84586668015
5.21685361862
6.05654287338
9.54244327545
10.1661090851
10.1248006821
12.5130081177
14.7291126251
15.9450054169
10.7041873932
11.3291187286
14.4252490997
11.3497915268
7.98562002182
12.7219619751
14.1540403366
11.3445940018
11.9809551239
15.3904895782
15.5265350342
13.6884660721
17.467918396
20.2337055206
19.0907077789
22.9840984344
24.6375846863
25.1375904083
24.2299156189
20.0123252869
16.5123386383
18.0753040314
14.5378475189
16.5786590576
12.8511123657
11.7589006424
9.70180988312
10.6328964233
13.6992053986
11.1465167999
7.77820014954
5.81113243103
6.53386831284
7.84795093536
11.7291593552
13.5013093948
17.9643974304
18.2109107971
19.4403247833
23.1391677856
22.8690643311
22.9451580048
21.1031475067
24.3202896118
22.5683574677
23.9491653442
26.9446868896
28.3569087982
27.0571136475
26.1710929871
28.6415729523
32.0261878967
31.3485088348
35.40858078
32.6599998474
38.3512420654
37.9508247375
38.2889976501
33.3272247314
33.3984489441
35.1293487549
32.3729667664
29.016254425
30.0273704529
31.5966072083
28.2279567719
25.5127048492
27.9575195312
28.6855335236
24.3428821564
23.8413543701
28.0174160004
24.4872570038
21.4514732361
24.9170322418
26.7024040222
23.9011077881
23.5306243896
20.0446472168
20.2114658356
17.3531532288
17.7217140198
16.662229538
20.6620368958
19.188457489
21.7144069672
18.4979362488
16.6933422089
21.1683101654
18.2250537872
24.7976112366
24.067943573
27.2293586731
28.2999458313
29.4568023682
26.2489299774
24.211774826
21.0398521423
19.2589416504
15.283205986
12.3219938278
14.0308408737
12.9872159958
18.0234184265
18.9910755157
18.5283470154
19.5930976868
23.5272388458
25.2230014801
23.0794868469
23.6957988739
26.7656955719
29.5312843323
28.2486896515
24.4627094269
26.1053600311
29.9678821564
24.6695175171
29.2613868713
27.2219352722
24.3929309845
23.3728122711
24.2845497131
21.1214447021
25.1803531647
26.1919975281
29.0287876129
24.7492904663
23.3425998688
28.0765018463
28.2156352997
24.8128032684
27.6368427277
29.217830658
27.7918968201
26.6452159882
30.8729534149
32.2892189026
27.9557285309
30.7430019379
34.702167511
34.2990036011
32.2119941711
32.7591934204
28.265958786
29.719045639
31.4242115021
33.2004356384
36.246295929
33.8443527222
33.4519081116
31.8395633698
25.8170948029
29.3219738007
33.6440887451
30.2400913239
27.9203605652
33.7382392883
34.7076148987
31.1495113373
31.9269104004
36.0816497803
36.293964386
38.2876586914
34.7621688843
35.3161849976
34.0028495789
38.1806869507
37.8997039795
41.0598869324
37.9731407166
38.9816017151
38.3560142517
43.5597496033
41.7904663086
40.3888053894
41.1241569519
43.7589225769
41.1433486938
37.2934112549
40.1198005676
41.8101959229
35.9699630737
34.8190460205
36.7013092041
37.1501998901
32.2293891907
32.583278656
36.0605201721
35.481464386
36.9905509949
31.2057571411
35.1597175598
37.6273345947
32.023235321
33.7132911682
31.8818016052
28.8127002716
33.0331230164
36.3913917542
32.8178367615
32.9945526123
37.3395042419
37.9479522705
35.2738037109
37.1507415771
41.9176750183
39.9366073608
40.0150222778
42.1360702515
44.8348731995
43.3815956116
44.7582969666
50.1677360535
13.3742389679
9.6921453476
11.5028867722
9.13355541229
12.5606889725
14.3484458923
16.5225715637
19.1634845734
18.2159137726
17.5730342865
21.9403095245
21.1014842987
24.1062088013
27.050693512
25.1950588226
24.6876983643
22.5045719147
23.428976059
21.8955955505
19.6472854614
17.1745510101
17.4323539734
19.147190094
19.910118103
21.0317840576
24.4025192261
21.9866142273
23.8863258362
18.0251712799
21.471862793
23.2898864746
24.6511058807
20.128074646
18.469367981
16.8283615112
15.00710392
15.4774980545
12.7219629288
16.7056255341
13.9872055054
17.0225830078
14.4175310135
11.6679048538
12.902592659
11.4702501297
10.3626375198
10.4680147171
6.59854650497
5.91361474991
6.77302837372
5.79409885406
6.10126686096
7.94643592834
6.41886949539
7.99214696884
10.7856197357
11.1619663239
10.0213975906
14.181643486
15.7842931747
18.5814990997
23.1069202423
24.9254150391
25.0731754303
20.1361618042
18.7561168671
18.0900726318
12.4173364639
15.8357543945
11.3858757019
7.27304077148
10.0277528763
8.82045078278
13.1661272049
14.6849346161
14.3336772919
9.78054141998
10.7234249115
11.311123848
14.0589771271
16.671377182
20.5852661133
24.0936012268
24.6244239807
28.8088798523
29.5934753418
30.2745609283
28.6601486206
30.8798789978
31.2457351685
32.7294845581
34.3641624451
35.8778266907
35.5969200134
35.7191429138
37.4392967224
40.731048584
38.8197669983
42.7156143188
38.6724281311
43.540184021
42.5920181274
42.1051902771
37.7038917542
38.2405738831
38.430103302
35.1249771118
32.9933204651
33.0877227783
32.9538612366
30.2232913971
28.0087661743
29.0068492889
28.349407196
24.3426055908
24.4095478058
26.4730815887
21.7246494293
20.088300705
23.3478507996
22.807849884
19.0123653412
19.1405143738
17.5697937012
19.7803649902
19.9007778168
19.5410900116
22.1343250275
24.9237384796
25.8908443451
28.5807628632
26.4356765747
22.8929462433
26.3995780945
24.0225734711
30.1033554077
27.93658638
31.4849472046
33.6817855835
32.9997329712
29.1338691711
27.2154407501
23.9424095154
21.9902133942
19.4922084808
18.1417045593
16.0498275757
16.2427558899
25.2872886658
28.0037822723
27.3696289062
27.083864212
31.0410804749
32.5820503235
29.5681552887
29.1921730042
30.8226108551
33.576210022
30.8984909058
28.3203525543
31.5087623596
33.7975082397
28.7372913361
31.507478714
28.3997421265
24.2625694275
23.3588886261
25.9857559204
23.1331310272
25.4268169403
24.9964141846
29.41588974
26.8424510956
25.1951255798
29.9200019836
32.1916351318
28.9523944855
30.7013568878
33.3918190002
33.2739105225
31.7780666351
35.2033805847
38.4801521301
34.5403900146
36.2075042725
40.0979690552
40.9943962097
39.5759620667
40.6134643555
36.3656387329
37.1329994202
38.7741661072
41.8885650635
44.8223724365
42.4291877747
43.0978813171
40.9227218628
34.8279037476
37.781539917
41.5657539368
37.9410514832
35.0554389954
40.2119789124
41.2772407532
36.9897766113
36.9310646057
41.1063117981
41.1980133057
43.8743247986
41.0838394165
41.038230896
39.8117790222
44.5837478638
43.1440467834
47.2025947571
44.8172225952
44.6041412354
44.4378356934
49.1450653076
46.9413452148
44.9481010437
44.7512397766
47.3668479919
43.6877670288
40.5908660889
44.2858428955
44.3199577332
38.3314094543
38.7281417847
40.0338668823
39.1244888306
34.8280487061
36.4411430359
38.5871696472
39.0672035217
38.8452911377
31.9060726166
35.3295326233
38.7832145691
33.6069488525
34.2738494873
31.0325927734
29.0001621246
31.5441169739
35.9843978882
33.5282325745
32.9332427979
37.0986938477
38.7200660706
36.782245636
37.2624092102
42.5671539307
41.9361572266
41.7563171387
42.6280097961
46.5116767883
46.2089157104
47.2983360291
52.5652503967
17.2098770142
14.6097764969
14.0314807892
14.7635364532
16.4972076416
19.553150177
21.4367752075
23.2975025177
22.260969162
20.1199035645
23.8459587097
22.1290855408
24.2077465057
25.912197113
23.3826580048
22.0777873993
19.5657482147
19.9201583862
18.2313594818
15.4112901688
12.6299753189
14.4422149658
17.1624755859
17.5058498383
20.2298583984
23.4507656097
22.1311645508
25.0198059082
20.2278347015
23.5758399963
24.0268096924
24.330121994
19.8822803497
17.1793041229
16.3493995667
12.5360059738
15.3105821609
11.3445940018
15.8433189392
14.1315946579
18.1774692535
17.0253105164
14.6275510788
15.3115730286
15.2685184479
13.0748987198
11.5869493484
11.0996217728
9.61325073242
6.31774377823
6.68841600418
7.94643688202
5.26437616348
5.65062189102
6.18132066727
6.04386091232
7.37614440918
10.0626783371
10.9823169708
12.2612113953
16.9170913696
19.0813159943
21.2029647827
20.2982807159
15.4861955643
14.8501787186
15.9932060242
11.3393564224
15.9470891953
12.4115438461
10.8630228043
13.3933105469
13.8405094147
18.4481620789
18.3786468506
16.4651794434
11.7102251053
11.7361383438
10.062171936
14.021812439
14.8714284897
18.3992462158
22.1281585693
21.5864849091
26.2046318054
26.0436038971
25.9558124542
23.6501808167
25.1290988922
25.4816913605
27.8872528076
29.3114128113
29.973690033
29.6128063202
30.5784568787
32.5770339966
35.236366272
33.5873527527
37.1940460205
33.2196578979
38.1029777527
36.5433197021
36.5489349365
32.4332008362
32.2462272644
32.3903923035
29.7213344574
27.2736415863
26.8934116364
27.4346446991
24.9199466705
21.8847484589
22.8191642761
22.9801235199
18.6664199829
17.9587230682
20.6673355103
17.013885498
14.1269235611
16.9409732819
17.6264381409
14.644493103
13.6333942413
11.3309783936
12.6140823364
12.8216094971
12.1511116028
15.0885944366
17.9052658081
19.2599449158
22.337228775
20.5351333618
16.8236618042
20.5504798889
19.2182197571
25.4588279724
24.5742073059
28.4293079376
29.6125831604
28.9549217224
24.965385437
22.2148609161
19.6100921631
16.2901973724
13.7736282349
12.2259740829
9.47247600555
9.04834651947
18.8002548218
21.7865562439
20.981595993
20.2005786896
24.0589523315
25.5252456665
22.4985923767
21.8365383148
23.2988147736
26.0974025726
23.5026817322
20.9665565491
24.2947025299
26.621843338
21.9448547363
24.6805858612
21.8255252838
18.3120098114
16.5961799622
18.828130722
15.8237171173
18.1612606049
18.182554245
22.1999111176
19.3490619659
17.8372421265
22.6375522614
24.6910552979
21.6125888824
23.7263698578
26.1413650513
26.0479278564
24.9114456177
28.292016983
31.4170570374
27.8551101685
29.7621192932
33.4367218018
34.2262992859
33.1276397705
33.9542388916
29.6805820465
30.0791511536
31.5981121063
35.1161155701
37.9053039551
35.5368804932
36.6414642334
34.3916778564
28.3651275635
31.2887535095
34.7100639343
30.9090843201
28.1098861694
33.1877174377
34.0223426819
29.6034927368
29.5985183716
33.9074516296
33.7147598267
36.5095710754
33.681388855
33.5516777039
32.395980835
37.2767601013
35.8237380981
39.9842185974
37.8088264465
37.6400260925
37.9831352234
42.5167579651
40.5610466003
38.258014679
38.149723053
40.4382400513
36.9041786194
33.8045654297
37.1555213928
37.2596817017
31.3289756775
31.5456619263
32.6574935913
31.8561382294
27.5024909973
28.9666538239
31.1159572601
31.5193405151
31.4451293945
24.6820602417
28.2061538696
31.4800567627
26.2437133789
27.2346820831
24.3442001343
22.3767681122
25.4815998077
29.4728069305
26.8816452026
26.9510803223
31.051235199
32.3254852295
30.5484409332
31.6438026428
36.5578689575
35.6857185364
35.9767913818
37.1889038086
40.599357605
40.3307533264
41.8389053345
46.9754371643
29.8624134064
29.1239757538
24.7856769562
27.9022827148
24.2026576996
27.6172847748
28.3215770721
26.1246986389
25.0672531128
21.1531467438
19.9556598663
18.9004554749
16.7160301208
13.8788232803
16.3621997833
11.8955535889
14.9059915543
17.2643909454
20.4639263153
21.9455108643
20.0003528595
19.7966213226
18.2821235657
14.0324716568
16.4143123627
11.4704189301
14.3616495132
17.0135688782
20.0423240662
20.3538646698
15.7086353302
12.2547187805
13.4478254318
12.6710004807
15.9692792892
17.2158164978
20.5525665283
22.8690624237
24.3320274353
28.120059967
30.724193573
31.9019012451
32.2610435486
34.9853782654
36.6762924194
36.9689445496
32.5846099854
31.8568725586
33.5674285889
30.5676021576
26.4503765106
29.5934753418
30.1812171936
26.043598175
24.6857872009
26.5470046997
24.9028835297
21.3039321899
25.7676868439
26.0720481873
21.009853363
22.239276886
18.9536437988
15.8914871216
15.3234319687
16.2543640137
13.0164527893
15.1544332504
19.3376121521
17.5889835358
20.3620223999
24.8643283844
24.2507419586
28.0553607941
29.4691333771
26.925661087
25.1329936981
25.7324962616
21.7044582367
19.0182819366
17.2334651947
13.6748018265
11.2827568054
7.96374845505
5.84137916565
4.6394443512
3.97419095039
7.17920351028
10.6487007141
13.0073661804
8.82824516296
8.58324432373
13.6302671432
15.2625761032
12.932554245
11.18400383
15.7553863525
12.2718505859
16.5760364532
13.6897764206
18.705329895
21.0066299438
20.2190895081
14.7257537842
17.1692562103
20.260471344
16.8308429718
14.1364803314
17.9914703369
19.3260726929
15.5934534073
16.5919685364
20.3768615723
20.7371959686
19.1632423401
20.8440513611
24.5388679504
22.753364563
22.0726585388
25.8546180725
27.6709804535
26.7269916534
28.937002182
24.9329223633
25.9041595459
20.1189975739
25.252325058
19.6241436005
18.5096092224
16.5056533813
13.3127584457
12.9271583557
13.5137863159
11.5001754761
8.50024700165
6.68457365036
7.01961135864
7.28214073181
6.7803273201
10.3621807098
10.3579807281
11.611536026
10.6425924301
14.3497676849
14.1109666824
16.0454368591
19.6725025177
23.2678508759
26.8302288055
24.6003818512
20.8830223083
21.9064121246
25.473323822
23.1729431152
20.5005531311
26.486032486
28.8864650726
32.0472564697
32.5987472534
30.2172794342
30.9979934692
35.7206001282
34.0090408325
37.6817550659
37.2987785339
37.0290107727
33.4220619202
32.204788208
28.8019962311
29.6535511017
28.7596073151
30.4715652466
27.2096881866
24.1213665009
25.8831882477
26.6001033783
22.1483421326
21.2614421844
23.1238040924
22.1695728302
18.3084144592
21.1914138794
23.1775112152
17.8486003876
17.4463367462
21.3820705414
22.095495224
19.0161457062
21.8454437256
20.4892044067
23.8519134521
27.5060634613
26.3730144501
30.5368099213
30.926618576
31.5077419281
32.8749389648
28.3738155365
33.3615493774
35.5361976624
30.6022033691
31.7519607544
37.3825721741
35.485168457
32.0128517151
35.0260047913
39.6241912842
36.6077728271
38.9900588989
32.9412651062
31.5171813965
28.5458316803
30.1425418854
29.2535419464
30.7364559174
27.0301685333
26.5973873138
22.8097953796
28.0736923218
25.3928966522
26.2527217865
27.21966362
31.4716873169
29.783367157
25.7286186218
29.5294418335
32.4812011719
27.6647338867
26.2752742767
30.3052558899
31.9396839142
27.6671676636
28.4330978394
33.4265670776
34.7801055908
37.5826873779
34.4712486267
36.8461112976
36.386756897
31.2802352905
30.3526096344
30.1207199097
24.8493518829
28.6280651093
30.8032741547
26.2743167877
24.7513275146
28.4577941895
28.3712291718
24.1486873627
25.8472557068
29.9066543579
26.8497276306
25.3912677765
28.3134021759
29.9979019165
26.8633041382
27.0675754547
32.4948196411
21.0694561005
20.6357936859
18.3618011475
22.8760967255
23.7102413177
27.4057559967
30.1761302948
31.0921192169
29.083984375
26.9011154175
30.0922813416
28.7268638611
29.8589172363
30.2416992188
28.4826965332
25.6122016907
24.003276825
24.3653030396
23.5175628662
20.8972988129
17.8245563507
20.9108791351
23.506439209
22.183763504
26.1219482422
27.0445270538
26.6475696564
29.5581626892
25.1314678192
27.3295402527
27.1794815063
26.8579692841
23.495218277
20.9508247375
22.1170253754
18.365272522
23.1696529388
20.0446434021
24.411939621
24.0021858215
28.2165355682
27.6594047546
25.4796733856
26.0074596405
25.9482460022
22.9491519928
22.0860157013
21.8778171539
19.4337978363
16.6295661926
17.0022392273
17.5697975159
13.674249649
11.3309745789
13.0355701447
10.6438961029
7.35498142242
9.68311309814
12.7409763336
7.95692777634
8.94991397858
13.9869785309
12.5475816727
15.6966533661
13.8528699875
10.4557971954
13.4851856232
15.686709404
14.2611761093
18.8062324524
17.8752498627
18.8933448792
22.1904010773
23.7338886261
28.070482254
27.854429245
25.8308944702
21.692615509
20.1519107819
16.7168254852
19.1305942535
17.5778751373
18.5904312134
23.6578159332
21.1564044952
25.7332572937
24.9329242706
24.2298564911
21.6688079834
20.9996757507
23.4079113007
26.3907470703
26.1317481995
25.7965106964
26.4819221497
29.102060318
30.4258041382
32.016204834
29.6739311218
32.4560203552
27.8209095001
31.613155365
28.9964332581
28.9482479095
26.0054283142
25.2732753754
24.098493576
22.0970172882
20.4926815033
18.7408103943
18.8109817505
17.462562561
14.108672142
13.4820537567
13.8293552399
10.0176544189
8.72391891479
10.196639061
8.59796333313
5.0613951683
6.37073516846
7.53610706329
6.70296192169
4.90063238144
5.42298412323
7.96364736557
9.19480514526
12.6463832855
12.2842121124
16.2013092041
18.6593933105
18.8302288055
14.5965204239
16.1613826752
17.3124141693
21.7209606171
21.952545166
25.8613452911
26.1024990082
24.1781463623
20.1636810303
16.6913166046
15.9530620575
11.3115558624
11.6911478043
12.6089887619
7.97044706345
10.2996273041
19.7818870544
22.6019191742
20.7168750763
18.5717391968
21.9197387695
22.01121521
18.3492279053
18.1743011475
17.8622531891
20.8210144043
18.0192584991
17.315372467
21.4155540466
22.9023799896
20.7651424408
21.6033267975
19.4281997681
17.825553894
13.765873909
15.0820741653
12.2516851425
10.65736866
8.45558261871
13.3241109848
12.3048448563
9.85773563385
13.6034078598
17.7518196106
14.8615589142
15.3581485748
18.4581813812
19.8037166595
18.3957843781
20.47905159
25.092590332
22.4733467102
23.143705368
26.2139854431
28.1229496002
27.9652385712
29.1885585785
25.8201065063
25.5129089355
27.2001781464
31.5069503784
34.1672821045
32.5254745483
35.0556602478
33.1399269104
27.7418689728
30.5996265411
32.5697479248
28.0950489044
26.1514930725
30.4808273315
30.1734008789
25.1790275574
25.3927879333
29.9435749054
28.1906852722
31.7498188019
28.6922149658
27.4198246002
26.01912117
30.8486251831
28.2834873199
32.9339675903
31.5665664673
30.1749610901
31.1834545135
34.8824195862
32.8555107117
29.9717178345
29.2226200104
31.2546253204
27.1925849915
24.755147934
28.5104885101
27.5345134735
21.7158584595
23.0742416382
23.878824234
22.3010959625
18.5470409393
21.1517429352
22.5889358521
24.4947719574
23.6316871643
17.241312027
19.7133522034
22.4631652832
17.5517902374
17.0661792755
13.7493829727
12.0708532333
14.5440454483
18.6769618988
16.5700798035
16.7106361389
20.4598293304
21.9536972046
20.8431663513
21.6977539062
26.3016891479
26.0365600586
26.6409492493
27.449016571
30.8982391357
31.4194583893
33.1618118286
37.8771286011
27.4291763306
26.0114860535
22.4739837646
25.3888378143
23.7155799866
27.6343650818
28.622959137
28.2789936066
27.367723465
23.2474746704
24.2655220032
21.8087787628
21.128862381
19.548242569
17.7270030975
14.1125392914
13.2023544312
13.4903268814
14.3201007843
13.6462907791
11.2620105743
13.7744731903
15.2349290848
12.8702163696
17.5565414429
17.9228878021
19.4943008423
23.3913650513
22.9303607941
25.0535850525
22.1878509521
19.9644546509
17.6222763062
14.3455944061
16.0222377777
12.5480995178
17.7858829498
16.6933422089
19.1519794464
21.6331329346
25.2300510406
26.445318222
25.9384002686
27.5094928741
29.2353115082
28.3311843872
24.2852783203
25.0966396332
25.5660972595
21.5551109314
19.4281330109
22.89295578
21.32853508
16.8236598969
18.0439853668
19.0007038116
16.2174491882
14.3628988266
20.2318630219
18.7509689331
15.3593873978
19.5776844025
15.7177658081
15.4686222076
12.5520524979
11.3045186996
9.90823078156
14.6714401245
16.0541400909
18.089050293
18.3130474091
21.1010475159
21.620223999
24.4149951935
27.6395263672
25.3533229828
22.3890914917
20.6968612671
18.153339386
14.7728347778
16.4287929535
13.3217906952
13.781867981
14.8822393417
12.2437505722
16.0415649414
13.5137882233
11.6471300125
8.3031873703
8.97194290161
9.70855331421
12.494222641
13.4670085907
13.4870586395
13.4353713989
15.0009441376
16.7905387878
18.859708786
17.3928413391
20.8453960419
17.4769668579
22.9074573517
21.7223682404
22.543680191
18.1325721741
17.2524700165
19.0539855957
17.2311077118
13.3362789154
14.1776475906
17.0748214722
14.0503835678
10.5994510651
13.8895587921
16.1004371643
12.5599365234
11.6991491318
16.9245567322
16.3149433136
12.9879379272
15.6766796112
19.1785011292
18.8304367065
18.8035869598
14.5965232849
13.7787494659
7.88684463501
12.3020544052
6.54336977005
6.75961303711
5.42116451263
6.16654777527
5.13413619995
5.56789302826
6.48925018311
11.5414466858
14.2289562225
17.5605010986
16.1365814209
16.9565258026
14.0437669754
10.6727647781
9.98128128052
6.94531774521
4.89524698257
5.58837223053
8.93239593506
11.0114936829
14.8470573425
14.1910028458
10.605301857
10.2733201981
14.479757309
13.34856987
9.91941928864
14.1785707474
16.5411434174
19.8696994781
19.8342876434
17.1919689178
18.6451148987
23.0504570007
20.9753646851
24.4968929291
23.9649181366
23.8517494202
20.2469882965
18.9260673523
15.5869703293
17.0708599091
17.3737621307
18.7056369781
14.6531906128
12.1393251419
15.1447381973
15.4454755783
10.9872999191
12.5655765533
14.1341543198
13.047501564
10.6450881958
14.8165206909
16.9720211029
12.2782926559
14.407746315
18.3911552429
18.6709308624
16.9415740967
18.2522640228
14.6299543381
16.2581138611
19.1350574493
20.9169063568
24.494020462
23.4585819244
24.9040164948
24.4930820465
19.0551242828
23.5099449158
25.8855381012
20.8838806152
20.6664142609
26.3266372681
25.1882972717
20.9782218933
23.2007045746
28.0106525421
25.7140884399
28.4227733612
23.2942085266
22.365354538
20.0889225006
23.7257728577
22.6987819672
25.8206329346
22.8691501617
22.9465885162
22.2810325623
27.2848758698
25.4368000031
23.9457778931
24.7373504639
27.5683479309
25.2106132507
21.1580410004
24.2171401978
26.3363723755
20.6931591034
19.265083313
21.9883518219
23.0704708099
18.1411933899
18.6973800659
23.1663532257
23.8319168091
26.1195774078
22.171081543
25.1579780579
25.7077083588
20.1675338745
20.7584896088
20.3386478424
15.9686393738
20.9694576263
23.0775699615
18.7188262939
19.2166633606
23.2427368164
23.0664215088
19.9564552307
22.8320655823
26.7931251526
24.1079063416
24.4725608826
27.3411617279
29.0886154175
27.3462352753
29.1272029877
34.3366203308
28.8566932678
29.119102478
24.4791221619
29.0133457184
25.3443222046
28.689874649
30.3688144684
27.8878536224
25.9214019775
23.1022109985
22.3309593201
22.5534038544
20.9853210449
19.0851993561
22.4207401276
18.0777950287
21.0593338013
23.6399364471
26.5823860168
27.5889816284
25.0842685699
25.1408023834
23.7506313324
19.3349781036
21.3535118103
15.1767196655
16.9940624237
18.2969493866
20.3129711151
19.3861255646
15.46641922
12.9123544693
15.1666164398
15.6704683304
19.5669879913
21.436088562
24.917640686
27.2293586731
29.4481716156
32.7067642212
35.531627655
36.0983467102
36.0646629333
38.8675727844
39.982875824
39.9021186829
36.292339325
34.7223358154
35.8807640076
33.4422073364
29.2724685669
31.4849452972
32.1294441223
28.429309845
26.2333946228
27.4968490601
26.0609874725
22.4944972992
25.815032959
25.8666210175
20.5655002594
20.2052021027
16.8355178833
13.0282487869
13.791852951
15.9422216415
14.065984726
14.5366125107
19.838722229
17.4387893677
21.4095687866
26.4310073853
26.6761379242
30.6104278564
31.9259986877
30.1774711609
29.0796794891
29.2677688599
24.8204174042
21.8351364136
19.1015033722
15.453751564
11.3970918655
10.80514431
8.22806549072
6.21703052521
7.28214073181
9.76223278046
12.6318969727
14.2082929611
18.5733108521
14.8375148773
12.4721298218
17.3757419586
20.1827049255
18.8037471771
16.0785446167
19.8655223846
14.9935474396
18.4054775238
14.3822059631
17.5550289154
20.372467041
18.1333274841
13.1200056076
17.2115421295
19.0844039917
14.5960998535
13.8578233719
17.697807312
17.1450691223
13.7513399124
16.8130130768
19.8414859772
18.8790779114
18.5374107361
21.312084198
23.594871521
21.5607013702
22.3944225311
26.2522983551
26.9176044464
26.0567760468
29.285610199
25.8613414764
27.8180465698
22.723608017
28.2860069275
23.5914859772
21.3937587738
20.8163013458
17.5609645844
18.1599578857
17.5604953766
14.3268957138
11.9726066589
7.88666343689
4.89987564087
5.74346351624
6.19606161118
7.4966840744
10.952041626
10.4792928696
15.7145404816
16.9487514496
19.9565505981
22.2100505829
26.8036289215
31.9836864471
30.3399925232
26.4795761108
26.8780250549
30.4749317169
27.8340148926
24.698507309
30.5987854004
32.2897644043
35.5203132629
35.7013702393
33.974697113
35.3473930359
39.5512924194
38.2787284851
41.2530212402
40.6861381531
40.3107337952
36.3189659119
35.4025611877
31.9925384521
31.7046604156
29.7806377411
32.0083885193
29.7167739868
26.1904582977
27.381811142
29.4056510925
24.9037895203
22.5704860687
25.2660980225
25.2834873199
20.822183609
22.6702823639
26.0970458984
21.1785621643
19.1102676392
22.7357082367
24.7907581329
22.2736339569
25.7082691193
25.1055526733
28.1030693054
31.8657836914
31.1617298126
35.2612991333
36.0031967163
37.2083396912
38.5568618774
34.1064949036
38.982093811
40.757194519
35.5847320557
36.7661323547
42.1418685913
39.9443817139
36.1362686157
39.0460319519
43.7365264893
40.1843299866
42.9628715515
36.94140625
34.8934593201
31.7348327637
33.1716499329
31.4150772095
33.0778274536
29.8438472748
28.179227829
24.0453090668
28.6423835754
25.3532466888
26.4482707977
26.6691112518
31.408197403
29.2110481262
25.7170448303
30.4246578217
32.5204429626
27.9241104126
27.6068496704
31.7219429016
32.7876396179
29.0694179535
30.7021179199
35.2022628784
37.5222702026
39.6916007996
36.5472755432
38.3536872864
37.7333564758
32.9405517578
30.8268470764
30.2145767212
24.8790550232
27.4956493378
30.0119724274
25.8861808777
23.1723613739
26.587852478
27.0272197723
22.7689266205
23.194524765
27.5431900024
25.1747226715
22.7766036987
24.9548187256
27.3447151184
24.5155010223
23.8469753265
29.2786636353
32.5315551758
32.5403251648
27.9119052887
32.3126029968
28.8625965118
32.4090652466
33.7572555542
31.5191287994
29.9020175934
26.5262527466
25.6398735046
25.059305191
23.0486221313
20.2426490784
22.7643013
18.269405365
21.0117683411
23.0194339752
25.9834766388
27.0707988739
24.9084339142
25.4077587128
24.3627128601
20.1242694855
22.7919940948
17.4969654083
20.0599594116
22.0763244629
24.3864574432
24.0122356415
19.8567028046
16.8281536102
18.5228786469
18.0960445404
21.7471561432
22.5721893311
26.4853229523
28.299949646
30.2275409698
33.7320175171
36.6363143921
37.6546783447
37.6909828186
40.2379112244
41.6798477173
41.429019928
37.4949760437
36.6742973328
37.7236785889
34.7440414429
31.0078411102
33.6817779541
33.6745529175
29.6125831604
28.2931938171
29.3957576752
27.4076042175
24.2085342407
28.3212356567
27.56108284
22.4210453033
22.9761543274
18.1894664764
14.7186965942
14.1344766617
16.9832782745
15.5807962418
17.4935779572
22.533033371
21.0306377411
24.4587783813
29.2324695587
29.3998012543
33.2309684753
34.9044303894
32.7493934631
31.0558547974
31.1214637756
26.9891853333
23.8154850006
21.9458026886
18.0150051117
14.4329376221
13.3238983154
10.1464929581
8.57828807831
6.78032636642
7.33982276917
10.0149011612
10.5937004089
15.1135520935
11.4385070801
8.03993797302
12.7483234406
15.8825359344
14.9357185364
11.8563861847
15.0393304825
9.98666095734
13.3073225021
9.45609951019
13.1638832092
16.0051288605
14.4473972321
9.18046951294
12.8753919601
15.5889530182
12.045624733
10.5707349777
14.7778320312
15.501540184
12.3933191299
14.9860887527
18.2818431854
18.3846969604
18.2284259796
20.366268158
23.1128063202
22.3610076904
22.518453598
25.6937618256
27.2371730804
27.0949745178
29.6450271606
26.1025009155
27.2289237976
21.9052886963
27.3862476349
22.0365848541
19.4158115387
18.4472579956
14.5379476547
15.8019733429
16.1365833282
12.2410144806
11.2710933685
5.41932249069
7.03436517715
5.74346446991
5.50994205475
7.70854187012
10.1206674576
11.2830619812
15.3306503296
16.7546901703
19.6357383728
22.3040313721
26.4035892487
30.1025600433
27.9973773956
24.0130577087
24.3857555389
27.4860248566
24.4011917114
21.6446418762
27.9472961426
29.5932807922
32.6302185059
33.3380851746
31.747253418
32.6417541504
36.9267730713
36.2649536133
39.1796112061
39.0726661682
39.3237876892
35.2389221191
33.7634963989
30.6076965332
30.2643795013
28.7546081543
30.1343479156
27.7503890991
24.4901161194
25.080324173
26.4144535065
22.201499939
19.8655910492
21.9099941254
21.7031822205
17.3651123047
18.9673671722
21.7426223755
17.0439071655
14.8087148666
18.1966876984
19.9896373749
17.4111824036
20.9507427216
20.8907852173
23.9649677277
27.789899826
26.6584300995
30.7156658173
31.8075504303
33.1615600586
34.8460273743
30.9051589966
35.7145118713
37.0647621155
31.9226131439
33.6262664795
38.7344512939
36.1992454529
32.6807594299
35.8704223633
40.4022293091
36.5715293884
39.1893463135
32.9888687134
30.8481311798
27.6161365509
28.5664691925
27.0315074921
28.2890377045
24.982252121
23.4618186951
19.0945663452
23.8143444061
20.6967792511
22.0160293579
22.6386051178
27.290271759
25.6464347839
21.9704437256
26.214422226
28.918384552
24.6892204285
23.7925758362
28.078502655
29.6490917206
26.0522918701
27.2463302612
32.0108299255
34.1622161865
36.7869110107
34.421661377
36.0936546326
34.9405517578
30.394487381
28.5006694794
28.6232357025
23.3194408417
26.3464565277
28.0303783417
23.7082958221
21.6512393951
24.7482337952
24.5470809937
20.2134780884
21.5451602936
25.141708374
22.0989322662
20.1093254089
23.043258667
24.4801845551
21.1509590149
20.9497470856
26.3177852631
23.7792568207
23.2979240417
19.3537483215
24.0490932465
22.5997486115
26.6840858459
28.7937469482
28.3464279175
26.5100097656
23.2579040527
24.9410114288
23.5164756775
23.3914070129
22.4969959259
21.9279613495
17.9514312744
17.75831604
18.8519001007
19.7213382721
18.6667003632
15.5497560501
17.8889293671
19.113363266
16.1307792664
20.4019927979
19.2949180603
20.0946216583
23.2862739563
21.4042930603
22.9339561462
20.8666133881
19.3024177551
17.1729106903
14.6896009445
17.2679367065
14.7944726944
20.2324962616
19.2589359283
22.7802562714
24.5554866791
28.4393863678
28.8214359283
27.7606544495
29.4296360016
30.3664684296
28.8890781403
25.9412078857
25.6018180847
25.2412815094
21.9298496246
19.7272071838
21.9902172089
20.2797584534
16.2901954651
16.3805942535
16.4004116058
13.5730867386
11.7356548309
16.713924408
14.4336090088
10.4398727417
14.0797243118
9.4760389328
9.62558746338
6.69682836533
5.61529970169
6.60187387466
10.8112668991
13.1331338882
15.3969764709
16.5328941345
19.9484081268
21.6914825439
24.6782398224
28.0375041962
26.6332569122
24.3946075439
22.0932693481
18.9135551453
14.915605545
15.6154918671
12.1098833084
11.2883853912
15.0534467697
11.5603790283
15.7265625
14.3497676849
13.5107116699
11.4129371643
11.0325317383
14.6723241806
16.295955658
15.5575351715
16.2766933441
17.6881904602
19.5451774597
20.0640716553
22.1910915375
19.2425251007
22.4303207397
17.7413902283
22.1511707306
20.8003101349
20.5284023285
16.476140976
16.5261974335
16.7933349609
13.9313583374
11.3629255295
11.6025733948
12.6417818069
9.61117935181
6.93048143387
9.48165893555
10.4071922302
6.76365375519
7.50544214249
11.7009143829
10.4585008621
8.30481529236
11.929807663
14.1404323578
13.8407945633
15.1077222824
11.3115539551
12.4273033142
7.73340129852
13.3137788773
10.2782049179
7.97322320938
10.1082439423
10.1334848404
10.7715702057
6.94531869888
6.31174039841
7.28558301926
10.8828353882
11.9636564255
15.7145404816
15.3306474686
14.1893854141
10.4478168488
6.81467914581
6.22124910355
4.53856801987
8.30345058441
8.31196498871
12.8226518631
19.7833595276
20.1050186157
16.6953983307
15.5807466507
19.5076293945
17.9784145355
13.9860925674
17.744096756
18.8101959229
22.2380218506
21.3914852142
19.8347663879
22.3452911377
25.7701187134
24.2158679962
26.5783748627
25.615776062
25.1603145599
20.9799690247
20.3604488373
17.0008068085
16.4834308624
14.9786520004
17.5962314606
15.0664482117
11.4905729294
14.0604162216
16.8729286194
12.2486963272
11.3992786407
14.7292413712
15.3005275726
11.8506288528
14.7676553726
19.2193984985
14.990489006
14.9781208038
18.9451808929
20.8509197235
19.679309845
21.7724914551
19.0632629395
20.2699241638
23.2268753052
25.5636081696
29.0725727081
28.4060382843
30.5270423889
30.0646038055
24.8071956635
28.9473838806
30.8447704315
25.6768836975
25.3861465454
30.5657672882
29.1710453033
24.5088500977
26.405790329
31.2857494354
28.430273056
31.6923313141
26.7799892426
25.0712223053
22.6093273163
26.2708396912
24.0757312775
27.7074642181
25.3091983795
23.9657115936
23.1842956543
27.6956920624
25.2364730835
23.5479984283
23.4410877228
26.699464798
23.3799610138
19.8196697235
24.1456756592
25.0165710449
19.070526123
19.2262115479
21.9543418884
22.038312912
17.5498790741
19.5893135071
23.2858791351
25.3038711548
26.4986457825
22.0713310242
24.3943824768
25.0537948608
19.6967182159
18.6083259583
17.2286109924
12.3823709488
16.4479179382
19.5652389526
15.4745035172
14.612569809
18.9780864716
19.6456413269
16.5256462097
18.2357025146
23.0296649933
21.232831955
21.0124721527
23.0824966431
25.879776001
24.830575943
26.2001552582
31.5086803436
23.9478359222
22.055934906
19.0328407288
21.1847553253
20.0208568573
23.849313736
24.8340206146
25.0082130432
24.2284164429
20.2500514984
21.9643974304
19.4143371582
19.5276851654
19.0075931549
16.6220283508
13.7379932404
11.8885154724
12.237991333
12.2496519089
10.8202629089
7.76308631897
10.4135665894
12.4704837799
10.8556442261
15.447142601
17.2105541229
17.9334869385
21.8625392914
20.3863277435
23.0876216888
20.9325847626
19.349067688
16.0165042877
12.4239416122
13.2074136734
8.78433799744
14.1285381317
12.3219947815
15.3876085281
17.2583885193
21.0708217621
21.9390602112
21.1990566254
22.7561435699
24.3449840546
23.4682846069
19.5014228821
20.1871509552
20.7056503296
16.7152481079
14.5836324692
18.141702652
16.72864151
12.2259759903
13.6356534958
14.9440288544
12.4882068634
10.6464147568
16.6530265808
15.959605217
13.2331800461
18.0058078766
15.9925537109
16.4352760315
14.1634597778
11.0964746475
9.0665397644
13.2713155746
12.9289560318
15.6911802292
14.7646446228
16.8079452515
17.3953647614
19.8767032623
23.3809928894
21.3222808838
18.3628044128
16.1129169464
13.9174604416
10.6759634018
13.295258522
11.1273088455
13.1957540512
14.9389791489
13.2994832993
17.6702461243
16.0454368591
14.9935417175
12.1195678711
13.7220172882
13.7353019714
16.223608017
17.7994346619
18.28632164
17.8605289459
18.7901496887
20.8344593048
23.3457775116
21.983455658
25.6239013672
22.1981468201
27.5888442993
26.4397144318
26.9842700958
22.4942188263
21.9614429474
23.3384284973
21.0945281982
17.6080913544
18.1487770081
20.2553405762
17.1717529297
13.7985534668
16.4323348999
17.9608306885
13.7418785095
12.8737020493
17.7823448181
15.9102249146
12.2295026779
15.4930830002
18.454957962
17.1782035828
16.9020595551
12.6089878082
12.1920318604
7.02608013153
10.4888086319
6.77383899689
9.15696620941
8.66120529175
10.8696126938
8.84380245209
5.58837366104
9.87652778625
8.82186508179
15.21692276
16.3332042694
19.9565429688
19.6357421875
20.1698513031
16.782087326
13.6611795425
11.7297401428
8.30345249176
4.37064933777
5.74925279617
7.56463956833
13.9936361313
14.4766054153
11.857298851
11.6209564209
16.1180591583
16.208990097
12.9859952927
15.379699707
17.8435974121
21.14702034
20.3151779175
17.280134201
19.3188056946
23.4241046906
20.1465206146
23.915845871
22.6855392456
21.5838928223
18.4293518066
18.0213451385
14.4087181091
16.7346038818
17.1724834442
19.4404964447
15.2766990662
12.9558200836
17.0998382568
17.8167457581
13.6774749756
15.8215513229
17.6838569641
16.7590122223
14.9472808838
19.0225143433
21.311542511
16.9384288788
19.2048091888
23.1329250336
23.4001922607
21.758638382
22.7867298126
18.7348213196
20.023891449
22.3877429962
24.6634273529
28.0091724396
26.3833122253
27.4668216705
26.4093894958
20.4939632416
24.6489162445
27.6599769592
23.0483589172
21.8338470459
27.6185665131
27.2400875092
22.9550304413
24.501291275
29.2606086731
27.7790679932
30.4587039948
25.9997673035
25.5120639801
23.6411685944
27.7583827972
26.758928299
30.1783294678
27.3684329987
27.5704345703
27.1777648926
32.1238822937
30.2645511627
28.5747146606
29.1484127045
31.8271961212
29.1256504059
25.2865333557
28.395362854
29.9906539917
24.1417312622
23.1382732391
25.3497886658
25.8988990784
20.950750351
21.7063598633
25.5701713562
25.9644966125
27.6694698334
22.6683521271
26.0628948212
27.5364151001
21.8431930542
22.7772789001
21.5370140076
17.7147350311
22.4210929871
25.2472114563
21.2895393372
21.6615428925
25.8964290619
26.1893234253
23.4130554199
25.758934021
30.157989502
27.9790554047
28.2890872955
30.686548233
32.9966697693
31.6328620911
33.2991600037
38.5624771118
21.4989738464
20.0065345764
17.2824840546
20.3554935455
20.1680316925
24.0117492676
25.8128585815
26.4370136261
25.1197032928
21.9373588562
24.5142498016
22.5074462891
23.2704391479
23.3778648376
21.2218856812
18.5046920776
16.6563282013
16.978761673
16.337348938
14.0691719055
10.8951559067
13.8748540878
16.3749103546
15.1121749878
19.2814655304
20.8591842651
20.8796443939
24.345249176
21.2717933655
23.9102687836
22.7711353302
21.8743247986
18.3140258789
15.1531162262
15.9880800247
11.7039756775
16.7880096436
14.0308389664
17.9800491333
18.5724964142
22.7032642365
22.8472385406
21.3696556091
22.4884033203
23.3785362244
21.5951538086
18.8198890686
19.1298542023
18.4292850494
14.6968288422
13.5943870544
16.049829483
13.5734596252
9.47247505188
11.2809429169
11.3298397064
8.3385219574
7.86843919754
13.4245147705
11.6115140915
9.87422370911
15.2885408401
13.7833833694
15.4181509018
13.2902011871
9.3839225769
9.55960941315
12.967001915
11.7066354752
15.6715307236
14.4577999115
15.9590196609
17.8567466736
19.8976287842
23.9329719543
22.7425308228
20.18592453
16.8163280487
14.9740610123
11.4966974258
14.372051239
12.6259946823
14.5286750793
18.1241779327
16.1458644867
20.7895107269
19.672498703
18.8706588745
16.1483860016
16.7521381378
17.8606147766
20.6238822937
21.4074325562
21.5756492615
21.6078414917
23.2909736633
25.0505752563
27.2186183929
25.4078369141
28.7497386932
24.721162796
29.5311737061
27.7721195221
28.0362529755
24.0648231506
23.4940052032
23.8113708496
21.5137195587
18.7423839569
18.3346099854
19.5890674591
17.0251274109
13.501244545
14.975107193
15.992389679
11.5126609802
10.5284786224
14.5860929489
12.3450841904
8.37888240814
11.6992578506
14.0869321823
12.6290168762
12.0685510635
7.97044944763
8.39436244965
5.40301895142
8.17812252045
7.93915271759
9.58644866943
11.3769264221
14.0029277802
12.9727926254
8.93239593506
12.1425685883
12.0564775467
17.7974700928
18.3112792969
22.2100467682
22.3040332794
21.7017440796
17.8436431885
14.4383144379
12.7478914261
8.31196403503
6.18416309357
5.74925231934
5.87031507492
15.3642158508
17.2370986938
15.1011562347
13.8880186081
18.053445816
18.362865448
14.851348877
15.8797998428
17.3617725372
20.6382160187
18.8991565704
16.5137042999
19.5746593475
22.7144508362
19.5050010681
22.3478412628
20.5869159698
19.0290813446
15.5719203949
15.9678525925
12.3877325058
13.7785739899
13.5677623749
16.8052864075
13.4559764862
10.9741544724
15.4648656845
17.5148143768
13.7042255402
15.4101762772
17.8960857391
17.8746871948
16.2249336243
19.6524982452
22.9794006348
19.2699565887
20.933467865
24.6177749634
25.5732383728
24.5465526581
25.633556366
21.740190506
22.2942943573
24.3403720856
27.6129817963
30.6706733704
28.9156627655
30.5769271851
29.0160751343
23.1643733978
26.7501449585
29.4756469727
24.9204692841
23.1850605011
28.4979534149
28.2887382507
23.6224822998
24.5463066101
29.298122406
27.8510723114
30.9038543701
27.0548419952
26.3249073029
24.6695327759
29.2330760956
27.6015071869
31.6117343903
29.3650684357
28.9421825409
29.1508769989
33.6598892212
31.7019786835
29.4827041626
29.5185165405
31.9758224487
28.6675834656
25.3085193634
28.7405891418
29.3181591034
23.3385791779
23.2599830627
24.9136371613
24.620349884
19.9752426147
21.4641799927
24.42537117
25.3193435669
26.0251979828
20.2614021301
23.5006790161
25.5975437164
20.0396556854
20.5864601135
18.5241985321
15.3257160187
19.4037475586
22.8264007568
19.4616470337
19.7047863007
23.9174385071
24.7179012299
22.5097980499
24.2734279633
28.9102649689
27.4755439758
27.8770751953
29.649728775
32.5132789612
31.8980026245
33.5912437439
38.7202377319
24.7051010132
22.5132350922
20.6816616058
22.1451797485
22.5581951141
26.0651512146
27.1453781128
28.3436737061
27.6949672699
24.2759380341
26.8281345367
24.1471195221
24.9693908691
25.0847034454
21.6531181335
19.8306770325
16.9796562195
16.2765712738
14.4818592072
11.4154882431
9.18046092987
12.7409801483
16.1905136108
16.322353363
20.3860607147
23.5948047638
23.7460193634
27.5116729736
24.7069358826
27.842672348
26.6834506989
25.6967048645
21.7955417633
18.2480716705
18.0286216736
12.6949052811
17.0081920624
12.9872169495
16.3209857941
16.2983264923
20.3772163391
20.8989276886
19.4075737
19.7790203094
21.1000881195
19.1880111694
16.0832462311
17.9305915833
17.2128067017
12.7437467575
13.1813812256
16.2427520752
13.0396366119
9.04834365845
13.0291576385
13.2937164307
10.5795793533
11.3802537918
16.5954608917
14.9725170135
14.7609453201
20.2896747589
19.0689105988
20.8411254883
18.4202823639
14.7476940155
14.4673042297
17.971912384
15.7134304047
19.8570842743
17.6187534332
17.7732524872
19.0825557709
20.2941093445
24.5566902161
23.0816497803
20.0023193359
16.3357963562
15.9732084274
13.4351663589
17.458486557
16.492855072
19.1656398773
21.7622394562
20.2952919006
24.8204879761
23.2678527832
22.0040645599
18.7679901123
19.3749332428
18.8550434113
22.5985145569
24.139629364
23.486333847
22.5974731445
24.4883556366
27.0951652527
28.8384571075
28.0255584717
31.2219409943
27.8736038208
32.9463043213
30.7823448181
31.7316379547
27.9074611664
26.5676040649
27.1932106018
25.6658878326
22.4466533661
21.7093315125
23.7994937897
21.508972168
17.2557048798
18.6012001038
20.4430389404
16.0272121429
13.852678299
18.1696357727
16.8905982971
12.3298044205
13.9037828445
17.1953144073
16.0821094513
13.7463407516
10.2996263504
8.21687889099
6.78273487091
5.52417755127
7.09062242508
10.8506803513
11.8587856293
15.6708145142
14.1230287552
11.0114955902
15.3613710403
15.6717596054
21.7718715668
22.9964294434
26.8036289215
26.4035892487
26.3882331848
22.7207355499
19.0655555725
17.6278076172
12.8226499557
10.0306501389
7.56464099884
5.87031507492
10.9313249588
13.8849906921
12.9530963898
11.6552248001
15.364610672
16.9222106934
14.2320165634
13.2016239166
15.0868787766
17.9890956879
16.1088886261
12.9862117767
15.9405822754
18.9968452454
14.7674560547
18.2269134521
16.3041782379
14.5212249756
11.8239068985
12.2949924469
8.90640544891
12.4280815125
14.0756444931
16.3578586578
12.1949043274
11.2644748688
16.1310997009
16.7436122894
13.9135971069
17.2826461792
18.6985282898
18.0565471649
17.7883472443
21.4144134521
23.521818161
20.4470710754
23.2087593079
26.5365447998
26.6525821686
25.811662674
26.094827652
21.6308364868
21.6254844666
22.9209690094
26.6865596771
29.2783336639
26.855096817
28.2275218964
25.9671192169
20.053445816
23.047826767
26.1616573334
22.1903038025
19.6088161469
24.8383197784
25.387386322
20.990978241
21.3326435089
25.8428878784
25.3838787079
28.0972671509
24.9953556061
25.0300197601
23.991350174
28.9189624786
27.8967094421
31.9210605621
29.7989902496
30.1752338409
31.1230278015
35.5671234131
34.1221427917
31.5966262817
31.9448356628
33.7501983643
30.8202095032
27.482378006
29.9660549164
30.7562885284
25.0276813507
24.3550853729
25.3412265778
25.2213973999
20.556760788
21.2146396637
23.8686065674
23.6540241241
24.4701576233
18.5207538605
22.3729934692
25.0103034973
19.5556144714
21.5852622986
19.9058628082
17.7797317505
22.1911296844
24.9523086548
21.8517189026
23.2083091736
27.0942993164
27.4957370758
25.7459049225
28.1258983612
32.1943740845
30.5652084351
31.5714912415
33.5906410217
35.944984436
35.3497962952
37.4532165527
42.3919525146
30.0817699432
29.3126525879
26.5177612305
30.4745693207
30.4606361389
34.3735313416
36.2579307556
36.7829551697
35.3309555054
32.0793113708
34.2402229309
32.0406723022
32.1105690002
31.0885848999
28.6784362793
25.5617961884
23.9125232697
23.389755249
22.6934165955
20.4267749786
18.3035488129
22.0293979645
24.8058261871
23.4592380524
28.0814113617
29.0186328888
29.9249248505
33.4909286499
30.9906463623
33.1363449097
31.5552520752
30.0788059235
27.327413559
24.2213363647
25.6096973419
21.1372108459
26.404302597
23.3426017761
26.5995121002
27.2678279877
31.3106632233
31.9254798889
30.3814582825
30.7016582489
31.6610012054
29.0321521759
26.8425655365
28.2271995544
26.5632209778
22.6556224823
23.103345871
25.1951217651
21.2395763397
17.8372402191
20.7341880798
19.4330120087
15.832985878
17.0111064911
21.6534843445
17.2094345093
16.5507297516
21.329246521
16.6970119476
18.7746257782
15.2877025604
14.2617149353
16.8579158783
20.8675231934
21.061882019
24.8661155701
24.4968414307
26.0897350311
28.2459125519
30.1013069153
34.2879753113
32.9709968567
30.0814170837
26.6882648468
25.2495250702
21.7221431732
24.3382053375
21.7891235352
22.1322746277
25.5117969513
22.3627414703
26.3771591187
24.1213626862
22.1186141968
18.7586097717
16.5000305176
18.2357292175
22.5755882263
22.1441230774
19.8877887726
20.1479949951
24.1509780884
25.9520511627
26.1291122437
24.8198490143
26.8002662659
23.0726947784
26.7978172302
23.1768856049
24.5376930237
22.2948226929
19.8034248352
19.1203193665
19.1230335236
16.6339874268
14.0318040848
16.5790061951
15.9365997314
11.0161380768
10.7073450089
14.0320091248
11.0924873352
7.35178136826
11.16954422
13.7989778519
9.67767524719
7.61546039581
12.862988472
14.7310066223
12.2259378433
9.85773468018
6.74879837036
6.94318008423
7.99070692062
8.63957118988
6.63815975189
10.9214887619
13.4493026733
14.7833061218
12.1393241882
13.0412082672
16.6151065826
19.8901023865
22.6899604797
26.1904621124
24.4901180267
23.4231719971
20.2235908508
15.9525680542
17.044626236
11.4905700684
12.3133983612
12.9558200836
10.9741573334
11.2644758224
15.3847303391
17.3706073761
15.2664766312
12.3284654617
14.4481964111
13.7928972244
10.5849542618
10.3154459
9.22320842743
12.3566589355
10.7780647278
10.5857467651
14.0016002655
15.8680124283
15.7577867508
16.4733371735
15.9862098694
16.9650440216
12.321762085
10.7135944366
8.67608833313
6.29747629166
6.90229320526
7.17282438278
4.5047917366
5.34437036514
8.21498298645
5.9490609169
8.05334091187
9.51493263245
10.8773088455
10.9558200836
12.749625206
16.3303661346
15.0122919083
16.4781894684
18.7318935394
19.9483146667
20.4970016479
21.0536174774
17.9133796692
16.7101669312
18.0835323334
22.9123249054
25.1895122528
23.7699832916
26.9647350311
25.2437839508
20.6840744019
23.277841568
24.2774028778
19.6010112762
18.470331192
22.3630084991
21.2749195099
16.2378501892
17.0592403412
21.7635326385
19.1134319305
22.7801303864
19.2885532379
17.7648029327
16.4102077484
21.3730812073
19.0256195068
23.7368068695
22.6918640137
21.737827301
23.861743927
27.2365665436
25.9544906616
22.5847244263
22.4136619568
23.6358585358
20.3792667389
17.6568260193
20.1293735504
19.992937088
14.3788661957
14.5222730637
15.0121307373
14.356426239
9.91192722321
11.7203979492
13.919757843
15.4818878174
15.823759079
11.1539859772
13.7226457596
15.0970020294
9.69383621216
10.7362213135
10.0847702026
8.25160884857
13.0648517609
14.509979248
11.4925251007
14.2392959595
17.2910175323
17.1960296631
16.2950897217
19.3070087433
22.2956848145
20.8628330231
22.6737766266
24.6933727264
26.4194488525
26.5291690826
29.1580162048
33.4826622009
40.2542152405
40.5094032288
36.8697509766
42.234375
41.381275177
45.4617843628
47.6350479126
47.2977676392
45.4045333862
42.1711730957
43.4856834412
41.7244338989
40.8885498047
38.6921653748
37.5368728638
33.6169013977
33.306602478
33.0644111633
33.4980659485
32.2154464722
30.331823349
33.6678543091
35.5903244019
33.1787834167
37.7714805603
36.5008659363
38.2633705139
41.411403656
40.0992851257
41.1264266968
38.8293609619
36.7649803162
35.6064224243
33.2186737061
35.7438659668
32.4317779541
37.9204597473
35.9699630737
38.8722686768
40.4562034607
44.3605575562
45.2799377441
44.0186576843
44.6567726135
45.6840019226
43.1126480103
40.8255805969
41.8751831055
40.2893676758
36.6088943481
36.3728065491
38.3314208984
34.7248916626
31.3289794922
33.1774101257
31.7108020782
28.2203521729
28.5947742462
32.7119483948
27.7249794006
25.9677524567
28.7855587006
21.6405105591
22.5400180817
19.0968933105
21.7884635925
25.1320304871
28.7968711853
31.3050251007
33.8451080322
35.1781272888
38.0257148743
40.1808280945
42.7069892883
46.490524292
44.9823684692
42.2174072266
39.5278701782
37.2037887573
33.2950286865
34.5561981201
30.9823284149
29.2359352112
32.0725593567
28.0103321075
30.4078845978
27.6647338867
25.2858104706
22.8954086304
18.3264064789
22.0376682281
25.3573188782
22.6400051117
19.1122150421
21.0360221863
26.1572589874
26.3866729736
24.5333156586
22.77551651
22.4632949829
19.2477798462
19.8470363617
14.4578790665
16.5819530487
17.7039051056
13.9570055008
11.2857456207
14.796289444
14.4937553406
10.4506158829
13.1901674271
15.5610303879
13.2265548706
11.3493070602
15.0682086945
16.2808990479
14.5765113831
14.9859437943
20.4943981171
19.2488193512
16.663394928
20.0695152283
23.6616611481
22.8225574493
21.7158622742
20.1330776215
19.4380970001
21.8298606873
20.1945381165
15.6319179535
18.6970024109
17.9913330078
21.472902298
20.6931591034
17.8910007477
22.8141002655
21.6526355743
25.8392524719
27.9241085052
24.6892185211
22.9822769165
21.7503414154
18.6105937958
22.255153656
19.0705299377
21.982881546
24.1417369843
23.3385791779
25.0276870728
26.483133316
26.6376514435
23.8821468353
21.3002147675
21.5451965332
18.4563007355
16.6829433441
18.6793613434
16.3865318298
17.7142276764
18.4869880676
20.5094013214
21.8902778625
22.745595932
26.126241684
25.2859420776
26.4382534027
29.1495056152
24.642988205
22.0771465302
21.4726238251
17.5133571625
16.4415206909
13.8966407776
15.3022155762
14.3788661957
9.86609172821
12.1113138199
12.3263406754
8.83566188812
8.45760250092
11.8699455261
11.628824234
7.87731456757
12.4301137924
14.3567314148
12.4639844894
11.3069925308
14.5347061157
17.0330066681
18.3084220886
18.6036090851
16.9911231995
18.5826358795
22.1693172455
23.8457698822
24.6402854919
29.1349468231
29.022605896
26.8042850494
29.0423660278
27.6963710785
23.1430053711
24.5943527222
26.5247325897
23.2541847229
19.4802951813
21.4255523682
24.9505596161
19.6049957275
23.2546634674
19.1934299469
15.3914651871
13.3339338303
15.4445333481
10.9021978378
15.2246084213
16.0632362366
12.2783031464
15.6453094482
16.4070777893
15.4824676514
11.1853189468
9.9393415451
10.1312646866
6.55918645859
5.75869274139
8.13107872009
6.58227396011
5.48061609268
6.22998714447
6.20989274979
6.324862957
9.0802116394
10.4166707993
14.9951648712
15.8152885437
16.7496871948
15.7918148041
12.5633916855
11.2090797424
7.98495960236
11.5390224457
10.672668457
12.1540880203
8.70796489716
6.83936548233
10.3236141205
9.74029541016
6.93358039856
7.8746137619
12.1981678009
11.3190870285
9.21248340607
12.7183647156
15.3412532806
14.5156517029
15.3256378174
18.7656822205
21.6526222229
