92.8848495483
95.2799758911
73.8836746216
77.5456619263
99.5416717529
72.839515686
67.4711761475
88.1043548584
101.623954773
81.963432312
95.1218719482
75.6682662964
81.4708709717
72.8032150269
81.0991516113
83.0928955078
83.0931930542
45.7471694946
45.1185684204
38.1242027283
42.4445495605
40.0180397034
51.0080223083
41.4426879883
43.9861564636
37.7903442383
39.7052841187
41.2382926941
41.8853607178
43.785243988
42.2083702087
40.6814002991
47.1315841675
40.9018363953
38.8088150024
38.732131958
37.1698455811
46.2303504944
35.6880073547
39.3072052002
41.3085289001
42.020652771
37.9811897278
39.5424537659
33.7717895508
39.3571662903
42.236240387
38.7640571594
47.9487495422
35.5855636597
38.7673339844
39.7753601074
36.9456100464
37.4551315308
30.0611591339
36.7286567688
32.3112869263
38.5029411316
37.2041740417
38.0229034424
33.9917640686
37.4579467773
36.8658409119
36.9176330566
34.2880706787
36.6852722168
36.2025756836
32.2157554626
29.7362861633
30.7381877899
27.2838668823
24.4837932587
24.8183231354
26.0944805145
24.5977611542
19.4921188354
22.2901763916
19.8100128174
20.5531578064
25.4493579865
24.3896617889
25.6097011566
29.190246582
26.3248081207
24.9234313965
30.6455383301
28.0267791748
29.9260387421
30.3753528595
29.7310752869
32.9164428711
34.3740844727
36.0787658691
40.9091377258
41.9948158264
43.7261276245
36.5355529785
42.9211807251
42.9583015442
36.0906448364
38.7694320679
39.3053207397
35.5034751892
32.911365509
33.4419517517
33.4259147644
29.6348838806
32.4221191406
34.9680404663
32.3181533813
37.1258163452
38.5579185486
36.523021698
37.2379989624
39.6942825317
40.6708641052
37.5800628662
39.5926132202
41.0234565735
46.9063568115
48.02318573
43.4634170532
48.7421760559
43.5336112976
45.0691337585
41.1126480103
40.3936729431
38.5579948425
40.9530982971
38.0983695984
34.1102371216
34.9024887085
33.9259338379
30.5533866882
30.6072673798
31.6989593506
29.4897155762
26.0444316864
29.014793396
28.569776535
25.8719062805
19.9659881592
24.8369808197
24.8100681305
26.9228458405
26.0721282959
25.7162189484
24.6294574738
26.2936592102
26.4486846924
28.8637199402
30.6969261169
30.6469745636
33.2149391174
36.5935058594
39.5061302185
29.6641693115
33.1996917725
31.3517494202
37.1586036682
39.4196891785
39.494052887
39.0664672852
41.2978897095
32.3605155945
32.5693054199
29.2526817322
25.7544937134
33.701499939
29.9283046722
24.9015598297
38.2846679688
27.9337863922
33.4398345947
30.92527771
32.1333770752
30.1725330353
67.5132064819
74.2601089478
79.2613220215
76.6895370483
99.3431854248
108.593009949
105.378463745
37.2101745605
32.6725654602
39.5394020081
38.5185012817
46.4594306946
43.1729393005
45.6561431885
41.5886497498
41.6713104248
39.5012626648
38.2013816833
36.3305130005
34.4735145569
39.0726890564
37.7775802612
37.8076782227
35.2081642151
35.2213058472
40.6805419922
46.3666610718
41.0582962036
39.5616035461
38.8910980225
35.3040962219
28.6495609283
31.4877147675
26.0282268524
32.292350769
31.4626960754
28.9504756927
33.6462364197
32.41796875
35.9214515686
35.966129303
41.2505378723
41.0300331116
36.0266952515
36.7434577942
44.8622779846
38.3994789124
36.881729126
43.0077781677
44.9622497559
42.2264099121
44.8288497925
43.1235466003
44.0981140137
39.9913482666
45.2936935425
43.7233772278
47.1098175049
44.8795318604
42.504447937
49.1943473816
41.224155426
36.5041351318
37.7788238525
41.9395561218
39.5213661194
36.702796936
40.0298652649
42.601360321
39.5066947937
37.5248451233
40.2548789978
41.286819458
38.8186912537
39.4841842651
40.9193305969
38.1711463928
36.2669296265
37.8943595886
37.7235412598
42.011089325
39.5711174011
40.4880256653
43.9578971863
43.3885955811
42.5584602356
44.4622116089
46.7703475952
45.9228401184
47.5530090332
47.0748786926
44.4300041199
44.0830688477
41.5299797058
42.1292572021
42.262008667
37.7517089844
42.3494796753
44.1053161621
41.2000999451
39.2805976868
44.2133789062
43.5767250061
41.0051231384
38.9152297974
40.056186676
36.9061470032
35.2310142517
37.1251144409
35.3407592773
31.6974411011
33.3533439636
33.8441543579
31.73021698
29.6338806152
32.4384994507
33.1391220093
34.4597930908
33.0048217773
29.0599193573
29.6664428711
30.9774665833
28.7569713593
27.9143505096
24.943819046
23.448299408
24.0431003571
26.8812541962
27.2911186218
26.0657482147
28.3421154022
31.9441299438
34.0889701843
33.336139679
30.2026252747
32.7462081909
33.3269538879
30.7072429657
28.7144470215
27.6399536133
26.8018283844
26.4655380249
24.3435058594
23.2611465454
19.2973823547
17.9620456696
14.0695304871
14.6871538162
13.6036281586
14.2026224136
13.1841030121
15.9123630524
17.40026474
19.9888820648
18.7799129486
21.0245380402
23.5064697266
24.7705631256
27.9643115997
26.816078186
30.2855548859
32.3532485962
31.2315196991
27.7558841705
25.6721878052
28.7626686096
27.7892456055
22.969127655
23.2090167999
25.5220966339
22.7379436493
19.2710456848
23.3610553741
23.7761268616
19.9368209839
20.2938365936
24.3792686462
23.4874076843
18.7998256683
23.3875961304
26.7837352753
88.8536911011
89.8260879517
71.6779403687
74.6262283325
93.7416687012
72.7749099731
66.7433395386
83.2698745728
95.9118270874
79.5234146118
90.2435836792
72.9815368652
78.3102264404
73.0862579346
77.5336914062
81.3951797485
79.0770645142
45.9105491638
45.1366081238
38.1123504639
43.3168525696
40.5913162231
50.9062042236
42.2847099304
44.2773895264
37.5665168762
38.7393379211
39.8293991089
39.96824646
41.5445098877
40.367313385
38.4605865479
45.3368034363
40.5590362549
39.8352584839
40.3214950562
39.2178192139
46.3557281494
36.1584587097
38.0860862732
39.4195213318
39.7402076721
36.8065948486
37.9174079895
33.7423286438
39.2701835632
42.2351417542
38.2762718201
45.8303031921
34.1947097778
36.1833877563
37.5644187927
34.9334449768
36.395450592
31.1852226257
37.8483924866
35.2344779968
40.9279518127
41.1264190674
42.1014938354
40.2107543945
42.9212875366
42.5797119141
43.8193092346
40.7548789978
41.8150596619
42.5312309265
40.1613807678
35.7420120239
36.3213996887
36.1738204956
33.5117645264
30.5277500153
32.778213501
35.5599403381
29.8047199249
27.9259910583
29.4899291992
30.6455440521
30.0345497131
31.7247524261
29.2382411957
28.2970485687
31.3649196625
29.389799118
25.2348480225
29.6721782684
29.7623710632
32.5418739319
33.394493103
35.5434265137
39.1368751526
41.2267723083
44.5228919983
46.5010871887
48.8088684082
44.0483856201
48.7910690308
47.6299591064
41.3162384033
43.0444221497
42.4031486511
38.5914306641
34.9403686523
34.3808937073
33.1620445251
28.6659832001
30.095823288
32.5208244324
30.639005661
34.7505645752
36.8674125671
35.5127983093
36.7429237366
38.9525909424
39.0519371033
36.4351654053
38.9417266846
40.293056488
44.6318321228
45.5472755432
41.577671051
46.4850921631
42.1964759827
43.8973503113
41.1948699951
40.743106842
37.8895950317
41.3734359741
39.2126121521
34.8077163696
35.1891937256
36.3221054077
33.8855285645
32.4322738647
34.7629318237
34.1144638062
30.8769359589
34.352394104
34.5541343689
33.9165878296
29.6661376953
33.1226119995
34.1605987549
37.6400985718
37.6084594727
38.0845756531
34.7653541565
35.231136322
32.2429504395
35.870136261
35.0791549683
34.481754303
35.103767395
37.0726699829
39.386882782
31.3705272675
33.8320007324
30.5651016235
35.5287513733
37.3152389526
37.1851043701
37.4132766724
40.116558075
32.0308151245
32.9325370789
29.2216930389
28.7357749939
34.988483429
32.9238853455
30.5844421387
43.1185951233
34.4853439331
40.5967674255
39.6065101624
41.6967926025
41.3118362427
66.2983169556
74.3822479248
78.8993225098
73.6508331299
94.6246414185
103.242034912
99.6187744141
45.0244178772
39.9114227295
45.5854606628
43.8707580566
50.4078178406
46.8293190002
48.4972763062
44.410949707
43.6326789856
42.121257782
41.9611854553
38.5927391052
37.2358207703
43.2143592834
42.6654205322
43.5350952148
41.843082428
41.5545005798
45.8375701904
51.4552345276
47.78565979
46.7426605225
47.3986053467
44.221912384
38.4781570435
40.2742385864
35.6910476685
39.0775299072
38.2056655884
35.3756752014
39.1716384888
37.4758720398
39.3947982788
39.1549797058
43.524143219
42.9560775757
37.8246498108
38.7293701172
45.6971359253
39.3399467468
37.5663032532
43.1912918091
45.0843963623
41.3502502441
44.7267189026
43.4183578491
45.3772468567
42.3006210327
46.3678283691
45.891582489
48.2855453491
47.2888412476
46.6178703308
51.9339447021
43.8150062561
40.1632881165
42.3095054626
45.0708465576
42.2083930969
40.7007369995
43.9550132751
45.052947998
42.3740768433
41.6061820984
44.2559623718
45.8375167847
44.4173088074
45.6305541992
47.352558136
45.6113357544
43.379070282
45.0958976746
45.93151474
48.7599029541
46.1003112793
47.6842308044
49.6497039795
48.4330863953
47.6785621643
49.725528717
51.215007782
49.8788871765
50.7936248779
50.4835968018
47.418006897
47.2286300659
44.8863105774
44.4833526611
44.3689689636
40.5170631409
43.6963195801
45.1468353271
42.4922561646
40.4534568787
44.26146698
43.5571479797
41.6320457458
40.1932907104
41.9824790955
39.5575256348
37.6387367249
39.5024681091
38.9948310852
35.8543014526
36.8154792786
38.2406539917
37.4987297058
34.8399543762
36.9906425476
38.8754653931
40.3740119934
40.0755310059
37.4816818237
38.3792266846
38.3999710083
35.9831848145
34.8865242004
33.2914123535
31.2000751495
32.3996353149
34.3171386719
33.4219169617
32.1630744934
35.4555549622
36.5324172974
37.9336433411
36.0104980469
33.8879127502
36.267414093
35.8960456848
33.2147064209
34.1003112793
33.2783584595
33.9883232117
33.9022140503
30.2783813477
30.3676586151
28.4741764069
29.6975955963
28.0228042603
29.9829902649
30.4377231598
30.9582805634
28.8367176056
32.3932533264
31.4561729431
34.9877510071
32.4982757568
33.602230072
36.8191146851
37.957660675
40.2575035095
38.6314811707
40.9866027832
40.9125862122
40.8986358643
39.2480659485
35.7696342468
37.4268569946
38.4994544983
34.0042457581
32.125087738
34.463508606
33.4840965271
30.055929184
30.9978466034
33.1399688721
31.1764678955
27.4238605499
31.3596496582
33.2843475342
30.1992511749
29.7106342316
33.897102356
88.7361831665
85.7455749512
63.3064613342
66.8762893677
90.0742416382
67.1798782349
57.9896736145
81.6971359253
92.5676574707
75.2101211548
87.1436767578
64.4854660034
72.9116134644
67.9312820435
70.7432861328
76.9885025024
71.4757385254
46.8333587646
46.8530769348
39.7334785461
44.5087165833
42.5316505432
52.7582969666
43.2378730774
46.0681266785
39.5263748169
38.8393936157
40.5234413147
39.768699646
40.5320091248
40.095539093
37.4329071045
44.599155426
40.1236724854
38.513923645
38.8140411377
38.9947967529
46.8181533813
36.3406410217
38.5191307068
40.0134506226
40.0628395081
36.5297203064
37.3696784973
33.7644004822
39.4227294922
41.8806800842
36.3186988831
44.2495346069
32.7240524292
34.6713218689
38.2393455505
35.4176025391
38.2558898926
32.2189826965
39.6801719666
36.2587585449
42.469909668
42.3493003845
42.5567970276
42.2901000977
43.6651954651
42.8705329895
43.7392883301
39.3678092957
42.0825233459
43.1581077576
39.4703674316
34.7001914978
36.4069442749
35.909828186
31.5017433167
29.8530883789
33.7187728882
34.4669685364
26.4583721161
26.8026771545
28.6589736938
26.0444221497
24.6259746552
25.5400848389
18.5071239471
17.6957798004
19.4668674469
22.8069496155
22.9608383179
30.8769264221
31.8373584747
30.8347702026
34.648601532
35.4644126892
37.4182090759
41.6021766663
43.4670410156
47.2275810242
49.3289451599
51.0811424255
46.5253410339
50.2708854675
49.3656005859
43.8554534912
45.2045249939
44.9504051208
40.7980155945
37.5226783752
36.6368904114
35.6880912781
30.1543502808
29.7241039276
31.0503311157
26.2548217773
29.4587726593
31.4745578766
29.6882686615
27.4114246368
31.9206218719
32.6910934448
26.9520149231
28.8664112091
31.9561920166
36.1804733276
36.6306381226
32.1551132202
36.3769073486
30.4460296631
31.1155853271
26.1318588257
25.9531860352
24.2346248627
28.0032253265
23.0313129425
19.8229255676
22.1395664215
20.8626441956
15.6454811096
17.0930500031
21.4200000763
17.2320594788
20.3872566223
21.2994422913
17.7604007721
17.8434715271
22.7711696625
21.9824714661
26.6416912079
28.3836364746
29.1433639526
26.7006511688
27.0650119781
25.2230548859
29.1173171997
28.9373016357
25.3425636292
27.8341178894
28.5722484589
33.8469963074
25.0135116577
25.9654273987
24.5086307526
27.6687240601
29.8259792328
28.2677001953
27.2451324463
29.4525527954
22.3030796051
22.3601093292
22.9061222076
20.6860084534
29.9637393951
29.8753890991
26.6491146088
41.0068283081
29.6681842804
36.3264656067
34.0711898804
34.7014884949
33.8027000427
57.2052154541
69.4700393677
74.7367401123
64.426940918
91.2289123535
102.246620178
96.8447570801
42.1691856384
35.5107765198
41.3751907349
38.0393791199
46.5281562805
41.3508834839
43.8423271179
38.901599884
36.8575515747
36.4958877563
35.5192909241
30.5324172974
28.2511558533
35.6379623413
33.8365592957
34.6742401123
32.7896156311
34.0320549011
38.9213943481
44.5439300537
41.3593597412
39.2233009338
40.5077705383
35.9837532043
30.500579834
30.3540287018
24.1736106873
27.0712070465
28.2228355408
24.6657314301
26.4657726288
26.0729866028
28.7348575592
26.5305862427
31.37890625
32.3883323669
27.0761966705
25.0243358612
34.774559021
28.8860683441
24.8778915405
30.2505016327
34.2097702026
30.95337677
34.4905509949
34.6529045105
35.0218849182
32.2792015076
38.5121574402
38.0952568054
41.7636451721
40.8858299255
40.3197059631
45.7174949646
36.0795402527
31.8854103088
33.8463859558
36.6352462769
32.756313324
30.4061450958
34.0213699341
34.772731781
30.6497192383
29.7018661499
33.3029518127
35.5234069824
34.2555503845
35.182723999
37.7957382202
35.6833953857
33.0678901672
36.2263298035
37.5860939026
42.8936958313
39.463470459
40.5872192383
42.8270759583
41.2734642029
39.6037826538
41.8328018188
43.5945053101
41.4132881165
41.9148483276
40.8296203613
36.998840332
35.6073188782
32.5820350647
32.026260376
30.9292221069
26.6388931274
29.3818626404
31.9808177948
29.5948810577
26.9407081604
30.7291297913
28.982421875
26.5018920898
23.7734050751
25.4053726196
22.0766220093
21.0861377716
23.8367080688
22.3679122925
18.8241195679
21.6978473663
23.0897979736
21.4568748474
19.8079605103
23.6254673004
25.0834102631
29.1660060883
27.8950920105
25.4784030914
25.3840045929
24.4899845123
22.5734195709
18.740026474
16.8882331848
13.8079977036
14.2714681625
16.1734085083
14.9402732849
12.4288034439
16.633348465
18.0324516296
19.1854610443
18.0873584747
14.7612905502
16.83552742
16.9429626465
14.5273542404
14.0708532333
13.7425146103
14.7268314362
15.8526916504
11.7549448013
10.8004112244
12.0137310028
14.8943557739
16.9400539398
19.9804573059
22.3947219849
22.6245174408
23.5368061066
27.3016586304
26.7781124115
31.6785507202
30.4530029297
31.0074176788
33.9874534607
36.1845741272
39.2453231812
38.4210586548
41.7811203003
42.5511817932
42.8080253601
40.0951805115
36.7173042297
39.6823730469
40.1395759583
35.1237068176
33.9472541809
36.7774429321
34.9268417358
31.0781784058
33.481426239
34.8937988281
31.6573867798
29.1010913849
33.2634849548
33.6287384033
29.2352161407
30.2251968384
34.5337409973
86.0426483154
83.5136108398
63.2789573669
67.7992248535
87.7854232788
64.6024475098
58.4132270813
80.1312408447
89.3575592041
72.7235031128
83.8735046387
65.3765945435
71.2959594727
65.2800445557
70.9829864502
73.7707061768
71.493019104
47.9277915955
47.3376693726
41.2834815979
45.715133667
44.2198066711
54.2265129089
46.6168403625
48.9227752686
42.6798629761
43.0260696411
43.7521858215
43.6005630493
43.5697822571
42.4854164124
40.0372886658
45.4276351929
40.2391586304
37.8512916565
37.4895477295
37.7204475403
45.7938194275
37.1187477112
39.6458587646
42.1190261841
43.2130203247
40.1035881042
42.1422576904
38.6665534973
44.1545944214
46.9911766052
42.3687782288
49.114151001
38.5009918213
40.1326637268
41.9339332581
38.3018379211
40.0438232422
32.5964202881
39.6080284119
35.5455322266
41.1931304932
40.7863998413
40.6522140503
39.7287902832
41.1661338806
39.7079391479
39.9384918213
35.802406311
38.7284736633
39.7176742554
35.3298454285
31.2943935394
33.9075469971
32.6069908142
27.5527057648
27.7618904114
31.9318161011
31.5972957611
23.7595863342
26.3911857605
28.1643333435
24.8369674683
23.9645423889
29.2615890503
24.3294696808
25.6754703522
26.2583942413
25.1848258972
25.36170578
33.1226119995
32.9272384644
34.2534866333
36.3662261963
36.1004867554
38.6476287842
42.3705787659
43.0040397644
47.2826690674
48.5855064392
49.918586731
44.4444274902
48.6093902588
48.0807571411
42.4685707092
43.5856704712
43.8656768799
39.7849884033
37.9275894165
36.9570922852
37.4880828857
32.1290588379
33.7801971436
35.4939079285
31.6034107208
35.4403762817
35.8091011047
33.2145767212
31.7228374481
34.7610549927
36.3448638916
32.6453361511
33.497543335
35.5101013184
41.0275764465
42.2814178467
38.7274208069
43.0944137573
37.0326461792
38.6706619263
34.3567047119
35.0649452209
33.0191650391
34.791015625
32.0099830627
29.9387607574
29.6242237091
27.5986862183
25.8824443817
26.0830421448
26.1520729065
23.4547653198
22.7711715698
24.5007762909
22.3694915771
21.6663398743
19.6257572174
19.9395084381
25.5867614746
25.495803833
25.4131565094
22.6726875305
23.1065311432
22.6392383575
25.5749340057
26.8259334564
24.8855476379
28.3559169769
30.7968063354
34.9575576782
25.9685935974
28.8979549408
28.7011985779
33.3472900391
36.8680725098
36.7078742981
36.0359573364
37.2904243469
30.5096893311
28.6354293823
27.856803894
22.495847702
30.2940616608
28.2942466736
24.0960941315
37.4121627808
26.4783706665
32.0723419189
29.668806076
30.2921962738
29.448600769
57.6418647766
66.5891647339
71.2356719971
65.8170013428
87.4610824585
98.4939804077
93.3382263184
37.2590065002
31.3404083252
37.1299781799
34.7944412231
43.0098724365
38.7491226196
41.3052330017
37.061340332
36.433265686
34.8165931702
33.315372467
30.8068351746
28.4772930145
33.5447006226
32.2212104797
32.6405830383
30.2823543549
30.6935920715
36.0251464844
41.1942863464
37.561832428
35.5634460449
36.4555511475
32.528968811
26.2530250549
27.2438735962
21.9811611176
26.1698284149
25.8681106567
23.0924434662
27.0748615265
26.0827217102
29.1497077942
28.7640209198
33.4110832214
33.9856376648
29.8055744171
30.0189647675
37.7756919861
31.9921875
30.5074176788
35.4336624146
37.9554595947
36.1195335388
37.5055732727
36.4961090088
36.6023788452
33.145942688
38.7178916931
38.1290054321
40.9363937378
39.3646278381
37.5569458008
43.4240264893
35.32056427
30.8834972382
32.2048950195
35.7077941895
32.9512252808
30.247209549
33.5213928223
35.4030647278
32.1989517212
30.5848922729
33.4377746582
34.8789024353
33.0127639771
33.9904212952
35.9037818909
33.6787910461
31.3108272552
33.4995613098
34.2640190125
38.7428207397
35.7869567871
36.8812789917
39.4819107056
38.4138832092
37.2106704712
39.2423782349
41.1556816101
39.7360343933
40.8180503845
40.2040710449
37.2377319336
36.7038154602
34.1635131836
34.3968162537
34.3632049561
30.2292480469
34.3601837158
35.972530365
33.413318634
31.7032203674
36.2170906067
35.7801055908
33.4155197144
31.7493209839
32.7056999207
30.1032810211
28.1797714233
29.703622818
28.3146476746
24.9495735168
26.1957244873
26.797039032
25.3213539124
22.9054431915
25.5632991791
26.6659088135
28.4838085175
27.4299373627
24.1634025574
24.9387359619
25.3411865234
22.9142131805
21.8962059021
19.6587963104
18.0281448364
19.6103248596
21.8436965942
21.5996551514
21.3140201569
24.0127105713
25.9452934265
28.2563819885
27.0721702576
24.7578029633
27.9720726013
28.932844162
26.6914157867
25.1475830078
25.8356208801
25.1958732605
26.5857448578
23.9001197815
21.1881408691
19.5959300995
18.5977020264
17.5749607086
21.0354995728
21.7878627777
20.3411445618
19.7878189087
23.4556274414
21.9029693604
27.0343589783
26.1150760651
26.0354404449
28.7597980499
31.1546001434
34.1258201599
33.7842140198
37.3664321899
38.7291259766
39.3378257751
36.1927833557
32.9719657898
36.9621315002
37.1424484253
32.2541122437
31.57853508
35.1229782104
33.2543334961
29.4651126862
33.0399131775
34.6962928772
31.4170875549
30.3093776703
34.6860733032
34.9851036072
30.3721313477
33.333896637
37.3658065796
84.9841766357
82.1043167114
56.7112960815
65.9406433105
86.585609436
57.3084259033
53.2625579834
79.2824630737
87.1716537476
68.1882705688
80.9386978149
62.2135009766
67.6312026978
59.3480682373
69.3356628418
66.5842514038
69.1374511719
43.9793777466
43.7330932617
38.2412147522
43.2509269714
42.6328010559
53.3825302124
46.2799682617
49.2138824463
42.4293365479
40.9963569641
41.2416915894
40.3350334167
39.2205467224
37.8905067444
35.1288375854
40.2728996277
34.1213417053
31.8697109222
31.2272319794
33.3818702698
41.4148635864
32.9281272888
35.3423805237
38.8728218079
40.3299446106
37.988117218
40.2623825073
39.3000831604
43.7465629578
48.1538619995
43.0407829285
48.7360725403
38.3061485291
38.7120246887
40.910823822
36.7335968018
38.0574645996
29.7147674561
36.2957878113
32.8156471252
37.3299827576
37.7200965881
38.3781776428
38.5790672302
38.2247695923
36.5951805115
37.900302887
32.5840911865
35.4874687195
38.2435035706
33.9412307739
28.3651638031
32.9759712219
32.7909812927
27.3758525848
27.4787063599
33.4298820496
34.7528038025
26.7786521912
28.5817966461
31.6630535126
30.6469726562
29.2855587006
34.2687187195
28.498342514
27.8137569427
27.4613952637
27.5259838104
24.9480781555
34.4817581177
34.5409812927
35.2376480103
37.092628479
37.4445724487
38.5944747925
44.0834884644
42.9326477051
46.8926467896
48.1296844482
49.8583450317
44.9517631531
48.214263916
46.7076339722
41.5237846375
41.4047660828
42.0197143555
38.5902557373
36.1067466736
36.3302154541
37.2762947083
30.7051048279
33.6225357056
33.0886001587
28.9560508728
31.3372688293
30.4817771912
26.7338504791
24.8715648651
26.2029399872
28.5987606049
25.4586582184
25.0645885468
26.4098720551
33.7189941406
35.1465950012
32.1204490662
37.1585845947
30.8085002899
33.5015296936
29.8288249969
31.7412090302
28.4625473022
29.8572921753
29.0592498779
28.2951507568
25.2373199463
24.1224079132
25.5663452148
25.1000862122
23.6863460541
23.0613059998
25.3425540924
27.1913375854
23.7072887421
25.7490444183
25.572309494
24.8855419159
23.1123447418
31.9889183044
30.4663982391
30.5273647308
26.6644992828
23.5246181488
19.6028232574
20.7852153778
18.8519916534
19.3648757935
22.3560123444
27.225605011
18.92852211
23.2524642944
24.6820259094
29.1777992249
33.91456604
33.3410987854
33.9032211304
34.3587684631
29.4532814026
25.870798111
26.732963562
20.6250495911
27.1974716187
23.8487262726
23.5179462433
34.6376724243
22.5702667236
31.3451919556
30.2073688507
30.356836319
31.8617019653
50.2347869873
60.3355712891
64.2945861816
62.6006317139
82.7229003906
96.3419494629
90.7973327637
33.5786018372
26.5289211273
30.5137195587
27.2304534912
35.3102226257
29.5177593231
31.6452922821
27.6028289795
27.0311660767
25.1883525848
24.2920093536
20.5601806641
18.5443611145
25.6136302948
26.2439460754
26.515329361
25.8846263885
24.6124801636
29.0849571228
35.5356712341
32.9472732544
31.6139316559
34.4411201477
31.1319847107
24.7689552307
26.4926643372
23.5493946075
23.3952503204
21.4809379578
19.0160522461
23.9094696045
18.9890880585
21.9197559357
23.1633358002
26.2801971436
26.2465229034
22.0028972626
24.1545238495
30.650932312
23.0003910065
23.6775150299
28.7035160065
29.7060871124
28.2402114868
28.2646923065
26.9682674408
27.698797226
24.2550582886
28.8867454529
29.6637744904
31.1929168701
30.0915470123
29.2371559143
34.8211517334
25.0518035889
21.0497627258
23.4804267883
26.1787872314
23.1782627106
21.6563835144
25.3210048676
26.3832473755
24.000213623
23.4305820465
26.1292133331
28.1028709412
26.9321060181
29.2261180878
31.2658233643
30.1252193451
26.9814395905
28.6252670288
30.5070362091
32.2813148499
29.0203876495
31.396905899
32.4326934814
30.6188392639
29.8809108734
32.4366912842
33.5781326294
31.9287033081
32.8126716614
33.0040969849
29.3569755554
30.0318202972
27.5840301514
26.9026889801
27.5826263428
23.4590740204
27.8239154816
28.4084739685
25.2832145691
23.8831672668
28.611120224
29.2444114685
27.3266105652
27.1800613403
28.8101062775
27.2377300262
23.6501293182
24.374130249
24.8359508514
21.7206840515
20.4749526978
22.1518726349
23.0156860352
18.4144363403
19.0728435516
22.3840179443
22.5485267639
23.7387199402
21.7166385651
23.9309864044
23.2899742126
19.6863212585
20.8314304352
20.9488506317
19.7447605133
22.8335590363
23.5768070221
21.8156471252
23.0812149048
26.5211830139
25.0815372467
27.6172599792
24.3964004517
23.9851856232
28.3791675568
29.0292930603
26.701341629
27.6971607208
29.7079868317
29.9716148376
32.2102470398
28.5037841797
25.7025279999
26.1244621277
26.1100234985
25.7357769012
29.3452548981
29.8076591492
27.8977527618
25.380941391
29.0765476227
25.1791172028
30.6482276917
28.9929790497
27.232213974
30.2173042297
32.6528129578
34.6239624023
34.4364089966
37.2393035889
37.1851119995
39.4626846313
37.4601402283
33.2320289612
37.1883277893
38.7969932556
34.3900718689
32.6804580688
36.9381790161
36.3571166992
32.7518997192
35.3041915894
38.2085838318
36.0184440613
33.9351806641
38.0696182251
39.8932571411
35.9570617676
37.5463829041
41.6598472595
92.262336731
90.9225692749
68.0877838135
75.2399215698
95.155418396
67.2082901001
63.5784873962
87.1710586548
95.7196044922
77.7277450562
89.5894851685
72.2268371582
77.4178390503
68.6772842407
78.5552062988
76.6843490601
79.0336532593
41.7884292603
40.7157554626
34.4147148132
39.9464073181
38.3671760559
49.7195396423
41.6465873718
44.6191749573
37.3354263306
37.7953033447
38.2987518311
38.4096946716
38.8304901123
36.8720436096
34.6303749084
40.5008888245
33.5241661072
31.9658203125
31.2242774963
31.3842811584
39.8372039795
30.4879817963
33.2894515991
36.7889099121
38.4491882324
35.7724494934
37.6298408508
34.7182540894
39.4358062744
43.8698005676
39.7966842651
46.957824707
35.2869415283
36.5417137146
37.7038879395
34.1718063354
34.1289710999
25.5323677063
32.3204078674
28.3200569153
33.8028335571
33.5758628845
34.5562591553
32.6070480347
34.1650466919
33.1302642822
34.0755805969
29.7773075104
31.705827713
33.8018455505
29.3895950317
24.1510601044
27.5662231445
26.7297935486
21.8217411041
21.1894168854
26.6199493408
27.9625015259
20.6431770325
22.5462245941
25.0415897369
24.9015636444
24.2284851074
30.5103988647
26.4902534485
26.6323413849
27.7196292877
24.9879550934
21.7176647186
30.5844459534
28.7077312469
30.5239810944
31.4708003998
31.1509895325
33.0338859558
37.1600875854
36.967754364
41.2435569763
42.3525276184
44.1169013977
38.0454063416
43.5794830322
41.9258766174
35.3493728638
36.5758285522
37.2413024902
33.2645301819
30.6451377869
31.1700286865
32.4484443665
26.6689243317
30.5602760315
31.4840297699
28.6844730377
32.4452133179
32.9533119202
30.0053386688
30.4442386627
31.7615814209
33.0378837585
30.913476944
32.2465744019
33.1627502441
39.8590049744
41.3300476074
37.4981422424
43.1584739685
37.5696105957
40.091178894
36.9805259705
37.457233429
34.123260498
36.4555664062
35.07970047
31.9754638672
30.1962490082
30.305223465
29.2717628479
28.2034626007
28.2109413147
27.6369743347
26.6491165161
28.7462806702
26.457857132
27.342338562
23.541103363
24.0961036682
24.5029315948
31.2336940765
29.2980251312
28.8504142761
24.792093277
23.9778881073
20.4172954559
23.1597137451
22.6769447327
23.5179424286
25.1835632324
28.881652832
31.2795677185
21.7910022736
27.0889720917
25.8296546936
31.9004039764
35.4649810791
35.7128562927
36.0041923523
37.6764793396
30.4012470245
28.4005355835
26.2301521301
20.9923114777
27.1423835754
21.7836914062
31.83893013
21.6072597504
29.0485973358
29.0192527771
30.6974925995
31.2568340302
61.3716316223
69.7136383057
73.6737747192
72.8032608032
91.3814697266
103.945350647
99.0367202759
33.3699874878
27.1818256378
33.3211326599
31.7838916779
39.2829437256
35.2537231445
37.180809021
33.2240638733
33.5686798096
30.9062252045
30.2288551331
28.0810203552
26.6566410065
32.1821289062
32.9428596497
33.1628112793
31.2470836639
29.5370368958
34.8947982788
41.208366394
37.4193000793
36.1955566406
37.5350875854
34.3941192627
26.3658103943
29.7635746002
25.8367710114
29.1770248413
26.8627090454
24.3335857391
30.1948261261
26.9699249268
30.0727024078
30.8534851074
35.359046936
34.8742408752
29.989402771
32.0020256042
39.1927642822
31.2490882874
31.2196617126
37.0653152466
38.2926635742
35.5875701904
36.9358673096
35.1231193542
36.6690406799
33.0200805664
37.112663269
37.0835914612
38.4720153809
36.9499931335
35.2614974976
41.8487243652
32.8971061707
28.6722793579
30.9011459351
34.394821167
31.8533325195
30.1210327148
33.7814064026
35.5933494568
33.2583580017
32.1754646301
34.8185997009
36.3532028198
34.4290466309
36.3337249756
37.9685592651
36.0647468567
33.2916984558
34.4792137146
35.3337936401
37.0397529602
34.257610321
36.5421562195
38.6549758911
37.3748893738
37.0544013977
39.526966095
41.1284942627
40.0766983032
41.5315742493
41.8393783569
38.4868164062
39.2114524841
36.6835136414
36.4066467285
37.0620574951
32.5598945618
37.1682434082
38.1018218994
34.7863540649
33.060256958
37.9390106201
38.0874023438
35.9586868286
35.0698814392
36.9017829895
34.5184364319
31.4736289978
32.8786354065
32.5843467712
28.8978672028
28.8538341522
30.2632884979
29.8744716644
25.9069766998
27.4924564362
29.9202919006
29.9829654694
30.3062286377
26.9377002716
28.8933582306
29.4137001038
25.9553546906
26.571685791
24.991104126
23.2773475647
25.5996818542
27.6804771423
26.7258358002
26.5729427338
30.1426010132
31.0138664246
33.4365272522
30.8456001282
29.0131397247
32.8276557922
33.0961227417
30.1541137695
30.5051803589
30.8459758759
30.9486312866
31.8704376221
28.0965938568
26.3348007202
24.4200000763
24.1350460052
21.710062027
24.602563858
24.2189350128
22.9570503235
18.9560089111
22.8861370087
19.5765857697
24.3795528412
21.777256012
21.3169002533
24.9395866394
26.6622886658
28.8808422089
27.8192195892
30.5904541016
30.8171920776
32.0101623535
29.9109516144
25.8191299438
29.3546714783
30.6084003448
25.9867267609
24.3553447723
28.355096817
27.5760211945
23.9838523865
26.6691818237
29.3944282532
27.2976455688
25.5641212463
29.6338214874
31.3449687958
27.7008800507
29.6882781982
33.4995117188
82.3703765869
81.8570632935
53.5211257935
66.3059692383
86.4827575684
49.919631958
50.1297531128
78.1908798218
86.1260528564
64.6092376709
78.9580307007
61.7340698242
65.6138839722
52.6148109436
69.6396636963
60.5080909729
69.4925842285
46.8113708496
46.8849029541
43.480178833
47.2811470032
48.1992416382
58.8068199158
53.3950271606
56.4478111267
50.6145706177
48.6460227966
48.2811431885
47.6411399841
45.5895271301
43.7110404968
42.1999549866
44.9450721741
37.6011543274
34.0707855225
32.2040138245
35.2796325684
44.1669235229
37.2651786804
41.3882637024
45.541229248
47.7969894409
45.321144104
48.9630203247
49.0064163208
52.3538818359
57.6924476624
53.1432952881
57.7148780823
48.5684127808
48.8909034729
49.9384613037
45.0669136047
45.2047691345
35.4561538696
40.1185760498
35.9750938416
38.4699630737
37.7458724976
39.3525657654
38.7930183411
36.0590591431
33.6418304443
34.7591171265
29.5314712524
34.2671012878
37.7085762024
33.0623931885
29.3273410797
36.0916595459
34.9103164673
29.9274044037
33.5304107666
39.0467185974
39.7693824768
33.5804443359
37.1862564087
38.7561912537
38.5185127258
39.110370636
44.8671417236
40.5503234863
39.6742210388
40.0494499207
39.0829086304
35.3924255371
43.8707542419
43.0794906616
44.8511543274
44.3677253723
44.2138748169
44.6392326355
49.9130592346
45.9705963135
50.3148803711
50.2244682312
51.6595153809
45.8741950989
48.2116203308
47.3766174316
43.5268707275
41.9007644653
44.0303611755
42.2975196838
40.8151931763
43.0120048523
44.9787216187
39.0634841919
44.2689323425
42.8246841431
39.7893180847
41.6637077332
39.6198425293
35.9938735962
35.3406600952
33.5318603516
36.3531074524
34.679901123
33.1445732117
32.4188995361
41.1207962036
42.3986663818
40.6412696838
45.9247970581
40.2464294434
43.098197937
39.8151245117
42.4222793579
39.8422622681
39.6882286072
40.2150001526
41.0519371033
37.2302284241
35.2417221069
37.8165397644
37.9647483826
35.846282959
34.6701545715
38.0393791199
38.1999473572
34.9319190979
36.0733909607
35.9988288879
34.7944412231
31.4091815948
39.7667579651
37.0059967041
35.8352050781
33.7335243225
28.8413295746
28.688129425
23.5145683289
24.4758548737
27.230463028
27.6770553589
31.6724376678
35.2084007263
28.4257392883
34.8072662354
35.9480628967
40.4639320374
45.3828849792
45.0218048096
46.0172843933
45.6203727722
41.8773803711
38.0892486572
38.6426773071
32.1024665833
36.6909980774
31.0437107086
31.7838897705
37.265586853
24.8889560699
35.043964386
32.8825836182
31.7919979095
33.3592338562
45.9408454895
53.2885360718
56.5464057922
62.6927146912
79.8776931763
93.7572402954
89.2474822998
24.0140914917
19.094877243
16.0920982361
22.2354278564
16.4652881622
19.9398059845
19.2681465149
23.0978469849
21.9971427917
17.9843902588
20.9997653961
23.5703353882
24.5254192352
25.5777931213
22.6989898682
23.2725849152
19.8484344482
20.8474884033
26.8673114777
23.5975055695
24.8413181305
28.3844623566
27.9002189636
23.404504776
28.2919940948
29.2970924377
27.3194084167
24.9398441315
26.6433868408
31.3631420135
22.0134887695
29.6897907257
32.7873687744
32.6986694336
32.2011871338
31.2602481842
33.252872467
36.3246307373
29.4231777191
32.9596710205
36.3397521973
34.2502365112
35.6133766174
32.127571106
30.3551654816
30.2072544098
24.7511425018
27.5884990692
26.4077606201
25.5553092957
21.3038215637
17.4205741882
24.5760059357
17.9526195526
15.5376281738
15.1311454773
18.4766483307
19.5242671967
18.6012840271
19.8022251129
22.698551178
23.5058097839
22.5390338898
22.3912124634
22.5464706421
21.0378742218
24.0182342529
24.3749237061
24.3588275909
21.8337440491
20.2469482422
21.7314949036
17.3266429901
15.0599975586
19.2538452148
19.2689552307
18.0060024261
19.2213535309
21.6711177826
22.4948654175
22.5974712372
24.6833343506
26.3964996338
24.6292877197
27.4400348663
26.5554027557
27.0680465698
29.5982646942
27.4252376556
32.3076210022
30.9394054413
28.5008068085
29.4494457245
33.6818161011
36.2411079407
34.9878387451
36.3528327942
36.7877616882
36.6480178833
32.9052314758
31.6243991852
32.4868774414
31.0019664764
27.7851295471
27.8151988983
29.6552505493
25.9453048706
23.398765564
25.201713562
20.0953063965
23.2110309601
22.4714851379
25.8495998383
26.307554245
23.570268631
28.6898975372
29.819026947
30.677822113
33.5393447876
33.5100288391
32.6566505432
35.2775497437
37.0548171997
35.3420143127
38.3369827271
35.6682319641
36.3880691528
40.842300415
42.1511955261
40.3308448792
40.4142684937
43.0904846191
42.5712471008
45.1605186462
42.1964607239
38.7219848633
38.7255821228
37.1847419739
36.0653266907
38.9574127197
38.1701889038
35.0537338257
31.6695346832
33.3210334778
28.1699314117
31.6347637177
31.0679893494
27.1120262146
28.049413681
30.3288402557
30.5000705719
31.9504699707
33.9268951416
34.0292434692
38.0693130493
36.470249176
32.9642715454
37.9147109985
39.5889358521
36.8524284363
35.8426628113
40.5031700134
40.6756362915
38.2152290344
41.1406593323
44.2178688049
42.8039016724
42.3785057068
45.8564338684
47.7179260254
44.4126968384
47.1766586304
50.5119171143
83.9983596802
78.9982376099
54.8529319763
62.8910522461
83.2769088745
58.5196533203
52.105304718
77.0393295288
84.4589157104
68.0358200073
79.2486038208
59.4416046143
66.2819595337
61.0013465881
66.2166748047
67.4192581177
65.5941467285
47.1093292236
47.4833564758
42.4505462646
47.7494277954
47.4099388123
57.2070655823
50.1119194031
53.4419708252
46.8996620178
42.8268470764
43.1110420227
40.8606834412
39.3606758118
38.7027320862
35.9548606873
42.0450897217
37.8092422485
37.3324317932
37.5187950134
40.365524292
46.7187843323
37.728717804
39.2815818787
41.4086723328
41.8861503601
40.4702682495
41.8199729919
43.1378822327
46.3777160645
50.9861335754
45.0894927979
49.3799705505
40.7269210815
39.4556274414
44.0881500244
40.3347358704
42.7626991272
36.8866424561
42.5398826599
40.7211112976
44.4732780457
45.6570739746
46.5409126282
48.8092880249
47.348777771
46.2591247559
48.5406684875
43.1575279236
45.5650444031
48.6767158508
45.7806091309
39.6953887939
43.1708869934
44.6728019714
40.2441673279
38.5238647461
44.0663299561
46.7116317749
39.0013961792
38.6286773682
42.4491653442
42.2264022827
40.1266288757
42.1876792908
36.0913925171
33.2445869446
33.1645393372
35.9395179749
32.5660858154
41.3502502441
42.8684768677
41.3830375671
44.5044364929
45.6522674561
45.5789794922
52.2641296387
51.5116157532
54.1185646057
56.0522575378
57.9985160828
55.375705719
56.6082763672
54.5733222961
50.6847572327
49.6907920837
49.5687675476
46.6914825439
43.2551727295
43.5894317627
43.6018409729
37.2321472168
38.4092025757
35.318687439
30.7191200256
29.4616565704
29.165178299
26.4471187592
23.2172489166
23.1722831726
23.9304924011
18.5691242218
17.0538387299
18.2257347107
22.5369873047
22.6600112915
20.5267658234
24.803483963
19.8051872253
23.6378231049
22.0959339142
25.3111286163
20.83751297
25.0028934479
25.2795333862
26.6960945129
23.3524246216
25.6876754761
28.1097946167
27.6978111267
29.9751224518
28.8356761932
30.9533729553
34.7424850464
33.5007781982
34.2593040466
35.7049942017
36.1195335388
34.8180351257
42.3769836426
41.567527771
42.9708938599
38.9021110535
36.51902771
32.6848220825
33.9632148743
30.7380580902
28.2402057648
26.4356975555
24.6062297821
30.8239078522
26.6566085815
28.3203735352
27.9997215271
28.373758316
32.1855354309
27.9814872742
30.9501171112
31.5460033417
30.6150035858
28.877450943
32.0366020203
29.7430057526
35.0688743591
34.2376060486
35.5875701904
45.4389266968
34.7866287231
43.4796104431
42.4222831726
42.2173118591
44.4922294617
47.8671112061
62.0359077454
66.0436553955
59.1310844421
81.4434051514
94.774597168
88.3351974487
45.2095909119
38.1594276428
40.1105308533
35.6133766174
42.4438362122
34.5663871765
35.6631278992
32.1882705688
29.5441684723
31.0100402832
31.2207641602
22.783952713
24.1302623749
34.1239509583
34.4138793945
34.5731048584
35.609249115
35.2262878418
37.2952079773
43.3704910278
42.3885650635
41.4399757385
45.1019668579
41.9393959045
37.6833534241
38.029712677
35.4031028748
32.6714935303
32.8888092041
30.9361343384
32.4636192322
26.1967906952
29.6463336945
28.9267349243
28.9199810028
28.3527259827
24.5011806488
22.964717865
27.3399372101
19.0463886261
17.9389324188
21.0214862823
20.4105033875
19.7758235931
22.6567020416
25.5218601227
24.8412303925
27.6234951019
30.7433853149
31.147403717
32.735080719
35.3413009644
38.3411140442
26.0495376587
25.0955486298
28.574836731
27.9790000916
23.4632205963
24.9672622681
28.0671901703
25.4917469025
23.3640899658
25.7648563385
28.4973831177
31.745382309
32.5470657349
35.2690925598
37.9163093567
38.038028717
34.7806091309
36.9535369873
40.036026001
40.9489974976
37.4629325867
40.1426849365
39.2182502747
36.40284729
35.4341087341
38.1283950806
38.0831069946
35.2759208679
34.734703064
34.9300727844
29.8199234009
30.3788661957
27.9040260315
24.678188324
24.3108005524
21.5358390808
21.9008159637
22.2236022949
19.2161464691
16.9331417084
18.6429328918
18.9151210785
18.5916347504
20.4702644348
23.9328975677
24.0457172394
20.2130317688
20.7205982208
24.2215919495
23.0176849365
20.5594863892
24.0161132812
27.1732597351
23.5345077515
22.8491458893
27.4378623962
28.9626674652
31.2932453156
31.7670936584
33.2491989136
30.7290630341
28.300239563
27.7565765381
29.7745895386
28.4312400818
30.7622470856
29.9268264771
26.9319381714
28.058588028
31.446182251
26.3130130768
27.0009765625
21.9937152863
24.5054855347
27.6251659393
26.9252376556
25.6540203094
30.421661377
33.0105552673
34.7410469055
37.2526512146
33.3542366028
31.7972297668
34.6010704041
36.3629341125
37.5312538147
41.1152839661
42.4883613586
41.3664016724
39.5950279236
43.555103302
40.1325798035
45.5025253296
43.5104522705
41.9998283386
45.0946807861
47.3356132507
49.0032539368
48.4716529846
50.6551589966
49.301109314
52.002407074
50.9856758118
46.3879737854
49.1313934326
51.6344528198
47.4162864685
44.9238433838
48.6631965637
48.6774215698
45.1404953003
46.1999206543
49.4096908569
47.7529754639
44.1493339539
47.8056030273
50.4437828064
47.014503479
46.3762588501
50.5898857117
79.0432128906
77.4725189209
52.9643325806
64.2404022217
81.64868927
48.5461578369
49.4324989319
74.9687042236
80.6888961792
62.201675415
74.6201705933
60.0780639648
63.1834144592
51.208114624
67.1531448364
58.4327163696
66.9542617798
50.078212738
50.0192947388
47.1440353394
50.9385528564
51.8107147217
61.2729759216
57.1605262756
59.576789856
54.0609512329
51.9106292725
51.3163032532
50.3069267273
47.8417549133
46.1469650269
44.2843017578
46.4320831299
40.0505332947
36.7136116028
35.245464325
38.6245307922
46.3937263489
40.6209983826
43.9609985352
47.9982719421
50.1835174561
48.1425323486
52.0100784302
52.5558586121
55.9292373657
60.7075614929
56.168586731
59.4515380859
51.4844436646
51.3034057617
52.4571990967
47.678352356
48.18176651
39.2498474121
43.8893089294
40.2132110596
42.401008606
42.1955833435
43.4570236206
43.7591667175
40.9325752258
38.3953361511
39.6258621216
34.4583396912
38.6013259888
41.9985694885
37.7782707214
33.8532447815
40.2968597412
39.6263122559
34.6587524414
37.5834159851
43.1618499756
43.9681472778
37.6403236389
40.8732566833
42.9904708862
42.504447937
42.482585907
47.7476119995
43.2418899536
42.3250961304
42.0918083191
41.6813850403
38.5593032837
46.6178703308
46.4550971985
48.1711425781
48.219783783
48.2409095764
48.8356132507
54.307674408
50.466091156
54.5104637146
54.6038398743
56.0758934021
51.0183982849
52.5168495178
51.8809356689
48.3174133301
46.3386383057
47.9988632202
46.1867408752
45.0397644043
46.3339691162
48.2481689453
42.3947944641
46.8557777405
45.2857666016
42.092010498
43.4963684082
41.0375442505
37.4189414978
36.1526107788
34.0619010925
37.1217651367
35.5988197327
33.5003662109
32.4875183105
40.9749603271
42.3335990906
41.0845680237
45.7598876953
40.1478996277
42.9866981506
39.9441986084
42.9226036072
40.5258407593
39.8783569336
40.7133293152
42.3057365417
38.2406730652
36.1459541321
39.4019699097
39.675579071
37.3177490234
36.2548027039
40.3197097778
40.2755317688
36.8969573975
38.5123825073
39.1615180969
37.5569496155
34.1552734375
42.4372367859
40.0608406067
39.0881118774
36.996925354
32.1035346985
31.7006587982
26.9296035767
27.2237644196
29.237154007
29.3486175537
32.6023368835
36.289024353
30.8980464935
36.4030075073
38.0845718384
41.7299385071
46.7310333252
46.4377670288
47.3102035522
46.4608154297
43.7854194641
39.7189826965
40.9771537781
34.6879501343
38.8842849731
34.104763031
35.2614936829
40.3054199219
28.988117218
38.2812767029
36.3486404419
35.2050743103
36.8250160217
45.5484390259
51.8005104065
54.7808685303
61.0192718506
75.6405487061
88.6928710938
83.583694458
29.3296203613
24.4448394775
21.0094985962
17.4205799103
24.6580810547
16.1630363464
19.6871490479
19.9496631622
23.0202217102
23.1295204163
18.9990539551
20.7972679138
24.1994895935
25.3599872589
26.3649520874
23.0001564026
24.8269805908
22.3667678833
21.3023834229
26.9366455078
25.58801651
26.8152332306
30.9401721954
30.4058971405
27.1924285889
30.7555236816
32.038028717
29.2026462555
27.0866012573
28.7771015167
32.4354896545
22.4438896179
30.4586086273
33.3186149597
32.6301307678
31.7461204529
31.7228145599
33.402633667
35.6039505005
29.2909488678
33.2260475159
35.7074584961
33.5163612366
35.3413124084
30.8538246155
29.3209609985
28.7152900696
23.3122787476
25.7821846008
24.8394203186
23.5470542908
19.0068817139
21.1920547485
15.0443592072
13.4921369553
12.7147874832
15.471367836
17.1065101624
16.8931789398
17.6593875885
20.3320007324
21.8348789215
21.3254127502
20.7461509705
21.084526062
20.1331939697
23.6829433441
24.2130508423
24.86743927
22.1299705505
20.6050281525
22.9664077759
18.2313098907
15.3861618042
19.8851318359
18.5446128845
16.4103507996
17.6648540497
20.5328407288
20.8763217926
20.6265697479
22.6453342438
24.7448863983
22.6498661041
26.0327110291
25.2778434753
25.5721950531
28.4368209839
26.6273765564
31.3895130157
29.6312828064
27.2193698883
28.6068210602
32.6492462158
35.5690994263
34.5054092407
36.284526825
36.6381416321
36.9022216797
33.048160553
31.3610439301
32.6391868591
31.5973320007
27.7977619171
27.8385658264
30.3267383575
26.665353775
23.3227100372
25.4030513763
19.7491149902
23.7783813477
24.1028289795
27.4321231842
27.297372818
24.7844867706
30.0437755585
31.8167037964
32.8343849182
35.7354125977
35.2398605347
34.1688232422
37.1142730713
38.7606620789
36.2520828247
39.1575622559
36.3529129028
37.6204452515
42.0533180237
43.4117698669
41.8520736694
42.2038993835
45.269695282
44.854434967
47.7370376587
44.8078575134
41.2111320496
41.8353881836
40.5193138123
39.9402275085
43.0483322144
42.6002349854
39.5107574463
36.5310668945
38.4542312622
33.4172401428
37.2835693359
36.7360076904
32.9186859131
33.986366272
36.41040802
36.7453079224
38.1481285095
40.1679000854
40.0581130981
44.156829834
42.6027145386
38.9554138184
43.7660827637
45.5793380737
42.6502380371
41.4548149109
46.1409111023
46.2895469666
43.6194953918
46.439414978
49.6061477661
48.0724487305
47.2751808167
50.8972396851
52.8509178162
49.3722763062
51.8677558899
55.4146652222
72.6849136353
74.8892059326
47.4727096558
60.1165847778
79.4786682129
38.6595153809
42.558139801
69.8258285522
78.6673202515
55.4401130676
70.7916107178
55.6499557495
57.8349304199
41.0554428101
63.2949638367
50.3057823181
63.8309745789
53.9987220764
54.9508285522
52.4051704407
54.9136543274
56.1713981628
65.3467102051
61.8668403625
63.6647262573
59.1850585938
56.750453949
56.594997406
55.2217941284
52.5608558655
51.4529953003
49.8287811279
51.1582145691
45.3053970337
39.8000984192
39.2744941711
42.2953224182
50.5306777954
45.1891441345
48.9144058228
53.0633926392
54.8192672729
51.7682876587
56.9932022095
57.3972892761
60.997177124
65.4742279053
60.7665519714
63.9732131958
56.0719337463
56.6986923218
57.2788009644
51.9717750549
53.1766548157
43.4851608276
48.5186729431
44.1884269714
46.1212806702
45.7145957947
46.6310691833
46.5714187622
43.5892677307
40.6940345764
41.3945541382
36.7200546265
41.7926177979
43.600315094
39.3856582642
37.3545265198
43.5654220581
41.4734687805
36.8752937317
40.779624939
45.9641227722
45.9876480103
39.3577651978
43.9925498962
45.0800666809
43.9579086304
45.0856742859
50.306022644
46.037727356
44.9786720276
45.4597129822
44.9869232178
42.2593955994
49.6497001648
50.0801391602
52.2863235474
51.6296005249
51.9162445068
52.8558883667
58.0215034485
52.9650268555
57.759563446
57.4637641907
59.1730575562
53.3895187378
53.7782554626
54.7424125671
51.6868553162
49.1875114441
51.0931549072
49.9878768921
49.2727088928
50.6451187134
52.1402397156
46.4117774963
51.3391990662
49.9194107056
46.4846534729
48.3837394714
45.1902618408
42.083530426
40.7629356384
39.3279266357
42.3412590027
39.9885597229
37.6782226562
36.8740959167
45.5986480713
46.7665977478
45.3248519897
49.7041702271
44.0918579102
46.1944046021
42.5344924927
45.3917236328
44.4323997498
42.322429657
43.1609840393
45.7143745422
42.0087203979
38.2745323181
41.6986618042
42.9330291748
39.8266448975
38.0178413391
42.8270797729
41.6299858093
38.903377533
39.4320220947
40.7694816589
39.481918335
34.6944236755
42.2520828247
40.1084060669
38.7515106201
38.127243042
32.8250427246
34.5687637329
28.5507678986
30.41472435
32.4326934814
34.0322532654
37.0679092407
41.0803871155
35.2076950073
40.3730506897
42.6643676758
46.3648376465
51.3894042969
51.5065460205
51.8386611938
50.0981216431
47.5852050781
43.371799469
44.7234344482
37.4919281006
42.2283210754
37.9318161011
38.6549835205
42.3836669922
31.837802887
39.9288253784
36.8210334778
34.4231758118
35.5788993835
39.3880805969
41.6449356079
44.8282203674
57.3255615234
71.5880889893
84.6186676025
81.3783111572
28.7617073059
26.1269931793
21.3501148224
19.2689552307
27.4956550598
18.4174423218
22.1822090149
24.4361591339
27.4241580963
27.8492088318
23.7114963531
25.4273109436
28.1943740845
28.0501060486
26.7076797485
21.2867908478
23.4841976166
22.8914470673
21.9251403809
23.6034946442
21.2074298859
22.0412635803
25.4293193817
25.9709949493
25.9240474701
29.0028171539
31.4765377045
28.3168449402
27.6084003448
29.7774066925
32.9254188538
22.9598331451
32.8237800598
35.5469284058
33.6752967834
34.0526351929
34.6635322571
35.4457473755
36.7473716736
32.399017334
36.2732543945
38.1677513123
34.907043457
39.2182540894
33.9648666382
33.3083000183
30.8161869049
25.3996753693
28.8500556946
27.6328887939
27.4365501404
22.4367980957
18.5446090698
21.4173927307
17.4393501282
17.0843791962
12.4024267197
14.1146745682
18.271944046
16.5658683777
13.5726118088
18.1208839417
20.4378929138
18.5899391174
15.5631818771
13.0716590881
12.0416526794
14.1414880753
12.5976810455
14.7171297073
13.9946184158
10.1143636703
11.9205741882
5.9860291481
6.13464260101
6.49794864655
3.96695923805
5.37806987762
5.4174952507
6.50512218475
9.20460605621
12.6282644272
14.7959947586
16.493768692
19.9157390594
20.7212696075
23.0943279266
26.4712867737
26.2835445404
31.1184329987
28.9654407501
27.7842292786
30.3193798065
34.0492134094
37.3824996948
36.2515525818
37.9998779297
37.0349693298
37.7498817444
34.5352897644
32.0057868958
32.4371528625
32.3985786438
28.7128410339
27.0638465881
29.1553707123
27.2246589661
23.4518489838
23.0803337097
16.1065483093
19.2126636505
21.1048336029
23.6976604462
24.1327896118
23.6044101715
29.5801849365
31.6852226257
33.8826255798
36.3067321777
35.2790985107
35.0443344116
38.6719551086
38.9528427124
36.8856506348
40.0672683716
38.411365509
39.8099517822
44.0813522339
46.1982192993
45.1127357483
44.0113830566
47.5978126526
46.4263496399
49.6986618042
47.6334686279
43.347038269
44.0395355225
41.8246841431
41.5763473511
44.3261833191
43.7057571411
40.0909805298
38.085193634
38.9488143921
34.4227485657
37.4489021301
38.1632499695
34.1060905457
33.84324646
36.4606246948
36.6653747559
39.1012573242
41.4012260437
42.4671173096
46.3533782959
44.0883865356
41.3905906677
46.8463439941
47.804485321
45.2175292969
44.8443870544
49.4903640747
49.1877059937
46.728012085
50.3348236084
53.0218162537
51.1061630249
51.2716369629
54.9797592163
56.2020149231
52.4540672302
56.0414123535
59.4673194885
74.5736465454
68.7113494873
45.5494842529
50.0541877747
73.0485305786
52.3110656738
40.9373779297
66.5550689697
75.3778381348
59.2764472961
70.4566497803
47.2697257996
56.3026542664
53.4561462402
53.9458732605
61.4389266968
53.9328308105
53.873462677
54.8680496216
49.7275657654
53.0654182434
53.044418335
61.3997802734
54.9379882812
57.445514679
52.2154121399
49.0649795532
49.6799926758
48.1013832092
46.0498390198
46.3720817566
43.6651611328
48.2503089905
45.6830940247
42.5903511047
42.9163208008
44.929813385
51.8185958862
43.867401123
46.0238647461
47.5556945801
47.9658699036
45.0535545349
47.3621635437
46.7019538879
51.4548988342
54.1087608337
47.5090484619
52.018321991
44.2826004028
44.3906860352
48.5124397278
43.9807891846
48.4044570923
42.1490631104
49.1885032654
45.662727356
50.8024482727
51.1305770874
50.1731071472
53.4830818176
52.103012085
50.3560333252
51.4411659241
45.9828872681
49.8547058105
51.2720909119
48.00207901
43.2507743835
45.8510704041
46.8077201843
41.6339111328
40.5993804932
45.7435302734
46.8681259155
38.3292427063
39.0324440002
42.5926246643
40.056186676
38.435256958
39.5602340698
33.177734375
31.1223144531
31.1898975372
35.0389556885
34.0642776489
41.9824714661
44.7434463501
43.9614753723
47.7528533936
48.1988601685
49.4951171875
55.7824707031
55.7119369507
59.0144882202
60.9679412842
62.4414787292
59.5799217224
59.2953987122
59.1910095215
56.0243110657
55.0938339233
54.7062950134
51.1642074585
49.4928359985
47.4236793518
47.3180999756
41.3505706787
41.0715026855
40.2757606506
34.6803855896
35.4291915894
35.2364044189
33.0815658569
28.1607284546
31.5255508423
33.1018600464
25.9268226624
24.8756504059
28.1477375031
31.4993114471
30.8173542023
28.5560512543
30.3299922943
24.0508823395
23.2997570038
15.9129858017
20.1956443787
21.1162128448
22.8919029236
17.4522266388
23.6657447815
24.0515537262
20.5860328674
21.9985847473
24.8318042755
27.3137512207
22.0775909424
25.405374527
29.1647644043
29.1187267303
27.1260223389
31.7193470001
32.7056999207
29.8956623077
36.0249481201
37.0826911926
37.9992218018
35.3949012756
33.5300674438
32.5680465698
33.6890029907
33.1204109192
28.8101100922
30.1767368317
28.9932174683
36.166683197
30.1017360687
31.0448474884
31.483921051
32.2474784851
35.790802002
31.8345241547
32.4289360046
32.5372123718
31.3286399841
29.6624240875
33.5217933655
30.0777072906
35.7251472473
37.4788665771
36.9017829895
46.6402053833
35.655380249
42.6952934265
39.9957618713
39.0928840637
39.9287834167
39.2926101685
55.0278663635
60.4142227173
46.8295936584
74.2193756104
86.2962417603
79.7616119385
46.3006973267
39.4612846375
42.1057929993
36.7877655029
45.3956489563
37.805519104
40.6204833984
36.3647232056
32.9675178528
35.3982620239
34.0042953491
27.3296012878
26.7896385193
33.9955787659
30.9744567871
30.8580207825
31.2960510254
33.8299560547
36.2910499573
40.2976264954
39.2724838257
37.1473274231
40.2162780762
36.1122550964
34.4638175964
32.4447937012
29.1051425934
26.1983318329
29.4223937988
27.9957199097
26.4139957428
22.486333847
27.3352928162
25.198682785
24.6642723083
26.8620738983
25.0443744659
18.4360561371
25.6163272858
23.341342926
19.3392429352
18.8897686005
23.497505188
23.9328975677
24.5193080902
28.2085361481
25.6013088226
24.4242572784
31.306394577
31.7694396973
35.6585235596
35.5461273193
36.638130188
39.154460907
29.3744621277
27.2498989105
28.1384944916
28.3319683075
24.2241611481
22.5959663391
24.4183750153
22.7336883545
18.1120796204
18.7889213562
21.9046993256
24.9119777679
25.9119052887
26.6152896881
29.9853076935
29.6617774963
27.2036342621
31.2827987671
34.2266273499
39.9475212097
36.2741012573
36.8054695129
37.0349693298
34.8537025452
32.1476821899
33.9155044556
34.7215881348
31.2478065491
30.0682792664
27.9589214325
23.7982769012
20.5787220001
17.7728271484
16.0631408691
12.7741851807
11.7214794159
9.15609836578
13.2622442245
13.7142438889
12.1217308044
12.4223680496
9.84339904785
7.59247112274
5.45227813721
5.20004940033
6.81881809235
6.61407089233
6.97625112534
10.2176876068
11.1291399002
11.5689067841
13.4627656937
15.1322698593
16.0580463409
16.6518573761
22.5708255768
22.2027511597
24.1074523926
23.2908039093
19.5891151428
20.1620349884
16.6755237579
19.8630008698
19.9727745056
20.5092372894
17.5831394196
15.5184297562
17.7239990234
17.7722454071
10.8066883087
10.1506624222
9.69580936432
13.6255369186
14.4523515701
16.2188072205
18.1585693359
18.9006690979
23.3843135834
23.8973083496
27.7502613068
26.4799041748
23.6294784546
28.3597278595
29.5106639862
32.8699226379
36.1302719116
38.3917503357
37.1277198792
38.02917099
41.3869476318
39.2717056274
44.7893676758
44.2102813721
42.9588279724
45.3633499146
48.3042488098
50.8842391968
51.0891494751
54.461353302
54.848777771
56.7275924683
54.1439056396
50.2531280518
54.1426925659
55.2741775513
50.4262275696
48.970489502
52.7514266968
51.4454650879
47.5138587952
50.0722885132
52.2581672668
49.2471427917
46.6654891968
50.916229248
51.8815841675
47.378616333
48.35105896
52.7840538025
72.9825744629
72.0674438477
47.3311042786
53.8435707092
76.5863571167
47.6610832214
41.1257781982
67.1488113403
78.0866775513
58.1069908142
71.6338653564
50.7778167725
57.2826652527
48.5003051758
57.6663665771
58.4158973694
58.6887588501
50.4610748291
51.1702651978
46.4142570496
49.7949905396
49.8209228516
59.1144180298
53.2232093811
55.2537612915
50.0857696533
48.0142669678
48.4421463013
47.2646102905
45.4112701416
44.7326393127
42.23960495
45.9167480469
41.392578125
37.0166358948
37.0411911011
38.8254890442
47.1895713806
39.6438026428
42.813747406
45.6813926697
46.6317672729
43.3376083374
47.2938804626
45.8667755127
50.7223358154
54.0656661987
48.3594322205
53.3026771545
44.3832168579
45.2081413269
47.4417724609
42.3822364807
45.5482749939
37.100944519
44.2211837769
39.6930770874
44.387676239
43.9875450134
43.9148292542
44.8743476868
43.7273254395
41.2534294128
41.8835487366
36.6909065247
41.1076889038
42.351360321
38.2378349304
34.4423103333
38.7719268799
37.9689331055
32.1808204651
33.4735336304
38.842956543
38.9302139282
30.5088291168
33.8171081543
36.1348381042
33.139125824
32.9208106995
36.7255172729
30.8543338776
30.1679325104
30.34425354
31.8226852417
30.803943634
38.8754692078
40.525932312
41.6137161255
43.5840797424
43.5522918701
45.4361572266
50.708530426
49.1970176697
53.4864730835
54.4889793396
56.1980705261
51.1611099243
51.8760871887
52.8010177612
48.9049224854
47.8073768616
48.2697105408
45.3680801392
44.1726455688
43.2124328613
43.8028831482
37.8667221069
39.6219940186
39.4993743896
34.3381652832
36.8284721375
35.1433181763
31.9763717651
28.5417537689
30.4712047577
33.3529396057
28.214597702
26.6101894379
28.473772049
35.2250099182
35.9784622192
33.5044784546
36.8707923889
30.100271225
31.2146720886
25.0088844299
28.2710514069
27.8743247986
27.1818675995
24.7386074066
27.9953536987
26.6243534088
21.4628658295
23.839307785
26.1830406189
24.7973136902
20.2641677856
25.083404541
26.3598937988
24.1059398651
23.1722736359
26.7327671051
26.6659049988
21.7861995697
29.1790447235
29.9174041748
28.5707874298
27.363904953
23.4970207214
24.7341194153
23.0576572418
24.729763031
22.3840236664
25.2999916077
26.80194664
33.1138038635
25.7846946716
28.5108318329
30.4904785156
33.5699615479
38.1083068848
36.7530784607
36.8003425598
35.9460754395
32.649230957
29.5742588043
31.843832016
25.702375412
32.2875404358
31.0034275055
29.9202899933
38.6014785767
26.5226459503
33.9225959778
30.3181228638
29.3280715942
28.5932426453
40.1004600525
49.9795913696
55.227481842
51.5857086182
75.0363845825
86.4926223755
81.9209060669
33.5540962219
27.6799983978
29.6313018799
25.2017116547
34.6644935608
27.5996799469
31.2978038788
28.0286006927
26.8540630341
27.5079231262
24.2816791534
20.8898220062
20.1376094818
23.8290100098
20.0436668396
17.4481945038
18.0192699432
21.3560905457
23.7692775726
27.6122570038
25.6184234619
23.4861507416
26.2531833649
22.4835128784
21.4074382782
20.3806629181
18.7349700928
16.1541461945
18.4045009613
18.8108005524
18.0920143127
11.5106649399
20.8304672241
20.8187980652
20.8784065247
22.3009338379
22.0031433105
19.0939998627
25.2650146484
22.0733184814
21.7284049988
23.6569309235
25.5542812347
27.4378585815
25.190196991
25.9943161011
22.1460227966
18.0911769867
26.2444171906
25.752790451
29.7319107056
27.4028167725
25.4030532837
29.4402332306
21.0269947052
17.1893348694
16.0847606659
18.8484992981
16.4488716125
11.9563970566
13.7364797592
16.062253952
11.7605085373
8.56081485748
11.5213165283
13.1732292175
12.0350732803
12.7180871964
15.87296772
14.6235733032
11.7079925537
15.7928628922
18.3071727753
25.0307350159
21.5132522583
21.4954319
23.0803394318
21.6998615265
18.9257507324
20.6636924744
22.637922287
20.1947650909
20.7023067474
18.9647884369
16.0296401978
14.0609931946
11.1153917313
12.9456138611
13.1263065338
10.1071529388
15.4769144058
16.7915992737
15.3785858154
15.7366371155
20.2972145081
21.1482410431
18.7148609161
18.2122478485
16.6518592834
16.1043796539
14.1294775009
12.5817995071
10.6930160522
10.8167514801
9.40316390991
6.07557678223
7.0551533699
7.53930950165
6.45756816864
7.78471708298
6.71989536285
8.83422279358
9.08588790894
6.00886774063
6.87437963486
8.8547668457
12.2302722931
14.5260667801
16.2321395874
14.0339078903
13.6203155518
17.5973796844
17.2570476532
14.3930444717
17.4811630249
17.1515769958
18.3077201843
21.8531608582
24.488193512
24.2901306152
22.2486953735
26.4218635559
25.3216133118
29.1181716919
27.7603740692
23.3555259705
25.797668457
24.5735702515
26.5239448547
29.6961898804
30.7551136017
28.1108436584
28.4084777832
30.7480945587
27.8469982147
32.8581504822
33.1741523743
30.9333629608
32.3769302368
35.5725593567
37.8597335815
38.9875793457
42.5590820312
43.8886947632
46.0759887695
42.9375228882
39.6023330688
44.6094970703
45.1832008362
40.7934379578
40.098526001
44.3837623596
42.9762153625
39.378868103
43.0562286377
45.1928215027
42.1195335388
41.1172370911
45.4798431396
46.054069519
41.4078674316
44.3189125061
48.4536743164
81.0401535034
79.789932251
58.8136749268
60.3937492371
84.0227737427
62.3002471924
52.1312904358
74.1782302856
87.0191879272
69.3839569092
81.4765701294
58.8407325745
67.1386642456
62.1376800537
64.3341598511
72.362197876
66.056602478
52.0545921326
52.3643760681
46.0118255615
49.8842964172
48.4300308228
57.6929702759
49.5193061829
51.5699386597
46.1789169312
45.3104476929
46.6253471375
45.8514823914
45.8332290649
45.3888664246
42.8322181702
48.5538139343
44.7267837524
41.6368293762
42.0993614197
42.1327896118
50.4167137146
41.0727920532
43.8665885925
45.4123687744
45.4605140686
41.7470436096
43.9699249268
40.291633606
46.0014801025
47.8877792358
42.2921218872
49.3531341553
39.1778793335
41.0935935974
44.2809562683
40.4386138916
44.2023620605
37.5077857971
45.2418708801
40.9981536865
47.1604995728
46.4069633484
46.2249412537
46.2737884521
47.1748924255
45.4738349915
45.8240394592
41.4840698242
45.0681915283
45.3780059814
41.6223602295
37.7550849915
39.9298248291
39.0374679565
33.8976135254
33.4286499023
37.4569244385
37.1988792419
28.9570732117
31.058467865
32.5826873779
28.3421230316
28.1185359955
29.6518421173
23.5154266357
23.360118866
24.8017158508
27.5917053223
28.2991847992
35.4555587769
37.1062889099
37.0370597839
40.3851509094
40.4710578918
43.1021652222
46.9522094727
48.356628418
52.3698348999
54.0853538513
55.7524681091
50.7903060913
52.9170188904
53.8265762329
49.011554718
49.6471824646
49.3588600159
45.5756797791
43.5838012695
41.905166626
41.3126754761
36.1259536743
35.6663627625
37.0434341431
31.6122627258
34.8795928955
35.5338401794
33.3461990356
30.11460495
34.6023521423
36.2369003296
29.9005489349
30.5347957611
33.8535728455
38.2093772888
38.5292701721
34.5505485535
37.5286102295
31.1748752594
30.8215312958
23.9133892059
24.6372795105
25.4489936829
27.1155891418
20.5799884796
21.844461441
24.4959545135
19.7739830017
16.338809967
20.7927074432
22.9327716827
16.1483364105
16.633348465
21.9297122955
21.7100639343
15.8756999969
20.2501544952
24.012714386
20.3327674866
24.2431411743
27.714553833
26.8589515686
26.5023002625
25.8521003723
26.6690235138
28.9159069061
30.4462375641
26.5211753845
29.8903846741
30.7035388947
36.8090171814
28.368730545
29.0855255127
29.2836894989
32.0576438904
34.7892990112
32.8113098145
31.8132171631
32.6601638794
27.3758678436
26.8221702576
28.3522052765
24.5869197845
33.0392875671
33.3531417847
30.1426048279
42.4387779236
30.7395000458
36.7736053467
33.0943069458
33.2133102417
30.7258644104
52.7832260132
63.9269523621
69.8056335449
59.2251586914
86.4414749146
95.9035110474
91.3226089478
41.615272522
35.5312042236
40.7894439697
37.0548171997
46.0842247009
40.884929657
44.1441574097
39.3209648132
37.0081939697
37.2872085571
35.2807044983
30.7300357819
28.329656601
34.107131958
30.3998394012
30.5250110626
28.6770057678
31.8892211914
36.247089386
40.7137374878
37.441608429
34.8475608826
35.5821609497
30.6459217072
27.7917995453
25.9513263702
20.0237483978
22.6066303253
25.6367416382
23.2759399414
22.3455238342
22.6043891907
27.1118888855
24.6251811981
28.4323043823
30.1792697906
26.5991744995
22.1816043854
32.1349639893
28.6746063232
24.4219093323
28.0167503357
32.7625579834
31.446182251
33.7223167419
34.549659729
32.8566436768
29.9126338959
37.6517295837
36.1718673706
41.6346168518
40.0887641907
38.7606506348
43.6244926453
35.0627746582
30.5965270996
31.1857280731
34.263256073
30.6186637878
26.9614849091
29.8623027802
31.2393627167
26.2108020782
24.2356014252
27.8688335419
29.7200717926
28.2980003357
27.9711017609
30.8245353699
28.263010025
26.2855815887
30.4642524719
31.5929679871
39.7021217346
36.2664375305
36.062713623
38.9528503418
37.8089637756
35.2788276672
36.9602737427
39.2379875183
36.8912849426
37.2890739441
35.2117996216
32.0085411072
29.1563987732
26.0416240692
26.6083698273
24.8476200104
21.0124740601
23.7376194
27.2447299957
25.761888504
23.5949459076
27.362947464
25.269153595
22.210899353
18.3776302338
17.7722396851
13.8969755173
15.2419290543
17.5438404083
13.5168523788
11.4152383804
16.1435985565
15.4525356293
11.6061525345
14.0850410461
18.5023269653
17.2570457458
23.4878292084
20.4128360748
18.8141670227
16.8305435181
15.4971590042
15.8914556503
10.0200767517
8.81234931946
8.5713891983
6.09953212738
4.9102063179
6.31918621063
6.23512554169
7.69199037552
9.16656780243
12.436463356
9.63223075867
10.2490901947
13.4220123291
13.8465595245
7.72870779037
11.4351911545
9.51289081573
13.447851181
14.0554361343
10.0845489502
13.7652568817
13.7133321762
17.9294013977
20.3323249817
22.9438972473
22.1560707092
25.0984287262
27.7213249207
27.6186676025
32.3516960144
32.5658760071
32.5271339417
34.546459198
37.3358306885
40.6588516235
40.7806625366
44.7525291443
46.5346832275
46.8896141052
43.2910308838
40.4453773499
44.4532432556
44.2036628723
39.2141723633
38.7886543274
41.9313163757
39.55884552
35.7668266296
39.237071991
40.2213020325
36.4081268311
35.1106376648
39.3781852722
38.7992935181
33.9420280457
36.440372467
40.5386047363
108.465255737
110.693527222
84.3384017944
92.9322357178
115.250732422
79.4833450317
78.745223999
104.444282532
116.103637695
94.1697845459
108.915336609
89.7276611328
94.9219360352
81.2723617554
96.6851806641
91.1228027344
97.8162994385
36.3265686035
34.7624320984
28.9995632172
33.5587081909
32.5029449463
46.2003250122
35.7825202942
41.0001754761
33.7931632996
35.5179519653
36.2732658386
38.5421829224
40.7919425964
37.3660697937
37.6652107239
43.9299697876
33.9625320435
33.3322372437
31.0865955353
29.2905406952
39.8734169006
28.0791473389
34.5859565735
37.5795249939
40.1556663513
36.4914054871
37.6533241272
33.2459602356
35.8941383362
42.566696167
40.6190834045
50.4207839966
37.4204292297
39.7675743103
39.8390693665
36.9390144348
33.0861778259
23.484500885
26.2284641266
21.1026744843
25.3497047424
21.6222286224
24.2365722656
15.6599302292
19.0450820923
20.2881622314
19.7211017609
20.1612968445
22.6278305054
22.260887146
18.6134433746
19.2405643463
20.998046875
16.3420219421
17.8145046234
21.8084354401
22.474653244
23.1225547791
22.7878456116
25.8142414093
22.2980518341
25.6721935272
29.5299015045
35.9646492004
34.670211792
34.4838676453
38.0268516541
34.0214004517
28.5401687622
35.7696266174
29.5524673462
31.605670929
27.6917552948
25.4071426392
25.780172348
26.4148540497
24.070980072
29.4755172729
28.280708313
28.8315048218
18.6301326752
28.6842250824
27.0133018494
19.8445892334
22.9517288208
26.933095932
24.7876338959
22.511220932
29.0984249115
31.704750061
28.5615272522
35.8834190369
36.1455230713
35.5240631104
39.5156326294
41.0359382629
38.2363929749
41.0583877563
40.4333152771
41.3132476807
40.6797294617
42.7306251526
42.2268218994
50.2488174438
51.6533241272
47.1918411255
54.6044578552
49.6523590088
52.772190094
50.0098114014
49.5943641663
45.9584083557
48.692741394
47.7936820984
43.2883262634
41.6523551941
42.3894729614
40.4079170227
39.4135055542
39.5254135132
39.0666313171
36.7173042297
39.3353042603
37.0716781616
36.5859642029
30.3714370728
32.9719619751
32.3778152466
37.8204612732
34.7541923523
32.6455955505
30.8785419464
30.0194396973
28.9149723053
28.2573013306
29.3235702515
33.2320289612
33.5878868103
38.9855422974
40.1563911438
30.1885585785
37.2499809265
34.5641822815
41.8474617004
44.6508598328
44.7175445557
45.9685783386
48.6772689819
39.6808700562
39.0672912598
34.9627113342
30.7286949158
37.2233390808
28.404958725
25.8191299438
35.5470046997
24.4276027679
33.7361488342
32.5274734497
33.8451652527
33.0947151184
76.003944397
82.2187805176
86.0043182373
90.7267227173
111.113616943
123.007743835
119.51171875
27.3701725006
24.9203357697
31.2603683472
32.9642562866
40.080406189
37.0535087585
38.5789413452
36.2030181885
39.1363983154
35.6187896729
34.640499115
35.0195960999
35.2735710144
39.3445739746
40.7310447693
39.7592811584
37.2354316711
34.1748847961
39.6309547424
46.7738647461
40.5090675354
40.1796188354
39.8992118835
38.1190834045
28.4092445374
35.8152656555
32.5878677368
37.9519615173
34.4755706787
33.2240791321
40.5347862244
35.7630691528
40.5894508362
42.5030632019
47.3662147522
46.0042190552
40.8946304321
43.8779144287
51.2738227844
41.5837593079
42.7903251648
49.7909355164
49.5854148865
46.3879814148
47.8931312561
44.8339691162
47.5393943787
42.3506317139
45.7292327881
44.3963241577
44.6205177307
41.7882118225
38.9554100037
47.4723815918
38.5544891357
34.4158973694
36.2456130981
40.7391700745
39.5560874939
37.9580574036
41.4473876953
44.5955543518
43.2243003845
41.5984191895
43.645690918
44.3807983398
41.3962364197
43.4520530701
44.0785446167
41.5956306458
39.2356033325
38.678478241
38.0545005798
36.9804534912
35.5164718628
38.2604904175
41.390586853
40.9557342529
41.9629173279
44.4498519897
46.4492912292
46.7417869568
49.4058036804
50.6671333313
47.7749061584
49.7162590027
47.2896347046
47.547039032
49.0902175903
44.0522346497
49.9424858093
50.4328269958
46.4187545776
44.9146080017
50.6217880249
51.2711029053
48.9911804199
48.1979866028
50.2531394958
47.4659461975
44.0007133484
45.3583068848
44.8722686768
40.6997489929
40.3453216553
41.4744949341
40.6703720093
36.4028892517
37.5119438171
39.6023292542
37.5197906494
37.9810333252
33.4702033997
35.9971237183
38.0753135681
34.3773956299
36.5582923889
34.1771278381
32.9971733093
34.9951782227
37.8006248474
37.6024665833
37.2464561462
40.4453811646
42.9348373413
45.8069343567
43.2644882202
40.843208313
44.7628211975
44.9203453064
41.4415245056
41.1868133545
40.4346008301
40.0654563904
39.8382415771
36.5372772217
35.4198303223
31.505865097
30.020866394
25.5028171539
26.0459938049
23.3635654449
22.3626003265
16.8037719727
16.9035549164
14.7058992386
13.067565918
9.89617919922
10.4394683838
12.1145105362
10.0876054764
9.783411026
6.37805652618
6.48389005661
7.73740053177
7.01336336136
5.65644359589
6.48485517502
7.1729092598
6.03467750549
6.58125448227
9.55230426788
10.4882211685
10.9680995941
13.0175466537
15.0370349884
15.7225875854
17.7791004181
19.0222530365
20.5222835541
19.9912185669
23.1553878784
24.1993427277
