47.7004013062
47.8562202454
50.7509422302
52.8440475464
55.3113632202
56.7912788391
54.90807724
53.8234596252
51.3554801941
50.0589790344
47.2656326294
44.2967033386
42.4577636719
44.9830360413
45.3192672729
45.7595443726
47.9746284485
48.9017372131
48.4994697571
50.9467582703
52.7728996277
54.7985305786
55.3100585938
55.8977394104
56.6631813049
56.9932670593
60.494140625
60.1736488342
62.5911979675
61.0167160034
58.8895339966
62.0913200378
60.7276725769
50.4930458069
50.4388198853
53.5851707458
55.4755134583
57.7944030762
59.6684074402
58.0473442078
56.9317321777
54.3703956604
52.4867477417
49.4721832275
46.1541519165
44.0058555603
46.5156784058
47.3484306335
47.9080238342
50.4841041565
51.0953903198
50.2711753845
53.1534919739
54.8173446655
57.348274231
58.2034912109
59.2294845581
60.3406524658
61.10962677
64.8174667358
64.8818893433
67.4790496826
66.3527526855
64.2021560669
67.3969192505
66.0205535889
40.4865989685
40.983215332
44.4771461487
45.6914215088
48.2782592773
49.6463012695
48.267829895
46.8698196411
44.177280426
42.1762313843
39.2017555237
36.271270752
33.6412391663
35.4285812378
36.3331489563
36.7559585571
39.3569030762
39.7434577942
38.6265525818
41.4296951294
42.8529701233
45.5029029846
46.5208320618
47.7836036682
49.0927314758
50.1342315674
53.7018013
54.0758094788
56.7179718018
55.9971885681
54.0655021667
57.2840576172
56.321559906
45.7112731934
46.9608459473
50.6981811523
52.7858581543
56.0971794128
57.0323829651
54.8524093628
53.2456855774
50.0578575134
48.8880195618
45.5880508423
42.640537262
39.8170623779
41.9517631531
41.40625
40.8641700745
43.682964325
45.3705863953
44.6386871338
46.4191169739
47.7543411255
50.0806770325
51.1655769348
51.7930984497
53.2841873169
53.5896072388
57.4281387329
57.1771011353
60.4334030151
58.3811721802
56.731716156
60.9166297913
59.9987106323
48.4336204529
48.6365432739
51.4450340271
54.5294342041
57.3329620361
58.8300971985
56.2632446289
55.2384719849
52.5721664429
51.8747024536
48.8881072998
45.7053527832
44.1942405701
47.4500846863
46.9695014954
47.1792106628
49.3669967651
51.0899810791
51.2495117188
53.3390350342
55.5464248657
57.2130813599
57.4783287048
57.5577583313
58.1479721069
57.9569015503
61.7879066467
60.9796218872
63.6203651428
61.2822685242
58.897190094
62.5008087158
60.7355613708
20.8425502777
21.4669780731
25.715763092
26.9495544434
30.1016731262
31.3460731506
29.7904815674
28.143196106
25.0925521851
22.858253479
19.4000778198
16.0271034241
13.1910934448
16.2418746948
17.122592926
18.4800224304
20.8711051941
21.2063388824
20.9232807159
24.3397045135
27.0302734375
29.1249866486
29.4838123322
30.7128162384
31.7062034607
33.0914916992
36.9524345398
37.6499023438
40.1964302063
40.2745780945
38.0683364868
40.9684524536
40.0100708008
27.8287391663
27.1489753723
30.4434204102
32.5294036865
34.9222221375
37.0251808167
35.326461792
34.2922134399
31.8165645599
29.7434997559
26.649471283
22.922794342
21.4851875305
25.183971405
26.4015598297
28.0982017517
30.1635971069
30.3953952789
30.3922557831
33.99609375
36.8112297058
38.7863578796
38.8669090271
39.8355979919
40.3364257812
41.3832969666
45.2068939209
45.5137519836
47.6517753601
47.4527320862
44.7355384827
47.2395744324
45.5842170715
56.0617713928
58.5296401978
63.2480545044
62.0783843994
65.1616973877
65.3069915771
65.1898651123
62.7993583679
59.4701385498
56.5224685669
53.5330505371
51.8269920349
47.1103744507
45.3130569458
46.089138031
44.5181465149
48.0575866699
47.8689842224
44.2757644653
45.5466346741
43.5179100037
47.9515914917
51.4867668152
54.416595459
58.1477088928
60.6476554871
63.6753501892
65.7323074341
69.5353164673
70.006652832
70.0210723877
73.974822998
74.8989639282
64.7518768311
68.0865783691
72.9198150635
72.0529327393
75.7300338745
75.1418609619
74.5411911011
71.9008712769
68.2774353027
66.1657714844
63.1839981079
61.9019088745
57.0804824829
55.1034812927
54.5752067566
52.000087738
55.397403717
56.2258033752
52.9585113525
52.785774231
50.2094688416
54.0383987427
57.7170829773
60.0317726135
64.0236206055
65.8743972778
68.6819229126
70.3161315918
74.6176147461
74.0481719971
74.7784500122
79.5286254883
80.9291229248
64.4552536011
67.9878768921
72.8077011108
72.0418777466
75.8604660034
75.0794448853
74.3355712891
71.6519470215
67.9803466797
66.1215744019
63.1685256958
62.0168991089
57.2324371338
55.2420845032
54.3696556091
51.5808105469
54.8908233643
55.9863395691
52.8733215332
52.351600647
49.7365989685
53.3409576416
56.9738273621
59.0810546875
63.0695762634
64.7197418213
67.4680862427
68.9588088989
73.3464508057
72.5048828125
73.3867416382
78.299369812
79.7958068848
74.887878418
78.1192855835
82.9621047974
82.463142395
86.1987533569
85.7666320801
84.942527771
82.3437271118
78.6464004517
76.6274337769
73.5005950928
71.94972229
67.1574325562
65.6072692871
65.0022506714
62.4564247131
65.9285736084
66.9851989746
63.8697891235
63.7806015015
61.4247207642
65.1604690552
68.7230072021
70.8326416016
74.7185821533
76.3196411133
79.2483596802
80.6132583618
84.9959487915
83.9808502197
84.6287841797
89.5961761475
90.8395462036
70.5213317871
72.8357620239
77.5723190308
77.3948287964
80.7039489746
81.1520462036
80.3858947754
78.0809326172
74.53465271
71.9546203613
68.6058654785
66.3020324707
61.6817932129
60.969379425
61.2799797058
59.6139640808
63.3443107605
63.9140014648
60.8026123047
62.0489044189
60.5389213562
64.6919708252
67.9595336914
70.3229217529
73.8284454346
75.6828308105
79.0734405518
80.4604110718
84.5147705078
83.8879852295
83.6653747559
88.1823577881
88.7087020874
80.8922348022
83.57762146
88.3542556763
88.3706893921
91.9546051025
92.0924530029
91.0740737915
88.6651306152
84.9801864624
82.7938308716
79.4368591309
77.2944869995
72.6444091797
71.883644104
71.6254959106
69.5319442749
73.1884841919
74.2220840454
71.2610702515
71.8893051147
70.1561050415
74.0280609131
77.3383102417
79.392036438
82.9852676392
84.489654541
87.7808914185
88.9095687866
93.1930160522
91.9769897461
92.0770874023
96.9991531372
97.7129592896
77.0073699951
79.2393798828
83.9552764893
83.3737640381
86.4655761719
86.9562988281
86.5322418213
84.2334671021
80.803352356
77.9457550049
74.7233810425
72.5335540771
67.8852920532
66.8245773315
67.485244751
65.9194030762
69.6073074341
69.7888412476
66.4113922119
67.7411422729
65.9246749878
70.2451858521
73.6967926025
76.3506622314
80.0027084351
82.1575622559
85.3887557983
87.0807800293
91.0595779419
90.8722229004
90.7635726929
95.0814437866
95.7480239868
45.0127716064
47.6343574524
52.3685760498
52.7352409363
56.4726104736
56.6053390503
55.2727928162
52.9343261719
49.2413978577
47.2930870056
43.8545913696
41.6387062073
37.156288147
36.9329986572
36.4041023254
34.5823707581
38.2489204407
39.5445022583
37.1544342041
38.2194480896
37.6277046204
41.2293357849
43.887008667
45.6628570557
48.7235679626
50.1004486084
53.7439346313
54.6721038818
58.6925811768
57.6216239929
57.1166534424
61.744846344
62.0809745789
33.36328125
38.1574668884
41.8081474304
41.0596389771
45.289390564
42.5761451721
41.2278671265
38.5152664185
35.3352165222
35.9990882874
34.5272026062
35.7950057983
33.0141716003
30.4631328583
26.7896060944
23.0589408875
23.6478691101
26.4338703156
25.9593429565
21.916885376
20.1927661896
19.6758728027
21.5305080414
21.2797355652
24.5584411621
24.7102508545
26.4721298218
27.2548065186
31.7904052734
30.1620674133
32.2780570984
37.380645752
39.8832473755
6.63453197479
10.809469223
14.8573503494
14.7389984131
19.1043643951
17.7078075409
15.8920965195
13.3220396042
9.70027065277
9.73741531372
7.95397996902
9.5092086792
9.65743350983
9.72267436981
7.01724243164
8.75744533539
6.62742328644
7.81753730774
11.2136735916
12.0172309875
16.1727657318
15.1165809631
13.2633924484
13.225818634
13.0317878723
14.4614810944
18.0784034729
19.0874958038
21.4723262787
22.4771556854
20.7469882965
23.4121322632
23.5142097473
6.52538108826
10.7218580246
13.9855518341
14.33390522
18.7145385742
16.8439311981
14.5120897293
12.0341434479
8.62307834625
10.348991394
9.55097866058
11.6154603958
12.7421617508
13.0773162842
10.2080163956
11.4202280045
8.73960781097
10.4605512619
14.1246919632
14.0945177078
18.1346855164
16.2642631531
13.7439012527
12.6506156921
11.4426240921
12.003194809
15.6114253998
16.1047363281
18.3539714813
19.0480976105
17.1034450531
19.8521099091
19.9323005676
18.5383663177
22.9230327606
27.1777133942
25.7885532379
29.8900718689
28.0405273438
27.2433052063
24.425617218
20.9678878784
20.0339336395
18.0625400543
19.0933170319
15.8975496292
12.5810394287
9.54061126709
6.07065868378
7.65284347534
9.32607650757
8.08138942719
5.4875164032
6.12778139114
7.8456029892
10.0640211105
12.2412157059
15.7318878174
18.0757484436
21.1948547363
23.2126064301
26.9642047882
27.748544693
27.9233150482
31.676612854
33.143409729
16.6834259033
19.010225296
19.5029830933
21.2771015167
24.6560974121
22.1438388824
19.0078449249
17.8291091919
16.5478534698
20.389957428
20.8514118195
22.7832126617
24.789276123
25.6430625916
22.5064163208
22.7892494202
20.0840015411
22.397403717
26.0366687775
24.6527442932
27.9933795929
24.8770885468
21.6805095673
18.6304683685
15.6653661728
12.8064851761
14.7408380508
12.2532424927
13.4483270645
10.9424543381
7.88614654541
11.7989702225
11.5696144104
33.384552002
34.9692459106
35.8691368103
38.1651611328
41.0311660767
39.8064727783
37.0952377319
36.1660308838
34.6492271423
36.9106864929
36.3052253723
36.6114082336
37.4054450989
38.7722969055
36.0607223511
35.6468315125
34.4964447021
36.9565887451
39.3449935913
38.0422325134
40.3876647949
38.1571617126
36.2412376404
33.7617950439
32.645614624
30.4119377136
31.8879432678
30.0329742432
32.3219108582
29.2399177551
28.9922733307
32.3021697998
32.1485900879
38.9999237061
40.1427154541
40.4110488892
43.7464981079
46.4708900452
45.4797782898
42.1261749268
41.6333656311
40.3657455444
43.2730903625
42.6842041016
42.7198448181
44.0265274048
46.2099494934
43.2730445862
43.0664749146
41.9636497498
44.8377494812
47.6587104797
46.7323875427
49.6159477234
47.5073623657
45.3355255127
42.5988235474
40.78175354
37.8723335266
39.6855735779
36.6739692688
37.9201431274
33.2739257812
31.6523742676
34.8661727905
33.5786933899
41.7711753845
43.6804924011
45.5075569153
48.8473052979
52.4046363831
51.6617126465
48.2032699585
47.058883667
44.6666107178
46.6967773438
44.9192466736
44.0083351135
43.6918411255
45.9076576233
42.7989311218
41.7861785889
42.1191749573
45.4846076965
47.3223114014
46.5900001526
48.872592926
48.031211853
47.0560073853
45.0705680847
44.6142272949
42.3520736694
45.1051940918
42.6799087524
45.1472625732
40.4820709229
39.0675201416
43.4213943481
42.3610877991
40.3257789612
43.0361480713
45.5799064636
47.9619407654
51.7952575684
50.6741714478
47.6815490723
46.0852890015
43.3226013184
44.8390579224
42.8537063599
42.1952400208
40.8539466858
42.0331878662
38.7952194214
37.0119018555
37.8937187195
41.2492980957
42.3358268738
41.1848335266
42.6682624817
42.3529968262
42.1491203308
40.7049026489
41.1659889221
39.495426178
42.2337722778
40.4861869812
43.4877204895
39.3849182129
38.7262649536
43.3746376038
43.1255569458
35.7679710388
37.7897987366
40.8212585449
43.5080757141
47.2726860046
47.0212669373
44.0643463135
42.5106582642
39.5273399353
40.2093658447
37.6318016052
35.9211654663
34.3755378723
36.5976486206
34.2194480896
33.3322105408
34.7379646301
37.608795166
38.547870636
38.7906799316
40.9132118225
41.2728347778
41.0879745483
40.2087554932
40.6538162231
39.6050567627
42.9687004089
41.6347236633
44.6098251343
41.2859268188
39.8369903564
44.2663497925
43.4806632996
42.8722839355
45.6378059387
48.8251342773
51.3280258179
55.426574707
54.6641998291
51.6179656982
49.8043632507
46.5840530396
47.6194152832
45.1058998108
43.8691978455
42.0557518005
43.5509262085
40.5175170898
38.7899627686
40.1524124146
43.5345153809
44.3161735535
43.6081809998
45.0792961121
45.3132476807
45.4516181946
44.3469200134
45.1951370239
43.8410987854
47.1535110474
45.6751785278
49.2059936523
45.2428512573
44.3855514526
49.5907287598
49.3005599976
42.7701530457
45.6754226685
49.3628463745
51.4191246033
55.5642051697
54.9601020813
52.2391929626
50.2235374451
46.7606277466
47.1290893555
44.2845420837
42.7679252625
40.1472358704
41.2647666931
38.5645446777
36.5276870728
38.5799713135
41.7405052185
41.7722358704
41.2533912659
42.1815376282
43.1755561829
44.0053024292
43.5047569275
45.0496559143
44.2670860291
47.7413482666
46.7912712097
50.6640396118
47.1737480164
46.5574378967
51.8778991699
51.8350028992
45.6069908142
48.3939094543
52.1128387451
54.139831543
58.2215881348
57.7400398254
55.0867156982
53.0889549255
49.6342391968
49.8322257996
46.9263648987
45.2663345337
42.5240211487
43.6427268982
41.180973053
39.2111968994
41.4098472595
44.403717041
44.2283401489
43.8864822388
44.6666069031
45.8945617676
46.8740653992
46.5269889832
48.1503334045
47.4688148499
50.9246711731
50.0341949463
53.8838233948
50.4432106018
49.8212623596
55.0948028564
55.0186004639
