20.5570106506
20.0294704437
18.227432251
16.9032554626
20.1967372894
23.4007778168
22.0986690521
20.1053256989
18.876115799
22.3461837769
25.6171531677
24.9077777863
22.5351600647
20.6360721588
23.718416214
23.8739852905
23.8830184937
21.7706184387
19.8517627716
22.7169017792
27.0118293762
27.1929264069
25.8754901886
24.6117572784
27.6546764374
22.9600753784
23.5011615753
22.6087741852
21.6916732788
24.6408805847
27.3486614227
28.4788017273
27.5484008789
26.3233299255
28.9027500153
26.3441982269
28.0962944031
27.4814071655
26.3793983459
28.5911445618
21.6918296814
23.7959671021
23.7781715393
23.2164134979
25.2396392822
23.2727966309
25.7212104797
25.0092773438
23.6723022461
25.2570438385
