1.71103823185
4.01289558411
4.90479183197
6.68668699265
11.6649551392
11.9233150482
16.0868530273
18.5880718231
19.0995826721
19.3158092499
19.8862304688
22.1797885895
20.657913208
22.1251144409
19.5263080597
17.3956127167
15.9394168854
16.4042072296
14.013376236
16.4054641724
12.1630964279
13.7361297607
9.82260704041
9.71190738678
11.2203788757
12.9436817169
14.439540863
13.7508153915
15.5793838501
12.9353246689
13.8156795502
10.4583797455
14.2295093536
12.5871391296
14.423251152
19.5716342926
21.4551849365
18.3132343292
15.7094392776
20.2956008911
21.2973747253
16.6554412842
17.0079956055
21.1900749207
19.6036548615
16.2141265869
21.4519538879
23.1292209625
22.5605316162
27.1151256561
27.0187988281
28.0487003326
23.9636764526
20.4637298584
18.186164856
15.4328451157
13.5787696838
10.294093132
10.4993181229
6.27223777771
9.88409423828
6.54439163208
9.01006126404
13.0124588013
10.3571596146
11.1549339294
8.03154754639
11.9767990112
10.5843143463
15.1701049805
18.4965610504
18.7189102173
21.9413814545
23.464471817
27.1355323792
26.6452350616
30.7557888031
31.4282722473
28.6865730286
33.1124343872
34.8640861511
34.7395362854
35.7287330627
37.9854202271
40.4530258179
43.7434997559
43.7844429016
41.3968086243
38.8562583923
41.2234191895
43.439163208
42.0625305176
37.4903450012
39.0446510315
41.2772712708
36.6226768494
33.5902366638
36.8188247681
37.3032836914
32.5969696045
31.7283859253
35.2561225891
33.3551483154
29.8318691254
31.5377178192
33.0919723511
28.8177947998
28.4089603424
32.1779251099
32.4734687805
29.1054363251
32.5254898071
27.2952232361
29.329164505
26.2423267365
29.5950775146
27.5253429413
29.4718647003
28.0548992157
30.0278968811
26.4089393616
25.1380748749
27.6786937714
24.3682937622
27.995256424
27.7354450226
29.6618614197
30.755197525
32.1380958557
29.5473766327
29.3530578613
25.1329078674
25.8284168243
22.1809158325
20.61444664
24.4340229034
22.4245529175
19.9938335419
24.0683670044
25.8931732178
21.1048316956
19.2323303223
24.1294498444
26.8402919769
26.3067798615
30.3070030212
29.7471809387
24.5413036346
20.7407093048
24.4152622223
27.4029750824
27.4451408386
30.8675441742
29.08984375
31.5195579529
34.8938522339
35.9558525085
33.9660949707
34.4046211243
37.3238372803
40.717540741
39.3447685242
36.1461486816
39.1253700256
42.5540618896
39.5431365967
38.6183319092
36.3981781006
36.9443511963
34.0757522583
35.6166305542
34.4449768066
36.9140281677
34.4733352661
32.1838951111
36.7934417725
39.0673599243
34.3405151367
34.9193992615
38.4068908691
37.8863945007
34.9457702637
39.9197998047
40.9484786987
37.8218307495
37.9007377625
42.7617378235
43.536491394
42.6773262024
43.1811218262
39.7843055725
41.8669891357
41.513507843
40.0845413208
38.9034538269
39.697681427
39.8299827576
38.5751457214
43.8234367371
43.0413093567
40.0275726318
43.5638313293
47.1902923584
44.2872428894
44.0923500061
47.6742973328
49.1504631042
48.3603630066
47.8547782898
50.4651069641
51.3530845642
49.5840377808
53.2864685059
53.2284126282
55.1495246887
51.1047935486
46.7605857849
50.3080062866
48.9290313721
48.3524360657
51.1023864746
48.5687789917
45.137588501
43.6488876343
43.3341789246
49.1991767883
49.2306442261
53.7192573547
53.4597320557
49.9652671814
52.9269142151
56.0037536621
52.6428985596
55.0019035339
52.1445426941
53.0450172424
54.4497718811
49.3052635193
52.9997215271
52.6995353699
48.1494827271
46.921672821
50.1325912476
48.6102218628
47.3184623718
49.3747558594
51.9283676147
49.043712616
46.2757377625
50.0369644165
48.3019828796
43.9073066711
43.7514228821
46.7166519165
45.7953300476
40.7675666809
42.9432487488
45.9203338623
46.0540390015
45.5773353577
41.9957618713
43.927520752
46.9077377319
41.3847236633
42.1165809631
39.8162307739
37.1955718994
38.2770500183
42.2118377686
40.9973831177
39.3440856934
44.2535057068
45.776348114
48.0059013367
44.6427230835
42.0602836609
47.472076416
46.106464386
41.8036308289
40.9931983948
35.9238739014
37.9834785461
36.3033370972
34.3306350708
36.6375541687
31.7865753174
32.8946228027
4.01289558411
2.95829248428
5.77135276794
6.35977363586
5.72852373123
9.79937362671
8.97906589508
13.5068759918
15.6624822617
15.8379402161
16.4360904694
16.7899551392
19.074590683
17.9446296692
19.775680542
14.6702690125
12.8544712067
13.5504426956
10.8966302872
13.9734544754
10.1018304825
12.6234426498
10.0241231918
9.6433134079
12.7762231827
13.8375597
14.4266471863
13.6223602295
14.3823766708
11.5571918488
11.9236421585
8.04557132721
12.0587949753
10.0300197601
12.6751127243
20.3517570496
21.7944507599
18.3997440338
16.472776413
21.3701438904
21.5222167969
16.797246933
18.016210556
21.9305839539
19.704908371
17.1863822937
22.5118026733
23.3068771362
22.9913425446
26.9516601562
26.7115421295
27.3057174683
23.3624248505
19.5036754608
18.1463699341
15.3807439804
13.7860984802
11.1783246994
11.2658662796
7.06576728821
11.0454473495
7.70841169357
9.18110466003
13.1358203888
9.5243473053
10.4494571686
6.48987197876
10.9220247269
9.95103359222
14.0692081451
17.6020851135
16.9836044312
20.3374423981
21.5376377106
24.8426475525
24.2305297852
28.555929184
28.8279514313
25.9796295166
30.834236145
32.4129219055
31.972070694
33.0965042114
35.5104637146
37.8014984131
41.06483078
41.3710327148
39.0590820312
36.7249488831
39.2682266235
41.6780738831
40.473274231
35.7979469299
37.2611083984
39.8752403259
35.3212738037
31.9987773895
35.4269142151
36.3735618591
31.5717697144
30.4760131836
34.2930145264
32.7642211914
29.1939334869
30.7173671722
32.7216720581
28.8158683777
28.1295375824
31.7005615234
32.5884399414
29.4518070221
32.5527572632
27.0416278839
28.60638237
24.9481010437
28.1616649628
25.686340332
27.7915477753
25.8784065247
27.7515354156
23.8779067993
23.1852149963
25.8179168701
22.5435905457
26.1721839905
26.3467674255
28.1689929962
29.6723365784
30.8385505676
28.3170814514
27.9451789856
24.0158863068
24.6161575317
20.6628303528
19.0667247772
23.5704784393
21.6937847137
18.8796520233
22.9092140198
25.5102977753
20.5049362183
18.1939849854
22.7133483887
25.0684642792
24.2139797211
28.0004291534
27.125328064
21.853307724
17.86926651
21.3936748505
24.5469207764
24.5274429321
28.1169567108
26.623872757
29.0743312836
32.597530365
33.4478302002
31.8110275269
32.4865989685
35.6711502075
39.068321228
37.9821777344
34.6085281372
37.2840461731
40.9630737305
38.1660575867
37.4595222473
35.3995552063
36.3215293884
33.0425720215
34.8125572205
33.7172355652
35.8600845337
33.2020454407
30.9685001373
35.5633735657
37.3954391479
32.6255836487
33.3552703857
36.6590652466
35.9001731873
32.9582214355
38.13904953
38.8656196594
35.4859466553
35.8151512146
40.6359672546
41.180934906
40.1808853149
40.5538444519
37.2871932983
39.6083145142
39.2732543945
37.5001716614
36.3571662903
37.0088653564
37.3618545532
36.4282836914
41.5574188232
40.5598754883
37.7566146851
41.507183075
44.9557189941
41.8375511169
42.036693573
45.669002533
46.7991981506
46.2147941589
45.9509468079
48.5478439331
49.4691810608
47.8995780945
51.767780304
51.9657211304
53.8385543823
49.7315254211
45.4537239075
49.2537498474
47.7995796204
46.9830970764
49.725894928
47.3924446106
43.8265724182
42.3186073303
41.7049102783
47.5819091797
47.4414825439
51.9764785767
51.4875526428
48.0207519531
50.7966918945
54.0457611084
50.446018219
52.9387130737
50.2886962891
50.9130325317
52.4407348633
47.4253196716
50.9466285706
50.40625
45.9772377014
44.8376731873
47.9502601624
46.4875183105
45.446849823
47.7093391418
50.3747673035
47.6746292114
44.7071380615
48.2932090759
46.8988990784
42.5716400146
42.0842056274
45.2019844055
44.5759849548
39.3673019409
41.2989578247
44.5902328491
44.4633026123
44.4677810669
40.9467391968
43.151550293
45.9691162109
40.2050514221
41.138835907
39.106098175
36.4761161804
37.941822052
41.5596199036
40.1158714294
38.6631355286
43.5855941772
44.7368431091
47.0004196167
43.3051948547
41.0008888245
46.6126899719
44.9666938782
40.7906532288
39.8817405701
34.9186935425
36.6004943848
34.797744751
32.5590591431
34.4687576294
29.7297763824
30.4914970398
4.90479183197
5.77135181427
3.09678006172
5.05432844162
7.55728387833
9.98630523682
11.5110635757
15.4736967087
18.6208686829
19.637714386
20.5147457123
21.3205108643
23.7902469635
23.0701465607
25.0244007111
22.7639904022
17.6512775421
18.2665996552
14.9186344147
16.9222316742
12.7129058838
13.2072782516
10.2986478806
7.8837852478
10.7530193329
13.4966239929
14.3312835693
14.9358577728
16.3239517212
14.5631418228
16.0222511292
12.6534910202
17.1503448486
14.9707212448
17.7829093933
23.6525859833
25.6505451202
22.5458755493
20.0158481598
24.5605354309
25.6484737396
20.9765529633
21.3607311249
25.5157699585
23.7699871063
20.3085632324
25.4628791809
27.0706329346
26.1535282135
30.4871006012
30.0296821594
31.1278305054
27.3544483185
23.5803966522
21.3487415314
19.1825962067
16.7215328217
14.0327291489
14.8358678818
10.5905323029
13.9232025146
9.89132976532
11.0042419434
15.8145923615
13.0485687256
15.0397930145
11.3074913025
15.7353248596
13.8584327698
18.3405170441
21.0224323273
20.19348526
23.8956241608
24.5290870667
28.6533298492
28.5752353668
32.9882926941
33.4201545715
30.1317062378
34.7783660889
36.7938117981
36.2233963013
36.9445610046
39.4777908325
41.9338722229
44.9526367188
45.2593421936
43.1016998291
40.8215255737
43.1275062561
45.7645454407
44.2652664185
39.6235198975
41.4743537903
43.9279632568
39.1725616455
36.010684967
39.7964324951
40.3063240051
35.4293785095
34.8282356262
38.6250686646
36.6238136292
33.3460540771
35.1811981201
36.8415489197
32.5959854126
32.3343315125
36.1278762817
36.5061683655
33.1977386475
36.7421989441
31.4254837036
33.3489608765
29.905330658
33.2917098999
30.8737487793
32.79063797
30.9478683472
32.5778770447
28.7258968353
28.0823135376
30.4150695801
26.780872345
29.963640213
29.5514144897
30.9586429596
32.3466377258
34.1739082336
31.8111362457
31.9622631073
27.8887081146
29.0937290192
25.3838844299
24.0419635773
28.2185726166
26.4608840942
23.8662471771
27.947183609
30.0963439941
25.2160243988
23.0898609161
27.8005199432
30.2746868134
29.3972835541
33.1268920898
32.0937538147
26.8993873596
22.6913585663
26.0934371948
29.1858043671
29.4659748077
33.1833839417
31.8395118713
34.2716293335
37.8396835327
38.5468444824
36.9160766602
37.7297973633
40.8581428528
44.2638549805
43.0991210938
39.7910346985
42.5259284973
46.1527252197
43.2647209167
42.4966506958
40.3075523376
41.0564041138
38.0279197693
39.6431350708
38.4243545532
40.749835968
38.224193573
35.8671722412
40.3807830811
42.4867515564
37.6570777893
38.1338119507
41.5484771729
40.8907699585
37.7932281494
42.7765350342
43.6570510864
40.2700386047
40.321937561
45.1737480164
45.838470459
44.5943565369
45.3508071899
42.2231369019
44.6375350952
44.4123497009
42.5874328613
41.526638031
42.1146087646
42.5497817993
41.6556968689
46.784614563
45.7546157837
42.9946784973
46.7652854919
50.200176239
47.0001220703
47.2545280457
50.9117240906
51.9890937805
51.3490982056
51.0938835144
53.7506599426
54.7054176331
53.1076087952
56.9325714111
57.0540351868
58.9144973755
54.8105163574
50.5477676392
54.2438926697
52.8364944458
52.1141242981
54.8516578674
52.4257583618
48.9202575684
47.3709335327
46.849773407
52.7673912048
52.6161155701
57.1699104309
56.7038230896
53.2646942139
56.0509300232
59.295791626
55.680519104
58.1298789978
55.3904762268
56.002658844
57.4101371765
52.342338562
55.7590751648
55.3164176941
50.9026031494
49.5956878662
52.6151695251
50.985748291
49.981628418
52.0979652405
54.9227714539
52.0426559448
49.2494277954
52.9711685181
51.5442047119
47.1684532166
46.9018211365
50.0678787231
49.3111343384
44.1821136475
46.3066444397
49.5381393433
49.6019973755
49.4371299744
45.8902244568
47.9394187927
50.7922096252
45.1199264526
45.7801971436
43.5915985107
40.8556632996
42.0136985779
45.8479118347
44.459777832
42.7267913818
47.6527557373
49.0505599976
51.1619148254
47.5541152954
45.073425293
50.3754234314
48.7028236389
44.4519920349
43.324546814
38.109172821
39.9452819824
37.8236656189
35.8466453552
37.8190956116
32.867515564
33.1920318604
5.0889134407
6.35977554321
5.05432748795
2.8673286438
5.34540319443
9.01411628723
11.3211994171
14.0463933945
17.3398513794
19.2190551758
19.0068092346
20.5121994019
23.5036010742
22.4242858887
24.3768730164
22.2279415131
19.6166172028
17.5233154297
14.3540277481
14.7805328369
10.3233671188
10.2056732178
6.39601182938
5.83116579056
7.30988407135
9.37096691132
10.4874162674
10.944683075
12.8820133209
11.4044780731
13.4996185303
11.1439533234
15.77501297
15.4150037766
17.6889801025
23.7368106842
25.3778705597
22.0679893494
19.4814682007
23.8668575287
24.3189105988
19.4995708466
19.58244133
23.5392627716
21.510679245
17.7288379669
22.6727046967
24.2107429504
22.7690505981
27.0283660889
26.3685493469
27.7470188141
24.2032032013
20.5115318298
17.8367214203
16.3335666656
13.2418260574
11.1476669312
13.0852594376
9.57596969604
14.3075971603
11.3377399445
13.5542726517
17.759935379
14.727355957
15.0014972687
11.3697957993
14.1180896759
11.1173629761
15.6561460495
17.5620689392
17.1353778839
20.7303791046
21.5350341797
26.0803565979
26.3406639099
30.5477962494
31.549703598
28.1870346069
32.17137146
34.5637397766
34.3746681213
34.7418708801
37.0732345581
39.8153915405
42.7959518433
42.7322463989
40.5400695801
38.0822525024
40.1358833313
42.7207374573
40.9913139343
36.4476928711
38.53698349
40.7010726929
35.821018219
32.8978157043
36.8276023865
36.9363746643
32.0505523682
31.866941452
35.6262626648
33.2597579956
30.2819480896
32.4444694519
33.865146637
29.4980697632
29.6269741058
33.6194839478
33.7389717102
30.5074958801
34.5070953369
29.2038135529
31.3877487183
27.9637393951
32.0044250488
29.4141120911
30.7695846558
29.2758693695
30.5600547791
27.0768852234
25.9954566956
27.8959331512
24.0049514771
26.9339332581
26.0793762207
27.4897937775
28.6002197266
30.647190094
28.3232002258
28.7983722687
24.6194763184
26.3179454803
22.9730587006
22.1210460663
25.8695240021
24.7190971375
22.4568691254
26.8623657227
28.899389267
24.4125289917
22.7057743073
27.3267154694
29.7127494812
29.2623901367
33.1773223877
32.4399261475
27.0061225891
23.1804981232
26.582857132
29.984577179
29.2964172363
32.9784431458
31.3015041351
33.2851676941
36.9700088501
37.3141708374
35.273399353
36.6463241577
39.4175186157
42.8922843933
41.7253456116
38.7233657837
41.62890625
45.2599372864
42.5724411011
41.5341262817
39.6821403503
40.0934524536
36.7691879272
37.8480224609
36.281414032
38.7083740234
36.4281425476
33.7348175049
38.0180015564
40.6276321411
35.6564979553
35.6694869995
39.2545547485
38.863368988
35.5405540466
40.1699256897
41.3807220459
38.2220573425
37.794757843
42.6765861511
43.6567382812
42.4036216736
43.6838951111
40.553024292
42.8582725525
42.8831748962
41.4112510681
40.6572303772
41.6505203247
42.126865387
41.1925086975
46.2702674866
45.0444793701
41.9711303711
45.8068962097
49.3699111938
45.8872642517
45.8623199463
49.7034034729
50.816532135
49.6975059509
49.348110199
52.2304344177
53.422492981
51.7522506714
55.4809761047
55.6839294434
57.2199058533
53.0450706482
49.0395698547
52.6711997986
51.603767395
50.9229125977
53.883441925
51.5701560974
48.0206413269
46.8274421692
46.3836517334
51.9833030701
52.1743621826
56.5604858398
56.1951026917
52.527759552
55.2139701843
58.2259597778
54.5516967773
56.5997123718
53.5156211853
54.2207221985
55.2955970764
50.0981445312
53.447719574
53.3442649841
48.8475456238
47.2597236633
50.2529983521
48.4360618591
47.2887001038
49.1765480042
52.096031189
49.0127563477
46.4377479553
50.352848053
48.815158844
44.3951034546
44.4602966309
47.6730232239
46.7507209778
41.7425041199
44.2095031738
47.3767776489
47.937587738
47.585559845
44.0522460938
45.9575271606
48.6336860657
43.0135765076
43.1752471924
40.8958015442
37.9938850403
38.9706573486
42.8666229248
41.4598007202
39.4840812683
44.3943557739
45.9681854248
47.9246253967
44.4360313416
41.789478302
46.8423919678
45.2033576965
40.9002113342
39.7073097229
34.3960571289
36.4316215515
34.3416824341
32.6084594727
34.959197998
29.9094085693
30.7297000885
6.68668746948
5.72852516174
7.5572810173
5.34540367126
3.33213281631
7.05408525467
8.09190273285
10.5931501389
13.3600940704
15.154633522
14.6481781006
16.2209300995
19.3870410919
18.3939228058
20.5904445648
18.8407917023
15.8993349075
13.6630887985
12.904712677
10.385766983
10.819188118
6.5559835434
8.23099422455
5.9439406395
6.87013626099
9.8755607605
9.85659217834
9.89715671539
9.24318313599
9.9494342804
7.80051469803
9.43592166901
7.2145152092
11.9890193939
12.455540657
14.8955831528
23.2100582123
24.2243118286
20.6004180908
18.7060508728
23.3604984283
22.6423454285
17.7228374481
18.6626300812
22.249382019
19.4372386932
16.6145324707
21.6495513916
22.1051502228
20.9497909546
24.5350494385
23.7711181641
24.662443161
21.2320308685
17.1864013672
15.5026865005
13.9782133102
11.1718206406
9.97278499603
8.81243991852
14.3468465805
11.9054737091
13.9482898712
17.6261119843
13.8372392654
13.2320585251
9.34511566162
11.2030029297
8.13901615143
12.2458610535
14.3425827026
13.3644523621
16.9734516144
17.791053772
21.9044380188
22.0170860291
26.3184318542
27.1457195282
23.7957649231
27.9916343689
30.2262821198
29.9512863159
30.4439239502
32.8054008484
35.4445419312
38.4830627441
38.5234375
36.3211479187
33.9530067444
36.1717033386
38.829208374
37.2822341919
32.647857666
34.5996055603
37.0656776428
32.2914543152
29.1175022125
33.1528396606
33.6962165833
28.7311248779
28.3037414551
32.3194694519
30.3282852173
27.282075882
29.2924728394
31.1460132599
27.1730670929
27.0313949585
30.849023819
31.570690155
28.6189956665
32.3303108215
26.7310009003
28.4928722382
24.5370140076
28.6482429504
25.6522083282
26.9677124023
25.1776828766
26.3016777039
22.7505836487
21.9667224884
23.8656845093
20.0026245117
23.0190258026
22.6218719482
24.1267433167
25.5800666809
27.2374744415
24.9054756165
25.1352005005
21.2021789551
22.7880382538
19.232427597
18.5030593872
22.7505645752
21.9137840271
19.4288845062
23.8758506775
26.6191444397
22.1041545868
20.2092418671
24.3664417267
26.3683567047
25.8509273529
29.6311740875
28.8134346008
23.2896690369
19.6358318329
22.856048584
26.4776306152
25.2539482117
28.9839382172
27.3809261322
29.1833305359
33.0021133423
33.071811676
31.1737251282
32.9121170044
35.7744941711
39.2633972168
38.3600654602
35.3130950928
37.9997215271
41.8378944397
39.4325294495
38.5025138855
36.9439849854
37.5962333679
33.7741584778
34.9019165039
33.3253440857
35.4507675171
33.0348205566
30.312297821
34.5290565491
36.8483581543
31.8164138794
31.873872757
35.3278694153
34.7958259583
31.4413566589
36.1972160339
37.2116775513
33.9207763672
33.6292266846
38.4865760803
39.3379974365
38.0475196838
39.2666015625
36.201007843
38.6347999573
38.7282371521
37.1170768738
36.4859466553
37.527431488
38.1723480225
37.4792442322
42.414276123
40.9580383301
37.9434661865
41.9580192566
45.4117202759
41.691116333
41.8764648438
45.8045005798
46.6605224609
45.5698699951
45.3868103027
48.3085784912
49.5925979614
48.0749282837
51.916885376
52.3806915283
53.7787017822
49.5336837769
45.6661567688
49.5134849548
48.4775047302
47.584186554
50.605304718
48.5270423889
44.844619751
43.7716140747
43.0859222412
48.5550727844
48.7226028442
53.0707740784
52.5458068848
48.8284072876
51.3189888
54.3902702332
50.5145072937
52.5525894165
49.5625114441
50.0726928711
51.1848640442
46.0714302063
49.2931556702
49.0632095337
44.6350440979
43.0866203308
46.0246543884
44.2555770874
43.2591133118
45.307094574
48.2948989868
45.3681640625
42.6227149963
46.4067077637
45.1310119629
40.7657279968
40.5799942017
43.9205741882
43.2397079468
38.0863952637
40.3967933655
43.825214386
44.2657737732
44.3077278137
40.8421936035
42.978061676
45.4502677917
39.6191520691
39.8836097717
37.8542823792
34.9270324707
36.2897758484
39.8612251282
38.231716156
36.4531593323
41.3798866272
42.6012039185
44.6012535095
40.8263397217
38.4266319275
43.7104263306
41.8481941223
37.6542549133
36.4401473999
31.2711582184
32.9844207764
30.9163322449
28.9079818726
31.0241718292
26.089307785
26.9471740723
11.6649551392
9.79937267303
9.98630523682
9.01411724091
7.05408525467
3.23377513885
6.16263103485
6.97004652023
10.8206157684
13.7723827362
14.3977851868
16.3949298859
19.8578205109
20.3957290649
23.4315166473
22.513671875
18.2421989441
14.9414510727
14.2846050262
10.4979572296
9.73803424835
6.73078393936
6.92887115479
8.69930076599
6.68340969086
12.1108169556
12.4908304214
10.4765195847
11.8353357315
10.5129451752
10.409532547
12.3600788116
10.5873479843
15.6311807632
15.4653377533
19.1691074371
29.2507343292
30.1718502045
26.4774570465
24.9343585968
29.7452926636
28.6996955872
23.8032436371
25.1487350464
28.5618495941
25.3096847534
22.9191322327
27.8053951263
27.6505661011
26.2513275146
28.9735240936
27.6041030884
28.242559433
25.5605239868
21.1430301666
20.2839565277
19.6068058014
16.5037670135
16.3050765991
18.4036884308
15.0647125244
20.2202072144
16.9501361847
17.8591804504
22.1467933655
17.9221801758
18.5496444702
14.1050891876
16.5806064606
13.7001209259
16.7373485565
17.7179927826
14.3321561813
18.5543785095
17.4411830902
21.9206943512
22.73595047
27.4791164398
27.6952438354
23.4192848206
28.0341014862
30.5912246704
29.4185085297
29.4460773468
32.3078765869
34.8024787903
37.3054428101
37.9134178162
36.1837310791
34.429107666
36.5944595337
40.0281257629
38.4239692688
33.7148284912
36.0590248108
39.0818519592
34.3339691162
30.8451271057
35.8201980591
36.6994552612
31.5468902588
31.4199314117
35.9287261963
34.0897216797
31.4948806763
33.5276832581
35.7764854431
32.207660675
32.106880188
35.7360687256
36.9397850037
34.2881546021
37.9156265259
32.1336555481
33.4310264587
28.7399330139
32.7660179138
29.0709457397
30.2994041443
27.6504573822
28.0248527527
24.1585826874
24.7520885468
26.2106018066
22.0308094025
24.0772399902
23.7551498413
24.2175426483
26.4602298737
28.6029586792
26.8015518188
27.4701480865
24.1989822388
26.4547290802
22.8410816193
22.5300922394
27.435874939
27.0839271545
24.3077278137
28.5822944641
32.1197662354
27.4830646515
25.1347579956
28.7136230469
30.1020469666
29.0126476288
32.1910514832
30.5815620422
25.1691913605
21.127904892
23.6210956573
27.4870910645
26.255235672
30.4168586731
29.6310024261
31.2599658966
35.4022064209
34.6615219116
33.5321846008
36.0944290161
39.3041305542
42.7602844238
42.3774833679
39.1716194153
41.2794380188
45.5208587646
43.5203742981
42.9162750244
41.5973548889
42.7032737732
38.3971939087
39.6767654419
38.0681037903
39.7348976135
37.137752533
34.3736343384
38.2964859009
40.0864906311
34.9625358582
34.8914260864
38.0343437195
37.1796150208
33.6252975464
38.3574829102
38.9472885132
35.1779975891
34.9379768372
39.6421699524
40.1905975342
38.1877250671
39.8345680237
37.360824585
40.4210662842
40.7902603149
38.432926178
38.1245269775
38.8462371826
40.1180152893
40.195640564
44.7673492432
42.7422523499
40.2382392883
44.7043991089
47.7237358093
43.3651809692
44.4545249939
48.5182647705
48.5093955994
47.690776825
48.0525550842
51.0474243164
52.5007858276
51.3865013123
55.4657325745
56.3971710205
57.5838165283
53.2338180542
49.6372833252
53.8266983032
52.7785606384
51.5196685791
54.5397071838
52.8074989319
48.9513587952
47.8736457825
46.7114715576
52.1189994812
51.9860267639
56.3719787598
55.4077224731
51.7683830261
53.8027114868
57.1563529968
52.7451095581
54.8889312744
52.0614929199
53.1781196594
48.3216552734
50.9191551208
50.3647689819
46.2847747803
44.6414108276
47.1494140625
45.2430839539
44.8871002197
47.1171455383
50.5862045288
47.821849823
44.9614715576
48.5225067139
47.9833068848
43.7670707703
43.2198638916
46.9331245422
46.7060775757
41.3807487488
43.4497833252
47.4233779907
47.6618156433
48.4749145508
45.1547241211
47.5993995667
49.7081871033
43.5806274414
43.8003921509
42.1570510864
39.0959434509
40.8034477234
43.9304580688
41.8991928101
40.1666069031
45.0271530151
45.7718925476
47.5645446777
43.2349319458
41.2393608093
46.3875846863
43.8605308533
39.9290428162
38.1612281799
32.9818229675
33.983631134
31.1497859955
28.9856929779
30.2006130219
25.2984447479
24.5443496704
11.9233140945
8.97906398773
11.5110616684
11.3212013245
8.09190368652
6.16263055801
3.66832685471
6.25123882294
8.31686878204
9.42166900635
10.9635219574
11.8775672913
14.868927002
15.6064891815
18.7311267853
18.0388469696
13.2926502228
9.89232063293
10.0971517563
6.1556429863
8.43326187134
6.6260509491
9.9979724884
11.5646762848
10.7450304031
16.006023407
15.7660417557
14.010969162
13.8887891769
11.8046112061
10.2978343964
10.5284128189
7.91210699081
12.1115341187
10.9428224564
15.0399017334
26.5965976715
27.1625175476
23.4667644501
22.6255130768
27.6096687317
26.0817298889
21.4281845093
23.6301403046
26.8090591431
23.3432731628
22.0622711182
27.0647029877
26.2124462128
25.7014408112
28.0658149719
27.0545291901
26.9847183228
24.0561294556
19.5587940216
19.89494133
18.394859314
16.4894924164
16.0825271606
17.0772857666
13.8648033142
18.3395366669
15.3573169708
15.6885280609
19.2707767487
14.7289829254
15.4447107315
11.2346372604
14.0175209045
12.675116539
14.9536819458
17.1214427948
13.6110200882
17.4659366608
16.8380661011
19.9249229431
19.8595600128
24.7135925293
24.2363815308
20.4280338287
25.9079532623
27.6716251373
26.2775287628
27.0688228607
29.9823474884
32.0541419983
34.8770217896
35.7922286987
33.9153556824
32.2527236938
34.884223938
38.1086578369
37.0065231323
32.1990814209
33.9316215515
37.3503341675
32.93384552
29.101770401
33.5913162231
35.224822998
30.195438385
29.2547740936
33.8013877869
32.7238082886
29.6722717285
31.1427955627
33.8945465088
30.7966785431
30.041633606
33.2543334961
35.133014679
32.6443099976
35.5119094849
29.6176242828
30.3292198181
25.3884029388
28.7370109558
25.0252742767
26.8106460571
23.7367668152
24.5358181
20.3078155518
21.3960723877
23.4350509644
19.8534393311
22.5286331177
23.2245960236
24.16314888
26.7031459808
27.92827034
25.9399738312
25.8037185669
22.8328456879
24.1303119659
20.0627880096
19.2449207306
24.7626876831
24.0046138763
20.857427597
24.7177524567
28.8076934814
23.9639072418
21.2213363647
24.3596935272
25.5088596344
24.0698680878
27.0280246735
25.2561359406
19.9361896515
15.7883729935
18.2416286469
22.0676422119
21.1364307404
25.2827320099
24.7125377655
26.6398105621
30.6922874451
30.2669143677
29.5207519531
31.6386966705
35.1696510315
38.5446739197
38.2995605469
34.8321533203
36.6760444641
40.9882850647
39.007194519
38.6853370667
37.3242340088
38.852809906
34.4884490967
36.2710494995
35.0295753479
36.3869857788
33.498085022
31.1139125824
35.2127418518
36.3091812134
31.3693008423
31.8859825134
34.7483215332
33.5674247742
30.3423843384
35.5377044678
35.6889152527
31.7207641602
32.1655349731
36.8037605286
36.9639434814
35.2121543884
36.0388946533
33.441860199
36.5318489075
36.618057251
33.9903907776
33.3979797363
33.8655128479
35.0911445618
35.2512893677
39.8025283813
37.8945999146
35.6191749573
40.0550003052
42.954460144
38.8325538635
40.1397247314
44.0494842529
44.0073280334
43.61485672
44.0692176819
46.837890625
48.095199585
47.0915565491
51.2836952209
52.2605476379
53.6682624817
49.3758430481
45.6208648682
49.9589004517
48.6378097534
47.2355957031
50.0938453674
48.415599823
44.5389709473
43.2750282288
41.9263153076
47.4707717896
47.0916557312
51.5589065552
50.4727325439
46.9783859253
49.0331764221
52.5678634644
48.1881256104
50.6711654663
48.330821991
48.1202545166
49.6098213196
44.920124054
47.6548538208
46.7301750183
42.7081832886
41.4538536072
44.0692634583
42.4843826294
42.2135772705
44.7729682922
48.0032539368
45.5873565674
45.647895813
45.2453956604
41.1322364807
40.0960845947
43.7314796448
43.7797622681
38.3030891418
39.8993263245
43.998085022
43.6752281189
44.8409004211
41.5710754395
44.2729263306
46.4318313599
40.1948051453
41.038482666
39.6450691223
36.8244781494
38.9602966309
41.7942008972
39.7207069397
38.4579277039
43.2950973511
43.6505889893
45.703578949
41.2036781311
39.5302429199
45.1585388184
42.6505622864
38.8507957458
37.3767280579
32.5672569275
33.2571640015
30.7796268463
28.1401100159
28.9727287292
24.4192790985
23.7975730896
16.08685112
13.5068788528
15.473692894
14.0463924408
10.5931491852
6.97004652023
6.2512383461
2.57953500748
5.01763916016
9.21850585938
9.32933330536
11.9603328705
15.87504673
17.0945568085
20.5722923279
20.6763458252
16.0524940491
12.590467453
10.9709949493
8.14704322815
5.38301706314
5.83074188232
7.98786020279
11.7972259521
11.8574409485
16.6281528473
15.2403373718
12.2394342422
12.5856971741
8.94769001007
9.37045478821
10.3702516556
10.2435121536
14.0476388931
15.3320350647
18.8518371582
30.820690155
30.967918396
27.1299953461
26.4258575439
31.1889133453
28.7998409271
24.1764259338
26.2590503693
28.9756526947
24.9650859833
23.8112220764
28.3064498901
26.8145027161
25.6494960785
27.0716094971
25.3954086304
25.3330535889
23.3585948944
18.8007774353
19.5173034668
19.4164772034
16.8811836243
17.9919185638
20.0399036407
17.6433086395
22.9224720001
20.4088687897
21.2642345428
24.7196216583
20.1191101074
19.7160453796
15.7336502075
16.6021690369
14.1704559326
15.4241752625
15.6511631012
10.5774345398
14.5995149612
12.5351934433
16.3326034546
17.3694572449
22.2078342438
22.0835704803
17.4476966858
22.2638530731
24.7935676575
23.2742347717
23.172039032
26.1894569397
28.5551242828
30.9467658997
31.774066925
30.1891422272
28.7592830658
31.0453224182
34.7807617188
33.3890647888
28.643825531
30.9434261322
34.4430160522
29.9490394592
26.1536598206
31.5153045654
32.9664306641
27.8403720856
27.6098499298
32.4449119568
31.1304912567
28.8132266998
30.643075943
33.3980178833
30.5902271271
30.2876911163
33.505695343
35.4571838379
33.3614768982
36.5919723511
30.696062088
31.3503608704
26.0183372498
30.0844287872
25.7473640442
26.6150474548
23.4668006897
23.111322403
19.3352985382
20.8392696381
21.8303775787
17.7478218079
19.2102851868
19.5447826385
19.6914253235
22.6254768372
24.3055438995
22.801235199
23.3466644287
20.9192562103
23.2863941193
19.7894325256
20.0419788361
25.2669620514
25.6706199646
22.8959083557
26.8839130402
31.2322540283
26.9495620728
24.585609436
27.1180706024
27.7050876617
26.5596218109
29.2559909821
27.4802303314
22.1826305389
18.7546405792
20.4696941376
24.6393737793
22.2393341064
26.4389381409
25.9632511139
27.0042533875
31.3472995758
29.797077179
29.0375747681
32.5236625671
35.7282028198
39.1129608154
39.240688324
36.1388473511
37.7726249695
42.2911720276
40.884601593
40.4356269836
39.6954193115
41.0644454956
36.0839157104
37.2494354248
35.5724449158
36.6852989197
34.0318717957
31.2269077301
34.7284622192
36.0670700073
30.9484596252
30.7378063202
33.5398330688
32.4881057739
28.8448352814
33.4928283691
33.7495079041
29.7731533051
29.5901660919
34.1228141785
34.4790878296
32.1955566406
34.0809593201
31.9450187683
35.3128700256
35.9582901001
33.3325614929
33.4423294067
34.2750740051
35.9703559875
36.5969200134
40.7366638184
38.1891517639
35.8657341003
40.6349525452
43.3669776917
38.4549560547
39.99817276
44.2060279846
43.6072998047
42.7457847595
43.4620170593
46.5591239929
48.2429351807
47.4363288879
51.6268119812
53.0274200439
53.8585586548
49.4372596741
46.2495079041
50.6986999512
49.8171424866
48.2308540344
51.3462944031
50.0682945251
46.0678215027
45.284412384
43.7453269958
48.7450141907
48.6249847412
52.8387184143
51.605556488
47.8990592957
49.4815940857
52.8592567444
48.0724487305
50.0614433289
47.4866371155
46.9443588257
47.9863243103
43.341468811
45.5182685852
44.8136825562
40.9530105591
39.2616577148
41.5166702271
39.59324646
39.6145248413
42.0230789185
45.7091751099
43.1893234253
40.1738929749
43.4899635315
43.5022659302
39.479309082
38.5887374878
42.5329551697
42.7187728882
37.314781189
39.1521987915
43.5320968628
43.7099723816
45.1767578125
42.0722198486
44.7852668762
46.432674408
40.1156806946
40.2944526672
39.1104774475
38.2224159241
40.7273368835
38.3360404968
36.8644371033
41.5841178894
41.7528800964
43.4623374939
38.6945266724
37.1678390503
42.4060974121
39.4378051758
35.8113098145
33.8687553406
29.0246124268
29.3232097626
26.3397922516
23.7976417542
24.3739070892
19.7236042023
18.5561103821
18.5880718231
15.6624803543
18.6208667755
17.3398551941
13.3600921631
10.8206129074
8.31687164307
5.01763916016
3.11910891533
6.24211978912
6.11982297897
8.60057926178
12.556268692
14.2173299789
17.8768692017
18.6889362335
13.9607000351
10.7041978836
8.7779712677
7.33689832687
5.5611743927
8.09485626221
11.5709819794
15.085817337
15.7701702118
20.3431301117
18.4467411041
15.6047344208
15.0348491669
10.9205713272
10.6441802979
10.1984996796
10.6117734909
12.9540367126
14.743309021
17.9516830444
30.851732254
30.5141944885
26.7075271606
26.6467208862
31.3266677856
28.2016391754
23.9330062866
26.5901832581
28.8448314667
24.5144481659
24.3748073578
28.633638382
26.3066806793
25.6703948975
26.3240280151
24.7304706573
23.9876022339
22.2892017365
17.7981472015
19.7733306885
19.5673828125
17.9173965454
19.3464584351
20.8848934174
19.0278205872
23.9302272797
21.914434433
22.593952179
25.3551750183
20.7162685394
19.8295555115
16.4187698364
16.5146408081
15.0190467834
15.0766649246
15.4942398071
10.0253763199
13.2719373703
11.1566066742
13.3292808533
13.9391975403
18.8567066193
18.1692314148
13.5487213135
19.0018177032
21.0598297119
19.2423782349
19.5078582764
22.6300754547
24.7064666748
27.2451515198
28.3259105682
26.7185974121
25.4951782227
28.0935974121
31.8364429474
30.8248023987
26.0475025177
27.9694213867
31.8863754272
27.7329998016
23.6465339661
28.8873996735
30.9823627472
26.0105705261
25.3072566986
30.2621669769
29.5908203125
27.2219982147
28.6554870605
31.8472328186
29.6549930573
28.971326828
31.7521896362
34.3256263733
32.5859832764
35.2644844055
29.3595428467
29.4428977966
23.7691459656
27.5101280212
22.879026413
23.7646903992
20.1891956329
19.5925331116
15.7363805771
18.0223007202
19.0036334991
15.409157753
16.8572483063
18.1507453918
18.4483184814
21.7662563324
22.6386890411
21.2053432465
21.222454071
19.4621391296
21.3324375153
17.7872772217
18.1273994446
23.623922348
24.2342453003
21.4107608795
24.9669723511
29.8445072174
25.7686634064
23.3441429138
25.0820293427
25.1267642975
23.8672885895
26.1717834473
24.3109779358
19.2130584717
16.3239879608
17.4678077698
21.700006485
18.659658432
22.8071422577
22.5739212036
23.3562316895
27.7461853027
25.87733078
25.4796581268
29.2736206055
32.5705108643
35.8639640808
36.3071060181
33.1845550537
34.4570007324
39.116317749
38.0304794312
37.7680511475
37.3160820007
38.9556427002
33.6687469482
34.9626502991
33.4229469299
34.116191864
31.3370113373
28.7056045532
32.0317687988
32.8258399963
27.8242111206
27.8119506836
30.2852687836
28.985578537
25.4668617249
30.2736663818
30.1477432251
25.9740753174
26.1650600433
30.5688323975
30.6397895813
28.3504180908
29.9607124329
27.9284858704
31.4647903442
32.1298942566
29.2648448944
29.4877700806
30.3007106781
32.1891784668
33.1263122559
37.0108718872
34.2465858459
32.1015129089
36.9965858459
39.5335273743
34.4431877136
36.2938957214
40.502456665
39.6059951782
38.8918571472
39.8185157776
42.8658065796
44.5801429749
43.9684486389
48.2454986572
49.8846282959
50.6329154968
46.2144355774
43.1733779907
47.7879562378
46.8828887939
45.0884780884
48.1762733459
47.1464385986
43.0892791748
42.3917160034
40.6073951721
45.4236335754
45.2256774902
49.3651351929
47.9640197754
44.2858963013
45.6511611938
49.0988693237
44.1540908813
46.1989402771
43.8382072449
43.0636177063
44.2326507568
39.7663803101
41.8082618713
40.8675842285
37.13230896
35.6000099182
37.789024353
36.0156288147
36.2539901733
38.9044570923
42.5631828308
40.3328323364
37.0886535645
40.1371650696
40.4714698792
36.6064910889
35.3203468323
39.3282814026
39.8375358582
34.3544425964
35.8524284363
40.4704093933
40.378704071
42.3055152893
39.3462905884
42.2795257568
43.7179336548
37.2980766296
37.7329940796
36.8909339905
33.9421768188
38.5945053101
36.0332832336
34.9241714478
39.5265312195
39.2415924072
41.0308113098
36.0013809204
34.8668289185
40.3505859375
37.2176361084
33.826789856
31.9843444824
27.566947937
27.3642578125
24.5731868744
21.6099185944
21.6366977692
17.4144668579
16.2095222473
19.0995826721
15.8379402161
19.6377124786
19.2190570831
15.1546363831
13.7723836899
9.42166900635
9.21850681305
6.24212026596
3.61046481133
5.95521688461
5.23531723022
7.72778844833
10.3126401901
14.0754518509
15.2232952118
9.93962287903
6.89124202728
6.89372158051
6.36101770401
9.26530361176
11.1769256592
15.8089017868
18.2582168579
18.7567939758
23.582365036
22.0685462952
19.8757953644
18.6487216949
15.1094999313
13.4337854385
11.5795927048
10.7574186325
11.6640024185
11.7883892059
15.021030426
28.5833454132
28.0546302795
24.4561691284
25.0313491821
29.7428035736
26.5752162933
22.7223777771
26.0502166748
28.1888484955
24.0110301971
24.7603683472
29.1577777863
26.5731887817
26.9373683929
27.662815094
26.6803436279
25.3528575897
23.1301212311
18.8140468597
21.5088062286
20.1743526459
19.7049331665
20.3456554413
20.6865558624
18.8162765503
22.5867290497
20.7835140228
20.7882423401
22.7595024109
18.3090629578
17.8587818146
15.1282062531
15.7544183731
15.963353157
15.6914434433
17.774728775
13.3767185211
15.9030742645
14.9677696228
15.2355203629
14.212064743
19.0442390442
17.1972904205
13.7520122528
20.3366584778
21.018453598
18.8731555939
20.4947834015
23.5636348724
24.8931007385
27.8579940796
29.384885788
27.5889778137
26.4773445129
29.6416130066
32.914100647
32.5519104004
27.7918319702
28.7977771759
33.034992218
29.3458023071
25.0309352875
29.287563324
32.1742630005
27.4904003143
25.7225856781
30.4901218414
30.667432785
27.6533279419
28.3434925079
31.9748516083
30.1569728851
28.7177886963
31.0073928833
34.1670188904
32.4586410522
34.2410774231
28.350276947
27.8232192993
22.1160163879
24.66929245
20.2536258698
22.1504135132
18.0349655151
18.4023036957
13.8904151917
16.877363205
18.9196166992
16.4300880432
18.9144306183
21.2284412384
22.2198104858
25.4319324493
25.3494491577
23.620973587
22.5986499786
20.9904899597
21.4431037903
17.362909317
16.7553291321
22.8236198425
22.5983943939
19.3685417175
22.2057762146
27.5270347595
23.1941795349
20.3132190704
21.4976501465
21.2939872742
19.4049949646
21.304485321
19.0517024994
14.1549024582
11.0593252182
11.8340520859
16.0396842957
13.8047647476
18.0594882965
18.3229999542
19.8155632019
24.0088729858
22.8793640137
23.1489505768
25.9085655212
29.7451667786
32.9053039551
33.42029953
29.861032486
30.7987937927
35.4951133728
34.2691497803
34.4238739014
33.7237548828
35.9186820984
30.8247051239
32.9073677063
31.9514808655
32.3611297607
29.188993454
27.2012367249
30.8687744141
30.7105312347
26.0646114349
27.0249786377
29.1225070953
27.3620643616
24.4669456482
29.942697525
29.2218208313
24.8119068146
26.1247138977
30.3826141357
29.8699760437
28.057849884
28.2143993378
25.9308166504
29.44597435
29.5510025024
26.2237739563
25.8259315491
26.084072113
27.8520126343
28.8586730957
32.8134765625
30.3561134338
28.6155872345
33.3975944519
35.7877693176
31.2180290222
33.3792076111
37.2844963074
36.4530258179
36.4971008301
37.4887275696
40.1305503845
41.4552574158
40.9420967102
45.3595237732
46.9174728394
48.120223999
43.828086853
40.4242515564
45.1629829407
43.7858734131
41.8766136169
44.6662788391
43.5780296326
39.5487937927
38.4531402588
36.4718742371
41.639175415
41.0107650757
45.3468399048
43.8052406311
40.397644043
41.9153251648
45.6773605347
40.8691558838
43.532875061
41.7274360657
40.9222450256
42.7028808594
38.4659996033
40.813117981
39.3225288391
35.6581687927
34.7686729431
37.1589279175
35.9001960754
36.1724281311
39.2153358459
42.4292182922
40.6387786865
37.0006332397
39.6469497681
40.0123825073
36.2794303894
34.3873405457
38.1706123352
38.9499435425
33.3311920166
34.1555175781
38.8053512573
37.858379364
40.1218986511
37.1897277832
40.3913726807
42.050201416
35.5799636841
36.9468574524
36.3110580444
33.7503356934
36.7035293579
36.1137313843
35.5688209534
40.1199188232
39.5130767822
41.6662406921
36.6222114563
35.7880249023
41.7886886597
38.8840446472
35.6211242676
34.2597007751
30.2963829041
29.9706993103
27.7714500427
24.4686336517
24.1571540833
20.594335556
19.6805648804
19.3158092499
16.436088562
20.5147476196
19.0068092346
14.6481790543
14.3977851868
10.9635210037
9.32933616638
6.1198220253
5.95521688461
2.84401965141
4.59336423874
8.81471157074
9.58280563354
13.0743570328
14.376660347
10.3723545074
8.28426551819
5.30364561081
7.21999883652
6.97062921524
9.64556026459
14.3444862366
16.6582202911
18.5562362671
22.3327178955
19.822845459
17.663192749
15.7142028809
11.9656171799
10.3539276123
8.11764526367
9.48648166656
9.57652378082
12.8838357925
14.881401062
27.9354629517
27.0289096832
23.3140392303
23.8913211823
28.2731437683
24.3565635681
20.5626583099
23.6865844727
25.3584918976
20.8106403351
21.7696094513
25.6540470123
22.5756492615
22.6364135742
22.7916793823
21.5908470154
20.2254810333
18.3981723785
14.0971250534
17.2581272125
16.7250270844
16.2845039368
17.951253891
18.8870277405
18.0437355042
22.4681663513
21.4601421356
22.3933582306
24.0913333893
19.717918396
17.5939445496
15.276219368
13.7922201157
13.3788385391
12.0352668762
13.1055898666
8.78502750397
10.6860275269
10.3267116547
10.4990272522
9.64294719696
14.5341110229
13.7856550217
10.0996799469
15.9616479874
17.2236194611
15.9888944626
17.1703071594
19.8759212494
21.8122711182
24.9973545074
25.7880535126
23.7261600494
22.1311759949
25.1164951324
28.2637023926
27.6528739929
22.8523616791
24.09740448
28.0622310638
24.1708621979
19.9550800323
24.4525642395
27.0255622864
22.2630176544
20.8085689545
25.6883106232
25.6003360748
22.873336792
23.8841171265
27.3822021484
25.6468200684
24.5194911957
26.9486503601
29.9762134552
28.4977607727
30.6426086426
24.7787494659
24.4545307159
18.6369438171
22.2561740875
17.5180511475
18.456697464
14.843998909
14.543759346
10.5837182999
12.8040714264
14.1964597702
11.2358617783
13.7217769623
15.9952745438
17.3073787689
20.331911087
20.0795497894
18.2787818909
17.3757801056
15.8240699768
16.7328948975
13.0162506104
13.3157014847
18.9351501465
19.6610393524
16.9458370209
20.1536979675
25.3028030396
21.6046199799
19.4171714783
20.4446926117
20.1729431152
19.2034454346
21.5589199066
20.2008609772
15.0475950241
13.1765642166
14.2414369583
18.4599323273
14.4093561172
18.2826099396
17.5987491608
18.1691646576
22.5565338135
20.8871707916
20.196811676
23.9330024719
27.1414909363
30.4440498352
30.8997707367
27.8282413483
29.137386322
33.7723846436
32.7821731567
32.4831428528
32.2476387024
33.8961830139
28.4355297089
29.7386302948
28.3107814789
28.8281555176
25.9833946228
23.476146698
26.8577880859
27.4699230194
22.4978351593
22.775226593
25.2007522583
23.8507385254
20.4881496429
25.6321125031
25.4514350891
21.3544712067
21.906457901
26.4084949493
26.4549808502
24.7466430664
25.7346363068
23.2389545441
26.5225315094
27.0227222443
24.4579582214
24.5685119629
25.6882095337
27.3380069733
28.0614852905
32.0058784485
29.3643188477
26.9279727936
31.7515907288
34.458480835
29.5438423157
31.0410289764
35.2549209595
34.6745567322
33.855506897
34.6071128845
37.6219978333
39.2957572937
38.5913162231
42.8490333557
44.4553070068
45.2333869934
40.8266410828
37.7420921326
42.3673171997
41.4692573547
39.6711082458
42.7922592163
41.8026275635
37.740737915
37.1724243164
35.416343689
40.1092643738
40.0645599365
44.133846283
42.851764679
39.0785942078
40.549495697
43.8937530518
39.0983695984
41.1183853149
38.7095947266
38.1581611633
39.4447441101
34.8977432251
37.2972831726
36.3765640259
32.4354019165
31.0996189117
33.5949020386
32.050693512
31.9969577789
34.7775840759
38.105014801
36.0097694397
32.5819282532
35.5785636902
35.707698822
31.8372802734
30.3880271912
34.2732162476
34.8051948547
29.2604160309
30.620098114
35.1984481812
35.0022621155
36.9208106995
33.9826774597
36.9914550781
38.4330482483
31.9959659576
32.7068824768
31.9710140228
29.1901550293
32.0426216125
33.9176177979
31.393951416
30.6128463745
35.1902923584
34.7568778992
36.7811660767
31.8159980774
30.7714366913
36.6477355957
33.7870178223
30.4074134827
25.0059623718
24.8540802002
22.838886261
19.625837326
19.9829998016
16.1674938202
16.5954914093
19.8862285614
16.7899570465
21.3205089569
20.5121936798
16.2209320068
16.3949260712
11.8775672913
11.9603328705
8.60058116913
5.23531723022
4.59336471558
1.97091579437
4.81142616272
6.22643089294
10.0642652512
11.7701311111
7.15832328796
5.61449193954
4.57402086258
7.38587760925
10.2846536636
12.3113679886
17.4635334015
19.2155227661
20.716506958
24.8039894104
22.7367210388
20.9605045319
18.8381404877
15.5620260239
13.249121666
10.3383541107
10.2848510742
9.20345306396
10.9202919006
12.8391752243
26.4428005219
25.4002857208
21.8643245697
22.9578113556
27.3700275421
23.4807224274
20.046005249
23.7003421783
25.312002182
20.9627304077
22.5906524658
26.5923690796
23.4115047455
24.2815380096
24.5681991577
23.8794498444
22.108335495
19.8662033081
15.8537397385
19.375869751
17.876367569
18.3263874054
19.2173843384
19.1697559357
18.2271766663
21.6977901459
20.8137950897
21.2059555054
22.299123764
18.1175689697
16.3774929047
14.643081665
13.7432794571
14.7689647675
13.3835935593
15.86577034
12.496966362
13.9263410568
14.1232404709
13.0645780563
10.9421129227
15.5369358063
13.7070140839
11.223279953
17.7887649536
17.8842182159
16.329536438
18.5588359833
21.2219104767
22.5095024109
25.9469566345
27.1307086945
24.9888896942
23.561378479
26.9393882751
29.7243824005
29.6278648376
24.9158821106
25.4283714294
29.6215724945
26.1551990509
21.8349971771
25.4668960571
28.6536254883
24.1946201324
21.9016780853
26.5485725403
27.150428772
23.9291706085
24.2913417816
28.1205539703
26.6874885559
24.9409122467
26.9370174408
30.4233646393
28.9546413422
30.3444499969
24.5182323456
23.6711902618
17.8523006439
20.3602180481
15.7933759689
17.7260932922
13.5843029022
14.2717485428
9.67898178101
12.6015129089
15.0099611282
13.2000827789
16.3269348145
19.2402629852
20.8762264252
23.8094234467
22.9510211945
21.0139656067
19.3473167419
17.958782196
17.6429176331
13.5191679001
12.8267126083
18.9325332642
18.8458557129
15.7455587387
18.2909603119
23.8471240997
19.8971710205
17.2836399078
17.8191680908
17.3251152039
15.7778959274
17.8513660431
16.1958370209
11.0421972275
9.14118766785
9.99251651764
14.241724968
10.6278276443
14.6685199738
14.3461093903
15.6086044312
19.8760681152
18.8883914948
18.8006343842
21.5859394073
25.3062782288
28.5065364838
29.0190811157
25.5412139893
26.5742950439
31.2655029297
30.1365146637
30.1948471069
29.7308483124
31.8632488251
26.562379837
28.5744876862
27.6643371582
27.9427032471
24.74659729
22.8255195618
26.5067329407
26.2782001495
21.6273040771
22.7855224609
24.8589515686
23.1017818451
20.3194446564
25.9993038177
25.2983131409
21.0101318359
22.5395812988
26.8560829163
26.3982849121
25.0641059875
24.8468494415
22.1467933655
25.413312912
25.4204292297
22.4450435638
22.0010509491
22.6590862274
24.1982631683
24.9646053314
29.0139694214
26.6310043335
24.5205078125
29.2687034607
31.8696651459
27.3879718781
29.1534919739
33.1182022095
32.5954551697
32.4229698181
33.2337379456
35.905166626
37.2501449585
36.6256637573
41.010761261
42.5468482971
43.7125167847
39.4087524414
36.0047111511
40.7414550781
39.4378166199
37.5419845581
40.4179496765
39.3676109314
35.3170204163
34.3998451233
32.4732704163
37.4952430725
37.0874671936
41.3407249451
39.9405479431
36.3801116943
37.991027832
41.6084747314
36.9174804688
39.4631004333
37.5232505798
36.9389839172
38.7344932556
34.3932037354
37.0256080627
35.6440887451
31.7796974182
30.98695755
33.6216621399
32.5025062561
32.5038414001
35.5902175903
38.5534820557
36.8295402527
33.100894928
35.7431373596
35.9128036499
32.1758270264
30.217716217
33.9016723633
34.661239624
29.024389267
29.7951393127
34.3937950134
33.4633522034
35.6676292419
32.7470016479
35.9835739136
37.620223999
31.1445388794
32.6560134888
32.0940742493
29.658411026
32.7805595398
34.4936180115
32.0772171021
31.763458252
36.2623672485
35.5697555542
37.8705787659
32.9213104248
32.1357765198
38.36120224
35.6831016541
32.4460487366
31.4385032654
27.7986526489
27.5261268616
25.9113330841
22.515001297
22.5068740845
19.2627048492
