33.70287323
33.9698944092
34.5133628845
35.0879936218
35.8642616272
36.1554527283
36.7779045105
37.6926269531
38.2053108215
38.766708374
39.4948616028
24.5756607056
24.4277954102
24.0356483459
23.8873996735
23.7277469635
23.4677772522
23.0347671509
22.6954116821
22.3014583588
21.9422168732
21.6813316345
23.9432926178
23.7841835022
23.3124504089
23.0846633911
22.8648891449
22.5823097229
22.0036907196
21.4680671692
20.9648571014
20.4571723938
19.9646625519
31.3817329407
31.4338378906
31.5096664429
31.7840042114
32.1624603271
32.1918792725
32.4011459351
32.8975067139
33.1053733826
33.4049530029
33.907283783
27.8402824402
27.7907028198
27.5759124756
27.5836372375
27.6629695892
27.5232925415
27.2657318115
27.1629867554
26.9347381592
26.7214374542
26.6123790741
25.2485027313
25.3875217438
25.5748500824
25.9678993225
26.5742855072
26.6792240143
26.9415779114
27.5181903839
27.7875041962
28.130613327
28.637506485
25.1581668854
25.2424278259
25.2199287415
25.3657798767
25.7503890991
25.7694797516
25.7233295441
25.8426818848
25.9235305786
26.0615177155
26.1740989685
25.5816993713
25.6321315765
25.5712814331
25.7025947571
26.0669288635
26.0768165588
26.0282783508
26.180267334
26.2752380371
26.4538593292
26.6323394775
