39.7420845032
40.2914352417
40.9949150085
41.695640564
42.5918083191
43.338508606
43.5011482239
43.9621200562
45.1368217468
45.6985588074
36.5947990417
57.8988609314
37.5936775208
34.0749168396
36.0596733093
39.4349479675
33.2580947876
32.3892593384
30.6242008209
27.9417896271
30.5680541992
33.243888855
25.3688869476
27.3140869141
26.0720233917
20.5415611267
22.1504802704
24.4593906403
19.4981784821
18.3596172333
19.7312755585
21.5972118378
19.6450366974
18.7708015442
16.4079036713
18.3453445435
16.636844635
17.7287387848
20.1309070587
22.3220558167
21.2801265717
22.345041275
22.0055294037
26.1867465973
25.2238941193
26.8666038513
33.4239654541
31.0505695343
30.3885250092
32.1689567566
31.3056812286
34.4323768616
36.3641891479
37.3117179871
40.0053634644
35.9909439087
35.4542999268
32.7581596375
31.5728816986
26.75715065
28.6333045959
28.0205459595
24.4353179932
29.4878005981
30.0028438568
22.4816303253
20.7090110779
27.4617538452
23.6339054108
28.2936096191
28.9889907837
31.9861507416
32.1106834412
35.1517677307
34.1734390259
38.3092002869
35.8483695984
31.9897041321
33.6170921326
28.9222831726
29.650094986
24.3196430206
21.2658634186
20.1132736206
19.6212368011
26.84167099
20.9385261536
25.4486732483
26.6451091766
29.4737358093
32.5216712952
32.5177459717
33.4580955505
33.3689918518
35.5183639526
33.9434242249
39.8685264587
39.1124267578
34.6502227783
36.0565032959
31.230922699
32.7289085388
30.0358963013
27.698102951
26.4711666107
25.9685630798
27.1570968628
24.8781909943
27.6101436615
28.7574882507
30.3698501587
32.2322883606
35.0852088928
37.847454071
37.9207267761
38.5690383911
38.0877838135
36.7113647461
34.0634422302
32.8258132935
28.9994468689
28.7057285309
25.3163871765
28.4209461212
23.2277698517
33.0512008667
29.7312927246
25.0617904663
28.021730423
23.3728103638
26.5300502777
26.6308517456
31.1988258362
33.4955635071
35.7485809326
35.394859314
21.3984355927
21.2675266266
21.2104225159
21.2578697205
21.7327270508
22.2459945679
22.3953132629
23.050951004
24.0718650818
24.8059597015
14.2193994522
35.408039093
14.2139568329
14.4581518173
11.8115463257
18.6623497009
15.3168563843
16.3266124725
20.5081596375
22.270072937
23.5845737457
28.8344898224
26.7423801422
29.2706203461
31.6247901917
29.0582427979
33.2107810974
33.9102554321
27.093667984
28.203037262
34.7018966675
31.279006958
29.8643054962
30.450750351
31.3975391388
34.4323806763
36.6789360046
34.1520309448
31.3573207855
33.2980995178
35.8847427368
32.066318512
27.454624176
30.6399726868
31.4017734528
27.734708786
24.7514247894
24.8278598785
20.7847232819
17.6340312958
13.9442949295
10.2517585754
11.890376091
11.3841114044
17.6509304047
14.6799545288
13.2049283981
12.4243516922
10.1398687363
12.7723054886
15.3296394348
20.7129745483
19.0902366638
28.9056949615
31.779794693
26.569316864
24.7985057831
23.0840816498
19.4944915771
17.4268455505
18.5622558594
16.8732051849
16.3408164978
17.4291801453
16.7887439728
22.0538787842
21.9481544495
22.2814369202
23.2556877136
22.7332286835
22.6645259857
22.17445755
23.7254295349
22.1685638428
25.6726455688
31.3410491943
25.5806674957
25.7312984467
24.8199996948
25.7219905853
26.2282791138
21.9519309998
20.9975090027
19.5877895355
18.8930644989
20.0540275574
22.8237533569
19.0336399078
18.1600418091
21.7385101318
15.8014631271
21.1777744293
22.2298355103
23.4374465942
25.9696903229
29.4634094238
31.1096725464
26.7693500519
24.8541069031
23.788980484
21.9028053284
19.1959819794
22.012752533
20.7712841034
22.0584106445
19.4479885101
20.0411052704
22.0073299408
20.836889267
22.7049446106
21.8563537598
23.5150794983
24.4712581635
28.8668632507
28.4468288422
34.4856300354
36.2835540771
32.1678390503
30.3607559204
25.5732860565
24.2929115295
22.7653942108
24.4015197754
22.1718273163
22.4415149689
16.7239055634
19.5004634857
19.0099563599
18.595867157
18.0929203033
17.7777194977
17.4735088348
17.2189159393
17.311372757
17.5947341919
17.8384418488
10.5780639648
31.7059059143
14.3220653534
14.926533699
15.7263584137
23.5837669373
21.5803833008
21.3661022186
26.0393943787
26.2794876099
27.6920585632
31.7019042969
29.5192604065
30.8141136169
32.8741035461
31.5108623505
35.601348877
33.9325752258
27.4983463287
29.7156143188
36.1438140869
31.156085968
30.1903152466
30.2128543854
33.1090621948
35.9909324646
39.4199790955
37.1579246521
34.6129570007
36.2677841187
39.5677833557
36.6068687439
29.6340103149
34.5761604309
35.8168716431
32.1683807373
29.3606929779
29.6524372101
26.674123764
22.4558982849
20.529088974
15.0151853561
14.6799564362
12.0472631454
10.9591264725
12.1425361633
8.38735866547
11.4434566498
13.8930501938
15.4225902557
20.2147655487
24.7363090515
23.6767883301
32.2347679138
35.1021347046
30.3150539398
28.945728302
27.5147304535
22.5667419434
21.4597702026
19.9694232941
17.1262359619
13.8651123047
10.895198822
9.06809806824
14.7915220261
14.9792518616
16.5436573029
18.6756629944
20.5832328796
21.4043960571
23.1544342041
23.4425067902
23.8797721863
26.8579711914
31.9634742737
25.3934421539
24.9828872681
22.2563724518
21.6385993958
21.9583339691
16.4052829742
15.9186000824
12.6558504105
12.4078168869
14.7714548111
17.0228939056
15.6627540588
15.6836719513
18.5489692688
13.2021617889
17.2814235687
18.9272575378
19.5009117126
23.7566928864
27.4766216278
28.039358139
24.9129066467
22.1122074127
21.2491416931
19.9958629608
18.800825119
21.3095035553
21.1298522949
22.273267746
20.2649974823
22.7725582123
24.2861766815
23.2265834808
23.6916027069
22.9656295776
22.7912540436
24.3870201111
27.4638271332
26.8856773376
32.7250976562
34.8451118469
31.4741230011
29.593006134
27.1594409943
25.0883026123
25.7606391907
26.606218338
25.3598270416
27.0666828156
21.0121154785
34.1129760742
34.6110954285
35.2411575317
35.9467277527
36.9510231018
37.744102478
38.0026397705
38.5514984131
39.6915588379
40.3266944885
30.7245349884
47.690826416
31.1624584198
28.9559726715
29.1425380707
31.5390625
27.0376586914
25.5174484253
24.7987327576
23.5500125885
25.794090271
28.7062416077
24.1620807648
27.2933998108
28.1858520508
23.590675354
27.4835681915
31.0098743439
24.183429718
23.7978591919
29.4471321106
29.0196456909
26.8718986511
28.578962326
26.7210330963
29.4878063202
30.1883792877
28.4179878235
25.7032680511
27.2977905273
29.209897995
26.3619594574
24.3501605988
25.2896213531
26.5308456421
24.4964847565
23.9324970245
26.9358901978
25.0843296051
24.5357208252
26.225976944
25.5160045624
28.9056987762
31.0527114868
31.7287921906
35.8988037109
32.2347640991
31.9944877625
28.4416847229
27.3839702606
23.3251590729
24.0907440186
22.9995479584
19.4822750092
26.5753498077
23.5050144196
21.4565944672
24.6542758942
21.9314308167
25.5026817322
26.6657829285
29.5427894592
29.159860611
32.932964325
31.7089443207
35.5093841553
34.7397499084
33.3692398071
33.4853363037
30.5111427307
29.1438140869
25.9312171936
24.9298458099
21.2151241302
25.0491390228
30.8344535828
26.9402389526
29.3836727142
30.0393352509
32.6083869934
33.0107765198
31.9484615326
31.358795166
31.8354320526
32.1515579224
31.0421447754
35.5839271545
32.8272209167
29.4729766846
31.4514751434
27.5287914276
30.2605724335
29.0701847076
29.2206287384
28.5986862183
30.5797023773
32.422088623
27.9158611298
28.3757076263
28.8820705414
28.0373592377
27.5054225922
29.6761035919
30.9628582001
31.5381126404
31.1113510132
30.9825897217
29.9371948242
27.6281814575
27.6437587738
25.0456390381
27.2426986694
25.0199584961
29.4887447357
28.33360672
34.857749939
34.2145690918
29.8485450745
30.0052261353
23.349615097
25.0208377838
22.4179859161
27.3422222137
27.4168186188
28.9145584106
28.2498168945
26.3826942444
26.256067276
26.2681388855
26.2808322906
26.6171531677
26.9618873596
27.0073719025
27.4178543091
28.2718029022
28.7653369904
20.3426589966
40.9612998962
21.6443710327
20.2305030823
20.3810253143
25.8701553345
22.3076934814
22.7884197235
26.0804023743
26.0442771912
28.4972553253
32.4201278687
28.7282619476
31.0726680756
32.3370170593
29.0895824432
33.3184089661
33.1337165833
25.9902667999
27.3587112427
33.4184570312
30.0874881744
27.7059574127
28.6118621826
29.5543460846
31.9861564636
35.5585327148
32.8092346191
30.2987060547
32.9231567383
35.9492034912
32.1901054382
28.108921051
31.9393062592
33.3520545959
29.4668426514
28.0559253693
29.1145133972
25.1648979187
22.0173206329
19.6964244843
16.8991527557
16.8732032776
18.4578227997
17.5313472748
21.9388599396
17.126241684
15.125535965
14.9571523666
13.1223678589
13.4463357925
17.7206420898
21.7278118134
21.3625144958
29.5427818298
32.5098304749
26.7232093811
24.2904930115
23.3152980804
18.4130134583
16.3463363647
15.4685287476
14.8820047379
16.4351100922
17.4555206299
22.2451591492
19.2347259521
18.6743106842
18.9828948975
17.3620662689
18.6766777039
18.4977779388
20.1241703033
20.9145011902
23.1327457428
28.3801593781
21.6092891693
20.6078567505
20.4623126984
20.8413200378
22.7205142975
20.1921882629
20.0758342743
19.9575767517
21.5109996796
22.5319271088
26.5457706451
24.8235321045
23.0368728638
25.0539779663
18.486743927
22.2727012634
21.4241771698
21.9170246124
22.944437027
26.1943702698
28.3751811981
24.8265724182
24.3793354034
23.2152957916
23.5185642242
22.3701114655
26.1685886383
26.4633903503
27.8678951263
26.6563472748
27.2740859985
28.1211948395
25.7618141174
26.5861721039
24.1359939575
24.9126720428
24.5004501343
28.6691551208
26.9660339355
34.3018417358
35.3491821289
31.3606777191
30.6479492188
26.389585495
26.4604473114
25.1468639374
28.1367015839
27.1384525299
28.7968521118
24.4057636261
28.7709884644
29.1858177185
29.7528686523
30.339597702
31.2520999908
31.9717884064
32.1465263367
32.6931304932
33.9672241211
34.6437568665
23.5725917816
46.9449539185
24.8824672699
21.969499588
23.3227767944
27.7780189514
22.2559642792
20.8634662628
21.0691070557
19.2306861877
21.843126297
25.2624607086
18.803730011
21.1310901642
21.4137248993
16.7067222595
20.7764492035
22.464307785
13.7894611359
14.5258378983
20.4794750214
18.946428299
15.7190608978
17.9095993042
17.2009735107
20.1132736206
22.8282299042
20.7668514252
18.688949585
20.7235927582
23.8695716858
21.2256469727
18.8315868378
20.0472068787
22.8383464813
20.5853900909
20.0668029785
24.536813736
21.5589504242
19.6639652252
20.8265380859
18.7331142426
22.1685638428
23.8699760437
24.5729351044
28.618188858
23.8797683716
23.5038814545
20.4029159546
19.519329071
14.5966491699
17.6169967651
17.2554149628
14.9076347351
21.2151222229
24.1241531372
18.2197189331
14.9616003036
19.0915126801
13.4025096893
17.7081336975
17.738658905
20.9145011902
20.3347854614
23.8906784058
22.7003250122
27.3560199738
25.6228046417
22.5235176086
23.7850990295
19.6868724823
19.024930954
14.7651891708
12.0721416473
12.9657678604
21.3372879028
14.2514324188
17.7940864563
18.0979499817
21.2549953461
22.953125
22.129491806
22.4355278015
22.4874019623
24.1084365845
22.8062877655
28.9649658203
26.6444625854
22.689031601
24.6439971924
18.9032516479
21.5467472076
19.2971458435
18.2349758148
17.2211380005
18.9262046814
21.2798061371
16.7338256836
18.4167041779
18.9144420624
19.6909561157
20.2555866241
23.7975826263
26.0234737396
26.488161087
26.4059848785
26.6293373108
25.6216545105
22.7625408173
22.093416214
17.9996528625
18.8757686615
15.63763237
20.6463928223
17.3421516418
27.0858230591
25.8785743713
20.7138175964
21.8150177002
15.3867111206
18.0040721893
16.8592395782
22.1669883728
23.207113266
25.5784339905
23.6732006073
26.0834770203
26.0777683258
26.1544475555
26.1025218964
26.277929306
26.2477703094
26.125371933
26.2635765076
26.9754829407
27.2612018585
19.3753490448
39.821647644
23.1387939453
20.2716846466
23.8944797516
29.1851596832
26.6548709869
24.2809581757
26.9228248596
24.7316513062
26.1789054871
28.4654655457
23.9896564484
23.2463607788
24.0100421906
23.6049346924
26.8077545166
25.0029907227
17.6418094635
21.1199035645
25.8319091797
21.3380870819
20.1792297363
21.9109287262
25.0952835083
27.6980991364
30.7677268982
30.0411434174
28.1965351105
29.2546482086
32.5946235657
31.3100090027
25.9361152649
28.4416923523
30.6015148163
29.131187439
27.430721283
30.5082397461
27.7159633636
24.4179477692
25.1570796967
20.7281093597
23.4374446869
22.5262031555
23.7977714539
24.3738212585
19.50091362
21.2364673615
18.959651947
21.5451622009
17.5244522095
22.8721179962
23.5181980133
22.9837341309
29.2206325531
31.300075531
28.0319728851
25.512046814
27.616312027
21.0575733185
23.8072967529
20.7109985352
21.9170303345
18.1996250153
19.6675281525
16.3714046478
20.178735733
19.9144058228
16.8122158051
19.4644355774
19.2072029114
19.0749320984
20.5791969299
16.8527069092
18.2349720001
21.1355247498
26.7578468323
18.5503883362
20.1066513062
16.2612667084
16.6542797089
16.0822906494
14.2223405838
15.6136398315
13.8439331055
16.155708313
14.4803342819
20.6272621155
21.2880268097
17.6125297546
18.4123592377
14.6133985519
13.8214864731
11.5479879379
12.6901311874
16.3056411743
14.6545629501
12.6723356247
10.7822446823
13.5874004364
14.7238636017
17.9074440002
20.3411941528
23.70154953
24.3408184052
24.7514686584
27.3407211304
26.0201129913
23.3773231506
21.3306121826
18.729352951
16.9541454315
15.521109581
16.4415817261
15.4751501083
22.7242546082
22.3722763062
19.6810684204
20.2225761414
19.0036773682
18.9063282013
21.4986495972
24.2142372131
25.6911888123
29.0425205231
25.4742221832
26.5985450745
26.6722698212
26.8378982544
26.8841629028
27.2144489288
27.2984600067
27.2326202393
27.428565979
28.3147754669
28.672908783
20.4955787659
40.1751937866
23.5056018829
19.9696750641
24.0693874359
28.8785362244
26.1643619537
23.4542446136
26.1530895233
23.7645587921
25.3673286438
27.4868717194
23.1696815491
22.8102760315
24.0276317596
23.3303318024
27.1689186096
25.6797428131
18.3856506348
21.8799057007
27.2262477875
23.2956886292
21.9354438782
24.0040798187
26.2859554291
28.7574806213
31.7180461884
30.9779129028
28.9237937927
29.7295970917
32.9088745117
31.614610672
26.1595230103
28.4522075653
30.2329673767
28.5363903046
26.720205307
29.8729248047
27.0730991364
23.6905765533
24.8318424225
20.5947170258
23.7889823914
22.9807529449
24.796421051
25.0854625702
21.2491455078
22.6263599396
19.6990871429
22.2525615692
17.6761665344
22.7853736877
23.0349597931
22.6710643768
28.8820743561
31.0329036713
28.1742763519
25.9772319794
27.6488742828
21.540140152
24.4407310486
21.677236557
23.215297699
19.3979282379
21.556558609
18.4665622711
22.8768577576
22.6488513947
20.6951618195
22.1973209381
22.0961875916
21.1523361206
22.1237659454
18.7033252716
18.9144477844
22.8089122772
28.606048584
21.4021434784
22.9441223145
19.720035553
20.9101047516
20.1187286377
18.0557918549
17.7072486877
16.3740558624
17.8055973053
16.0787982941
21.801279068
22.3592166901
18.0348072052
18.722366333
14.7830295563
15.146777153
14.177614212
13.5874013901
16.3736057281
20.2261657715
19.0137577057
15.4953298569
12.7383422852
13.6843557358
16.8078804016
19.7146606445
23.2735347748
23.9839878082
24.8865737915
26.850446701
25.2071781158
22.2869873047
20.1797389984
17.2041854858
15.8829936981
15.0512399673
17.553937912
17.7646179199
24.8061485291
24.2137985229
20.776227951
20.1871604919
18.4990234375
18.1676025391
20.2935028076
22.962677002
24.5534076691
28.1004505157
25.0543327332
