30.350358963
31.8307189941
31.7891483307
29.4353656769
30.759180069
27.7106285095
30.8180847168
32.1514091492
33.5565261841
35.0209197998
35.0620765686
39.8557281494
44.650226593
45.9740486145
36.5724105835
39.1246986389
45.7860107422
41.6890296936
38.9715576172
40.3675498962
35.2276191711
32.4378509521
29.8234634399
27.0269432068
25.7370662689
27.6679286957
26.6907520294
29.9000892639
30.1800727844
23.8516330719
34.0835571289
32.7467727661
33.0861167908
31.4243164062
24.5063838959
21.0653953552
19.4898090363
27.8656406403
22.3640441895
31.1267223358
31.5055198669
30.7531471252
28.548871994
34.4988021851
33.9189491272
34.1390724182
37.7727012634
36.9866523743
40.1328811646
40.2264404297
38.7709197998
40.9557571411
39.0024414062
40.6021766663
34.766166687
36.1910667419
37.2874946594
41.5881690979
38.1362113953
38.7060775757
43.7626724243
41.4569702148
38.9758338928
45.1370582581
45.5724754333
48.2111167908
51.1553688049
42.1965293884
43.5559997559
42.2371139526
38.7441711426
36.6400909424
34.0435066223
39.5079917908
32.2423439026
35.1359558105
32.544670105
35.8281135559
40.1451454163
37.6612739563
42.2150154114
36.2685317993
37.5953445435
38.4553184509
39.2972106934
53.0143852234
48.8684577942
49.2924880981
48.6697921753
47.0445594788
44.1503334045
43.6950302124
46.731136322
43.3414421082
41.591129303
44.6110191345
44.984752655
43.9289550781
44.9501953125
46.0606269836
47.6882705688
45.9810943604
48.5897254944
51.0015220642
51.8735046387
48.2196388245
48.8606185913
53.3405799866
55.270488739
54.140335083
57.0890579224
52.3893623352
58.4859428406
52.8540611267
54.9126358032
50.1373252869
50.9637527466
48.1610107422
50.8970336914
47.1466369629
46.4217376709
45.4680099487
43.1443214417
43.8686065674
45.1196899414
45.6755867004
46.809715271
46.0995941162
46.7569885254
51.9416656494
47.9897575378
49.6768379211
55.1447601318
56.7596511841
60.1961746216
56.5253105164
57.9533615112
53.0050621033
54.7158126831
54.5048179626
50.554107666
50.5816802979
52.048664093
48.3563461304
50.9962120056
51.7155990601
48.320602417
54.5211372375
51.7821235657
49.6410369873
49.3528060913
45.9535217285
52.0275192261
50.3205223083
51.1918144226
50.288230896
54.6343307495
53.3306503296
50.3852386475
53.920463562
53.0784912109
55.4648170471
53.1665420532
55.8725090027
56.6728897095
54.808380127
54.9748764038
53.2896194458
53.8874282837
50.7707214355
49.2719306946
55.9053039551
54.59349823
51.0353126526
52.9053649902
52.6240005493
52.4085502625
48.5415763855
58.9231147766
49.6919822693
45.3940734863
49.2936477661
50.5963058472
51.0587005615
51.7997131348
49.7830924988
52.2731170654
51.2186508179
47.4889945984
46.9480018616
44.7672119141
44.2861633301
45.3492660522
43.2902641296
43.9541320801
39.2951507568
43.4635047913
42.5343208313
42.8918457031
46.4352645874
44.9017524719
46.6220092773
48.2386665344
50.1810035706
50.8151817322
54.0966911316
54.2897644043
60.5538406372
58.9414749146
63.1787376404
63.1263008118
65.7798995972
59.5026473999
57.5675163269
52.6329536438
54.3472595215
48.7285766602
49.191318512
53.3678359985
46.0833778381
44.5605239868
41.4834938049
41.7480392456
37.4015464783
39.7666893005
36.2619934082
43.3081474304
45.5357818604
28.0703678131
30.4189014435
30.0997810364
37.1771621704
37.3840789795
34.9645462036
36.41746521
34.7809715271
31.327627182
32.3433914185
33.0517158508
29.9578590393
28.3964881897
31.4950008392
30.5832614899
27.02044487
27.4071216583
29.6004333496
29.1368103027
25.8043956757
27.5830841064
30.1428546906
31.5106639862
34.4867019653
35.6783752441
33.8108863831
34.3562812805
35.0983123779
40.1851158142
37.0756149292
37.114528656
40.1980361938
35.2974128723
35.0426864624
40.1072731018
38.6956787109
35.1685180664
36.4533157349
36.0087127686
32.8867111206
31.2369804382
32.0293579102
33.8547592163
37.4152183533
34.3996810913
31.9181365967
29.9265632629
28.3824329376
25.768283844
26.5876636505
23.5188159943
25.5007762909
22.829000473
24.9523258209
25.5769691467
26.3606071472
26.4102573395
29.2651996613
26.5037555695
22.8419380188
24.6059093475
25.2768650055
21.4748134613
19.5354347229
22.3071098328
21.8842906952
18.3352279663
18.893409729
23.7233448029
20.9801216125
18.2031764984
22.7013950348
23.2956542969
21.3770141602
23.7440090179
26.7207202911
28.7217121124
31.0099887848
34.3929214478
34.746547699
39.7160682678
27.9420986176
27.8483161926
24.185749054
24.7607593536
22.8231124878
21.2621097565
18.9903945923
24.6727867126
25.424993515
26.0873012543
28.5699329376
32.6527023315
37.0325012207
40.9725189209
31.0469532013
31.4605407715
40.0201911926
38.9101142883
35.8116455078
37.9144134521
33.8339424133
31.1200389862
30.7584819794
25.5323619843
25.6017627716
23.7240352631
23.8967819214
23.5508441925
26.020690918
24.477060318
39.206817627
39.2442779541
39.9813575745
39.3357467651
31.0473766327
29.2957839966
28.5488739014
24.5241985321
30.3203125
20.1973628998
26.2484607697
22.454372406
23.1889514923
25.8987541199
24.9604129791
23.2735385895
24.8337078094
22.9032154083
25.7849559784
25.7455730438
24.3764781952
27.1116161346
24.0089550018
25.9550514221
22.345249176
24.242515564
24.6367321014
29.7998008728
26.7759456635
27.7008495331
31.882522583
29.9298343658
28.6316299438
34.9806938171
34.4727554321
38.9186782837
44.390750885
33.6186141968
35.6390266418
33.7953491211
30.8987674713
26.9528083801
26.4108867645
32.6271705627
27.6750392914
31.5559806824
28.5970401764
30.7290039062
35.0644683838
30.9385166168
34.5341148376
27.6465015411
27.4845657349
25.7980594635
27.4703845978
39.2874908447
33.9750518799
34.6732254028
33.9631843567
33.1413345337
30.5298862457
30.4786701202
34.4468803406
32.2058982849
28.6576423645
32.4414100647
32.0257530212
29.0394191742
32.4821166992
33.099811554
33.3787841797
32.167766571
35.9380569458
37.1933708191
37.9237480164
35.281703949
36.3325653076
40.6087532043
42.7788658142
42.2315940857
47.4732322693
41.3057823181
47.0801239014
40.3758354187
44.7027397156
38.6289863586
40.2941436768
37.3366851807
42.1225471497
37.7511558533
38.5829315186
37.5176620483
37.4276924133
38.0837402344
41.1791954041
42.0292816162
41.5858688354
39.7896652222
39.1254768372
43.2973213196
38.7027168274
39.3930625916
45.7085952759
47.0709037781
51.7051811218
48.6002388
49.9761009216
45.078250885
48.305519104
46.5635681152
44.4386672974
44.205745697
46.5494918823
43.4952087402
45.8175201416
48.1189460754
43.2249679565
50.6127967834
45.8163909912
44.9134750366
46.2991752625
42.3815155029
48.9022941589
45.4736938477
45.3648986816
43.8266067505
48.1526374817
47.3328399658
42.0590629578
44.4851417542
43.366394043
44.8302993774
41.8816413879
44.1923522949
44.0159454346
41.8025550842
41.0357780457
39.5752372742
41.0175285339
38.3040542603
35.2825317383
43.33984375
42.8273696899
38.966217041
40.6557540894
40.9515342712
44.1145019531
38.8625106812
50.1892623901
39.8384628296
35.3302078247
40.2507743835
42.0435218811
44.5781478882
45.4352302551
42.4510688782
45.6456336975
45.216884613
42.559551239
42.6404533386
37.0607452393
37.7551345825
40.4694137573
38.5749282837
38.170791626
33.1982154846
35.8785018921
34.4311141968
31.6128673553
37.4677200317
34.1422386169
36.5652046204
37.4931030273
39.138256073
39.4957351685
43.6893043518
43.8498382568
50.736530304
49.8584632874
53.5756149292
54.2895851135
58.5028839111
50.8275337219
48.2651100159
43.3586006165
45.8495292664
39.0358123779
40.2337684631
45.7880859375
36.9274368286
34.3029289246
32.3486785889
31.4874858856
28.986700058
31.0116233826
29.8977165222
39.0898857117
42.9438819885
24.0802021027
26.4957962036
29.1705493927
34.3901329041
34.7661476135
30.817647934
33.5444068909
30.1162586212
27.3318653107
30.6135349274
30.5274219513
26.1269130707
27.1267089844
31.2785644531
28.6209106445
25.4557666779
28.5616168976
30.1956672668
28.1625213623
26.9493637085
30.5254039764
32.2795600891
33.314163208
35.6652679443
35.9632911682
32.6580810547
33.0616264343
31.8359851837
37.0171699524
35.3224372864
32.9020347595
34.4490242004
28.7824687958
30.157793045
34.8840942383
31.1916122437
27.5788936615
31.1566753387
29.1566257477
25.6126976013
26.1623744965
27.8154678345
28.3801269531
31.2695503235
26.0623569489
21.8951797485
21.3346138
17.984249115
17.4088478088
14.7786798477
15.0074872971
16.2253780365
16.2960166931
19.3875370026
19.811876297
22.9351425171
25.7727451324
27.3947124481
23.8868331909
24.5440540314
26.6692256927
24.2029438019
20.4309368134
22.5267086029
23.2423419952
19.6720619202
18.4299030304
22.3788337708
22.2419815063
18.7715892792
20.0803909302
24.1255226135
21.1692276001
19.7882766724
23.9058666229
23.8545207977
26.1681537628
25.5808181763
29.4430522919
27.3418006897
31.2867832184
29.1010513306
27.4050693512
28.1913585663
26.4625892639
27.5464668274
26.0711345673
26.2501964569
30.3031520844
29.2704982758
32.062828064
34.1013298035
36.3133277893
41.5117759705
43.0817756653
34.3685112
38.4302558899
44.1670417786
41.8722915649
40.6935539246
42.2340354919
39.3511886597
36.4596862793
34.0297088623
31.1495037079
33.6948318481
33.031288147
34.7674369812
35.207359314
37.5109634399
34.4510688782
44.5880813599
43.6072502136
43.2675628662
41.1507453918
35.4071998596
30.6110134125
32.2423400879
26.8597068787
34.6171875
24.7616271973
31.9517803192
31.6997470856
33.2718009949
27.6750431061
34.8621444702
33.8105545044
34.5356750488
36.0961761475
34.2495536804
33.8782577515
36.3862419128
36.4012374878
36.0168838501
32.9206428528
37.5019035339
32.7741279602
31.5995826721
31.0823974609
37.1435699463
34.4944572449
32.2128067017
37.1651573181
36.587474823
33.435508728
37.8085441589
38.9494514465
42.688709259
45.5333747864
35.8878364563
35.0538749695
33.9684867859
28.931016922
27.0010509491
22.3415985107
28.1278572083
25.5755348206
23.7255439758
25.8109149933
33.3207931519
29.5440101624
34.2112197876
24.3944587708
26.6842975616
29.8044433594
30.4049701691
45.4370651245
39.6321029663
41.9652862549
42.1723823547
39.7840957642
38.958694458
37.218952179
39.5124092102
35.7162857056
32.4176673889
34.1134872437
35.5281562805
36.3152999878
36.6562652588
36.9009132385
39.8078689575
39.4910812378
40.7654304504
42.1358299255
45.1935348511
42.264667511
41.7903366089
46.698551178
49.7067184448
48.4070205688
51.9239349365
46.1117324829
50.506526947
44.013633728
45.748008728
40.3091239929
40.2350883484
36.6644821167
39.1141929626
34.0854568481
33.1968688965
31.4081439972
29.4389228821
29.5116291046
31.8637065887
32.524936676
33.1554794312
32.3922615051
32.666179657
38.364490509
34.3206520081
36.648235321
41.7631225586
43.8110160828
47.848274231
43.3864059448
44.2289848328
39.7116851807
42.0446510315
40.0908470154
36.7332000732
37.1852760315
38.7640075684
35.8506736755
38.3830184937
40.543182373
37.6893539429
44.7742462158
41.6033248901
40.0569801331
40.6412162781
37.2356529236
42.4588432312
38.8887557983
39.6986427307
37.5257492065
41.8041725159
42.355670929
37.43699646
40.9485359192
40.7277526855
43.4498748779
42.5241012573
45.4763183594
46.2108573914
45.0866317749
46.1310882568
43.7675704956
43.3165893555
40.7348709106
38.5178108215
44.3288879395
42.7219161987
39.3997535706
41.5184288025
40.1679916382
41.3763961792
36.8352241516
47.0823364258
35.9834594727
31.8555316925
36.7979736328
37.6912269592
38.6544075012
39.69090271
37.453742981
39.0849723816
37.7595062256
35.2882194519
35.9653396606
30.7402915955
31.9582958221
33.42162323
29.8366603851
31.0054893494
24.9917678833
30.8283100128
30.1646614075
30.2086677551
35.2602119446
35.0934028625
36.2646217346
39.1875190735
40.2609100342
42.5433120728
46.4570655823
47.9576263428
54.3101043701
53.640537262
58.5772705078
58.4394264221
61.0079307556
53.7075538635
50.544921875
46.7151679993
47.0096359253
41.7631530762
40.9688110352
45.1985816956
35.5976791382
34.4021949768
30.3549194336
30.3876819611
25.2798423767
26.2684860229
22.3578357697
30.1177825928
33.8780097961
14.819185257
18.4377193451
20.0597915649
24.4384670258
24.0246715546
20.2652244568
22.7756996155
19.9201011658
16.6021003723
19.7255172729
20.3534145355
16.719461441
17.5740642548
21.3596477509
20.4875526428
18.2668228149
21.0852127075
23.2969551086
22.7437667847
22.4516162872
24.9368839264
28.5298156738
27.0633983612
29.4204750061
27.9924030304
25.1659183502
24.1434688568
24.3483448029
28.3001861572
25.3396224976
23.2711849213
25.4801712036
20.3539104462
21.7265110016
26.8284053802
24.5950393677
21.7472057343
25.062789917
25.7190971375
21.9500389099
20.6887302399
24.2307662964
25.870634079
29.7791881561
25.1893787384
25.6678142548
21.2583808899
19.6767597198
16.1837234497
16.8348636627
15.1133146286
15.9418954849
18.7565536499
21.652256012
24.9665718079
25.6015872955
27.4535484314
26.6883850098
22.7795085907
23.8390769958
22.2381534576
18.6769447327
19.1921539307
20.5461044312
17.2396831512
14.8654317856
17.8602256775
19.0080337524
14.5081596375
15.7966661453
20.1525497437
18.956489563
18.0073261261
21.0291805267
22.7448596954
21.2180194855
25.2822990417
24.6487216949
28.9698600769
28.9647769928
32.8994026184
38.5663337708
37.1661262512
36.1657676697
34.9112434387
34.1258659363
31.3004398346
28.244178772
31.3315315247
27.5772323608
30.9041671753
32.3677406311
34.2466964722
39.3136100769
41.4813575745
32.7852706909
36.4054222107
42.0608634949
41.1846580505
39.8877906799
41.3957519531
38.821434021
36.9078369141
35.3247718811
32.8710289001
35.6967849731
35.7738304138
38.0704689026
38.7689170837
41.3331260681
38.8764266968
46.305606842
45.8934326172
45.8645133972
44.5820732117
38.7229728699
36.0758171082
37.6612892151
33.2812423706
41.003036499
31.9163150787
39.027759552
37.0550384521
37.2821655273
30.9385147095
36.8384780884
34.1976585388
35.033241272
36.8932647705
34.7947006226
35.1282424927
38.530670166
38.4939308167
39.1582336426
36.6958084106
40.4751091003
37.5611000061
37.2037086487
36.6210746765
42.2935752869
40.4590339661
39.0511245728
42.8807067871
42.6142730713
40.7660255432
44.5196113586
45.1857719421
49.3291320801
52.6315422058
43.8298683167
43.3745079041
41.9245185852
37.895362854
34.7816696167
32.0801048279
35.6830711365
29.5440101624
32.1639633179
26.4982414246
28.0109272003
33.0416755676
34.846824646
28.1540222168
29.3587818146
29.9680252075
33.0169181824
46.4239501953
41.4975814819
43.8914985657
43.2121047974
40.56665802
39.5744438171
37.2984771729
41.1795501709
38.9790077209
36.6019020081
38.436164856
38.948184967
38.7445716858
41.3576164246
41.3388366699
43.0374450684
43.4268569946
45.5405158997
46.2699775696
48.4780654907
46.8230705261
46.9567985535
50.9527511597
53.898059845
53.1538505554
57.027015686
51.6347846985
55.6684570312
49.1748161316
51.4184074402
45.8578529358
46.3910369873
42.5231285095
45.5055503845
40.0081329346
40.4544792175
37.8530654907
37.5030593872
36.151725769
39.3605995178
41.1769485474
40.743598938
40.3027763367
39.2109947205
44.2085189819
39.6873664856
41.8956604004
46.9897994995
48.5054321289
52.6190452576
48.7355613708
48.9806060791
44.5962638855
47.3665466309
45.9401741028
43.503326416
44.6108627319
46.7293968201
44.6581382751
47.0297546387
49.6493873596
46.797164917
53.3175544739
50.1188964844
49.0269699097
50.1699562073
46.7716217041
51.3957214355
47.8229598999
48.034526825
45.5778579712
49.2540359497
49.3643875122
44.4473838806
46.9700317383
47.1597671509
48.6310958862
47.7881278992
49.8894615173
50.5276985168
48.9769630432
48.9186325073
46.9039001465
47.1158828735
44.3963890076
40.6712722778
47.2062149048
46.4928474426
42.6597328186
43.7780380249
43.6567993164
45.3300132751
40.2010612488
49.9502449036
40.3792953491
35.6752738953
39.6806564331
41.4332733154
42.9718017578
43.0995903015
40.8587532043
43.2915000916
42.4512863159
39.6456184387
40.1154632568
35.4149169922
35.6594924927
37.5537528992
35.5420227051
37.2982406616
33.4079818726
37.6067504883
37.843170166
36.3114776611
42.2011489868
41.5329933167
43.2862319946
45.585067749
46.9868049622
48.7445678711
52.6299362183
53.8300361633
59.7117652893
59.4677124023
63.5992431641
63.9513473511
66.4541320801
59.8657226562
56.8486557007
53.2678337097
53.7647438049
48.6250839233
48.2216033936
52.109992981
43.2389144897
41.4872932434
38.3806266785
37.1399993896
33.5505371094
32.3772354126
31.2230529785
37.4722366333
40.2798423767
23.0253734589
23.8385486603
27.3224430084
31.3386802673
32.5500793457
29.5302715302
33.0846290588
30.5322246552
27.4696865082
30.6489696503
31.986497879
28.9824676514
29.8921661377
32.9632873535
32.6390342712
30.5725097656
32.9707489014
35.1186599731
34.4883346558
33.8801651001
36.178276062
39.4130363464
38.4393424988
40.6207199097
39.3710708618
36.836101532
35.8115692139
35.8258323669
39.0757064819
36.4123382568
34.0740318298
35.2906494141
30.9501361847
33.0332717896
37.2559127808
34.5395965576
32.2722091675
36.0455169678
36.1552314758
32.6928367615
32.2977828979
35.3916091919
36.5203742981
39.7364425659
35.0244827271
34.2254219055
31.2065792084
28.7065143585
26.1810779572
23.850982666
21.9712047577
19.2705860138
20.4930820465
21.1467609406
23.8819065094
24.9767036438
27.8360118866
26.9723644257
23.4934844971
26.7212181091
27.2630271912
23.7473106384
23.0077533722
26.3257083893
25.2887630463
22.8388786316
24.9779167175
28.01521492
26.3183498383
26.0989189148
29.3719444275
30.1998291016
29.2696285248
30.7000293732
33.3331108093
32.4647903442
35.8858413696
35.1326332092
39.0399093628
38.2878189087
41.6397857666
38.8313827515
39.3301048279
38.2956085205
42.1871299744
43.1318092346
44.8365325928
43.2068443298
49.9228477478
49.9574699402
49.5105667114
53.9406585693
55.3883514404
58.669719696
61.2200813293
55.2623519897
55.4639625549
62.680519104
62.6085624695
60.1608200073
61.497543335
60.49792099
56.9257164001
56.9476737976
51.6070137024
52.7830276489
50.3381080627
48.6489067078
47.6900863647
47.3073501587
48.49766922
65.583152771
65.4773635864
64.5886077881
63.3963661194
57.6743431091
54.3699264526
52.3893547058
48.8971595764
51.3418807983
42.8866462708
44.3384246826
42.6461448669
48.2334709167
41.3057823181
49.7645378113
48.4725914001
46.7530899048
47.5133628845
42.7950363159
41.9996414185
39.5196685791
42.1221961975
44.1961174011
33.1593894958
37.7641448975
37.544303894
37.7308235168
32.937286377
34.9392280579
32.2528381348
31.6574668884
30.7795009613
27.2911109924
27.1101264954
29.7493877411
24.682926178
30.2827892303
36.6041603088
28.9898757935
32.4544677734
34.5045928955
37.1044273376
36.7698936462
38.391544342
46.7677612305
46.1117477417
49.5328369141
49.4670333862
49.9092979431
53.9167671204
51.6347885132
51.353515625
44.8432884216
42.5044250488
43.4196166992
43.2252922058
42.856502533
36.571598053
36.3485298157
39.5330352783
42.9351463318
43.4436645508
45.3211288452
44.4101295471
42.8998184204
38.0483283997
38.158531189
37.3247070312
36.5404815674
34.2074279785
31.5232410431
31.9542789459
31.0361232758
29.1220474243
27.2333221436
30.8911743164
28.0250892639
22.2772445679
26.550283432
27.0867347717
23.9512062073
27.3305454254
25.3560466766
23.0751934052
30.4476070404
28.2432861328
31.1645145416
32.7578697205
40.7093925476
40.0251922607
41.109413147
43.40625
44.4112319946
47.829284668
49.4759292603
49.1891326904
46.6747169495
42.43227005
43.352230072
42.8290367126
41.6010169983
39.1334609985
42.5953521729
44.3337287903
48.3391799927
47.2795181274
51.0146636963
47.7279968262
51.2909431458
46.8993034363
47.9840583801
44.7333450317
45.1016311646
43.017742157
42.5012321472
45.1130561829
37.4378967285
43.7469406128
35.7851600647
38.5319747925
42.5463829041
39.8818626404
45.5518875122
43.4018745422
41.0163497925
41.5067481995
44.1245727539
44.4195022583
38.4755401611
39.4069671631
35.8607330322
38.5948753357
31.6972064972
35.4997444153
31.5513439178
32.0469207764
34.7192687988
33.8823318481
34.3613624573
36.5662841797
37.3588409424
41.1697311401
40.5105743408
40.7251739502
43.3764648438
40.4954566956
47.0027961731
44.311580658
54.3664245605
43.191783905
43.2516365051
47.9360580444
47.771572113
51.4961662292
53.8907279968
51.3036804199
52.8789672852
53.8108062744
54.1635627747
55.7094116211
46.9584350586
50.2528114319
54.8389472961
52.1082954407
48.7640724182
43.7364120483
44.1089782715
39.3744125366
34.2559623718
36.756603241
31.0086708069
28.6660842896
26.8032474518
23.5055141449
22.3611125946
23.0470924377
22.9156398773
28.326259613
29.012840271
32.552318573
33.2932128906
38.6038589478
30.0351219177
27.3667411804
24.2763977051
28.3987884521
24.4851760864
28.4261436462
37.5255622864
32.6968154907
34.4642791748
34.6064109802
37.6450843811
38.211479187
42.4387893677
42.695766449
51.5798530579
57.2336540222
44.8826904297
47.6234283447
50.120464325
51.0297088623
49.0395393372
44.9024810791
44.9853858948
41.5146522522
42.7416191101
45.3678131104
42.2396888733
39.7070617676
42.3877334595
44.8874664307
39.8973312378
40.02551651
43.3848609924
42.0066070557
39.0185585022
41.4449653625
44.5854034424
42.5640640259
43.4607467651
42.8106384277
43.2108268738
40.3037414551
41.8350563049
37.9358100891
40.5677986145
43.7754936218
40.7036590576
39.9209098816
37.318523407
37.6559867859
37.7940483093
34.2379646301
33.2065238953
34.4584465027
30.6599197388
31.6786060333
34.8120117188
34.0098114014
31.7390098572
29.8708381653
28.5494346619
28.0428180695
30.9121894836
31.7470111847
35.3575630188
35.6266937256
39.341758728
40.9205245972
44.1612472534
47.514591217
49.0219306946
51.6445846558
54.6237182617
54.6401290894
50.9465408325
52.5314826965
52.4353523254
48.9754562378
47.6900138855
49.2781639099
47.4351119995
44.1430931091
44.5384407043
46.21301651
42.2478103638
40.7432060242
42.5914535522
43.0369033813
38.7730331421
38.8391838074
39.5739860535
36.4829483032
35.6015625
32.1526222229
31.4466781616
28.127576828
25.0853347778
53.4729881287
51.5652542114
51.6114425659
52.1062507629
51.8301849365
51.3114280701
47.5985946655
52.0682373047
48.7377929688
49.8211631775
52.4913330078
51.6157264709
54.0618972778
56.621887207
51.5605812073
53.971321106
57.5200080872
58.5133743286
58.4107894897
60.5836334229
59.8961868286
58.1159477234
57.4797935486
55.1020965576
57.8640213013
56.7174530029
58.6800117493
57.8548469543
60.2658081055
59.764755249
67.8574829102
67.9061203003
67.1048202515
65.6826019287
61.1692237854
58.1982154846
58.9231109619
55.2181167603
60.2939949036
52.3592720032
56.0966339111
54.5601005554
56.7591285706
50.1892585754
55.0762710571
53.396938324
53.2672195435
54.0213928223
49.9334754944
47.6672210693
50.3742752075
52.8866386414
52.8986358643
47.1945724487
52.6122245789
51.9140396118
50.5200614929
47.4737739563
52.2182159424
51.974697113
48.9916419983
50.2792243958
51.1907920837
50.0513458252
50.7829933167
50.6605377197
55.8962860107
58.1759185791
51.3558273315
49.6144142151
49.7642707825
47.1205291748
45.8234558105
44.756816864
49.6071090698
47.0823402405
50.4888534546
46.8146247864
44.9846229553
51.3479537964
49.9502563477
51.5995521545
43.9564971924
40.3923797607
43.3823623657
46.5477600098
48.1857185364
42.3401679993
46.7717437744
47.8449363708
46.2877655029
48.8158607483
47.0479393005
48.6685256958
47.2358856201
45.5017662048
42.8995704651
42.9263916016
46.3345298767
46.8420143127
43.8590240479
46.1760597229
49.2609443665
49.0116767883
47.0029411316
52.1183547974
52.2617950439
50.1135292053
52.9745140076
56.632724762
56.5326499939
59.7121963501
54.3664245605
55.495803833
49.3905754089
50.6450080872
45.4495429993
45.0096855164
41.0046272278
44.4795608521
38.6443901062
41.1419372559
38.2435798645
41.1845626831
38.7989425659
42.8650054932
45.3703575134
41.3639183044
40.1352882385
37.1879959106
39.2399597168
34.8384094238
36.2832107544
38.9375038147
39.1988487244
43.9147071838
40.4222946167
40.2339096069
38.2967033386
42.3138847351
39.0066375732
40.5791282654
41.8098564148
44.0756072998
45.5458755493
46.0284004211
50.9781837463
48.0931854248
54.0922088623
50.3330726624
51.6590843201
54.4052391052
51.9180755615
54.2354507446
49.6004333496
47.8837203979
44.394367218
45.5260162354
46.4099960327
41.4426269531
41.1508255005
43.5609054565
43.4294509888
44.2950401306
47.223072052
46.5173797607
46.2783660889
48.4013442993
44.4889335632
42.8749046326
42.7169685364
37.967540741
40.2167892456
40.9924545288
39.5681228638
37.6285247803
35.1640090942
39.9455375671
34.8855056763
31.948179245
33.3207855225
34.1728973389
34.7051506042
39.6518325806
41.6305809021
37.9264984131
39.3161277771
41.5807762146
43.043598175
46.2636909485
37.0074920654
41.5804176331
46.8814125061
43.0556869507
43.0235671997
40.8276977539
42.9482154846
42.2086982727
38.1267242432
44.1305999756
44.6999969482
44.5009117126
47.6672058105
47.1137046814
50.8187332153
53.5512542725
56.5735321045
61.090007782
61.7047386169
66.2139968872
66.1626815796
67.9579238892
61.650352478
57.6434593201
56.4426689148
55.7400627136
52.4434890747
51.2363357544
55.1862869263
46.8568954468
46.8754959106
44.575340271
43.8663253784
43.1580924988
41.7076187134
43.1981430054
48.5362091064
53.0464286804
41.6230316162
41.5274658203
44.6089286804
41.9325218201
41.8382453918
39.6464118958
41.8194847107
39.6563262939
40.6379966736
43.2291526794
43.0118331909
42.259021759
44.8012199402
45.9678459167
45.2912635803
45.9786949158
48.5668449402
49.0509414673
48.3275299072
50.2415084839
52.0268783569
53.8857345581
51.7272720337
52.1186714172
49.5685920715
47.545753479
46.0515670776
44.874584198
44.6937446594
44.7242431641
41.1296882629
39.0919151306
38.6939506531
41.4385910034
41.7591781616
38.9565696716
39.9478111267
43.5995445251
44.1399497986
42.7476654053
43.9222450256
46.8645782471
46.713306427
48.0398712158
44.3748397827
46.2990760803
44.0722579956
43.2672843933
43.2246742249
41.8732643127
43.418296814
41.9728164673
45.2663764954
46.0176544189
48.1023674011
48.8547325134
51.37266922
48.9816246033
46.9166297913
50.6245269775
49.4570503235
45.8058204651
47.3685493469
49.9225578308
47.1948547363
45.3670539856
48.1502571106
49.8134765625
45.2096939087
46.5345306396
50.3606796265
48.8368721008
47.1808204651
49.6766548157
50.8176689148
47.7906074524
50.2336158752
47.5308227539
49.8197822571
48.7412185669
49.0957374573
47.9948768616
49.310874939
48.4407501221
52.6534194946
54.1612052917
56.3290252686
56.0767631531
62.5098152161
63.0801696777
62.4671783447
66.9457321167
68.7118453979
71.6841201782
73.0454483032
68.939781189
68.5498428345
75.5687026978
76.1093673706
73.1792831421
73.0061645508
72.8488311768
69.0758666992
69.0171508789
63.4294586182
64.3517608643
62.0473327637
58.6738777161
58.2732543945
56.2097244263
58.5939865112
77.2485809326
76.8167572021
74.9164199829
73.8278579712
69.0588912964
66.4031982422
63.1787452698
60.268989563
60.666179657
54.0534744263
54.0444526672
52.4800300598
58.6905860901
53.5756187439
61.1174812317
59.8899269104
58.542388916
58.331489563
54.7693862915
54.1149482727
51.3402786255
52.8424186707
55.1746368408
45.1350822449
48.3683433533
48.5322799683
48.8051528931
44.6916313171
45.8097839355
42.1721496582
42.3571472168
42.2249221802
37.3202934265
36.7846450806
39.93567276
35.2976531982
37.8003540039
44.700668335
37.747631073
42.1280937195
44.5083312988
48.9520111084
48.9193840027
50.5553474426
58.0407867432
58.5772628784
62.0785865784
62.5469512939
63.831577301
66.4029922485
63.5992507935
62.1160469055
57.6399726868
56.437877655
56.5289001465
55.1190986633
54.4577636719
49.8777770996
48.7131309509
51.5247879028
55.8109817505
56.0307617188
58.2470169067
56.0330619812
55.90965271
50.3018531799
51.2588844299
50.830997467
48.8318099976
46.8450088501
44.7077941895
44.7915420532
43.2441139221
41.5780296326
39.6487236023
41.5874481201
38.9563522339
34.5725440979
36.8957633972
35.2375869751
31.8703613281
33.4696083069
32.552318573
34.215927124
35.243106842
41.519493103
40.4191894531
43.3481369019
45.1192169189
52.7602767944
52.8356895447
53.2047767639
56.4840278625
57.0813751221
61.7036247253
62.0589065552
61.1637306213
58.982963562
54.5294418335
56.2963142395
54.638420105
54.8961830139
52.565032959
54.4090576172
56.8450508118
59.4446563721
59.3782501221
63.2379493713
59.7812576294
63.2773933411
59.2900466919
60.9394187927
57.0140571594
56.2670516968
53.3805351257
52.4886512756
53.8824768066
46.2533836365
50.742275238
42.832611084
46.0279579163
49.7112083435
47.7418479919
53.5023651123
53.0080413818
50.7866401672
52.5473861694
54.7179832458
55.7329864502
49.7844581604
51.2969818115
47.3221855164
50.5511779785
43.2206382751
47.093460083
42.8770027161
44.2360916138
46.1928672791
46.321395874
47.2713813782
50.0241737366
50.7903366089
53.8449745178
52.925945282
53.4914321899
56.3733329773
53.223526001
59.0307846069
57.5261688232
66.2139892578
56.9105300903
57.2357215881
61.6145629883
61.0191040039
64.3480148315
66.3907852173
65.0470275879
66.2099456787
66.7083969116
67.4137420654
68.990562439
60.4078674316
63.5813980103
67.5514068604
65.5454406738
61.7380523682
57.0125236511
56.8757667542
52.1162071228
47.8514442444
49.0419044495
43.3515090942
40.6981658936
38.8884315491
34.4174461365
33.3609657288
30.7737731934
27.7001628876
27.8072776794
24.7803897858
24.6439590454
34.0663757324
26.944065094
29.2947940826
27.077501297
34.0130462646
33.6219062805
37.583026886
46.9460601807
43.5250511169
46.2686767578
46.0616722107
50.26197052
50.5095863342
55.0168380737
55.1188583374
62.9760551453
68.307510376
59.2465133667
62.3694610596
64.6046295166
65.7202529907
63.2380218506
59.0430755615
58.3922462463
55.0735092163
56.5989189148
58.887424469
55.1073112488
52.733253479
55.2034454346
57.5558433533
51.8466644287
52.1510162354
55.2520256042
53.1420631409
49.8545532227
52.4325904846
55.5105552673
51.9283752441
53.7487487793
52.384349823
53.7211112976
51.1241645813
53.4672241211
49.1632804871
51.7300682068
55.9719085693
53.4465637207
52.8410568237
50.573890686
50.0909118652
49.5869255066
46.8122673035
45.8075065613
45.5724143982
41.3792800903
43.4798927307
46.4876060486
44.282875061
41.6264801025
38.4585571289
39.5016593933
38.8348388672
42.7069129944
44.2551612854
48.2355613708
49.167350769
52.9163742065
55.0586013794
58.1111907959
61.8498687744
63.2306785583
66.1039123535
69.0788650513
69.497253418
65.5759048462
66.6822509766
66.6755981445
63.3419532776
61.6648406982
62.8902587891
61.1956977844
57.8385353088
57.6934623718
59.0663223267
55.3780555725
53.4613342285
54.5110473633
55.1866874695
50.6819229126
50.0781288147
50.1962432861
47.4147491455
45.1404571533
42.1583328247
39.7646598816
36.852897644
32.780380249
33.7018890381
33.7808036804
34.3862342834
37.8740959167
39.746963501
41.7030830383
41.4048156738
47.62159729
47.9910163879
48.1687889099
52.728931427
53.9283447266
57.8812217712
59.3286628723
53.7157020569
55.305519104
61.9186782837
61.0060157776
59.0302238464
59.5610771179
59.1375274658
55.0144309998
54.387676239
49.3492889404
51.1766891479
48.7246131897
47.4324111938
46.7416496277
46.5427055359
47.2326927185
63.8683815002
63.22315979
61.7841377258
60.086265564
55.1195755005
50.910900116
49.1913108826
45.3383331299
47.9198417664
39.6545372009
41.0963821411
40.4645729065
46.0958366394
40.2337799072
47.8905220032
47.1823158264
46.587677002
46.8816337585
43.3648719788
41.7044830322
40.7157859802
42.5198898315
43.0370292664
33.5604438782
39.3392829895
36.9161911011
35.7219352722
31.4382019043
34.8031272888
31.2516956329
28.755771637
29.7589702606
27.4525585175
24.0525779724
25.8054656982
24.4350795746
28.1367549896
30.4691181183
23.4919834137
24.5430049896
28.3994617462
30.8275661469
32.1423416138
32.5828666687
41.7153663635
40.9688072205
45.0992240906
45.3721046448
45.9772796631
50.3865509033
48.2216033936
47.8019332886
40.9271736145
39.5891151428
41.9708213806
40.6940155029
45.312538147
38.7123718262
39.5533638
42.6520767212
44.2953910828
44.8205528259
45.5564842224
43.9062805176
41.4244918823
36.0718460083
35.9662361145
36.8057518005
37.3556251526
33.4105033875
31.420425415
34.8101272583
33.6332588196
30.5426254272
30.7833423615
35.8981971741
32.022228241
27.7305259705
33.4739685059
35.4179039001
31.666431427
33.9936943054
28.4261398315
30.750743866
26.8521842957
29.463136673
27.068813324
27.3529319763
28.9753379822
35.1298675537
35.0027198792
34.4833526611
37.70860672
37.6850547791
41.809879303
42.7529525757
41.6719856262
39.7730484009
35.3486289978
37.444606781
37.3510246277
37.0013198853
35.3622283936
38.24451828
41.0752639771
44.2203559875
42.5321846008
46.3245124817
42.811542511
45.6876869202
41.2322921753
41.6161346436
37.8040466309
37.3581695557
34.6014785767
33.8841056824
35.8304443359
28.1372127533
34.4471626282
26.9093265533
28.8656902313
33.0208854675
30.6455802917
36.1400909424
34.2836151123
32.3221626282
33.5741577148
36.710483551
38.167427063
31.9026241302
34.4574737549
30.3602809906
35.4736175537
30.2313327789
35.1311798096
33.0410919189
34.9311637878
38.1648712158
36.970123291
35.7428588867
37.0047950745
38.111907959
41.2514801025
39.0790634155
39.1967811584
42.5890197754
38.7181930542
43.5035858154
41.4575271606
51.2363319397
39.4653892517
39.628036499
44.72996521
43.9907073975
46.7769317627
49.4243812561
47.3926582336
48.1364746094
48.5012550354
48.9720420837
50.8088302612
42.0519218445
45.748500824
49.8359260559
46.5422935486
43.1881370544
37.5672264099
38.6246871948
33.299079895
30.0564670563
31.0041427612
26.7128601074
22.9645709991
23.6465892792
19.5554885864
22.5825157166
25.4283447266
26.7842445374
32.8854598999
32.7687263489
37.5830154419
36.6863899231
40.7050437927
31.4938831329
28.4022388458
25.0471439362
24.8676967621
22.0854358673
30.4490280151
25.0996437073
29.2233257294
28.1339302063
33.0122108459
32.7431755066
37.6597595215
37.0514945984
45.7191505432
51.5263137817
39.933757782
42.969833374
44.8266448975
45.1658287048
42.4213829041
38.4021339417
37.5389251709
34.3295326233
36.3354949951
38.4220085144
34.6455688477
32.7682533264
35.5328712463
37.5157928467
32.2667732239
33.2800102234
36.4768295288
34.5761222839
31.7093544006
35.0031814575
37.8254890442
35.6825370789
35.870136261
34.7367210388
34.7629356384
31.9585590363
33.5420455933
29.3484115601
31.5501823425
35.4622344971
32.5947189331
31.9079418182
29.8515529633
29.4883060455
28.9433841705
25.9168930054
25.3261547089
25.5723228455
21.9505691528
24.0495624542
27.2135887146
26.2506942749
23.7602233887
21.5810031891
21.0735454559
23.667552948
25.1584663391
27.3669281006
30.763217926
32.4196777344
35.9529685974
37.9021339417
41.6175079346
45.2667732239
47.5199317932
49.6661949158
52.3650360107
51.96068573
48.0447654724
49.3933906555
48.3297157288
44.8319511414
44.3726005554
45.5358123779
42.8570213318
39.9602584839
40.8613739014
41.6593475342
36.7691993713
36.1461524963
38.3570404053
37.3460731506
33.3076705933
34.4048194885
34.1020240784
30.2301597595
29.3384780884
25.4219703674
24.3215065002
21.9269485474
18.329492569
26.1246032715
24.3898468018
27.1017189026
28.1105861664
30.2784671783
30.7221374512
30.144197464
35.4359169006
34.6169929504
35.9460411072
39.8855400085
40.8943328857
45.4847335815
46.9113769531
39.3407211304
43.1756591797
48.7651748657
47.1196479797
46.2629356384
48.5412940979
46.7652816772
43.352596283
41.713180542
37.8300323486
40.7896118164
38.9176940918
40.0396347046
39.3326454163
41.1540145874
39.8306617737
52.8162918091
52.2121276855
51.3848800659
49.0859336853
43.7294273376
38.2444496155
38.6956787109
33.7160720825
39.5635185242
29.4061260223
33.7415771484
33.7870674133
38.1826934814
31.1915988922
38.2213897705
37.7463340759
38.0339546204
39.1714172363
35.5195999146
33.4592056274
35.1480178833
36.8569793701
36.2441329956
29.0899181366
35.8100204468
31.733297348
29.5732288361
26.3144435883
32.3819770813
29.6957359314
25.2239494324
29.3292884827
28.6687393188
24.4861793518
27.0354290009
27.9115028381
32.7225189209
34.8271636963
24.5731678009
21.5955181122
23.4667758942
19.7699871063
21.7676696777
18.0880565643
29.0226669312
24.595041275
30.706735611
28.9497680664
28.7636260986
37.1945762634
34.5395851135
36.7366256714
26.2043647766
25.1605014801
30.1002883911
30.2399940491
39.7770423889
32.5941123962
35.6784553528
37.4199790955
36.3330574036
37.5441169739
36.5866127014
36.6266899109
32.2601242065
28.001871109
27.145822525
28.800037384
31.8962497711
29.197057724
27.3973007202
31.9871234894
32.5564804077
31.0127162933
30.9150161743
37.0277557373
33.9871902466
30.5782775879
36.1261787415
39.8271026611
37.6995315552
40.7047615051
34.2379608154
37.0122718811
30.4914093018
31.5845298767
26.2793960571
24.5771541595
21.9146976471
24.7125377655
20.9174423218
17.5609607697
19.2615509033
16.8977565765
19.9403266907
21.5915699005
20.2891998291
18.9890499115
15.193069458
18.3273506165
22.6810379028
21.1220226288
22.5782241821
25.7878131866
29.1132736206
33.2261543274
28.1155986786
30.6708374023
26.957660675
29.3968086243
23.835105896
21.7763137817
19.4092292786
19.2513599396
15.788646698
17.343208313
20.8912525177
17.0082015991
25.7905483246
21.2836856842
21.0144710541
23.6965579987
19.7079524994
24.1073532104
18.8687820435
19.3107566833
17.3153095245
22.2419338226
25.5002326965
18.6549816132
23.6913890839
23.0103416443
28.7417526245
27.3848838806
32.8803710938
32.1722679138
32.8768310547
36.6133651733
33.0423622131
31.0777797699
30.7653942108
29.7867088318
33.2469177246
31.2691783905
29.9618759155
32.7431182861
28.1421146393
31.771987915
28.0017299652
38.9565620422
23.6270771027
23.3078975677
28.6813907623
27.6468467712
29.7825107574
32.8005943298
29.6877498627
29.5686416626
29.5727138519
29.8592529297
33.0933570862
23.0980014801
28.320142746
32.5100975037
26.1390171051
24.9758205414
17.2353210449
22.6055545807
17.5457115173
18.1043548584
21.3539772034
22.3670253754
20.4249382019
25.3497505188
23.5362987518
28.7346858978
31.8024406433
34.8140335083
41.1323356628
40.660484314
46.8122596741
45.9846878052
49.277671814
39.9024734497
35.6431503296
32.9885520935
32.223815918
28.4258308411
25.9168949127
32.3688735962
20.2044944763
23.1112747192
17.6007652283
22.0340003967
18.1973400116
21.9244823456
19.7140674591
28.7246704102
35.7600708008
19.6888523102
22.2227573395
23.5871009827
21.9993534088
18.7113838196
14.877623558
13.6765899658
10.4472322464
14.0096721649
15.8475513458
12.158241272
11.9329967499
15.4562797546
16.6132946014
13.0674638748
15.7525558472
19.0378684998
18.0652389526
16.6816005707
20.7735557556
23.0061664581
24.1421127319
21.1155796051
20.8052978516
17.5776863098
14.4153499603
13.343911171
10.194483757
10.8412790298
13.1420621872
8.47103595734
7.27615261078
6.14762115479
6.655128479
6.4341044426
5.14608192444
7.56924772263
9.68400287628
9.45053195953
10.6288471222
13.7729902267
13.5378684998
15.5286035538
12.4877185822
18.2801132202
14.4033937454
16.3581428528
16.79413414
19.089050293
21.156671524
22.1503314972
26.404756546
29.3188724518
32.5968551636
33.5402603149
35.8393592834
34.0571403503
30.4245567322
32.4966392517
29.9134998322
25.9968357086
27.7448139191
29.0696792603
24.822227478
22.8993015289
25.7088375092
25.824760437
18.8767414093
21.0599269867
25.1932888031
21.4818572998
19.0377960205
22.9398899078
22.396194458
17.49634552
19.8132896423
16.1268882751
18.320268631
18.5056285858
19.3018360138
18.9719219208
20.025100708
23.2717170715
26.0401287079
29.4970016479
31.2762393951
32.8936920166
38.4606399536
39.6686553955
40.2095069885
44.6186943054
46.6768302917
51.4309539795
52.3360519409
45.3245391846
48.0443687439
54.9219818115
52.5432243347
50.536403656
51.7021636963
50.2116622925
45.8051986694
44.4539222717
39.38230896
41.2112693787
38.8804359436
37.675327301
37.3172492981
37.1501121521
36.3607177734
53.6962203979
52.7410049438
51.5341339111
49.3732910156
44.1003227234
38.6987915039
37.4152145386
33.102394104
36.3368644714
27.5179138184
29.775812149
30.907989502
36.7099647522
31.2695541382
39.2354698181
39.0623779297
38.9542961121
40.0169448853
37.1755485535
36.1921730042
35.6846046448
36.4733657837
36.5548553467
28.9109210968
34.2699775696
29.2066059113
27.9499073029
25.1052532196
29.6093902588
24.6602649689
21.8718795776
26.5622901917
23.2107963562
17.2608184814
22.8327827454
23.063747406
24.8326816559
27.7357883453
16.2523994446
17.0841732025
20.6771011353
20.8790950775
23.5495586395
21.8647289276
33.019405365
29.7791976929
35.0478630066
35.4065322876
36.6399917603
42.3789100647
39.7364311218
40.5923728943
32.6159439087
32.2415428162
35.6635055542
34.0102806091
43.679599762
37.3759613037
38.3139038086
40.4125938416
40.8404693604
40.6075592041
40.9518508911
39.812297821
35.9338035583
30.8500995636
32.0222625732
33.3340568542
34.0558128357
30.5147686005
29.9309921265
33.7584609985
31.9326858521
30.4289150238
31.7079334259
35.9625434875
31.045003891
28.0688648224
34.2447395325
36.4702453613
32.7040786743
35.0382881165
29.8708438873
33.9447250366
29.3790073395
31.6518878937
27.8464584351
27.9221992493
27.3030014038
31.9993915558
30.5816802979
28.5726642609
31.1901817322
29.1457157135
33.3445930481
33.6805686951
32.1297264099
31.6430282593
27.7473812103
31.0639324188
33.4986000061
32.3229141235
32.3189468384
35.8598594666
39.0639801025
42.4655914307
39.0793571472
42.6009216309
38.2975006104
40.7882575989
36.7527694702
35.0060844421
31.6817760468
30.6726741791
26.16431427
26.2896251678
26.4465007782
19.6627006531
26.7756271362
20.7595005035
19.5052623749
20.094078064
18.3300018311
26.4910736084
25.8771190643
26.1700553894
27.6223812103
31.9857292175
33.7779426575
28.0811080933
32.6061820984
29.4129238129
35.2213630676
31.0103473663
36.15782547
35.2326469421
35.9754295349
38.8830795288
36.9767608643
36.1549301147
35.8576622009
36.4205741882
40.626739502
38.1803474426
37.0109329224
40.7430992126
36.8690452576
39.8299865723
36.9223098755
48.0398826599
35.2189483643
34.3171424866
39.5993804932
38.8817367554
40.9062461853
43.4758224487
41.2527122498
42.1889419556
41.9031562805
41.4182434082
43.063243866
35.1884155273
38.3599510193
41.7947044373
37.6660423279
35.2976989746
28.2273921967
31.5418739319
26.3796100616
25.6036834717
26.9681472778
24.4194107056
22.1280498505
24.4828910828
22.4199981689
25.0005512238
27.6805591583
28.0832576752
34.6628417969
33.1313552856
38.4585494995
37.343208313
41.858379364
31.8964080811
29.7955360413
25.1541099548
26.0283489227
22.6278533936
21.5810050964
29.6781539917
21.2327690125
24.4699897766
21.1742572784
26.8141689301
23.9986743927
29.8248023987
27.1785831451
36.6239242554
42.5022583008
28.2962493896
32.0118255615
32.7719154358
34.2693824768
30.9839286804
26.9849834442
25.1325283051
22.3187980652
23.9710140228
25.156993866
20.7118816376
18.8831310272
20.8005619049
22.7403831482
16.4314575195
17.6098556519
20.3572444916
17.6622486115
14.3634157181
18.2332801819
21.0792942047
18.1782474518
18.601316452
17.339422226
18.3359699249
15.1694812775
18.0077781677
13.5481719971
18.0434093475
21.5400161743
20.0230026245
21.2898693085
18.2999973297
16.0099143982
16.9493999481
15.5286035538
13.3408546448
10.664399147
6.7007856369
9.80307674408
11.4328374863
8.18663024902
5.47468566895
7.12502384186
12.2180643082
11.8968763351
15.9180021286
18.4274139404
22.2305812836
24.7732181549
27.6860218048
31.0287761688
35.1256980896
37.8131408691
39.5786018372
41.7837524414
41.6075210571
37.426486969
37.7553977966
36.0829467773
33.0395317078
32.7011833191
32.939037323
29.9383869171
27.5538635254
28.1557922363
27.7657146454
22.9209804535
22.506444931
24.1438961029
22.0835075378
18.2179069519
19.7527885437
17.8871078491
13.7123470306
11.8537025452
8.35358047485
6.11210536957
7.05786752701
7.77788114548
