17.3994083405
13.0560474396
13.044470787
8.82152462006
11.5856046677
11.3001842499
14.4323778152
17.0830097198
19.8485908508
19.3548469543
23.6938495636
22.8275032043
27.3035297394
27.3448638916
25.8200721741
23.5319538116
20.4729862213
17.125951767
14.5915184021
11.860789299
10.7258558273
7.46981096268
11.0063343048
9.44042301178
12.8119468689
12.6550474167
13.3281507492
12.3755054474
8.33257389069
10.5754146576
10.6878614426
7.21169137955
4.70275259018
5.23927402496
7.00149154663
10.4520998001
15.9531946182
17.3936767578
20.2091941833
23.0270786285
24.419883728
22.7477607727
19.5971469879
16.1906795502
15.8615589142
11.4089365005
11.6269378662
8.22606563568
6.86132669449
5.99429178238
9.67662811279
13.2841777802
14.1371946335
11.7084388733
12.1331319809
10.6927804947
11.1493883133
12.5661668777
15.1308612823
20.2505874634
19.403881073
16.0798416138
17.7897567749
19.4146137238
19.3550186157
13.9314575195
12.8057174683
8.63677501678
9.83092975616
9.18032455444
11.9254589081
13.2485570908
15.4185590744
13.6954631805
10.8810834885
9.47165679932
6.79746007919
10.5531234741
10.2205810547
14.9891557693
16.3955726624
24.1803665161
26.0196170807
24.0114459991
20.3514537811
21.764087677
18.0629673004
15.8150691986
13.1187019348
12.0299158096
6.57518434525
6.06533718109
6.20410776138
8.27069282532
12.7701978683
10.9680376053
13.9549379349
16.7438583374
18.0661067963
12.03465271
9.68079280853
10.970331192
10.7180967331
15.6399898529
14.2343711853
14.3179540634
18.9636554718
18.5432472229
22.9057769775
24.3707141876
28.1556243896
30.9415931702
31.8339576721
32.492641449
32.7782325745
36.5579147339
37.5404129028
37.795085907
41.1918525696
43.1609687805
45.0317192078
48.4229202271
47.9868507385
52.2124328613
53.8832740784
56.0622138977
59.829624176
59.719203949
57.3762054443
57.2074012756
53.850692749
55.8298110962
56.5967597961
53.2095375061
51.9494094849
49.3922271729
48.2357597351
45.8691253662
43.2647666931
42.3633918762
38.935749054
39.9251022339
38.5127792358
34.0062561035
30.3173847198
28.8587379456
27.7421188354
28.4509735107
32.6654891968
33.7891464233
37.370300293
39.0959510803
43.125415802
45.0765914917
41.5599327087
43.0016555786
45.3844985962
45.2713890076
42.5559654236
44.6656227112
43.2142944336
40.6109390259
39.6769676208
35.7343559265
36.6211471558
32.0155677795
30.9021034241
32.5607147217
30.6061897278
35.846572876
36.3770751953
35.2007102966
32.5151672363
34.3474464417
31.1263637543
35.9789352417
36.196975708
39.1534614563
39.9981193542
42.5709342957
45.2190132141
47.4114608765
50.7325973511
53.956653595
57.3614501953
58.1090888977
55.6336326599
58.9487953186
59.288936615
58.6674194336
54.2456970215
52.4673881531
48.8670692444
47.0115776062
43.4666633606
42.0967559814
39.1782531738
36.6072463989
33.4630355835
32.3060722351
30.6088657379
34.5872764587
36.0496292114
38.1565818787
41.1524085999
42.8002815247
45.9994621277
47.5288124084
51.4858093262
50.1539344788
53.7346382141
55.7952384949
58.7252311707
25.6245212555
29.1692619324
26.4179992676
22.7793312073
20.4799919128
21.0645599365
16.3529872894
17.7975387573
16.6374874115
15.6380281448
15.6370792389
16.4839496613
16.7355613708
19.1954460144
17.6245212555
19.591966629
18.8641319275
19.0828762054
16.5593776703
20.1510829926
16.3007450104
18.9499111176
19.8260555267
24.2685203552
25.3564529419
26.9621715546
28.7259426117
30.8066196442
31.407125473
27.4574794769
30.4809741974
29.8685493469
25.5284538269
22.6370258331
20.209186554
17.4387016296
14.9451398849
10.4398851395
6.28567552567
4.77292871475
3.92442750931
5.65094852448
5.29403114319
6.00474691391
8.57741928101
8.54327487946
14.5344944
12.3405609131
16.0708503723
19.6134681702
22.8915901184
26.0977058411
31.9337501526
30.8817577362
28.5008907318
26.9892787933
23.2232589722
21.2716178894
19.3949184418
16.5045547485
18.8617973328
12.9039163589
13.3747310638
19.9747619629
19.7719364166
16.3715381622
16.8550701141
19.9919071198
19.6508293152
23.080116272
25.7111358643
27.8090515137
31.6678276062
32.1716346741
29.1249828339
27.9920864105
24.559720993
21.3600082397
21.9564704895
15.9226455688
19.1225738525
14.8505582809
14.0483264923
11.6727380753
9.09733390808
9.18546295166
7.08636474609
5.72175550461
6.82882404327
9.3736114502
10.5227308273
15.6898193359
16.6326580048
20.5905990601
22.7494869232
27.3661251068
27.9069404602
30.6505279541
35.1396522522
37.1188735962
21.9299430847
20.7746505737
15.2348947525
15.4017972946
16.1791305542
12.8117294312
11.9975070953
10.0042638779
10.3054618835
11.5369310379
12.6580057144
15.899020195
18.8665332794
20.1645450592
22.4746360779
23.4452857971
24.2144641876
25.4801082611
25.150970459
26.7590045929
28.8096981049
29.267332077
32.4888305664
31.3171577454
35.3885993958
37.0683364868
38.3143844604
42.0841255188
41.1881256104
39.5662002563
39.0254631042
36.3750076294
39.0430679321
40.0374984741
37.010848999
35.2699050903
32.60597229
32.3553886414
29.916683197
27.8181743622
25.6421871185
23.5465011597
23.5092124939
23.1481208801
19.7744560242
18.189868927
18.1771392822
15.6636667252
18.1467170715
20.5140972137
22.9784011841
24.4874153137
27.8258190155
30.1343536377
34.2981529236
32.4258384705
32.7350234985
33.7841949463
32.8071632385
30.9005050659
31.4707298279
28.6045036316
26.692522049
24.1836223602
21.1499843597
19.8588733673
15.2475357056
14.1595249176
14.5313749313
13.1339359283
18.0979290009
18.7564334869
19.0506191254
17.4369068146
19.0057487488
15.6761169434
18.8304710388
20.086971283
22.2794895172
24.7094192505
26.6008434296
30.1643486023
32.1011390686
35.9199714661
39.2897987366
41.7271003723
43.4618721008
40.9684677124
43.7701797485
45.3223800659
45.2642440796
41.5244827271
38.9311523438
35.8886032104
34.5824356079
30.2735729218
30.8232917786
27.1251277924
26.5320472717
23.5236644745
25.7067947388
23.155462265
26.1260700226
28.9534454346
28.2026672363
31.2952041626
30.8939113617
34.621131897
33.7275123596
37.9604530334
35.5281105042
38.7015724182
40.0265846252
41.7422065735
21.234790802
27.8825092316
23.4454650879
25.5717945099
21.8886909485
24.5301151276
24.7068767548
26.9825820923
29.753528595
32.3144493103
30.6188793182
34.7070121765
32.504776001
36.3941688538
35.4258651733
32.5690803528
31.0172252655
27.6867542267
26.1327018738
22.9403133392
22.7322444916
22.4148788452
19.9311542511
22.2009277344
20.0456905365
23.4455890656
21.6460971832
20.1859703064
16.7982311249
14.5337953568
11.699136734
13.5661010742
15.3134288788
12.1293926239
14.1371946335
14.7481231689
18.1467418671
21.429485321
25.7001018524
28.8354263306
30.8817539215
34.1286087036
35.2793235779
32.6311149597
29.5173835754
26.2217178345
24.144411087
17.5427093506
19.2014751434
15.0161046982
11.5017499924
9.2328119278
5.84864664078
5.77182579041
6.62927675247
5.82783317566
9.43310642242
11.0085000992
14.347325325
17.9478988647
21.2351608276
24.1628837585
21.2622432709
18.3048610687
21.3446273804
24.0058803558
18.8283786774
17.0737285614
14.0957736969
14.4837236404
13.0002584457
16.917137146
14.8090467453
19.3434562683
20.5085716248
18.2976932526
18.4303531647
16.8225307465
18.9698982239
19.2351799011
21.3531684875
23.8069534302
31.0970478058
34.7365455627
32.1764221191
29.0344657898
32.2220611572
29.2788200378
28.0544013977
24.5996723175
24.9143028259
20.0502357483
18.4445304871
16.9977149963
16.0790348053
20.1557502747
17.4967746735
17.0668258667
17.4870872498
13.0134458542
21.8099098206
21.2338485718
23.3329372406
24.4299507141
29.408323288
27.8187923431
27.1859931946
31.4256668091
29.8253154755
34.1021537781
34.1188316345
38.2443580627
40.3745155334
42.0771102905
43.0047607422
44.1257858276
48.1357574463
49.5837554932
50.2995834351
53.4081535339
55.8254432678
57.3427047729
61.0875358582
60.712978363
64.9921112061
66.7568283081
68.5926132202
72.3811798096
71.8113250732
69.8169708252
69.2945861816
66.1406478882
68.3265228271
69.3525466919
66.0770568848
64.8040008545
62.251865387
61.3639183044
58.898853302
56.2864837646
54.8143424988
51.5790061951
51.7598381042
50.1822166443
46.2951393127
41.8969268799
41.0433769226
40.4694786072
41.6411590576
45.8489341736
47.3523979187
50.8318939209
52.7940711975
56.7120285034
58.8692016602
55.4123878479
56.8467292786
59.1602325439
58.9013061523
56.1125450134
58.0353927612
56.4138832092
53.9933547974
52.6635971069
48.980796814
49.3090438843
44.6058158875
43.2605895996
44.253742218
41.6387481689
46.7225570679
46.2056159973
45.2471084595
43.0971832275
45.5062522888
43.0353050232
48.0216293335
48.8711280823
51.8129463196
53.1462516785
55.610244751
58.4978866577
60.5542564392
64.0731887817
67.3057937622
70.5620574951
71.549446106
69.1011734009
72.3261947632
72.8812484741
72.3478851318
67.9753265381
66.0655288696
62.5258560181
60.6057281494
56.897983551
55.667098999
52.4477882385
49.9642219543
46.2551841736
45.4213027954
43.1927185059
46.9055404663
48.6482505798
50.8402061462
54.3073654175
55.9128341675
59.3274650574
60.6590614319
64.8443145752
63.4663276672
66.8500595093
68.9280166626
71.4524688721
37.8537139893
26.150428772
22.0851097107
23.2022266388
19.2247982025
20.7729969025
20.8834705353
22.290430069
25.0838890076
27.6281223297
25.6362171173
29.7167167664
27.4200973511
31.3026390076
30.7960357666
27.7113227844
25.9113292694
22.393951416
20.9579772949
17.2848682404
17.8306465149
17.5572967529
15.8076210022
18.0300121307
16.9439086914
20.6888065338
19.6113872528
18.7728214264
15.6984100342
11.6499176025
10.9592370987
13.7870101929
13.9637289047
11.6175031662
11.708439827
13.4931116104
14.8537721634
19.5083122253
23.3189411163
26.6841602325
28.5008907318
31.5033912659
33.3537712097
31.0683727264
28.2751464844
25.2404670715
22.8081016541
17.0117321014
17.0302448273
13.1914539337
9.74480247498
7.28209352493
7.08903932571
8.58512210846
6.62927722931
5.14701318741
6.95824193954
10.8756837845
12.0964403152
17.0263004303
20.7211341858
22.7228679657
19.0076713562
16.5333156586
18.2374191284
20.4605865479
15.0302257538
12.2493715286
9.73363780975
8.80761241913
7.43914318085
11.391462326
10.6565847397
14.4710044861
15.5093336105
14.1178159714
13.5097284317
12.0709400177
13.4707078934
14.7371149063
16.1166934967
19.3538513184
27.4186344147
31.0916805267
29.300951004
25.5430030823
28.6782436371
25.9222602844
24.9496650696
21.1325149536
22.4021778107
17.2804775238
16.90766716
16.2081508636
16.539024353
20.5869827271
17.6245708466
18.7295951843
19.0289611816
15.9637117386
21.9247303009
20.2224788666
21.9530754089
21.7930107117
26.0590763092
24.4034576416
23.2277088165
27.5022678375
25.6090373993
29.8066673279
29.8214626312
33.688167572
35.690662384
37.2070541382
37.8528709412
38.9535140991
43.2933273315
44.762260437
45.7198677063
48.962436676
51.5181045532
53.1860313416
57.1143379211
57.132270813
61.5069770813
63.4761123657
65.5409851074
69.3438491821
69.0868759155
67.209274292
67.0283355713
63.9963378906
66.2367782593
66.9990692139
63.6677627563
62.1307296753
59.3625411987
58.1373634338
55.4450302124
52.6073913574
51.1057128906
47.6301765442
47.7224121094
45.8620414734
42.0571174622
37.2570762634
36.391078949
36.327835083
37.4691238403
41.784614563
43.4530296326
47.1303024292
49.0806465149
53.2053031921
55.1592826843
51.8039741516
53.5459136963
55.940864563
56.0355911255
53.5531272888
55.5827217102
53.8698120117
51.2075576782
50.0818099976
45.9005699158
46.4517631531
41.6398391724
39.8673667908
40.8896598816
38.0229415894
43.0189590454
42.5315666199
41.160243988
38.8254776001
41.2317657471
39.0433921814
44.3717918396
45.2998695374
48.5449676514
49.789276123
52.5617103577
55.5323905945
57.9240531921
61.2408065796
64.584236145
67.7740783691
68.6231842041
65.9109573364
68.9812698364
69.3506622314
68.994720459
64.5308685303
62.4685783386
59.1270332336
56.7059440613
53.0093040466
51.5968437195
48.2237358093
45.6140937805
41.5799674988
40.7410316467
38.2702598572
41.8362922668
43.5797843933
45.9810791016
49.6747016907
51.4463005066
54.9108009338
56.4782485962
60.7625923157
59.7112998962
62.9075660706
65.3148345947
67.9158172607
32.7494812012
28.0203552246
23.5520381927
24.6191921234
20.475610733
22.650182724
21.9824485779
23.8808689117
26.4083480835
28.6545715332
26.5873031616
30.4529209137
27.9988689423
31.7154445648
30.5249977112
27.6298542023
26.2116107941
22.9930877686
21.6921672821
19.0035972595
18.9410991669
19.3616733551
17.5603427887
20.6534004211
19.3585681915
23.0757427216
21.9772567749
21.2094326019
18.257106781
14.4848413467
13.389588356
15.336101532
15.4359369278
11.4670209885
12.1331338882
12.2437257767
14.6351852417
18.1648178101
21.6767711639
25.3772659302
26.989282608
30.1983623505
31.680770874
29.0249252319
26.2035045624
23.2661933899
20.4415531158
14.2658843994
15.0359916687
11.1600790024
7.85268592834
6.84795379639
5.39577674866
9.31582546234
5.82783317566
5.14701414108
4.61847162247
7.3363494873
9.61083889008
13.7281856537
17.0929450989
19.8039398193
16.6146507263
13.5860586166
16.3228034973
18.9747638702
13.8753004074
12.3055849075
9.75482082367
10.881108284
10.7526607513
15.2267885208
14.9039783478
18.7718486786
19.3287162781
17.5762825012
16.5250511169
14.1727352142
15.7599115372
14.9993896484
16.7660694122
19.000825882
26.1498718262
29.9541988373
27.5452098846
24.3423347473
27.8075714111
25.1536235809
24.3804225922
20.6695957184
21.9308376312
17.5450325012
16.4868373871
16.151342392
16.0441246033
21.1057529449
18.6320075989
19.1920413971
20.4402580261
17.0863170624
21.5627536774
20.4966163635
21.4742527008
22.2034893036
26.9071216583
24.844865799
23.6880817413
27.5950508118
25.591884613
29.7645778656
29.444108963
33.5987892151
35.6105041504
37.4723472595
38.5465965271
39.92710495
43.8380432129
45.4443893433
46.304309845
49.2376556396
51.8398971558
53.1976051331
57.0991020203
56.8468170166
61.1729049683
63.0662117004
64.8325881958
68.6332092285
68.0309371948
66.2665328979
65.8071060181
62.8522758484
65.2018661499
66.1686859131
62.9278450012
61.4459609985
58.763092041
57.8624572754
55.2423782349
52.5630302429
50.8072967529
47.6233406067
47.4793586731
45.8316421509
42.2027168274
37.6128997803
37.0092124939
36.6386299133
38.0866088867
42.2355041504
44.0716362
47.4421272278
49.6632385254
53.4923934937
55.8985404968
52.6881599426
54.1421966553
56.3301773071
56.110622406
53.5503196716
55.3136329651
53.4230079651
50.9754867554
49.4879226685
45.6673469543
45.7787322998
40.984539032
39.3611984253
40.118434906
37.2559051514
42.2522087097
41.5257301331
40.5458717346
38.5049476624
41.0389213562
38.8308067322
43.8973731995
45.026134491
48.055644989
49.6181373596
52.1556930542
55.2550621033
57.43983078
60.9676170349
64.2933807373
67.3620986938
68.4644851685
65.8710861206
68.9354476929
69.6122512817
69.2679443359
64.9331741333
62.7924079895
59.4223213196
57.2918930054
53.4273948669
52.3684082031
48.8762245178
46.5596809387
42.5331420898
42.1706123352
39.5529441833
43.1157035828
45.1421127319
47.0948295593
50.8274459839
52.249004364
55.8371887207
56.9299583435
61.2723121643
59.8954811096
63.1039161682
65.2593460083
67.581161499
34.2715072632
24.158164978
20.7020359039
19.8147296906
15.6046819687
15.4937868118
14.7083206177
14.8772907257
17.4120635986
19.7110099792
17.4172306061
21.4379806519
19.2297668457
23.2329959869
23.3289337158
20.4491615295
18.2131137848
14.6026477814
12.7994718552
8.97071361542
9.95804691315
10.2981920242
10.2570295334
13.2692909241
14.2352371216
18.0437545776
18.4668998718
19.0285644531
17.3155288696
11.480509758
14.3725919724
16.7702140808
14.2508020401
12.6982498169
9.83093166351
12.158665657
9.8117980957
15.6076812744
18.3693904877
21.6681594849
23.0801105499
25.6091461182
28.2397708893
26.5741653442
24.3560066223
21.9439487457
19.3861637115
15.7201223373
13.4001703262
11.1277551651
9.52895641327
8.80045795441
12.3002901077
15.688668251
14.4837169647
8.80761146545
10.881108284
8.69315242767
12.5219860077
10.7200393677
15.7392663956
19.7915782928
19.7497901917
15.4177179337
15.0752677917
14.7716522217
15.3807582855
10.085021019
6.3913397789
5.08928585052
4.48744678497
7.62497472763
11.2488031387
12.5001726151
11.6880531311
11.5281171799
8.51588535309
6.27927684784
6.00438022614
7.707072258
8.63885211945
12.4054021835
21.2277450562
24.4064102173
23.5959510803
19.2064247131
21.8842430115
19.3982028961
18.8058891296
14.8220376968
17.4260978699
12.9196491241
14.4710865021
15.4429244995
17.3957576752
21.5118980408
18.9831905365
21.7885398865
22.9341983795
22.1813488007
21.4009456635
18.5588264465
18.9037704468
17.1370639801
20.1533126831
18.1876831055
16.2209243774
20.2419242859
18.0825767517
22.1044692993
22.3021068573
25.8354206085
27.8476982117
29.0692024231
29.5007667542
30.5296363831
35.0213012695
36.4888725281
37.6077270508
40.9088249207
43.5648078918
45.3279838562
49.3817062378
49.7369194031
54.1697845459
56.3231277466
58.5737838745
62.367099762
62.4142227173
60.6740531921
60.8442382812
57.9861946106
60.2903823853
60.7757606506
57.4299621582
55.6053657532
52.6317024231
51.1106910706
48.2045860291
45.1845245361
43.6347846985
39.9837226868
40.0117263794
37.9398460388
34.2149620056
29.1516361237
28.2832202911
28.6653423309
29.8526287079
34.1799697876
36.1015739441
39.8436813354
41.8866577148
46.092086792
48.0064201355
44.9026145935
46.8557815552
49.2154083252
49.6109390259
47.533164978
49.5488090515
47.6627388
44.8053398132
43.830581665
39.195854187
39.8996505737
35.0471954346
32.8397827148
33.888343811
30.867773056
35.733379364
35.4331588745
33.6678886414
31.1054477692
33.4233932495
31.4479751587
37.0246200562
38.0238685608
41.5255393982
42.7182121277
45.7596359253
48.8358078003
51.5479545593
54.655632019
58.1022338867
61.1440086365
61.9112625122
58.9453582764
61.8183822632
62.0899658203
61.9499168396
57.4639091492
55.1934127808
52.1006736755
49.2299499512
45.4966087341
44.0444068909
40.4643363953
37.8661994934
33.5113716125
32.9310531616
30.1169948578
33.5335617065
35.4141845703
37.7815551758
41.7038002014
43.475769043
47.0309028625
48.6496543884
53.0335083008
52.2213821411
55.214641571
57.8783531189
60.4972991943
24.5627708435
21.5113525391
18.8648223877
16.9644145966
13.2309761047
11.6721477509
11.1599159241
10.3448677063
12.9804353714
15.5518341064
13.7831258774
18.0353240967
16.6282730103
20.9336471558
22.0390872955
19.7741374969
17.0107650757
13.543132782
10.7705001831
6.47264719009
6.85505437851
6.1263628006
7.33161687851
9.69581794739
12.0411539078
15.3331403732
16.6558837891
17.9939479828
17.3161125183
11.6405143738
15.9140844345
17.8818626404
14.3443126678
14.2893342972
10.5531244278
13.4718198776
9.47390937805
15.3831233978
18.0745162964
20.3766307831
21.9564685822
23.9988498688
26.9132137299
25.9122829437
23.9119281769
21.6949748993
20.0024166107
17.6133213043
14.6917543411
13.3335876465
12.6534433365
12.1069946289
16.207485199
19.2006340027
18.9698963165
13.470705986
15.7599143982
13.4074249268
16.4273700714
14.4935808182
18.6603088379
22.9707431793
21.5947628021
17.3352184296
18.6618213654
17.7011508942
17.042224884
12.3479690552
9.29450511932
8.38932132721
6.00438022614
7.17284345627
7.10377836227
12.0451602936
11.4091033936
9.10128974915
9.8150138855
6.00910663605
4.84630584717
7.37469339371
9.00412464142
12.4211959839
21.2545776367
23.4649429321
23.3456172943
18.6688632965
20.2484741211
17.6359272003
16.7317905426
13.2479248047
15.6539831161
11.416012764
14.1475925446
15.4985790253
18.1373443604
21.2994422913
19.0729541779
22.6811122894
23.8849468231
24.5865325928
20.928024292
17.4710788727
17.6363830566
14.621257782
16.4456806183
14.9077653885
12.9636707306
17.1364688873
15.544716835
19.3935108185
20.4419765472
23.4553337097
25.672372818
26.2552852631
26.2220287323
26.6670303345
31.3851795197
32.5660400391
33.5962219238
37.2085380554
39.6628112793
41.7589035034
45.6864700317
46.2177581787
50.6327629089
52.7979507446
55.3397712708
59.0998687744
59.5169487
57.6146316528
58.0789451599
55.146987915
57.3020591736
57.5637779236
54.1584129333
52.3025169373
49.2886009216
47.4672660828
44.5546722412
41.4440307617
40.2675132751
36.3742523193
36.8413543701
34.6892127991
30.6666088104
25.7420043945
24.4392929077
24.9373950958
25.7159385681
30.1239566803
31.8134937286
35.7801551819
37.5496101379
41.9674034119
43.4940681458
40.324256897
42.4866943359
44.9802780151
45.6551971436
43.7204055786
45.9347457886
44.2193489075
41.184753418
40.5966567993
35.6648864746
36.8444366455
32.1068916321
29.8634319305
31.2963256836
28.5602264404
33.3602142334
33.6110877991
31.5221557617
28.5865840912
30.5494766235
28.3746261597
34.0149688721
34.6534004211
38.283115387
39.082572937
42.3049507141
45.1965713501
48.0824317932
50.9473762512
54.3818244934
57.5111274719
58.0366973877
54.9901504517
57.8662757874
57.8698387146
57.7090301514
53.1470909119
50.9640312195
47.9105415344
44.8438606262
41.2948303223
39.5577812195
36.1569862366
33.3318939209
29.1437263489
28.1159591675
25.5574569702
29.0540771484
30.6274013519
33.3026733398
37.0487976074
39.0795021057
42.472278595
44.4802818298
48.7379798889
48.1760635376
51.1976852417
54.0182876587
56.9345474243
19.9168510437
34.0370025635
31.9338130951
27.6084060669
24.9093589783
23.1726913452
18.6695346832
16.716878891
14.7021455765
12.2174711227
9.87098789215
7.88145685196
6.66367292404
7.25376224518
6.04950761795
9.09153079987
8.722905159
10.8923511505
10.5480318069
15.8684978485
14.679690361
18.323513031
21.4786224365
25.2370929718
28.1201553345
30.1404743195
32.5124435425
34.795124054
35.132019043
29.9364910126
33.9556884766
34.649017334
30.0698127747
28.0451507568
24.3707122803
23.2984924316
18.3611850739
18.0317802429
13.3178596497
15.2801713943
12.6580057144
12.0552768707
16.2943134308
16.7720813751
18.1625289917
19.8182926178
17.3164386749
21.7025089264
17.0759963989
20.7764015198
23.6419849396
26.4329204559
30.2452964783
35.7992668152
34.1188316345
29.8214550018
29.4441127777
25.3183841705
25.5401878357
21.5922317505
20.9399547577
22.4524288177
17.4538135529
16.1886024475
21.0993289948
17.9444580078
13.7091875076
16.2453594208
18.3535518646
20.5334777832
22.3021087646
25.7573928833
26.7264900208
31.9077568054
31.0909881592
28.1496391296
28.7409515381
24.5429515839
22.0448932648
20.4419765472
15.7426233292
15.1390666962
11.1164751053
8.04305839539
5.64738368988
9.3039894104
7.28195810318
6.00470638275
9.04930114746
12.567688942
12.3280010223
17.6559295654
20.6139335632
23.3189506531
27.1764850616
29.9822673798
34.3903770447
33.8953056335
37.3672676086
40.6627578735
41.9068984985
30.3398075104
27.818271637
23.4298248291
21.0865039825
19.8142967224
16.6415252686
13.4087076187
10.1877241135
7.11606884003
5.0511713028
4.85342025757
7.35673761368
9.28190135956
11.8220729828
14.3229827881
16.1630477905
18.4062366486
19.7521514893
21.3459281921
24.7284126282
25.240196228
29.7494029999
30.3601493835
34.770778656
37.3548469543
39.066619873
42.7784004211
42.6446647644
41.9483604431
42.4097938538
40.6354446411
43.5484733582
43.7440719604
40.8135299683
38.1153182983
34.7329025269
33.4259796143
29.9966564178
27.0010433197
23.9079742432
21.0480079651
19.2649784088
17.243598938
15.3447551727
10.3744878769
11.9978218079
13.1080913544
16.3064556122
18.7577991486
22.5883655548
24.5369739532
28.0965251923
30.8712730408
34.4715843201
33.2871017456
34.6457099915
35.7862472534
36.0358657837
35.3916969299
36.0971412659
32.9245986938
30.4288253784
28.5762176514
24.0284500122
23.2021522522
18.7286128998
15.0461168289
14.3315029144
10.168264389
14.1159057617
13.4694690704
11.5125398636
9.31690406799
12.1871557236
11.8657484055
17.0693149567
19.7312316895
23.2239246368
25.7503948212
28.7253398895
32.6848678589
35.6962776184
38.6801071167
42.3044586182
44.1803207397
45.6133499146
42.2464752197
44.240032196
45.3724784851
46.1039772034
42.2376670837
38.9288825989
36.8655891418
33.6051216125
29.1737117767
29.3499469757
24.5722389221
23.8579711914
18.6314601898
22.0692596436
17.5905742645
19.3828544617
23.1201152802
22.5229969025
27.2333183289
27.0958480835
31.4032707214
30.892457962
35.8055725098
34.5703773499
36.6643676758
39.2377052307
40.691192627
15.4840631485
46.7095108032
46.828704834
41.4856491089
41.3428611755
38.8844947815
35.5066719055
33.4366264343
30.1706981659
26.8595066071
28.4123840332
24.6359996796
27.770904541
26.0048484802
27.6141338348
31.9719314575
31.7955799103
34.4102478027
33.4918365479
37.8271446228
35.8524055481
37.6347389221
40.5077095032
42.4307136536
45.4820709229
45.5343055725
48.6636581421
51.6912612915
53.5848274231
49.7391395569
54.3003044128
54.0760879517
48.9320526123
48.5265731812
45.0317344666
44.251247406
39.7375144958
37.7522621155
33.7889823914
31.4366359711
29.2673339844
25.992307663
27.699590683
31.017786026
33.7411460876
36.5633010864
37.3296737671
43.1405982971
39.69480896
43.3552207947
46.3949317932
48.7973022461
52.8824729919
57.900680542
57.3426971436
53.1860351562
53.1975860596
49.2504653931
48.8598136902
45.7175750732
44.2297401428
45.6638641357
39.7073936462
39.8133430481
45.6399383545
42.9213066101
38.5031471252
40.9086074829
42.7516670227
44.0406723022
45.3279838562
47.9267234802
47.561630249
52.6447715759
50.6278381348
46.9853286743
47.707660675
44.2576789856
42.9395866394
41.7589035034
38.7623558044
39.1432495117
35.7718162537
31.7698078156
26.6556186676
29.949010849
30.675365448
26.237159729
28.6472702026
30.135427475
33.1278839111
34.6125488281
39.4016494751
42.0869102478
45.667842865
48.5773010254
50.8958282471
51.6008987427
55.440700531
59.0728759766
62.4522132874
46.2083244324
44.0772743225
39.4979286194
36.8568344116
32.5434761047
31.7808151245
31.0461196899
26.2887439728
27.7831497192
23.7334594727
25.2401924133
21.7047767639
21.9407672882
19.3751239777
19.4743919373
18.1109371185
12.7467832565
11.4560461044
9.79394721985
5.85669517517
5.02383899689
5.59033250809
8.53351020813
12.0012693405
15.2726020813
17.9185390472
20.9801864624
23.0011844635
22.7205162048
25.2989177704
24.8693161011
27.195684433
25.7617607117
23.6612529755
19.9780502319
16.4192199707
13.9125003815
10.2257223129
8.20101642609
6.23096036911
7.23900985718
7.23599386215
8.71129512787
11.6558237076
16.8003387451
17.7060871124
17.7895545959
18.1815700531
14.315530777
16.3429698944
13.4946575165
16.2677745819
15.116768837
19.0140666962
21.6150093079
21.8921089172
20.880525589
21.8969612122
24.3415794373
23.5414390564
20.4057807922
18.9638061523
18.613401413
16.1607513428
15.8458814621
17.1088066101
15.8001651764
15.3766393661
17.6331806183
14.066860199
17.728302002
16.9403991699
16.8171310425
13.6458883286
14.6537866592
10.9126443863
10.9726572037
11.3013591766
12.0086174011
13.9414234161
16.6671466827
20.0833587646
20.7208461761
23.8152065277
24.0328025818
25.1411437988
21.1629676819
21.5737934113
22.8460884094
24.771314621
22.1590518951
17.9117107391
18.4076271057
14.7981901169
11.4845228195
14.5239372253
11.4915037155
15.1532449722
15.4222269058
20.4561405182
19.4511489868
17.2136611938
19.0688552856
14.0465021133
14.836063385
10.7646389008
13.5556945801
9.03132247925
13.4022226334
12.362074852
12.6119508743
15.555398941
16.914730072
24.3645915985
48.8275184631
49.239402771
43.9288406372
44.1963615417
41.8777809143
38.7115745544
36.9327316284
33.6897850037
30.5370674133
32.5118751526
28.9903392792
32.3415145874
30.835477829
32.4590797424
36.8365287781
36.5682296753
39.0510368347
37.8592071533
42.0411720276
39.7722625732
41.2943840027
43.9242515564
45.6567802429
48.5194511414
48.2549171448
51.384967804
54.4604797363
56.5892601013
53.0864753723
57.6016769409
57.1311531067
51.9867744446
51.7653846741
48.4229240417
47.6024169922
43.3425636292
41.0098495483
37.3249473572
34.4026908875
32.4888267517
29.1341819763
30.2798156738
33.804107666
36.5033950806
39.3493347168
40.6670303345
46.5587997437
43.4156532288
47.0139694214
50.0777168274
52.4307479858
56.4906616211
61.4114189148
61.0875358582
57.1143264771
57.0991020203
53.2121391296
52.6082382202
49.726940155
48.0516967773
49.5835609436
43.515625
43.7952690125
49.8222732544
47.3498191833
42.917301178
45.1378250122
47.0217208862
48.027885437
49.3817024231
51.8081550598
51.3896980286
56.3150787354
54.2901306152
50.5638885498
51.1214141846
47.8611793518
46.6281433105
45.6864776611
42.7617721558
43.5229644775
40.1321029663
36.2731208801
31.0290374756
33.9564170837
34.8471374512
30.205450058
32.3265953064
33.455291748
36.7858886719
37.6068305969
42.5916786194
45.1184272766
48.5822067261
51.4112243652
53.3614311218
54.3259162903
58.1099014282
61.8484458923
65.6076278687
48.5835609436
46.6564826965
42.1277046204
39.6609268188
35.2268486023
34.7961921692
34.5084037781
29.8496189117
31.7860336304
27.912733078
29.7493991852
26.4290161133
26.8601570129
24.2941474915
24.2857818604
22.5348968506
17.3833675385
15.6144123077
13.3428707123
10.0440168381
7.14315986633
5.59033107758
5.10507583618
7.4499373436
10.706861496
13.80768013
16.6191043854
19.3675460815
18.8141746521
21.9182510376
21.6612091064
23.6093196869
21.7815208435
19.9645767212
16.2711486816
12.9938192368
10.353395462
7.40713071823
7.08698892593
7.36755037308
9.76178073883
11.3359088898
13.4485549927
15.5288639069
21.2363910675
21.7083263397
21.168340683
21.0265274048
16.7173557281
17.6488323212
13.9144573212
15.8397083282
13.2653484344
17.0355300903
20.4711647034
20.1290397644
18.4425430298
19.3621387482
22.4019527435
21.1632766724
18.357126236
17.5139713287
17.6518192291
16.4456996918
16.3284683228
18.8656158447
18.5866832733
18.5375595093
21.5464038849
18.0710544586
21.928565979
21.60987854
21.5291748047
18.3235473633
18.6163959503
14.0738811493
12.9754486084
11.8547029495
11.520201683
12.3349809647
14.0325088501
17.095954895
16.9711742401
19.719203949
19.5093669891
20.5319728851
16.5647735596
16.6331043243
18.0881786346
20.2061729431
18.1130619049
13.8073396683
15.0692033768
12.3284063339
10.1175546646
13.902305603
12.5448036194
16.6272926331
18.4937648773
22.7860507965
22.765504837
20.6090354919
21.6852397919
16.7099628448
15.8680181503
11.4053535461
12.6423816681
6.78547048569
9.83631706238
8.24347019196
7.99106645584
10.5392198563
12.2623786926
27.9860935211
46.6311798096
47.2582931519
42.2941131592
43.2482910156
41.7133674622
38.8580436707
38.196521759
35.218006134
32.6061515808
35.3688430786
32.8364562988
36.4446868896
36.0561523438
37.3709793091
41.6727218628
41.0795440674
43.0077171326
40.9527816772
44.750164032
41.5414085388
42.5744438171
44.3629112244
46.0292816162
48.1213493347
47.3473243713
50.2482681274
53.2731513977
55.7479057312
53.0816001892
57.2114753723
56.082950592
51.1119842529
51.0157089233
48.2357673645
47.1271705627
43.7865715027
40.4815940857
37.6726036072
33.505115509
32.3553924561
29.108001709
28.9267292023
32.6827850342
35.0352935791
37.7370491028
40.346496582
46.1730651855
43.9598693848
47.2847976685
50.3681564331
52.639995575
56.4621124268
61.1686630249
61.3639183044
58.1373596191
57.8624610901
54.2142562866
52.9400939941
50.9089202881
48.7304573059
50.6361694336
44.4532470703
45.0959396362
51.5494232178
49.9793739319
45.656162262
47.1599807739
49.2375640869
49.3567390442
51.1106910706
53.1122055054
52.9466323853
57.2897071838
55.6906433105
51.8490829468
51.6972084045
48.8861351013
47.5845108032
47.4672584534
44.3571891785
46.3384742737
42.8179779053
39.6915283203
34.3413734436
36.0298538208
37.1321411133
32.1691017151
33.361869812
33.5632820129
37.5897598267
36.7517738342
42.1370429993
44.0454025269
47.1886711121
49.6778373718
51.0036773682
52.5703315735
56.0092124939
60.112449646
64.5370330811
45.9538116455
44.686706543
40.2601394653
38.5449409485
34.4532928467
34.4858627319
35.2499771118
31.02825737
33.8966941833
30.7943992615
33.4259757996
31.1571750641
32.5112304688
30.2780208588
30.5770320892
28.4915599823
24.1888504028
22.2633037567
19.1314220428
17.5184745789
14.2250814438
13.9125051498
10.3533964157
6.89711952209
6.97627019882
6.7960152626
10.3261299133
13.3807106018
15.8898143768
12.7929039001
15.6296796799
13.754981041
14.9306135178
13.149518013
10.6893014908
7.58431243896
4.78590774536
4.35072517395
7.69374465942
11.1627092361
13.6003036499
17.2827453613
20.0156993866
19.7017917633
25.9803352356
25.5703430176
23.2366447449
22.4986286163
18.2679100037
17.4453697205
12.8328256607
13.6841964722
9.00447177887
13.7681751251
17.0207443237
14.8128042221
12.0447397232
11.2793569565
14.3717832565
12.1297330856
9.72724151611
10.3378810883
11.0485649109
12.8141689301
13.0252199173
17.3246364594
19.2595729828
20.2139282227
24.4636592865
22.3271102905
26.6824855804
27.1503696442
26.6843700409
23.742389679
21.990272522
16.9127674103
13.9902210236
10.7226219177
8.64023113251
6.40122938156
5.46476268768
7.46962976456
7.4509305954
10.4410161972
11.3018455505
12.6788291931
9.48595142365
11.6997728348
13.8878564835
14.5490598679
12.5592002869
9.42340278625
9.14591121674
11.0007753372
9.95867729187
14.0759210587
15.0076351166
18.5935192108
22.3099956512
25.1015052795
26.455581665
25.6990737915
26.079914093
21.904586792
19.5480957031
15.9283237457
15.8445005417
11.5529069901
11.6055049896
6.98112392426
10.3013906479
9.02457332611
12.4020385742
31.2385692596
45.097328186
45.5733451843
40.4654846191
41.1465072632
39.3887290955
36.3695259094
35.4018211365
32.327999115
29.5404014587
32.1129074097
29.3526363373
32.9297676086
32.363368988
33.7612953186
38.0776901245
37.5185012817
39.5515327454
37.664478302
41.5819244385
38.5825881958
39.7811508179
41.8172264099
43.573348999
45.8959693909
45.3270874023
48.3012390137
51.3448448181
53.6851196289
50.7191429138
54.9710083008
54.0532608032
49.0085716248
48.8388900757
45.8691368103
44.8393974304
41.2000465393
38.178188324
35.1186141968
31.2860031128
29.916683197
26.6116065979
26.904335022
30.6409091949
33.0806045532
35.8146018982
38.0368385315
43.8807029724
41.3648071289
44.7745246887
47.8595619202
50.1647224426
54.0740394592
58.8674354553
58.8988609314
55.4450340271
55.2423782349
51.515460968
50.4446105957
48.1650733948
46.1573562622
48.0224838257
41.8433609009
42.3288002014
48.697719574
46.8885955811
42.5246582031
44.1695671082
46.1944084167
46.54429245
48.2045860291
50.3395195007
50.13854599
54.6623802185
52.9792327881
49.1599311829
49.1888542175
46.2126464844
44.8908004761
44.5546607971
41.4495429993
43.1398010254
39.6404418945
36.4182548523
31.0801906586
33.0956687927
34.0616378784
29.1211948395
30.5403499603
30.9970531464
34.8590660095
34.5198440552
39.8230247498
41.9392967224
45.2160339355
47.8333511353
49.4237098694
50.7771339417
54.3417320251
58.3491744995
62.5323143005
44.4277801514
42.920211792
38.4130592346
36.4371414185
32.2438850403
32.0794410706
32.5239944458
28.1276550293
30.7850456238
27.4786949158
29.9966583252
27.521188736
28.7756175995
26.464849472
26.7386703491
24.7364616394
20.3217487335
18.4498977661
15.3880615234
13.6324472427
10.5169582367
10.2257223129
7.40712785721
4.63052606583
7.01919078827
8.55459403992
12.0371017456
15.4159231186
17.6971530914
15.3856782913
18.0363502502
16.4120922089
18.1128883362
16.5961227417
14.0595035553
10.7083759308
7.23016834259
4.35072517395
4.03588914871
7.46964645386
9.78771209717
13.5117864609
16.1488838196
16.0098247528
22.2871379852
22.0372371674
20.0193099976
19.4908695221
15.1557569504
14.9775543213
10.4118480682
12.1569738388
8.31371307373
13.6467666626
16.6254577637
15.1972284317
13.1043653488
12.9760904312
15.7057189941
14.0840911865
11.1317129135
10.704079628
10.9922199249
11.1529521942
11.3521089554
15.0416889191
16.3194160461
17.1625919342
21.1937656403
18.9173355103
23.338722229
23.5420837402
23.0039710999
19.9982337952
18.4856052399
13.4903211594
10.739440918
8.01048755646
6.25044441223
5.64783096313
6.9629240036
10.1084003448
10.8143901825
14.0678462982
14.9727973938
16.2470207214
12.7095785141
14.4915790558
16.3088188171
17.3041496277
14.7692680359
11.0584039688
10.6069278717
10.3292293549
7.81415987015
12.2176132202
11.9933490753
15.8414363861
18.9537467957
22.3039226532
23.1667842865
22.2454357147
22.9683246613
18.567735672
16.8745231628
12.9944810867
13.7952871323
9.16821861267
10.861158371
6.78002929688
9.97533798218
10.3403110504
13.4047698975
28.0036582947
42.8486976624
43.2939300537
38.0767860413
38.6074028015
36.5999107361
33.5667724609
32.3105583191
29.178937912
26.3079891205
28.826997757
25.9666576385
29.6224746704
29.0472621918
30.6995639801
34.9455070496
34.2855949402
36.3022880554
34.456489563
38.3422393799
35.5122451782
36.7272949219
38.9505348206
40.6567687988
43.1761245728
42.7122879028
45.7586669922
48.8244934082
51.0969047546
47.9504241943
52.3250083923
51.5836143494
46.4873085022
46.4001846313
43.2647666931
42.4273490906
38.5220870972
35.8722839355
32.8070640564
29.2088470459
27.8181724548
24.5367774963
25.3378372192
29.0366363525
31.4008197784
34.0063476562
35.9747009277
41.6768951416
38.9044952393
42.2878837585
45.301410675
47.5361213684
51.5431213379
56.2945289612
56.2864952087
52.6073951721
52.5630226135
48.8174934387
47.991645813
45.5518226624
43.8306007385
45.8074645996
39.6603355408
39.8666305542
46.1503372192
44.1535453796
39.7763442993
41.3597679138
43.2255706787
43.7032585144
45.1845321655
47.3459968567
47.0231208801
51.6575622559
49.848197937
46.0454216003
46.2384643555
43.1905784607
41.945400238
41.4440231323
38.5311737061
40.0252342224
36.6725845337
33.7122383118
28.4665088654
30.7774906158
31.4052429199
26.4603042603
27.9239063263
28.4724788666
32.167427063
32.1670074463
37.2685508728
39.6028060913
42.922580719
45.6643104553
47.3348236084
48.4954109192
52.1963653564
56.0437355042
60.0992851257
42.5017356873
40.7404975891
36.3038024902
34.0028076172
29.6425189972
29.4275436401
29.6601238251
25.2361125946
27.7976226807
24.4013347626
27.0010490417
24.3812675476
25.6634750366
23.1736984253
23.2750015259
21.1627998352
16.9170703888
14.9577989578
11.8699083328
10.5195865631
7.63593053818
8.20101547241
7.08698797226
6.13095998764
9.74046802521
11.889172554
15.3459558487
18.7431144714
20.9315395355
18.9412403107
21.4201335907
19.7329959869
21.5599441528
20.1829624176
17.4921169281
14.2697505951
10.7531032562
7.69374608994
4.03588819504
5.51954603195
6.53557634354
10.8885669708
13.1666955948
12.6654624939
18.8807144165
18.5640220642
16.8323574066
16.289270401
11.9161605835
12.1914958954
7.97013759613
10.359375
8.0289478302
13.0982942581
15.5811481476
14.9621534348
13.6448698044
14.2018928528
16.5485916138
15.716506958
12.7859201431
11.3311624527
11.665017128
9.9371547699
10.7146835327
13.3593835831
13.9086313248
14.9668598175
18.6945457458
16.6526565552
21.2021636963
20.9398937225
20.0606250763
17.0043830872
15.4879322052
11.0284700394
8.18712615967
6.82023429871
5.18805456161
6.90748357773
9.1481218338
12.847536087
13.7836885452
17.1814002991
18.4534473419
19.3765296936
15.6326055527
17.4150104523
18.6177577972
19.6219387054
16.4953422546
12.6869335175
11.8413667679
9.81474494934
6.09090137482
10.1666660309
8.86244678497
12.7532453537
15.4379673004
19.0663566589
19.6475353241
18.6878261566
19.5833396912
15.1637372971
14.0108995438
10.203458786
11.8701295853
7.91220331192
10.9711408615
8.08884429932
11.2368202209
12.8908576965
16.0448360443
24.5241317749
40.3284072876
40.3552284241
35.050945282
34.9901542664
32.7619667053
29.3805713654
27.7016944885
24.4790000916
21.3237361908
23.3462352753
20.1413707733
23.6306056976
22.8546676636
24.5210952759
28.7573032379
28.1552009583
30.3130493164
28.7444438934
32.8698043823
30.3716640472
31.9573917389
34.5403060913
36.5368003845
39.3421974182
39.3244094849
42.3921737671
45.4107093811
47.3676872253
43.7234191895
48.1925354004
47.7875747681
42.6564407349
42.3118553162
38.9357528687
38.148223877
33.8468856812
31.6521072388
28.1755752563
25.3161182404
23.5465011597
20.3129253387
21.9799175262
25.4416904449
27.8577919006
30.4518928528
31.6699562073
37.3096084595
34.091129303
37.5904464722
40.5972213745
42.9156723022
46.9891242981
51.9019851685
51.5790138245
47.6301689148
47.6233291626
43.7719612122
43.2285003662
40.4244918823
38.9491462708
40.8329467773
34.7809295654
34.7370223999
40.820941925
38.502620697
34.1088981628
35.9078636169
37.7327461243
38.5758171082
39.9837341309
42.3904457092
42.1406173706
47.0193595886
45.213054657
41.4942092896
41.9086952209
38.5733985901
37.1960105896
36.3742637634
33.3289642334
34.3664474487
31.0048961639
27.9171028137
22.7818527222
25.563949585
25.9278907776
21.1264190674
22.9777507782
24.0295658112
27.3284950256
28.2649993896
33.1538467407
35.7425346375
39.2609901428
42.1400413513
44.3447723389
45.1430397034
48.9455795288
52.6622047424
56.2127609253
39.6112937927
37.5399589539
32.9886856079
30.4014434814
26.1566486359
25.4400501251
25.0334339142
20.3568229675
22.4037342072
18.7080059052
21.0480079651
18.2066917419
19.4528446198
16.9528846741
17.2118644714
15.4975681305
11.2995538712
9.8418264389
7.21946144104
6.31858253479
6.14586734772
7.23901033401
9.76178264618
10.3670597076
14.7121648788
17.3769550323
20.2016811371
23.7480735779
25.2624664307
23.9438552856
25.9010810852
24.3399410248
26.6551208496
25.7102050781
22.9454250336
19.710100174
16.056022644
13.6003017426
9.78771114349
6.53557538986
5.03830814362
6.01630401611
7.58015537262
6.82307720184
12.8304176331
12.9347934723
11.8505163193
12.1525402069
8.26616668701
10.686009407
8.30761432648
12.0895404816
12.3585414886
16.8082084656
18.0867328644
18.4821109772
18.1809997559
18.9052238464
20.3648014069
20.1495876312
16.9276695251
14.7751493454
14.2204036713
10.4689283371
10.7407207489
11.0326280594
9.74199104309
10.4691705704
13.3503551483
11.5564508438
16.0767822266
15.2153177261
13.9797296524
10.9712352753
9.72432136536
6.30968952179
5.08569717407
6.95747518539
7.76658058167
10.9421720505
14.350019455
18.0404663086
19.6923561096
23.2119693756
24.5736293793
25.6301994324
21.8887329102
23.5197486877
24.592294693
25.6759586334
22.2594642639
18.4975948334
17.3738136292
14.1242933273
9.66427135468
11.9814310074
7.92711734772
11.0073413849
11.1842718124
16.0470924377
15.1676836014
14.2860860825
16.2969074249
11.8795585632
13.0789108276
9.97389602661
13.5710201263
10.9079608917
15.4328231812
13.7486934662
16.0200576782
18.4811153412
20.837934494
19.6687355042
35.173538208
34.4458847046
29.3042850494
27.9812736511
25.1818809509
21.4623126984
18.6240367889
15.514336586
12.0324888229
12.3471097946
8.31562995911
11.45291996
10.7231063843
13.2687692642
16.9348831177
15.9444046021
18.1085453033
17.0665130615
21.4214382172
19.9730358124
22.2112846375
25.6034851074
27.9535236359
31.3564682007
32.2808227539
35.2782020569
38.0800094604
39.33253479
34.758102417
39.3920478821
39.7988624573
34.7795448303
34.1853713989
30.3173904419
30.0421447754
24.8592281342
24.4323730469
20.8097686768
20.1228656769
18.189868927
16.0138950348
19.736246109
21.9404563904
23.6948127747
25.5288982391
24.9839458466
29.6356430054
25.4104537964
28.7540721893
31.4218578339
33.6056900024
37.8117904663
42.7125282288
41.8969230652
37.2570724487
37.6129074097
33.6993370056
34.0940513611
30.5798950195
30.2278251648
32.2556610107
26.826385498
25.6436462402
30.9313011169
27.8692989349
23.6276035309
25.348985672
26.6468887329
28.265996933
29.1516304016
31.9224262238
31.6293888092
36.9298477173
35.038898468
31.6122093201
32.6009140015
28.7960243225
27.3554286957
25.7420082092
22.9733448029
22.8205451965
19.9488754272
17.9812965393
14.0845994949
17.971408844
16.6307640076
12.8376407623
15.0568647385
17.0659599304
18.6613578796
21.9070835114
25.4108505249
28.6083679199
32.2396583557
35.3569717407
38.3640899658
38.2604789734
42.2384262085
45.3641891479
47.8599624634
34.3750572205
31.5766048431
27.4262943268
24.0820846558
20.4299907684
18.7515544891
16.6852092743
12.394036293
12.5161495209
8.52625656128
10.3744897842
7.18638467789
9.01867961884
6.38781166077
6.68216753006
6.50191926956
7.08540725708
8.46127700806
9.7603187561
12.1354827881
15.3452892303
16.8003406525
21.2363891602
22.6918334961
27.1037635803
29.9047756195
32.4148178101
36.0000839233
36.9472694397
36.0170516968
37.4036636353
35.6915969849
38.2522201538
37.7468261719
34.7908439636
31.8097763062
28.2158355713
25.9803409576
22.2871398926
18.8807144165
16.5605812073
12.8304166794
12.151717186
9.49490261078
6.88522434235
4.43755912781
7.44005489349
9.70260238647
10.7146558762
14.8066072464
16.5473632812
19.8515300751
22.7131347656
25.722278595
25.1388664246
26.8614730835
27.9304599762
28.968580246
29.2123165131
30.0541400909
27.1116333008
24.287273407
23.4459495544
18.2106151581
18.5543460846
15.1918344498
11.2517824173
11.5606184006
9.7207069397
11.4723730087
13.4877691269
10.4545307159
6.87590742111
6.82455158234
6.8398270607
11.4523887634
13.1741399765
17.1370449066
18.6333560944
22.2118988037
25.7939357758
29.3983707428
31.5618400574
35.1733322144
36.9856376648
37.8921890259
34.1627845764
35.9261817932
36.5179595947
37.4509391785
33.5198707581
30.0938167572
28.4830760956
24.3811950684
20.1735153198
20.0906734467
15.1460084915
14.6473636627
9.20564842224
14.0092658997
9.62551593781
10.0908041
14.0529813766
12.5097913742
17.3183441162
17.1203536987
21.4592418671
21.3923282623
26.294511795
25.7433395386
27.6541786194
30.8081302643
32.9003639221
10.9808731079
40.1338043213
41.1554756165
36.8421173096
38.696598053
38.001411438
35.9621124268
36.5245513916
34.1456718445
32.5167503357
36.0598144531
34.9559211731
38.7205047607
39.7360343933
41.1063575745
44.8807525635
43.6934204102
44.7159385681
41.6817092896
44.5429458618
40.5225105286
40.6807556152
41.3935279846
42.6336746216
43.7693328857
42.3329429626
44.8748054504
47.745174408
50.609287262
49.0983543396
52.720249176
50.9227790833
46.3310165405
46.7433204651
44.6656227112
43.6426048279
41.4151916504
37.6227874756
36.5281982422
31.1949138641
31.4707317352
28.8725414276
27.626115799
31.229391098
32.5467567444
34.4073562622
38.4724655151
43.4580688477
42.3149414062
44.9045410156
47.6680793762
49.4928474426
53.0046348572
57.0360679626
58.0353965759
55.5827064514
55.3136405945
52.1662406921
50.4612083435
49.5243225098
47.3492584229
50.0205383301
44.0724182129
44.5936088562
51.1551246643
50.5796051025
46.6173973083
46.8245162964
48.6919555664
47.7115936279
49.5488090515
50.8102684021
50.7133789062
54.1808586121
52.9856529236
49.1697120667
48.2732086182
46.2176361084
45.1133384705
45.9347457886
43.2499847412
46.5098724365
43.3827857971
42.0872459412
37.2051506042
37.6626434326
38.2628326416
33.3260917664
33.0688705444
31.925868988
36.28565979
33.4762840271
38.5961074829
39.8351325989
42.2958374023
44.3684501648
44.5968666077
46.7311019897
49.7808570862
53.9721031189
59.1779060364
39.7284584045
39.1063842773
35.3921394348
34.3492393494
30.7943401337
31.6172351837
33.631439209
30.6116409302
34.3522796631
32.5434455872
36.0971412659
35.067653656
37.368888855
35.3537101746
35.6052703857
33.1098213196
30.3846569061
28.4087352753
25.0449485779
25.4141273499
22.4721908569
23.5414447784
21.1632766724
17.8593902588
18.5055866241
17.3308925629
19.839094162
22.2825393677
23.8281517029
19.1168689728
20.2073516846
15.9386558533
15.47960186
15.0063142776
11.6568689346
12.3156032562
12.3043518066
12.1297311783
14.0840883255
15.7165088654
19.6024017334
20.1495876312
24.9634475708
27.2373809814
24.4909973145
30.0541381836
28.5362091064
24.9114704132
23.3410224915
20.4179954529
17.8448200226
14.7225503922
13.9198408127
11.3067522049
14.0200309753
14.3884057999
10.7540664673
8.85560035706
5.19125413895
4.48061800003
4.46484899521
6.14329385757
8.90166187286
12.3231859207
14.4172124863
18.0143089294
21.4883594513
23.8510227203
28.2647228241
28.2659568787
32.762348175
33.227848053
31.903295517
29.4912776947
25.9428825378
22.3206043243
18.4074840546
15.7827825546
12.7484102249
10.6047534943
7.53806972504
6.55439186096
8.36969470978
10.3032426834
14.5196619034
14.7826843262
14.0934028625
18.3128833771
19.1707897186
17.4064826965
14.8056230545
14.8546447754
11.0555858612
15.6618852615
15.3544549942
17.1241283417
19.3160037994
20.9786243439
25.5534667969
26.0916652679
28.7349510193
29.5930213928
29.2358093262
26.6350669861
23.6761188507
21.9134368896
21.4862537384
20.0695819855
19.7276172638
16.2285919189
20.6476421356
19.1969184875
23.1718711853
32.3826217651
34.7505455017
34.9550018311
30.0079154968
30.7715816498
29.5399036407
26.5983333588
26.4597511292
23.72174263
21.5190849304
24.6168766022
23.1190185547
26.7673530579
27.6487617493
28.9605789185
32.7507209778
31.6389503479
32.8694877625
30.1372127533
33.506652832
29.8161678314
30.6496200562
32.0862617493
33.9750862122
35.8002700806
35.1865653992
37.9808654785
40.9444084167
43.2993125916
40.6582260132
44.6683654785
43.5023612976
38.559841156
38.4396476746
35.7343597412
34.6998558044
31.5523300171
28.2501926422
26.21733284
21.6001663208
21.1499881744
18.2438278198
18.2490291595
22.0273113251
23.7371826172
25.9204273224
28.8936710358
34.2246055603
32.1747207642
35.185295105
38.1246604919
40.2462539673
44.0526695251
48.6209831238
48.980796814
45.9005699158
45.6673583984
42.1737518311
40.9080619812
39.2147598267
37.3199386597
39.8616790771
33.7755126953
33.9624519348
40.4761161804
39.3237915039
35.2031707764
35.8240203857
37.7394180298
37.3824577332
39.195854187
40.9869194031
41.0213890076
45.1226882935
43.8522262573
40.0320396423
39.5526046753
36.819065094
35.3993721008
35.6648864746
32.5616188049
35.2078514099
31.9073619843
30.3215274811
25.426530838
26.4588851929
26.7539253235
21.7126274109
21.9495773315
21.4921245575
25.6923923492
24.2791290283
29.6153411865
31.4743099213
34.5880775452
37.1139526367
38.5731964111
40.0360145569
43.5015869141
47.6141433716
51.938419342
33.5235824585
32.1411628723
27.7343082428
25.9671077728
22.158613205
22.0832519531
23.1931018829
19.4007358551
22.7982254028
20.5672931671
24.0284500122
22.9252338409
25.3200550079
23.4355068207
23.9341049194
21.898891449
19.5278434753
18.1029338837
15.1253576279
16.1249294281
14.7639656067
16.1607532501
16.4456958771
14.3647127151
17.7318668365
18.7532539368
21.4577388763
25.0288085938
26.0513496399
23.0055027008
24.0781154633
20.8198642731
22.5050296783
22.2505302429
18.832988739
16.9780826569
14.2710609436
12.8141651154
11.1529521942
9.93715381622
11.7409124374
10.4689292908
15.0345506668
16.6651859283
13.0149259567
18.2106151581
16.8640079498
13.1400852203
12.3601942062
9.59504985809
8.95133876801
6.54503202438
9.28213500977
9.758228302
14.6205854416
14.1985998154
13.2535953522
13.2957258224
12.4775218964
12.0836725235
12.3231868744
9.44632816315
6.72500133514
6.2479224205
5.56195926666
6.96680450439
9.6262960434
12.4961452484
16.5702915192
17.2915306091
21.8002719879
21.7823677063
20.0497131348
17.9064464569
14.0440750122
11.3514461517
7.5195069313
7.04484176636
5.51302719116
7.40882396698
9.87648391724
12.7337799072
15.6822061539
19.1869029999
22.0599994659
23.0294284821
20.3479671478
23.5498008728
24.5889072418
24.2831478119
20.5549316406
18.2249927521
15.033041954
14.8053789139
11.2409887314
12.841583252
11.5957927704
13.0368270874
15.4235925674
17.4730091095
18.4393215179
19.6650104523
20.5646190643
17.802564621
17.2063713074
15.4844999313
17.5082454681
16.1258659363
18.8470516205
15.8938751221
20.0674781799
20.8457279205
24.1769828796
21.7441616058
37.5586662292
37.1974143982
32.3945426941
32.6395225525
31.7683162689
28.2737674713
28.2987766266
25.5585632324
23.1228523254
25.5957965851
23.8168640137
26.945526123
27.4573612213
27.9707565308
31.9959182739
31.3332195282
32.880657196
30.5076198578
34.3900413513
30.7384738922
32.1455116272
33.6304588318
36.1283226013
37.8734512329
37.6637382507
40.305015564
43.1433677673
45.194644928
42.2551040649
46.07472229
44.9380187988
40.0659942627
39.2375831604
36.6211357117
35.0215682983
32.0178871155
28.1888561249
25.3056488037
21.0619544983
19.8588695526
16.7306308746
16.3262710571
20.0957870483
22.3748607635
25.1866588593
27.7387695312
33.6204528809
31.6217956543
34.9937400818
38.2029685974
40.7296409607
44.3616485596
49.3773574829
49.3090591431
46.4517669678
45.7787322998
42.1330184937
40.543384552
38.7063789368
36.2317619324
38.2233581543
32.0731620789
32.8346366882
39.3696937561
38.2606697083
34.1141357422
35.3662643433
37.7581558228
37.6342964172
39.8996582031
42.034740448
42.5371932983
46.7340774536
45.800567627
42.0620689392
41.4928665161
38.4936752319
36.6307945251
36.8444366455
32.9001655579
35.388130188
31.5658893585
28.7782154083
23.6483707428
24.432723999
25.5588970184
20.6769657135
21.4903888702
21.6405353546
25.8225307465
24.9057807922
30.658657074
32.2653617859
35.633846283
38.0214767456
40.1763343811
41.6302375793
44.8692398071
49.2695541382
53.1473884583
34.7263145447
33.6067123413
28.678894043
27.4800777435
24.336730957
23.5703907013
24.2729358673
20.0423030853
22.929857254
20.4576263428
23.2021503448
22.2159099579
24.4005374908
23.0730571747
24.2567367554
23.0125350952
20.0205554962
19.2050094604
16.5727024078
16.4633140564
15.7162389755
15.8458805084
16.3284645081
13.6096963882
16.9500160217
18.0098552704
19.7233581543
23.4329509735
23.5490646362
21.0296783447
21.4924354553
18.6150112152
20.9915084839
21.2211647034
18.0947360992
15.9642553329
13.1918306351
13.0252218246
11.3521099091
10.7146835327
10.6462154388
10.7407217026
13.8100347519
15.9478597641
13.3812875748
18.5543460846
18.0459327698
14.359131813
14.8415699005
12.2587394714
13.034277916
10.4262151718
13.8238210678
13.1692590714
18.7498283386
18.9539470673
17.7098312378
17.0957279205
15.596493721
15.3438177109
14.4172124863
10.5965633392
9.41427993774
6.50531578064
5.56196069717
5.46495056152
8.49905395508
10.1306819916
14.5841989517
14.796046257
19.0184307098
19.7820262909
18.7631511688
16.8307723999
13.3806467056
9.543633461
7.0860285759
5.41411590576
7.04586410522
7.44875907898
11.0451002121
13.0886726379
16.6771717072
20.0921764374
22.2014980316
24.0084457397
21.5339584351
24.3124980927
26.2245559692
26.2484264374
23.1308860779
20.4457817078
17.8370628357
17.9822559357
14.1685533524
16.6951522827
14.6936244965
16.7093772888
17.9391670227
21.051815033
21.0278930664
22.0323810577
23.6665630341
20.3987426758
20.567401886
18.1791667938
20.5992107391
17.9139213562
20.8833999634
17.3454704285
20.9167842865
21.1703910828
23.3685626984
24.0383892059
44.3730964661
42.6668510437
37.9882583618
36.0615615845
34.6027145386
29.9901237488
28.454246521
25.7780590057
22.5509204865
21.7358036041
18.232673645
18.6781482697
16.5005683899
14.730255127
19.2036418915
20.3924179077
23.5260353088
23.7971858978
29.1505851746
27.6211051941
30.9642410278
33.8352012634
37.4602394104
40.1701316833
41.6453475952
44.1683349609
46.6487464905
47.3699645996
42.5629768372
46.4423599243
46.6429748535
41.9462089539
39.6685523987
36.3770713806
34.488697052
30.2856349945
28.048538208
22.2285308838
22.552072525
18.7564315796
16.2665195465
18.6984710693
20.3816604614
23.6082286835
26.9449748993
25.3553295135
31.4693489075
27.7758769989
31.9939785004
35.3548812866
38.5923156738
42.0986099243
48.0430603027
46.2056312561
42.5315666199
41.5257225037
37.3440666199
36.6077728271
32.9146652222
30.6199684143
30.691280365
25.2386264801
26.1190700531
31.2545127869
28.4331378937
24.2379989624
28.2184486389
31.0693531036
33.1389083862
35.4331588745
38.9077987671
39.9719581604
45.0852851868
44.2541046143
41.1303443909
41.5622062683
37.475189209
34.9496803284
33.6110839844
28.5469989777
28.1795539856
23.7309169769
16.8398094177
11.8814287186
15.154964447
17.396522522
14.794713974
18.688041687
21.9478988647
23.6372032166
27.2640094757
31.9266395569
34.084072113
38.1107254028
40.6796989441
44.9887428284
45.1798019409
48.4338569641
52.3696403503
53.9963378906
39.9681968689
38.1277351379
32.8611869812
31.3129043579
29.2622909546
26.601732254
24.4714355469
19.7186012268
18.8368492126
15.1387796402
13.4694690704
11.4617080688
11.0981664658
12.1852521896
15.4485931396
17.82513237
14.9238853455
17.1105518341
17.8264427185
16.1949119568
19.4786567688
17.7283039093
21.9285678864
22.2192764282
26.0370826721
28.7135353088
29.3120765686
32.7554206848
31.9734039307
32.488319397
32.8536148071
32.3307571411
35.7269859314
35.8933067322
33.6659736633
30.4678955078
27.1377696991
26.6824855804
23.338722229
21.2021636963
16.4249534607
16.0767860413
11.6693048477
11.3301153183
13.635184288
13.4877653122
16.4112701416
16.7090358734
20.0023231506
19.3712234497
23.4730052948
22.8196735382
27.0743045807
27.6194400787
32.5531272888
33.146774292
33.504825592
33.2996902466
33.0208740234
33.484172821
32.762348175
28.7818775177
27.3337402344
24.6062660217
21.8002662659
19.0184288025
16.6622676849
13.4931154251
10.03951931
7.65706396103
5.27002763748
4.34248256683
7.12801361084
8.38892650604
11.0447311401
11.1863393784
15.496544838
17.3795700073
21.3178844452
23.1830425262
27.5178928375
30.1031608582
32.8968353271
36.2863082886
36.87059021
39.0704574585
35.7941093445
36.8738975525
39.0398864746
40.4234809875
37.5511436462
33.6614265442
32.6698608398
29.9905834198
25.5223999023
27.6000900269
22.8659267426
24.4254245758
20.6503486633
26.1443042755
22.3468284607
22.1576251984
26.0852718353
22.8519134521
26.7589836121
24.5222492218
28.6906661987
25.6411170959
30.392988205
28.4248657227
29.4552021027
31.2987670898
31.1170902252
23.6757049561
39.9965400696
39.0161437988
33.9362106323
32.5416526794
30.2633171082
26.1580562592
23.8889980316
20.8366508484
17.3496265411
17.3869171143
13.3816652298
15.4356889725
13.6271743774
14.4566650391
18.8611965179
18.8832645416
21.6751613617
21.2254371643
26.1108360291
24.5567073822
27.226896286
30.4118423462
33.2269058228
36.3684959412
37.3859519958
40.2619247437
43.0064544678
44.162109375
39.5490112305
43.9415588379
44.1915588379
39.2176170349
38.0040130615
34.3474388123
33.3733558655
28.5537014008
27.1549739838
22.4840774536
21.8296146393
19.0057525635
16.2747573853
19.4391746521
21.8341598511
24.4011421204
27.0546760559
26.3305110931
31.8536949158
27.8397789001
31.6553001404
34.6930274963
37.34349823
41.3250083923
46.6853485107
45.5062637329
41.2317695618
41.0389251709
36.9662475586
36.8403244019
33.2382164001
31.9908905029
33.2381477356
27.5891056061
27.3363323212
32.7596168518
29.7376708984
25.3755493164
28.1390571594
30.1340026855
31.9383182526
33.4233932495
36.488368988
36.6864738464
41.9538841248
40.4103355408
37.0420761108
37.8126907349
33.8995323181
32.0418548584
30.5494689941
26.8018379211
26.5888595581
22.9498977661
18.6004772186
13.7867021561
17.714925766
17.9962654114
14.1878595352
17.3602714539
19.9090328217
21.8946971893
25.1085643768
29.4039936066
32.1902084351
36.0377578735
38.9666938782
42.4048309326
42.5313415527
46.2625465393
49.7913856506
52.1015167236
37.8551979065
35.4772148132
30.7334690094
28.1193275452
24.8875179291
22.901184082
20.9603939056
16.1079978943
16.0942897797
11.8175029755
12.1871538162
8.69248390198
9.2832326889
7.61484766006
9.53599452972
10.630988121
7.66522455215
9.55761528015
10.5200204849
10.2131443024
13.8266744614
13.6458883286
18.3235454559
19.5480632782
23.828250885
26.7412261963
28.593290329
32.1354370117
32.6015701294
32.3030700684
33.5070495605
32.3801612854
35.2895240784
34.8980369568
32.2641983032
29.0171699524
25.3981971741
23.7423934937
19.9982318878
17.0043830872
13.2930574417
10.9712362289
8.06443500519
5.8575797081
6.84541702271
6.82455253601
9.42378234863
10.6618146896
13.4262599945
12.7775974274
17.0381450653
17.146604538
21.069103241
22.585735321
26.6240081787
26.9407424927
27.9737377167
28.2845153809
28.8290729523
29.4682064056
29.49127388
25.987165451
23.7638130188
22.1512489319
17.9064502716
16.8307685852
14.1669187546
10.2477693558
8.62272262573
7.06881952286
6.29473543167
8.38892459869
5.86134910583
4.08836841583
5.89712667465
8.06171512604
11.4536399841
14.6740980148
17.3569469452
20.3139839172
24.319355011
27.6482963562
29.935842514
33.4865913391
34.6477546692
36.0910987854
32.425743103
33.7652359009
35.051322937
36.3203468323
32.9071311951
29.1118888855
27.98097229
24.3476676941
19.9416255951
21.1490383148
16.1632080078
17.1790752411
12.9579925537
18.5526599884
14.7608890533
14.2856912613
18.1818790436
15.118024826
19.3647003174
17.7463665009
22.1042785645
20.2994651794
25.2732067108
24.1271457672
25.5037326813
28.2313365936
29.3626003265
16.8987827301
