54.4425468445
75.0441131592
50.1734275818
67.3920059204
65.74974823
20.1243686676
22.591047287
20.2767105103
22.9975624084
23.1163883209
25.3879528046
23.8580493927
23.3098373413
45.459526062
85.8044509888
67.5782012939
73.6788635254
67.8171386719
61.7821273804
62.5074386597
47.5501365662
82.9813995361
49.4321517944
42.4556770325
58.7784729004
63.9140396118
54.4425468445
75.0441131592
50.1734275818
67.3920059204
65.74974823
20.1243686676
22.591047287
20.2767105103
22.9975624084
23.1163883209
25.3879528046
23.8580493927
23.3098373413
45.459526062
85.8044509888
67.5782012939
73.6788635254
67.8171386719
61.7821273804
62.5074386597
47.5501365662
82.9813995361
49.4321517944
42.4556770325
58.7784729004
63.9140396118
30.6821994781
16.6379451752
16.4660720825
12.6891078949
26.1444187164
57.9441680908
55.4659194946
56.3183822632
54.0844192505
52.6972351074
54.0145721436
52.499206543
53.9315605164
20.8257160187
34.7178764343
19.1881980896
22.0544433594
24.77942276
20.8772640228
42.2544937134
17.2404232025
28.2571182251
19.5778255463
25.9581813812
30.3039741516
6.09203243256
30.6821994781
16.6379451752
16.4660720825
12.6891078949
26.1444187164
57.9441680908
55.4659194946
56.3183822632
54.0844192505
52.6972351074
54.0145721436
52.499206543
53.9315605164
20.8257160187
34.7178764343
19.1881980896
22.0544433594
24.77942276
20.8772640228
42.2544937134
17.2404232025
28.2571182251
19.5778255463
25.9581813812
30.3039741516
6.09203243256
32.7832794189
18.2645740509
18.8818073273
8.9686756134
20.8005409241
59.9141693115
57.5740966797
59.7973747253
56.0530853271
55.6232681274
56.3103256226
55.7777557373
55.6711807251
22.9790668488
31.0717411041
13.5624103546
25.6261787415
16.5161781311
16.7429103851
35.5970077515
17.0102291107
29.1435756683
24.0781707764
27.2934455872
35.8832435608
9.01746082306
32.7832794189
18.2645740509
18.8818073273
8.9686756134
20.8005409241
59.9141693115
57.5740966797
59.7973747253
56.0530853271
55.6232681274
56.3103256226
55.7777557373
55.6711807251
22.9790668488
31.0717411041
13.5624103546
25.6261787415
16.5161781311
16.7429103851
35.5970077515
17.0102291107
29.1435756683
24.0781707764
27.2934455872
35.8832435608
9.01746082306
16.4559402466
35.9605560303
5.70133495331
31.274263382
26.2267532349
44.7587051392
42.3022994995
42.8671226501
43.1100234985
38.7844161987
42.4421348572
39.5721626282
41.9550018311
44.2312583923
27.1834220886
31.2768764496
30.9823303223
20.8208408356
34.7785720825
7.3470993042
40.5710601807
7.32226514816
5.33644533157
22.1786975861
26.6161289215
16.4559402466
35.9605560303
5.70133495331
31.274263382
26.2267532349
44.7587051392
42.3022994995
42.8671226501
43.1100234985
38.7844161987
42.4421348572
39.5721626282
41.9550018311
44.2312583923
27.1834220886
31.2768764496
30.9823303223
20.8208408356
34.7785720825
7.3470993042
40.5710601807
7.32226514816
5.33644533157
22.1786975861
26.6161289215
35.8050918579
27.3898124695
27.327507019
20.1189956665
11.7603006363
68.2106552124
65.1471328735
68.8843688965
64.5376815796
64.4040679932
64.7853240967
65.8872070312
62.7726287842
30.9823303223
23.6318149567
9.48211193085
31.165096283
13.5332708359
24.3949508667
24.8835945129
30.7500553131
33.4233779907
33.5707893372
43.279296875
23.8661994934
35.8050918579
27.3898124695
27.327507019
20.1189956665
11.7603006363
68.2106552124
65.1471328735
68.8843688965
64.5376815796
64.4040679932
64.7853240967
65.8872070312
62.7726287842
30.9823303223
23.6318149567
9.48211193085
31.165096283
13.5332708359
24.3949508667
24.8835945129
30.7500553131
33.4233779907
33.5707893372
43.279296875
23.8661994934
14.4812307358
33.3894538879
6.42721939087
31.287065506
27.8880214691
47.6317710876
45.1471099854
44.9729423523
45.8473243713
41.4567375183
45.0352745056
42.307849884
45.1787414551
7.32226514816
42.8487892151
27.6567554474
26.4150180817
33.4233779907
22.1376037598
39.8783950806
12.6754980087
36.8101615906
11.3955307007
15.7006149292
25.4310340881
14.4812307358
33.3894538879
6.42721939087
31.287065506
27.8880214691
47.6317710876
45.1471099854
44.9729423523
45.8473243713
41.4567375183
45.0352745056
42.307849884
45.1787414551
7.32226514816
42.8487892151
27.6567554474
26.4150180817
33.4233779907
22.1376037598
39.8783950806
12.6754980087
36.8101615906
11.3955307007
15.7006149292
25.4310340881
14.3249921799
38.9133911133
20.6904430389
41.4262161255
35.1316184998
54.9634857178
52.737865448
51.9699478149
54.2179450989
49.5599784851
53.4763908386
51.4192695618
54.3757476807
22.1786975861
44.8874473572
35.5541419983
24.8601856232
43.279296875
30.4198856354
49.264175415
27.7045536041
36.2069702148
15.7006149292
24.3181171417
35.0527496338
14.3249921799
38.9133911133
20.6904430389
41.4262161255
35.1316184998
54.9634857178
52.737865448
51.9699478149
54.2179450989
49.5599784851
53.4763908386
51.4192695618
54.3757476807
22.1786975861
44.8874473572
35.5541419983
24.8601856232
43.279296875
30.4198856354
49.264175415
27.7045536041
36.2069702148
15.7006149292
24.3181171417
35.0527496338
35.6010246277
11.7170629501
22.0545063019
7.59013462067
27.2370624542
62.5280761719
60.0101547241
61.7206420898
58.2523536682
58.0093383789
58.8829574585
57.7355194092
58.6715202332
26.6161289215
32.3132743835
18.6012306213
22.2828655243
23.8661994934
22.8335723877
44.1766853333
22.3675956726
26.0549716949
25.4310340881
31.6543827057
35.0527496338
35.6010246277
11.7170629501
22.0545063019
7.59013462067
27.2370624542
62.5280761719
60.0101547241
61.7206420898
58.2523536682
58.0093383789
58.8829574585
57.7355194092
58.6715202332
26.6161289215
32.3132743835
18.6012306213
22.2828655243
23.8661994934
22.8335723877
44.1766853333
22.3675956726
26.0549716949
25.4310340881
31.6543827057
35.0527496338
58.861038208
72.3069458008
51.7213516235
62.8976287842
60.3639755249
40.9207305908
40.6197509766
40.2522888184
39.1924095154
37.6862564087
39.686126709
36.3757591248
35.5146064758
47.8842544556
80.2243804932
62.8217315674
74.2368621826
60.2486572266
58.21534729
53.912437439
46.9736251831
81.051361084
53.4246292114
45.4710388184
65.8205871582
61.7303352356
58.861038208
72.3069458008
51.7213516235
62.8976287842
60.3639755249
40.9207305908
40.6197509766
40.2522888184
39.1924095154
37.6862564087
39.686126709
36.3757591248
35.5146064758
47.8842544556
80.2243804932
62.8217315674
74.2368621826
60.2486572266
58.21534729
53.912437439
46.9736251831
81.051361084
53.4246292114
45.4710388184
65.8205871582
61.7303352356
55.9954605103
80.2598266602
54.3753852844
72.5952835083
64.263633728
29.3717136383
32.2837028503
31.6111412048
34.3942756653
33.9928855896
36.8070487976
35.4685211182
33.8577194214
49.6870193481
85.1325531006
68.7933197021
77.3493881226
67.6183853149
62.1390686035
56.7170944214
51.4434967041
85.5331268311
54.4785575867
45.8236351013
63.3176689148
70.088973999
55.9954605103
80.2598266602
54.3753852844
72.5952835083
64.263633728
29.3717136383
32.2837028503
31.6111412048
34.3942756653
33.9928855896
36.8070487976
35.4685211182
33.8577194214
49.6870193481
85.1325531006
68.7933197021
77.3493881226
67.6183853149
62.1390686035
56.7170944214
51.4434967041
85.5331268311
54.4785575867
45.8236351013
63.3176689148
70.088973999
45.9072570801
73.7290420532
45.9708137512
65.3514938354
52.0179748535
39.3298149109
40.2439575195
41.8449516296
43.6475524902
41.7188644409
45.7969970703
44.2812461853
42.5165061951
41.4098243713
74.5758590698
58.3869972229
69.8621063232
56.0418815613
50.7026023865
39.4888572693
42.2761573792
77.3073043823
47.5701026917
36.6344528198
57.1652450562
63.7288398743
45.9072570801
73.7290420532
45.9708137512
65.3514938354
52.0179748535
39.3298149109
40.2439575195
41.8449516296
43.6475524902
41.7188644409
45.7969970703
44.2812461853
42.5165061951
41.4098243713
74.5758590698
58.3869972229
69.8621063232
56.0418815613
50.7026023865
39.4888572693
42.2761573792
77.3073043823
47.5701026917
36.6344528198
57.1652450562
63.7288398743
58.2244873047
78.9820785522
55.6032791138
70.4900512695
61.7246208191
43.6372718811
44.8868598938
45.5991783142
46.5106925964
45.6365394592
48.5747756958
46.7934684753
44.7194023132
51.570476532
81.2877044678
66.1595077515
77.0669631958
63.7080802917
60.2947463989
51.5902633667
51.5421028137
83.6173858643
57.2563858032
47.8867416382
67.3289718628
69.3382339478
58.2244873047
78.9820785522
55.6032791138
70.4900512695
61.7246208191
43.6372718811
44.8868598938
45.5991783142
46.5106925964
45.6365394592
48.5747756958
46.7934684753
44.7194023132
51.570476532
81.2877044678
66.1595077515
77.0669631958
63.7080802917
60.2947463989
51.5902633667
51.5421028137
83.6173858643
57.2563858032
47.8867416382
67.3289718628
69.3382339478
23.2129211426
40.0258827209
12.8138895035
32.7457771301
27.8766269684
42.411529541
39.9609451294
41.1924552917
40.6476249695
36.7481575012
40.2265930176
37.4283866882
38.9644088745
8.85393047333
47.9163970947
29.5077152252
38.2226600647
30.6610393524
23.3461456299
31.4194755554
7.99177742004
46.3522720337
15.9855117798
7.84769630432
30.7662963867
29.5592708588
23.2129211426
40.0258827209
12.8138895035
32.7457771301
27.8766269684
42.411529541
39.9609451294
41.1924552917
40.6476249695
36.7481575012
40.2265930176
37.4283866882
38.9644088745
8.85393047333
47.9163970947
29.5077152252
38.2226600647
30.6610393524
23.3461456299
31.4194755554
7.99177742004
46.3522720337
15.9855117798
7.84769630432
30.7662963867
29.5592708588
23.8144741058
46.3836631775
18.1216201782
39.0193099976
30.0518188477
40.3529891968
38.2136497498
39.8279876709
39.8582801819
35.8582649231
39.9762611389
37.2840385437
38.2024917603
13.6433792114
51.4887657166
33.7052078247
43.2122421265
33.9391403198
26.4746189117
29.2231216431
14.185795784
51.2511787415
20.6008930206
9.70432949066
33.5341873169
36.2854118347
23.8144741058
46.3836631775
18.1216201782
39.0193099976
30.0518188477
40.3529891968
38.2136497498
39.8279876709
39.8582801819
35.8582649231
39.9762611389
37.2840385437
38.2024917603
13.6433792114
51.4887657166
33.7052078247
43.2122421265
33.9391403198
26.4746189117
29.2231216431
14.185795784
51.2511787415
20.6008930206
9.70432949066
33.5341873169
36.2854118347
59.3795890808
74.3982772827
52.670841217
63.2272949219
57.4704551697
47.9254722595
47.8155136108
49.3027076721
48.2225570679
47.2396354675
49.7306518555
47.4476623535
45.3537635803
48.717754364
78.8848419189
61.204990387
76.7759780884
56.1795883179
56.2599868774
43.8789253235
46.3856201172
82.5991821289
55.922908783
45.4166374207
69.6364059448
63.5707054138
59.3795890808
74.3982772827
52.670841217
63.2272949219
57.4704551697
47.9254722595
47.8155136108
49.3027076721
48.2225570679
47.2396354675
49.7306518555
47.4476623535
45.3537635803
48.717754364
78.8848419189
61.204990387
76.7759780884
56.1795883179
56.2599868774
43.8789253235
46.3856201172
82.5991821289
55.922908783
45.4166374207
69.6364059448
63.5707054138
58.4563941956
74.4802474976
51.3486557007
63.8980102539
60.6681518555
39.3436927795
39.3763542175
39.8959312439
39.2549591064
38.0730438232
40.6309585571
37.6024055481
36.2581939697
46.7589111328
82.1532058716
63.5441741943
76.5366363525
59.9631004333
58.3345222473
50.2741241455
45.59167099
83.5987243652
53.4850502014
43.411403656
66.9657592773
63.0627174377
58.4563941956
74.4802474976
51.3486557007
63.8980102539
60.6681518555
39.3436927795
39.3763542175
39.8959312439
39.2549591064
38.0730438232
40.6309585571
37.6024055481
36.2581939697
46.7589111328
82.1532058716
63.5441741943
76.5366363525
59.9631004333
58.3345222473
50.2741241455
45.59167099
83.5987243652
53.4850502014
43.411403656
66.9657592773
63.0627174377
63.7998924255
89.7108383179
62.2467460632
80.3641967773
70.8535614014
39.0748519897
42.004196167
42.1080551147
44.4355697632
43.9437217712
46.9019508362
45.4264984131
43.2494049072
57.0425224304
93.4305801392
76.1728363037
87.6112670898
73.2507171631
69.1097640991
57.5039863586
57.9649581909
95.501411438
63.2659454346
52.3023796082
73.4970626831
78.7499084473
63.7998924255
89.7108383179
62.2467460632
80.3641967773
70.8535614014
39.0748519897
42.004196167
42.1080551147
44.4355697632
43.9437217712
46.9019508362
45.4264984131
43.2494049072
57.0425224304
93.4305801392
76.1728363037
87.6112670898
73.2507171631
69.1097640991
57.5039863586
57.9649581909
95.501411438
63.2659454346
52.3023796082
73.4970626831
78.7499084473
56.8699302673
82.1606445312
54.527545929
73.1240921021
65.0910186768
31.8116664886
33.9648208618
34.2296524048
36.3916664124
35.6307296753
38.9224815369
36.9931259155
35.2712135315
49.1778488159
87.5112075806
69.7575378418
80.1608657837
67.5221176147
62.7573394775
53.985660553
50.4053497314
88.4594955444
55.2354125977
44.5642166138
65.7403488159
71.0503845215
56.8699302673
82.1606445312
54.527545929
73.1240921021
65.0910186768
31.8116664886
33.9648208618
34.2296524048
36.3916664124
35.6307296753
38.9224815369
36.9931259155
35.2712135315
49.1778488159
87.5112075806
69.7575378418
80.1608657837
67.5221176147
62.7573394775
53.985660553
50.4053497314
88.4594955444
55.2354125977
44.5642166138
65.7403488159
71.0503845215
25.8950748444
55.6494522095
25.3776168823
49.565700531
40.0993118286
32.5688858032
30.7675590515
32.1804580688
34.0550537109
29.7780189514
34.876663208
32.0193214417
33.5829925537
19.8887062073
61.0804824829
44.269115448
50.0633888245
45.5198974609
36.4110031128
38.2999458313
23.9432659149
59.4365272522
24.8475151062
14.7958288193
34.2522544861
45.7196083069
25.8950748444
55.6494522095
25.3776168823
49.565700531
40.0993118286
32.5688858032
30.7675590515
32.1804580688
34.0550537109
29.7780189514
34.876663208
32.0193214417
33.5829925537
19.8887062073
61.0804824829
44.269115448
50.0633888245
45.5198974609
36.4110031128
38.2999458313
23.9432659149
59.4365272522
24.8475151062
14.7958288193
34.2522544861
45.7196083069
39.2658462524
69.0254669189
41.1362266541
61.2348899841
45.2041664124
43.1791534424
43.3563079834
45.4389762878
47.0297393799
44.3401222229
48.8647918701
47.4492111206
45.8029747009
36.9328651428
67.5487670898
52.4320831299
63.9076538086
50.2754554749
44.3695487976
32.1540374756
37.9090118408
70.9998703003
42.9788894653
31.9878673553
51.730052948
59.7033119202
39.2658462524
69.0254669189
41.1362266541
61.2348899841
45.2041664124
43.1791534424
43.3563079834
45.4389762878
47.0297393799
44.3401222229
48.8647918701
47.4492111206
45.8029747009
36.9328651428
67.5487670898
52.4320831299
63.9076538086
50.2754554749
44.3695487976
32.1540374756
37.9090118408
70.9998703003
42.9788894653
31.9878673553
51.730052948
59.7033119202
39.2658462524
69.0254669189
41.1362266541
61.2348899841
45.2041664124
43.1791534424
43.3563079834
45.4389762878
47.0297393799
44.3401222229
48.8647918701
47.4492111206
45.8029747009
36.9328651428
67.5487670898
52.4320831299
63.9076538086
50.2754554749
44.3695487976
32.1540374756
37.9090118408
70.9998703003
42.9788894653
31.9878673553
51.730052948
59.7033119202
39.2658462524
69.0254669189
41.1362266541
61.2348899841
45.2041664124
43.1791534424
43.3563079834
45.4389762878
47.0297393799
44.3401222229
48.8647918701
47.4492111206
45.8029747009
36.9328651428
67.5487670898
52.4320831299
63.9076538086
50.2754554749
44.3695487976
32.1540374756
37.9090118408
70.9998703003
42.9788894653
31.9878673553
51.730052948
59.7033119202
62.8880500793
81.6065750122
58.7881965637
70.785118103
60.8271179199
53.2524833679
53.8885307312
55.6490783691
55.2952919006
54.4894828796
57.2276878357
55.663772583
52.818572998
54.8818092346
82.5189666748
66.1582565308
82.3208618164
60.7190284729
60.546043396
43.9054794312
52.9454460144
87.8020401001
62.0884361267
51.0154533386
74.5734558105
71.3436584473
62.8880500793
81.6065750122
58.7881965637
70.785118103
60.8271179199
53.2524833679
53.8885307312
55.6490783691
55.2952919006
54.4894828796
57.2276878357
55.663772583
52.818572998
54.8818092346
82.5189666748
66.1582565308
82.3208618164
60.7190284729
60.546043396
43.9054794312
52.9454460144
87.8020401001
62.0884361267
51.0154533386
74.5734558105
71.3436584473
37.3848571777
52.8126335144
28.8929290771
43.0296897888
38.4034118652
39.7509231567
37.752822876
39.5089530945
38.3663291931
35.5234298706
38.893699646
35.9656066895
35.9502334595
24.8574943542
59.7601699829
41.0382766724
53.6962585449
38.6713867188
35.5323982239
32.7767524719
22.8443946838
60.6931343079
31.9897594452
22.093875885
46.3034095764
41.7431945801
37.3848571777
52.8126335144
28.8929290771
43.0296897888
38.4034118652
39.7509231567
37.752822876
39.5089530945
38.3663291931
35.5234298706
38.893699646
35.9656066895
35.9502334595
24.8574943542
59.7601699829
41.0382766724
53.6962585449
38.6713867188
35.5323982239
32.7767524719
22.8443946838
60.6931343079
31.9897594452
22.093875885
46.3034095764
41.7431945801
27.9484596252
49.8524055481
21.8925361633
42.0078201294
34.7091712952
37.1171302795
34.9481887817
36.5401229858
36.6070251465
32.7542991638
36.9870910645
33.9792137146
34.9539489746
16.9542331696
56.144821167
38.0214004517
47.4716186523
37.8413772583
31.1325950623
32.3852615356
17.6497344971
55.6756515503
23.8161506653
12.9713821411
36.9009552002
39.2622833252
27.9484596252
49.8524055481
21.8925361633
42.0078201294
34.7091712952
37.1171302795
34.9481887817
36.5401229858
36.6070251465
32.7542991638
36.9870910645
33.9792137146
34.9539489746
16.9542331696
56.144821167
38.0214004517
47.4716186523
37.8413772583
31.1325950623
32.3852615356
17.6497344971
55.6756515503
23.8161506653
12.9713821411
36.9009552002
39.2622833252
26.9788837433
53.0946006775
24.0261268616
45.7764015198
35.804233551
36.4924163818
34.6826019287
36.4088134766
37.1672744751
33.2596549988
37.8936576843
35.1392784119
35.834400177
18.9852981567
57.6071128845
40.2212181091
49.1670761108
40.1614341736
32.6195068359
32.045249939
20.7696666718
57.532497406
25.4115276337
14.1100130081
36.9258766174
42.9367790222
26.9788837433
53.0946006775
24.0261268616
45.7764015198
35.804233551
36.4924163818
34.6826019287
36.4088134766
37.1672744751
33.2596549988
37.8936576843
35.1392784119
35.834400177
18.9852981567
57.6071128845
40.2212181091
49.1670761108
40.1614341736
32.6195068359
32.045249939
20.7696666718
57.532497406
25.4115276337
14.1100130081
36.9258766174
42.9367790222
