30.2678184509
32.560092926
42.0273933411
30.9097290039
38.5973396301
29.3601932526
33.8732872009
48.6323509216
30.0960178375
36.929725647
43.1717720032
40.7066955566
36.4395942688
36.4553337097
38.805355072
29.7552452087
36.5806427002
49.1245117188
48.6259651184
44.4665184021
44.6395874023
40.7093429565
41.0285987854
43.1329498291
42.8303642273
42.3559150696
38.7453575134
40.1390991211
39.9221725464
36.9367828369
38.1087188721
39.7329406738
37.9807777405
42.5964889526
44.7835006714
49.1948394775
45.522693634
49.2045211792
47.0797080994
50.9353752136
46.7441101074
47.5314369202
48.4788398743
50.238368988
50.8194923401
52.0163269043
55.8050727844
56.8036842346
58.2850799561
60.9303894043
61.4358024597
63.0174560547
66.6700897217
65.8069763184
62.5195808411
65.5436248779
61.4665374756
65.3054351807
62.8741989136
64.2720336914
63.5957946777
67.8899993896
66.5798034668
63.1156311035
64.9579391479
60.2481117249
59.3927764893
58.5755119324
56.6925964355
54.6289634705
58.6159172058
54.0310897827
52.5031394958
54.6103820801
54.2003479004
52.1920394897
52.9300804138
54.2325401306
52.2291717529
49.6485786438
53.3986053467
51.8219299316
48.0621070862
49.0229263306
47.9691162109
51.853805542
52.3184127808
48.6944084167
50.9556732178
47.1986045837
48.9757385254
53.3263168335
50.2579994202
48.5617828369
52.4927101135
55.5024108887
51.6162986755
51.2336883545
56.8263664246
58.0516548157
53.9565925598
55.5608901978
59.6484642029
63.0152549744
64.563835144
67.5150756836
63.616569519
61.5209922791
66.4674606323
62.2633705139
62.0589294434
60.4277839661
57.3212280273
59.5663871765
63.7341194153
61.3293762207
63.276058197
59.3437538147
62.0797729492
64.9029159546
60.8824768066
59.1019172668
62.4687423706
62.3264579773
58.5495948792
58.6720428467
61.4719047546
60.7810592651
57.497341156
60.6358947754
61.9622459412
57.9286689758
58.862663269
62.8984489441
55.8787345886
59.6322250366
59.2114944458
54.539730072
55.3384590149
57.6097755432
53.7611503601
50.9876937866
53.1317100525
55.0711860657
52.3790969849
48.6400375366
49.1845397949
47.3887329102
48.9618530273
44.8669013977
46.0342788696
48.8713188171
47.6243858337
49.8946266174
45.0470695496
46.0221366882
45.3393096924
43.30103302
43.8328056335
47.9303703308
48.542427063
47.6724624634
46.3056678772
49.0523681641
50.6369819641
49.2449378967
48.9542007446
43.8431549072
44.213684082
41.8704185486
39.6780548096
40.9550018311
41.7966079712
41.0810966492
42.2520980835
43.0528450012
45.2548751831
47.8814811707
46.65259552
49.6319732666
46.9640045166
48.4526672363
52.3426170349
48.713809967
52.1614837646
51.947353363
52.262802124
48.0701332092
47.6285705566
45.1437759399
47.4846572876
44.4715423584
47.4076385498
48.5585365295
50.2462654114
51.7038650513
51.8525619507
54.9740791321
52.9654846191
52.4300193787
55.6819152832
55.4900665283
56.2413444519
59.943775177
59.3469543457
56.6263885498
55.1898803711
51.4305992126
47.8328971863
46.9368057251
49.1228752136
44.1358985901
47.0294914246
41.6484909058
42.2424964905
39.5254135132
39.4662742615
39.3113441467
40.9962806702
44.1847839355
44.4501342773
42.9379882812
43.9465446472
42.8047447205
42.095664978
44.879573822
43.0329818726
39.6922492981
40.0397033691
38.931804657
38.892906189
41.2070846558
39.5567207336
43.410194397
40.317150116
41.9965324402
42.1192817688
39.7544021606
41.8440246582
41.1013069153
40.8109054565
39.3893585205
37.8748855591
37.301197052
37.531375885
34.747215271
34.7239112854
35.9954566956
33.5001564026
32.3126029968
32.8222351074
33.1320991516
30.9581413269
30.5349006653
32.1470413208
31.1925544739
29.3445777893
30.2646446228
31.2759170532
29.8190803528
29.0580768585
29.4744110107
30.1936588287
28.9672355652
28.9761543274
30.2235393524
29.9510784149
29.219619751
30.7216815948
31.8788433075
30.5547409058
30.9165325165
33.4163360596
32.6117744446
35.4383049011
32.5435600281
32.696975708
31.330619812
30.2991352081
32.0848503113
30.54438591
28.8672180176
29.3264446259
30.077123642
29.1642055511
28.4992389679
29.677280426
30.2004070282
28.9449577332
28.7935466766
29.7175827026
30.5044116974
30.1741580963
30.2879714966
31.5096855164
29.524017334
30.3046665192
38.0622253418
38.6923599243
38.7635498047
39.0738677979
37.9554748535
36.087020874
36.0928573608
35.6937828064
35.1968727112
33.9433479309
36.5759239197
33.3926925659
36.4949111938
34.2157783508
36.4628105164
34.4572868347
34.3395042419
36.6180496216
37.425945282
36.2299575806
37.3982658386
33.4017524719
36.4921836853
33.8891983032
35.7241897583
32.7423782349
32.8162536621
32.2014656067
31.9414596558
34.6889152527
33.7625579834
32.001449585
34.778011322
35.7455177307
33.0205421448
33.3015480042
36.2448768616
35.0928611755
33.0114173889
35.8525619507
38.0148239136
39.1729316711
36.7353363037
39.7155151367
38.81980896
38.8861427307
36.0714492798
33.1467857361
32.5709266663
30.8151512146
32.2199516296
31.374994278
29.2640171051
28.5815887451
28.5109386444
27.7687988281
27.9153289795
27.9738483429
28.0627174377
28.1100673676
28.4215183258
28.2327613831
29.1844387054
29.3832702637
29.2046337128
29.7265224457
31.0727672577
30.0387859344
28.9309234619
28.8484230042
28.7052497864
30.1204547882
29.4369029999
28.7113742828
30.4834136963
30.5535049438
29.4981327057
29.5430088043
30.895242691
31.2703514099
30.1888637543
30.7428855896
32.6246910095
32.0745429993
30.6341018677
32.0072135925
33.7507171631
32.3685188293
31.6442928314
34.2314338684
35.7749443054
37.5387687683
38.9372253418
40.6146011353
40.1126251221
43.5673446655
43.5548820496
43.2744369507
40.6189956665
39.5604705811
40.1364631653
38.8649978638
36.4557418823
36.3483123779
37.467010498
36.280582428
33.8040122986
34.7986564636
36.0223236084
32.743019104
32.360660553
33.6905860901
33.5994682312
31.2627449036
32.0548210144
33.8481140137
34.2821044922
36.6769523621
39.9373092651
41.5069694519
43.1441650391
45.1046142578
47.9073867798
50.0163612366
48.9621505737
46.5731315613
50.9370651245
49.0562705994
47.3345985413
51.6060409546
52.714427948
49.0948562622
50.2491912842
53.7737770081
52.5894851685
50.7682571411
53.6551551819
55.7495307922
54.1308326721
53.2847366333
58.6430969238
57.7608375549
55.4614181519
58.2424736023
61.319694519
59.5142059326
56.9697265625
62.0666160583
63.8869628906
61.434879303
62.3460350037
66.7834777832
66.1200637817
63.5525817871
68.9901733398
70.8734283447
68.7340545654
69.4976577759
73.796913147
74.5754776001
70.8820953369
73.1246948242
71.4279327393
72.4892807007
69.9649124146
66.8609161377
65.8969573975
66.5887069702
63.4597091675
61.3670082092
62.2850265503
62.303276062
57.4611625671
57.1693153381
57.7332992554
55.6562347412
53.510269165
55.7404022217
54.49559021
51.0337562561
49.3808822632
51.6479797363
49.7717056274
46.4929389954
46.8753929138
48.3606834412
46.0109062195
42.9269866943
44.8038749695
44.27866745
41.7172393799
40.6191253662
43.6960830688
42.5248451233
38.7138786316
39.1030578613
41.8935012817
39.4621200562
37.1832008362
36.8504104614
36.6568450928
36.8487129211
35.1793212891
34.1810073853
36.7066040039
36.622467041
34.3851013184
32.5201721191
33.1259841919
33.6299819946
35.6268959045
35.2571678162
33.883808136
36.1921424866
38.051902771
36.9656295776
37.0041313171
39.3369026184
40.6607170105
38.0828361511
38.543094635
42.4311447144
41.4066619873
43.6245765686
41.66355896
44.2783699036
43.4009933472
39.6312446594
39.2687034607
42.5061531067
45.4079627991
42.4740104675
40.1170921326
43.0477600098
43.1891784668
38.5812568665
37.9701042175
41.0749702454
37.8250808716
38.4877166748
40.663482666
42.1588935852
39.3474388123
38.5227127075
38.5370903015
39.0193862915
37.2008132935
34.8996238708
33.0445404053
31.6212463379
33.3060913086
35.1405639648
57.3970336914
23.9679851532
60.8062171936
30.3801689148
45.2784500122
70.1209411621
29.4841918945
46.3787384033
67.1401748657
60.2398109436
51.7776527405
60.1817016602
46.2744903564
34.0089569092
55.1178321838
48.5548858643
51.5682830811
41.9072608948
47.2269515991
39.455581665
41.0853347778
45.2887458801
39.8628044128
39.6982460022
35.4949188232
32.9409866333
34.1166915894
30.5698642731
32.1279640198
32.4618606567
28.7306079865
32.7873382568
35.5305786133
42.0880355835
34.9101715088
40.1765899658
36.0987319946
40.3932228088
38.4283256531
37.2697257996
37.9607582092
38.3933639526
43.8154792786
43.1854820251
46.9485855103
45.4593048096
48.7712783813
52.8146476746
52.8542785645
55.6471786499
57.5026397705
58.5754585266
54.3818130493
54.564704895
50.0118560791
54.0716362
48.3939666748
51.9751091003
54.822303772
57.4458808899
55.2680625916
50.6671943665
53.0277557373
47.1522407532
48.1991233826
47.8104705811
43.9179344177
45.2723274231
47.1089935303
41.0449485779
40.936214447
44.7961807251
45.2775039673
41.2373275757
42.6127166748
47.1283493042
43.3677253723
42.1226081848
44.5093154907
45.0092964172
40.2232322693
42.3772163391
39.6458091736
40.2124214172
40.6411476135
36.4412002563
36.360042572
32.086643219
35.2095832825
39.2360725403
33.4900131226
31.7918109894
37.1431770325
38.8486824036
33.1432876587
33.6486244202
40.7378959656
39.8914451599
35.0794944763
37.931854248
42.0838050842
44.9769020081
45.5319671631
49.6986427307
46.4561386108
42.7776260376
47.6964569092
49.5378990173
45.719203949
44.9408569336
42.5614509583
45.3252754211
49.0505180359
47.3780784607
50.950428009
46.7043914795
51.4895057678
54.1839408875
49.3616294861
49.2493591309
53.8150444031
52.6990699768
48.7647705078
50.969493866
54.2126121521
52.6574516296
50.8451309204
55.6321029663
55.9732437134
51.6328735352
55.1934547424
59.245300293
51.3484840393
54.6477508545
52.0357437134
47.7491722107
50.299079895
49.8954734802
45.3869590759
44.468082428
47.0286026001
46.3522758484
42.3228492737
40.7070465088
42.4276504517
38.84192276
40.5873947144
36.4118309021
38.1018333435
42.5920448303
42.4549865723
44.1311607361
38.8699531555
40.5667076111
36.8581924438
35.1977577209
34.2287826538
38.3410339355
38.6229400635
34.8258857727
34.1152839661
36.5476760864
36.7352409363
35.3145866394
35.1865310669
29.5400524139
32.3845481873
29.8606395721
29.6118049622
29.7006721497
28.9066886902
26.3649368286
26.1032485962
25.9749794006
31.030878067
32.8313865662
29.9376945496
33.3970069885
32.1689071655
31.3481044769
37.2756118774
33.0533790588
35.729385376
35.7340202332
34.4806251526
30.4909381866
31.5533638
28.4690723419
32.5625648499
30.3907642365
34.0087966919
35.9999656677
36.1219024658
39.9585151672
39.7051925659
43.1430435181
39.2609786987
39.0307426453
42.0210189819
40.6349449158
41.6278190613
45.1212081909
42.9182853699
40.186164856
37.7528266907
35.7222747803
29.2903156281
29.1667575836
32.8877906799
27.4883556366
32.0905723572
26.5713253021
29.4325237274
25.746925354
26.0108413696
28.0521850586
26.7663230896
32.1315956116
30.6088905334
27.1299228668
28.4464855194
24.6075401306
25.1068153381
26.9992084503
25.9562854767
22.2935352325
21.033285141
21.4860992432
21.6755657196
26.6168193817
25.3380775452
31.4702682495
29.5523872375
33.6052398682
36.3542747498
34.8206634521
38.1143684387
35.8625831604
34.7673950195
31.5542125702
30.8621196747
33.1272583008
33.0095367432
27.9632091522
31.1779842377
34.7945785522
28.7352905273
28.5098266602
31.9994812012
32.9825973511
28.0295085907
30.1530723572
34.884262085
29.9065971375
28.9171981812
34.4313049316
34.3316650391
30.9647293091
31.2991809845
34.0428543091
31.0033321381
27.8692378998
31.244852066
32.4810218811
27.5144462585
27.6217956543
32.8510780334
30.6171455383
26.2700443268
28.8091869354
30.7967815399
26.4172172546
27.8094673157
22.2306461334
22.352766037
19.2102832794
21.517780304
25.5352497101
20.2607650757
19.8696956635
23.5460796356
24.4728240967
22.2773265839
23.4373664856
28.5849761963
25.8859653473
24.1290225983
28.4224014282
31.4211769104
29.3950576782
27.6827487946
24.8093070984
24.0462818146
19.1323051453
17.6004257202
38.3699684143
41.6232337952
41.0731468201
43.8184776306
44.3411178589
40.8459014893
41.3450088501
37.4174766541
35.7468338013
31.7770423889
33.5663871765
29.2552280426
30.5312252045
26.6147022247
27.2214107513
25.3438034058
25.3553104401
27.5861930847
28.1040382385
29.8341789246
32.2388572693
29.6714076996
34.3955726624
33.3209724426
36.802947998
33.3263587952
35.8307952881
33.3440208435
34.7865715027
36.0156211853
33.0838279724
29.9382858276
32.8945846558
32.9795455933
28.0904521942
27.4420604706
30.8573799133
27.1487350464
24.0551891327
26.7990722656
28.3196811676
27.2749347687
24.054151535
25.8195304871
26.240562439
23.7615356445
20.9609870911
18.347536087
21.8777370453
19.6114883423
17.9946689606
15.1872415543
15.5818967819
12.5137662888
14.3621749878
12.7678060532
13.8426332474
17.4997348785
16.8263072968
15.5050640106
20.2105827332
20.755449295
20.3409614563
21.2068977356
24.3291397095
25.5957775116
25.9444675446
23.04296875
22.7483406067
20.6340293884
21.3137779236
23.4095916748
25.4602451324
25.9850597382
26.9642791748
28.975610733
31.5561447144
31.2824840546
33.0158882141
34.71692276
36.0500144958
37.0436859131
39.1780433655
40.7298545837
40.9020462036
42.5021362305
44.5301780701
45.9616241455
45.9293060303
47.8012237549
49.8413276672
53.7463150024
56.0742683411
58.5395736694
55.5254135132
57.475479126
55.6205711365
54.5161819458
53.1209602356
52.0653076172
49.3784675598
49.3419761658
47.8838844299
43.9456481934
44.5154457092
46.3239822388
41.5161209106
39.4962997437
41.8852119446
38.2149047852
35.2886734009
35.1156845093
36.2252883911
32.5577316284
30.6332111359
31.2470207214
32.2219543457
34.6072502136
39.3907012939
39.4276580811
42.7494888306
44.4368019104
44.9394836426
49.4289360046
48.6233215332
48.972694397
53.8254127502
52.8321685791
52.8467140198
57.207485199
58.0761680603
55.9379272461
58.9975585938
61.7281036377
60.5697860718
61.0283851624
64.053352356
66.3201065063
65.5975341797
65.8647689819
70.6947021484
69.8597488403
69.7505264282
72.6588592529
75.4743347168
74.6630249023
73.1221542358
77.7365951538
79.4114303589
78.6457138062
80.0700378418
83.8821487427
83.8403930664
82.2987823486
87.4973602295
88.9487380981
87.8682937622
89.4462203979
93.0223846436
93.3512649536
90.6749801636
91.7843093872
89.5341186523
89.5668487549
88.0234222412
85.9366836548
83.5934829712
83.50730896
81.221206665
79.0309066772
78.4172515869
78.2796173096
75.0167388916
72.8895187378
72.7975311279
71.4506530762
69.7197341919
69.5135879517
67.9878387451
66.1587905884
63.5218429565
63.6596908569
62.4310569763
59.9613685608
57.5549964905
58.3558921814
57.7155342102
53.821018219
53.3088302612
52.7990989685
50.9976615906
48.0220794678
48.8471298218
48.7831573486
46.1792030334
43.1405830383
44.7342529297
40.474521637
39.0463218689
36.7549209595
38.7042236328
36.1176528931
32.4628448486
34.2474212646
38.2420005798
34.8863449097
30.7156429291
29.1852607727
35.0408325195
36.1634788513
38.1639785767
38.8384017944
39.9657936096
42.3310890198
44.5304450989
45.6894569397
47.175491333
48.4505996704
49.7521438599
50.7375183105
52.0963249207
53.8285064697
51.3794441223
52.136390686
47.6695098877
49.874294281
50.506816864
45.3683509827
42.5247955322
43.8534011841
45.8385925293
40.9506263733
40.5728416443
45.0586853027
41.912197113
36.4392318726
38.3610916138
41.81848526
37.9903678894
41.2664756775
44.4904975891
45.7697563171
42.9187278748
44.5029335022
46.7134132385
49.9605674744
48.1990013123
41.5353889465
41.8995552063
36.3341560364
35.380355835
35.311416626
57.2516746521
24.1613636017
62.5447349548
33.0456809998
46.1365203857
70.426864624
32.597202301
45.9876899719
67.4863433838
62.1855239868
50.9499740601
60.9538192749
46.5259170532
35.829158783
54.5051269531
46.915145874
50.2694740295
41.1168861389
46.6422958374
38.8990516663
40.405960083
45.3002052307
39.5414848328
39.947429657
35.6605834961
33.0253982544
34.543888092
31.5038261414
32.339427948
32.731010437
28.4896526337
31.7835159302
34.9144248962
40.8714675903
33.1189537048
38.1804656982
33.7670516968
38.0198783875
35.8300132751
34.3880882263
35.0703887939
34.9524726868
40.531463623
39.932472229
43.3692588806
41.5767326355
44.6687278748
48.9572982788
48.7291221619
51.6538238525
53.1918563843
54.4587364197
50.4792366028
50.0982551575
45.743598938
50.0294113159
44.2327842712
47.917339325
50.8798561096
53.3687515259
51.1426239014
46.8574256897
48.9880867004
42.9693908691
44.6189918518
44.1265640259
40.1588630676
41.6318817139
42.9467315674
37.3244361877
37.0979728699
40.8581504822
41.6443748474
37.1662597656
38.6998405457
43.2575111389
39.6948318481
38.3046188354
41.031288147
41.3179092407
36.736907959
38.9951286316
36.0263519287
36.0856552124
36.690284729
32.7392654419
32.6374969482
28.3811397552
31.1681365967
35.1303100586
29.6187553406
27.7571105957
32.8547058105
34.6132392883
29.0453853607
29.4071578979
36.341091156
35.6760520935
30.8923816681
33.6268386841
37.7443695068
40.6650848389
41.3538093567
45.3574066162
42.0610694885
38.5878982544
43.4913902283
45.1757774353
41.3533287048
40.7504768372
40.3392982483
38.2731819153
41.088848114
44.7334327698
42.9295921326
46.3917160034
42.1928977966
46.9115524292
49.5035743713
44.7607269287
44.7073402405
49.1945838928
48.0812530518
44.2409629822
46.4734611511
49.642829895
48.1344604492
46.4501533508
51.1556549072
51.4766807556
47.3232460022
50.8892211914
54.8264770508
47.6225280762
50.9903144836
48.2681655884
44.1035270691
46.9196205139
46.4150924683
41.9522361755
41.3699531555
44.0568656921
43.2532463074
39.1483078003
37.8972320557
39.8596763611
36.6466903687
38.6959381104
34.9410133362
37.0673294067
41.4938201904
41.0711555481
42.0352058411
37.0575294495
38.1302185059
34.2457733154
32.4638214111
31.1325912476
35.1374893188
35.0814323425
31.1860656738
30.3107433319
32.5145149231
32.538192749
31.0911502838
30.9734477997
25.6325702667
28.6583309174
26.3034915924
26.4767036438
26.5347919464
25.80443573
22.8683719635
22.587556839
22.1077613831
27.2096729279
28.7065963745
25.822227478
29.1413211823
28.0646705627
27.3053741455
33.1427497864
29.2022838593
31.9121170044
31.020734787
26.9396038055
28.3257884979
25.7197208405
29.9941711426
28.4005413055
32.1496658325
34.5089874268
34.9277038574
38.6463661194
37.9126472473
40.8491744995
36.9459190369
36.3685035706
39.0606040955
37.481590271
38.1559791565
41.600315094
39.4132080078
36.6531791687
34.70287323
32.7065620422
26.2967243195
26.7681655884
30.6630420685
25.5553970337
30.622625351
25.4050769806
28.7553653717
25.3538036346
24.7220478058
26.5363044739
24.6347579956
29.7853412628
27.7995567322
24.2374324799
25.0392513275
21.0567016602
21.3406181335
22.9743270874
21.9755210876
18.5644359589
17.3018341064
18.0080223083
18.603723526
23.2981014252
22.6690921783
28.6401863098
27.2583179474
31.5479793549
34.1775856018
32.9271430969
36.3346557617
34.3243865967
33.8683319092
30.3823432922
29.4092922211
32.282699585
32.705291748
27.5274887085
30.4759521484
34.7593231201
29.0664997101
28.3764667511
31.8385162354
33.6676635742
28.9725952148
30.9482307434
35.7773590088
31.4818267822
30.5028305054
35.8767814636
36.204826355
33.2722091675
33.280921936
36.3096961975
33.8964614868
30.4400997162
33.3214759827
35.3773841858
30.8051872253
30.1536235809
35.6101875305
34.1280097961
29.6766376495
31.562953949
34.3297920227
30.2088489532
32.0718536377
26.4067058563
25.7121047974
22.925485611
25.1107654572
28.7112827301
22.8621120453
22.942281723
26.1675491333
26.6020927429
24.0191841125
25.4415531158
30.3296546936
27.0862312317
25.1084899902
29.7660770416
32.6182899475
30.0139350891
27.8808994293
25.0192642212
23.285446167
19.2517318726
17.3312187195
39.6158065796
42.7784767151
41.5601577759
43.9772071838
45.080329895
41.6450233459
42.8199081421
39.1526184082
36.7593040466
32.661365509
33.6404762268
29.5100402832
29.7786846161
25.8285331726
25.4759407043
23.7286319733
23.442483902
25.10820961
25.716588974
27.8668766022
30.7154979706
29.1932163239
33.7676239014
33.4091911316
36.9620437622
34.2160720825
37.0135574341
34.9838562012
36.9049682617
38.432434082
35.9264640808
32.1041526794
34.6713600159
35.4634819031
30.6388072968
29.2121562958
32.787651062
29.7065925598
26.2490348816
28.1849956512
30.4077510834
29.1008052826
25.3600330353
26.1705608368
26.1431121826
23.2283916473
21.341627121
19.0240345001
23.0904846191
21.2107849121
20.2959880829
18.5401382446
17.7781600952
14.3027887344
15.3277320862
14.8153953552
16.7906417847
19.600730896
18.58360672
18.6249904633
23.3161907196
23.0266990662
22.825761795
24.5517196655
27.2626209259
27.8222541809
28.3694152832
24.7155399323
24.5016765594
21.7494010925
22.1451396942
23.4029979706
26.1891918182
27.1622695923
26.7871875763
29.0506896973
32.4518661499
31.8773612976
32.9433822632
34.7595062256
36.6331520081
37.1787757874
38.7837600708
40.9111633301
41.2920799255
42.32837677
44.0889549255
46.1455307007
46.0237541199
47.2204208374
49.1996002197
53.002040863
55.4335746765
57.6690635681
54.3330726624
55.8151512146
53.9225082397
52.5587425232
51.5170173645
50.7915267944
47.6249656677
47.6882781982
46.7535972595
42.7241516113
42.8842163086
45.0700798035
40.6987533569
38.2916755676
40.4405441284
37.6187400818
34.6630363464
34.0447692871
35.4415016174
32.4324836731
29.9581375122
30.1423587799
30.766626358
32.7658309937
36.8104782104
36.5706520081
39.7448310852
41.0998458862
41.2881317139
45.6961402893
44.9149284363
45.6066627502
50.1535949707
49.2985916138
49.5454444885
53.631526947
54.4274787903
52.6646881104
55.7887153625
58.257938385
57.2246437073
58.0037269592
60.8790054321
63.0952072144
62.6164016724
63.0211601257
67.5585021973
66.8173751831
67.1025390625
69.896270752
72.579536438
72.0222702026
70.7115020752
75.069152832
76.7030258179
76.3145065308
77.7744827271
81.3713760376
81.4992599487
80.2052612305
85.2154922485
86.5780105591
85.7845611572
87.490562439
90.8337860107
91.1020050049
88.7774505615
89.6578063965
87.4251174927
87.1603012085
85.7790679932
84.0227432251
81.5337524414
81.1454238892
79.0439605713
77.034576416
76.0625915527
75.7908935547
72.9646606445
70.6947402954
70.3337936401
69.1144561768
67.645942688
67.0381011963
65.362411499
63.9119415283
61.3783836365
61.0194778442
59.8457756042
57.7461662292
55.0954360962
55.5556373596
55.241973877
51.622379303
50.7042999268
50.1132698059
48.7187271118
45.7904129028
45.9992027283
46.1277656555
44.295173645
40.9241981506
42.032535553
38.2540359497
37.1540184021
34.7529373169
36.8854103088
34.1382713318
30.7264537811
32.9682807922
36.6150093079
33.1727714539
29.3313312531
28.2177505493
34.3687400818
35.8874435425
37.4242744446
38.6786689758
39.6949539185
41.4977760315
43.7683944702
45.2661209106
46.3500404358
47.4391593933
49.0092163086
50.3291740417
51.3998031616
52.6368370056
49.9913597107
50.4674491882
46.1312637329
47.8945922852
48.4207115173
43.6668243408
40.9030418396
41.5355491638
43.4371757507
38.6059036255
38.5716171265
43.1075325012
39.8897476196
34.8428192139
37.0632362366
40.5632247925
37.2990875244
40.5426673889
43.4180641174
45.0472106934
42.6627998352
44.218120575
46.7252693176
49.8314552307
48.4626426697
41.7654838562
42.605266571
36.9274864197
34.2507896423
33.2393264771
55.4683456421
24.2138080597
62.2881965637
32.8630218506
44.4748268127
69.2135696411
32.5747642517
43.9676055908
66.7400283813
62.7225799561
49.9510726929
60.9778404236
47.4734840393
34.622253418
53.7873573303
43.5724983215
47.2696342468
38.0436210632
43.7813529968
35.9499435425
37.5508804321
42.5872421265
36.7500152588
37.4555053711
33.2117462158
30.0913639069
31.9455394745
29.2553386688
29.6734733582
29.9908599854
25.4134960175
28.2294273376
31.6925315857
37.2705154419
29.4918479919
34.3740158081
29.8699054718
34.3064079285
32.207649231
30.4211368561
31.6337032318
31.0281772614
37.0942802429
36.6799697876
40.18019104
38.4015426636
41.4933853149
46.0800056458
45.9558563232
49.1319694519
50.6124610901
52.1569099426
48.2992897034
47.7296791077
43.509677887
48.1926651001
42.4074249268
46.2656707764
49.5050621033
51.5786132812
49.2621002197
44.5937461853
46.3412322998
40.3062820435
41.8705177307
41.2569084167
37.1924324036
39.1181335449
40.2899208069
34.4909248352
34.2985496521
38.7049942017
39.2051391602
34.2682037354
36.5069694519
40.9501571655
37.2628822327
36.1695022583
39.5147666931
39.4884414673
35.0165863037
37.8119049072
34.2920799255
34.3756713867
35.4586868286
31.5890750885
31.6057891846
27.0392436981
29.2343425751
33.5285415649
28.1223907471
25.6931819916
30.467622757
32.5259361267
26.7937374115
26.6331119537
33.7610359192
33.3625068665
28.0909786224
30.5011711121
35.0283737183
37.8546333313
38.7973861694
42.7883758545
39.4736099243
36.2226753235
41.3733291626
43.074634552
39.2029571533
39.0144882202
38.6936378479
36.4387626648
39.5913543701
43.167301178
40.9863319397
44.4155845642
39.9846611023
44.9164810181
47.2173156738
42.2531280518
42.4463272095
47.0582580566
45.383846283
41.5554542542
44.2773323059
47.1778373718
45.3460426331
43.8724899292
48.8648986816
48.8306503296
44.4674186707
48.4634780884
52.3118057251
44.3025131226
47.4276351929
44.557346344
40.4800758362
43.3072509766
42.5350952148
38.0587081909
37.6018753052
40.2349014282
39.2106132507
35.0543899536
33.9736633301
35.9966430664
32.675453186
34.7559547424
31.1520252228
33.4161338806
37.8524436951
37.4302024841
38.2279701233
33.3514328003
34.4798927307
30.3457717896
28.740644455
27.3499736786
31.1824645996
31.2515335083
27.1372127533
26.6242446899
28.8943595886
28.9858436584
27.870344162
28.15209198
22.868473053
26.6024608612
24.0544719696
24.3862991333
25.1037216187
24.8054580688
20.9418296814
21.0284976959
19.7275371552
25.2864074707
26.2651081085
23.1092796326
25.9540424347
24.6648426056
23.4233894348
29.3103046417
25.079662323
27.7692928314
27.9453544617
26.7975597382
22.6371631622
23.9483413696
21.3369464874
25.6829414368
24.2514572144
28.0540847778
30.5572338104
31.1333522797
34.7749977112
33.8646278381
36.691444397
32.7482261658
32.1016921997
34.7928657532
33.2073478699
33.9242324829
37.4284934998
35.2804222107
32.4832115173
30.5214519501
28.3907966614
21.9970397949
22.5596027374
26.4799308777
21.4356880188
26.6957588196
21.6323680878
25.2139358521
22.0406455994
20.9290981293
22.7551555634
20.4755420685
25.6300544739
23.4940738678
19.8394412994
20.7356376648
16.6909942627
19.2357196808
18.691236496
15.2731046677
13.2634820938
13.9358158112
14.2496604919
19.2149429321
18.5082092285
24.5148544312
23.3572006226
27.767780304
30.6539077759
29.6226215363
32.9770431519
30.8683738708
30.489364624
26.8879318237
26.0361690521
29.2223815918
29.7391471863
24.6358947754
27.7481975555
32.1358375549
26.6264400482
26.052154541
29.5819034576
31.5303401947
27.1357574463
29.1889896393
33.9017410278
29.9107913971
29.2917346954
34.437286377
34.8441886902
32.3993606567
32.3951950073
35.6079368591
33.5915908813
30.2104473114
32.8791694641
35.4790687561
31.3496608734
30.49858284
36.1574897766
35.1899261475
30.8483390808
32.6247825623
35.9481582642
32.094997406
34.4290847778
28.7779273987
28.1099910736
25.3447875977
26.8562355042
30.5448989868
24.6923313141
24.142118454
27.1307525635
27.6314735413
24.664642334
25.654466629
30.6499938965
27.5088195801
24.784570694
29.2762775421
32.4320831299
29.8264694214
27.1626834869
24.6342601776
22.2079429626
18.724193573
17.1444644928
41.1750640869
44.2201118469
42.7863807678
45.006313324
46.1484107971
42.5616226196
43.9543037415
40.5091171265
37.8489112854
33.6367225647
34.6071891785
30.0756435394
30.3009090424
25.9268875122
25.1481571198
22.9528141022
21.8356952667
23.380033493
24.6651058197
26.901556015
30.6165885925
29.0740528107
34.1667060852
33.7021942139
37.6186065674
34.76379776
37.6342506409
35.797580719
37.6950454712
39.8449821472
37.4128341675
33.2959785461
36.1724624634
37.3480377197
32.3734283447
30.8090400696
34.7984352112
31.9990825653
28.2507457733
30.2344493866
32.9755630493
31.8346500397
27.7761802673
28.4111213684
27.9498119354
24.9478378296
23.4629459381
20.9478244781
24.7557086945
22.77684021
22.8015556335
21.3910865784
19.4854335785
15.7254056931
15.5000963211
15.4156551361
18.1547412872
20.0383167267
18.2989521027
19.0820083618
23.843503952
22.7864894867
22.2734947205
24.7111377716
27.1413574219
26.9054870605
27.3695259094
23.3874511719
23.5246505737
20.5940628052
21.2418479919
21.6949520111
24.7260074615
26.2774200439
25.492980957
27.3078327179
31.0655517578
30.7238750458
31.4310016632
33.0387649536
35.1744804382
35.91639328
37.1958885193
39.2761497498
40.0598907471
41.241985321
42.6281814575
44.8094825745
45.0471458435
46.2066879272
47.894493103
51.8244819641
54.15051651
56.5519294739
53.2073059082
54.5239524841
52.3356437683
51.1760902405
50.3187599182
49.3425331116
46.1162033081
46.6468963623
45.5878257751
41.0954399109
41.536277771
44.2396354675
39.4601249695
36.8098487854
39.4716186523
36.6494979858
33.3953475952
32.9236488342
34.7665290833
31.6071910858
28.832490921
29.3536128998
29.3811187744
31.9167461395
35.6669692993
35.5904083252
39.0160598755
40.0277557373
40.2190742493
44.9323883057
43.7767982483
45.0442962646
49.7465591431
48.5517845154
49.1681747437
53.3523712158
53.7005271912
51.9113540649
55.4997177124
57.7261962891
56.3417320251
57.4584007263
60.5481109619
62.4293708801
61.7587585449
62.5977592468
66.9988174438
65.9144668579
66.3762969971
69.3292770386
71.8943710327
71.1929321289
70.1079559326
74.5750808716
75.8518371582
75.5164642334
77.1785354614
80.6112442017
80.6379623413
79.4863204956
84.5183181763
85.7015380859
84.9149475098
86.7976837158
90.0374832153
90.1345825195
87.7824554443
88.4780960083
86.0937271118
85.8456039429
84.661529541
82.9137573242
80.2063903809
79.940864563
77.9988250732
75.7961730957
74.7984771729
74.705696106
71.9892578125
69.3803634644
69.1947860718
68.1789703369
66.5450820923
65.6885223389
64.3102645874
63.0473861694
60.1806488037
59.8426551819
59.0899620056
56.9292259216
53.8638763428
54.6302719116
54.6952095032
50.7506332397
49.6164321899
49.5399894714
48.2325935364
44.8224105835
45.0608024597
45.8904724121
43.8333129883
40.0047912598
41.5606460571
37.7806129456
36.2400245667
33.3406105042
35.3224945068
32.13879776
28.670715332
31.1089458466
34.503238678
30.6631946564
26.8904972076
26.297870636
32.4117393494
33.7023887634
35.0439300537
36.3738365173
37.7180213928
39.4053573608
41.482170105
43.1920776367
44.5709838867
45.3837432861
46.7781486511
48.5159645081
49.7477416992
50.6793823242
48.051109314
48.3191947937
43.7658729553
45.5020179749
46.4315223694
41.6083221436
38.5201797485
38.9633331299
40.5092277527
35.6374359131
35.952911377
40.3471450806
36.7524032593
31.8997898102
34.3640518188
37.61926651
34.5239334106
37.9078140259
40.7605781555
42.2769203186
40.0644989014
41.8207397461
44.5034828186
47.7858467102
46.5203437805
39.6809654236
40.8328933716
35.112991333
34.539516449
31.7948932648
52.5794334412
26.1509094238
61.6389045715
34.5199127197
42.8805541992
66.3789520264
34.1982688904
41.6340332031
64.7431030273
63.4148712158
48.4413566589
60.6927528381
49.1313323975
34.9742469788
52.4515762329
39.7080421448
43.5927124023
34.810005188
40.4231987
32.9379081726
34.512676239
39.502166748
33.9571151733
34.9561882019
30.9442329407
27.469165802
29.5579967499
27.4353923798
27.249961853
27.6045532227
22.8514022827
24.9499530792
28.7472076416
33.6043891907
26.1979045868
30.6976509094
26.3544082642
30.9941864014
28.9292526245
26.9575443268
28.8941822052
27.9093322754
34.2059288025
34.285533905
37.830745697
36.4359931946
39.1189041138
44.0964050293
44.0778045654
47.4738388062
48.9722251892
50.7043266296
47.1712417603
46.5650291443
42.8050346375
47.8537635803
42.606174469
46.4002037048
49.4500312805
51.3126831055
48.8663902283
44.0590171814
45.1249732971
39.2793540955
40.6166534424
39.8322868347
35.9697418213
38.1874656677
39.0474090576
33.2574234009
33.1436729431
37.9494132996
38.0727081299
32.7121315002
35.8274536133
39.5852851868
35.9829521179
35.2072639465
39.3383140564
38.5749130249
34.5526580811
37.8020210266
33.9500236511
34.3889274597
36.0716018677
32.4930877686
33.0495567322
28.3251781464
29.4677391052
34.1403846741
29.4752979279
26.4342956543
30.3511428833
32.9768943787
27.5532817841
26.5175361633
33.4082489014
33.7253646851
28.0956726074
29.7129745483
34.6823616028
37.3618125916
38.7805519104
42.4791412354
39.1220664978
36.5119667053
41.7983131409
43.2684364319
39.3622283936
39.8115692139
39.4155235291
36.7887687683
40.2158317566
43.7020301819
40.9542312622
44.0015830994
39.3934402466
44.1714324951
46.0721168518
41.015537262
41.2524032593
45.7654457092
43.5135040283
39.7811889648
42.7771186829
45.2125816345
43.1029090881
41.6968994141
46.7546424866
46.4072914124
41.857509613
45.9865455627
49.6869888306
40.8171081543
43.6305580139
40.8619155884
36.8985290527
39.4822235107
38.6648330688
34.2960853577
33.7823410034
36.2459793091
35.2149848938
31.1990013123
30.0987873077
32.0381736755
28.7232913971
30.7705917358
27.3963127136
29.7457389832
34.0234794617
33.5544433594
34.1921730042
29.5619106293
30.736574173
26.5956859589
25.2856960297
24.0500068665
27.5429649353
27.9019832611
23.9510498047
23.9977684021
26.4130992889
26.8822517395
26.3383617401
27.1862659454
22.2493667603
26.3899078369
23.6825752258
23.883687973
25.6543598175
26.1632614136
21.6114120483
22.4333171844
20.3791122437
25.7397346497
26.1515216827
23.0668964386
24.9867076874
23.1041812897
21.5064716339
26.9371433258
22.3469657898
25.0501079559
24.849981308
24.0668468475
19.8598632812
20.603635788
17.8892936707
22.0227203369
20.5850105286
24.3597297668
26.9154472351
27.8408470154
31.125951767
30.0768280029
32.7786331177
29.0231609344
28.3132572174
31.0922927856
29.7267150879
30.5528335571
34.1558837891
32.3427085876
29.5364055634
27.5891513824
24.9761238098
19.1510601044
19.451751709
23.1093006134
18.1229343414
23.355632782
18.47514534
22.1004867554
19.3293228149
17.6228656769
19.3503265381
16.8633861542
21.8292274475
19.7950134277
16.2991638184
17.5707378387
14.1065416336
15.3974895477
17.9485664368
18.0452651978
14.8368368149
11.9419393539
11.9428606033
11.2277889252
16.3143959045
15.1198482513
20.8997268677
19.8883876801
24.1715717316
27.2086772919
26.4853343964
29.5651016235
27.4444446564
27.1777362823
23.6112728119
22.9942436218
26.3982429504
27.0090579987
22.3013439178
25.5177383423
29.7912464142
24.8472633362
24.5665073395
28.0130729675
30.0316009521
26.3452911377
28.5495223999
32.7919883728
29.4023132324
29.573266983
34.2695770264
34.6143455505
33.071269989
33.3053207397
36.7799034119
34.913646698
31.7734870911
34.3540153503
37.3578605652
33.6257972717
32.7198295593
38.4743270874
37.938495636
33.7718734741
35.4936065674
39.2398262024
35.6754798889
38.4127120972
32.8096427917
32.28074646
29.4910678864
30.339761734
34.1519813538
28.3917446136
27.1347904205
29.9575614929
30.5431518555
27.2307186127
27.7472705841
32.8029975891
29.7761173248
26.2853775024
30.6043987274
33.9284820557
31.249961853
28.0218544006
26.0169086456
22.8224811554
20.2203807831
19.2325210571
44.1739730835
46.9194145203
45.1715354919
46.913318634
48.1714248657
44.5855674744
46.3375167847
43.3450164795
40.3825454712
36.2250671387
37.0865898132
32.3127059937
32.493106842
27.8743000031
26.7557926178
24.0759868622
21.903263092
23.2523727417
25.4236984253
27.3696308136
31.9399433136
30.4694576263
35.8440742493
35.3250083923
39.4622612
36.792678833
39.6704292297
38.2364273071
40.1350212097
42.8456192017
40.577911377
36.2612762451
39.3357963562
40.9188194275
35.8986473083
34.2370948792
38.5736999512
36.1094398499
32.1374740601
34.2077331543
37.4372406006
36.5651550293
32.2588768005
32.9260406494
31.9977874756
29.1641044617
27.8879718781
25.0906124115
28.4360599518
26.3344612122
27.2307605743
26.009759903
23.1370658875
19.2167816162
17.8430404663
18.0246906281
21.3440933228
22.3547916412
19.8163280487
21.1967010498
26.0696296692
24.2336006165
23.1692390442
26.3564453125
28.5968799591
27.3628921509
27.542886734
23.3196182251
24.0466308594
21.011013031
22.0613613129
21.4122753143
24.6844863892
27.076625824
25.6392784119
26.7378787994
31.1233234406
31.0131168365
30.9598503113
32.1902580261
34.8280029297
35.5817947388
36.0847511292
38.1171302795
39.5730209351
40.5651817322
41.2123756409
43.5962371826
44.3179664612
45.0462684631
46.1840629578
49.9614181519
51.9979782104
54.4368858337
51.2298774719
52.1974716187
49.7860145569
48.8930549622
48.3502235413
47.1937255859
44.0338592529
45.0898513794
44.0999450684
39.3455314636
40.0054855347
43.231464386
38.4700813293
35.6070671082
38.6160507202
36.3039550781
32.9221115112
32.5530700684
34.868057251
31.9844989777
28.8920936584
29.7595539093
28.9257411957
31.9363136292
34.8574409485
35.0916862488
38.4618682861
39.0064811707
39.488948822
44.1079368591
42.4915733337
44.0745353699
48.7743301392
47.1288719177
47.9783058167
52.1760139465
52.0693397522
50.2046165466
54.0980377197
56.0745429993
54.3528366089
55.7229270935
58.9803581238
60.4644889832
59.5763549805
60.8610610962
65.056854248
63.5958557129
64.2060089111
67.2913665771
69.6912918091
68.8053588867
68.0013961792
72.5430297852
73.3704147339
73.0700759888
74.9558868408
78.1507720947
78.0364990234
77.0641937256
82.066947937
83.0221557617
82.2257461548
84.3031082153
87.3922042847
87.2831344604
84.8913650513
85.378364563
82.8482513428
82.6583251953
81.6927719116
79.9512329102
77.0461730957
76.9508743286
75.206489563
72.8093414307
71.8289642334
71.9513778687
69.3910217285
66.463104248
66.4879074097
65.7190246582
63.9362068176
62.8489379883
61.830406189
60.8095359802
57.6688117981
57.3676986694
57.0817909241
54.9630241394
51.5667152405
52.604763031
53.0854110718
49.0162811279
47.6705780029
48.1117591858
47.0494766235
43.3512153625
43.5620231628
45.0652160645
43.1044883728
38.9955978394
40.9227409363
37.6264762878
35.6676712036
32.4070358276
34.0163726807
30.5465812683
27.3408584595
29.8720760345
32.5888214111
28.5260868073
25.1707401276
25.4230060577
31.0487136841
31.9668769836
32.8392715454
34.2477073669
36.0085487366
37.2617797852
38.921207428
40.8412094116
42.4410705566
42.8014755249
43.9073944092
46.1008491516
47.4137115479
47.8412742615
45.3810195923
45.3748817444
40.8645172119
42.4461021423
43.7545814514
39.2031669617
35.9566040039
36.1153526306
37.187587738
32.5573043823
33.2539482117
37.1948814392
33.3945770264
29.0799617767
31.7079334259
34.4336547852
31.7876224518
35.1339302063
37.7400398254
39.0552902222
37.2319984436
39.1389160156
41.8921852112
45.1401557922
44.167339325
37.7072372437
39.4042243958
34.0790290833
32.4158554077
28.312297821
49.9018287659
24.8557929993
60.5596809387
33.149684906
40.372051239
64.5078048706
32.9910392761
38.284236908
62.9979019165
62.5757141113
45.5227546692
59.1675872803
47.7804489136
32.7765617371
49.8527297974
35.3284187317
39.4778175354
30.5839271545
36.4750671387
28.7255554199
30.3452568054
35.7718162537
30.0768623352
31.2770462036
27.1429080963
23.4464244843
25.8942146301
24.1585102081
23.6418457031
23.9516010284
18.6479091644
20.5689487457
24.7798519135
29.4509143829
21.9806442261
26.4167633057
22.1581630707
27.2015743256
24.9459209442
23.1505794525
25.5581550598
24.7035541534
31.4245681763
31.6101360321
35.3971328735
34.4970436096
36.6050224304
42.2073631287
42.2321968079
45.5731201172
47.1068344116
48.939540863
45.5861854553
45.0212593079
41.7358169556
46.9966850281
42.2735366821
45.8641853333
48.5528182983
50.7430725098
47.9515800476
43.2809448242
43.9842605591
38.0756950378
39.664440155
38.5552482605
35.0422325134
37.1525039673
37.621257782
31.815486908
31.8876476288
36.6319465637
36.5443229675
30.9722251892
34.72498703
37.7848434448
34.0531692505
33.4855690002
38.1054344177
36.627117157
32.7987480164
36.5174942017
32.6293869019
33.4428901672
35.4986534119
32.0656166077
33.3233146667
28.5215644836
28.898557663
33.9401321411
30.0645828247
26.7045402527
29.9287376404
33.1302986145
28.2149505615
26.5283813477
33.0166969299
34.0938987732
28.4316616058
29.3185863495
34.5388183594
37.1912231445
39.0401191711
42.3759384155
38.9052238464
36.9258880615
42.2117118835
43.3446769714
39.3569259644
40.2477378845
39.6185340881
36.5925178528
40.1253852844
43.6558837891
40.465171814
43.0976066589
38.3671951294
42.8438987732
44.5474281311
39.4591293335
39.4982795715
43.896068573
41.3494224548
37.6181907654
40.5949440002
42.7503318787
40.5051269531
38.9306640625
44.0053253174
43.5472221375
38.7705688477
42.8577880859
46.5741958618
36.9048919678
39.6508216858
37.0475692749
32.9594345093
35.3091392517
34.670124054
30.2555007935
29.4349422455
31.8650035858
31.0343399048
27.0932426453
25.5959148407
27.4559211731
24.0499401093
26.176322937
22.6830234528
25.2309455872
29.5754947662
28.969991684
29.5753326416
24.8137874603
26.0843143463
21.9653129578
20.7496452332
19.8458099365
23.3398113251
24.0710430145
20.5815105438
20.9998607635
23.7421760559
24.810218811
24.6703357697
25.8713531494
21.0876750946
25.0615081787
22.148683548
21.8061752319
24.5393218994
25.8185157776
21.1863803864
22.7390613556
20.6016750336
25.2750396729
25.5924396515
22.8916816711
24.1779232025
21.5154151917
20.1992778778
24.8961467743
19.9807891846
22.8942508698
22.2437229156
22.084066391
17.7895946503
17.5189819336
14.5192708969
18.1974239349
16.2613124847
20.188615799
22.7901496887
24.2655162811
27.147485733
26.0261936188
28.8013134003
25.2750167847
24.49426651
27.5777759552
26.5761756897
27.5470924377
31.3613319397
30.029668808
27.1827945709
25.2754383087
21.8478088379
17.0652694702
16.6331253052
19.7938232422
14.5350675583
19.6177349091
14.4259538651
17.9409923553
15.3672485352
12.9623632431
14.4416561127
12.2461481094
17.214471817
15.5993680954
12.5243034363
14.4726333618
12.4783239365
13.918176651
17.3250350952
17.5639286041
14.5053319931
11.811832428
10.4552574158
8.42942810059
13.0400047302
10.7544565201
16.4852790833
15.0904006958
19.335691452
22.49700737
21.8366031647
24.8899612427
22.6872138977
22.5388793945
18.8090229034
18.2454128265
21.8817863464
22.6697387695
17.9435653687
21.2670993805
25.7983608246
21.002363205
20.758272171
24.2553844452
26.5999660492
23.1658687592
25.4377784729
29.7161083221
26.634645462
27.1314563751
31.7571315765
32.2561454773
31.12566185
31.3117084503
35.0882377625
33.5041122437
30.2983264923
32.6679611206
36.2584495544
32.8189201355
31.6334495544
37.6060447693
37.5557403564
33.4282951355
34.9682426453
39.2702407837
35.9395904541
39.147026062
33.5293388367
33.0078430176
30.2556190491
30.482000351
34.3294448853
28.6467609406
26.8356018066
29.3825263977
29.986825943
26.3996982574
26.5188598633
31.5213813782
28.6119270325
24.5212345123
28.6358318329
32.044883728
29.2964954376
25.676908493
24.1974010468
20.6223869324
18.7833328247
18.4848747253
43.8196868896
44.3192367554
45.7030601501
47.0793037415
43.3755111694
45.5088653564
42.8219604492
39.5247116089
35.3795204163
36.2745285034
31.2100486755
31.6102180481
26.8132972717
25.7633781433
22.6106853485
19.6459083557
21.0677204132
23.9583396912
25.3180389404
30.4460525513
28.6985187531
34.3716430664
33.6196670532
38.0158653259
35.3945999146
38.3274650574
37.2429389954
39.242313385
42.5089035034
40.3922958374
35.7512741089
39.0403747559
41.0517997742
35.9393997192
34.1671524048
38.8753204346
36.7309799194
32.5362091064
34.7476615906
38.4527130127
37.906337738
33.3858566284
34.286026001
32.9370193481
30.4492416382
29.1424541473
26.006685257
28.723443985
26.5007610321
28.2528896332
27.2882022858
23.4845848083
19.6106548309
17.303144455
17.7437725067
21.4078845978
21.5294933319
18.4612007141
20.5142631531
25.2325344086
22.7061977386
21.4222660065
25.2552814484
27.2049846649
25.2199440002
25.3659057617
20.7417068481
21.8020172119
18.6376991272
19.9042358398
18.3885612488
21.837059021
24.7939491272
22.8527145386
23.4743671417
28.3814506531
28.2876319885
27.7563667297
28.8971424103
31.9513339996
32.5738372803
32.7416763306
35.0632591248
36.8096923828
37.5901565552
38.0469436646
40.8769798279
41.6571655273
42.0950546265
43.1719207764
47.0849151611
49.2176628113
51.6698799133
48.2137641907
48.9733657837
46.3661003113
45.4665641785
45.0799942017
43.9096832275
40.4978523254
41.787525177
40.8658676147
35.7860450745
36.4939193726
40.0611305237
35.1519927979
32.0787658691
35.3025779724
33.1178894043
29.6554794312
29.3542556763
31.8890361786
29.1940727234
25.9856815338
27.2248477936
25.809803009
29.2946414948
31.8312606812
32.4298782349
35.7803421021
36.1401443481
37.0706138611
41.5913581848
39.6301956177
41.2223777771
46.0943641663
44.0904541016
45.0033874512
49.3700675964
49.0324287415
47.0149650574
51.1496582031
53.0777931213
51.141166687
52.6515045166
56.0764541626
57.4080810547
56.4108200073
57.9368476868
62.1208496094
60.4621582031
61.2048187256
64.3991088867
66.7578582764
65.818107605
65.1566848755
69.7740859985
70.4173812866
70.2133560181
72.229347229
75.3279190063
75.1967849731
74.3480377197
79.3597488403
80.2112045288
79.4818954468
81.6978378296
84.6949462891
84.4834136963
82.1566390991
82.4889526367
79.8713607788
79.6151275635
78.7786178589
77.1240158081
74.0445632935
73.926071167
72.2907104492
69.8327331543
68.7270355225
68.9070739746
66.482673645
63.316608429
63.3557243347
62.7005958557
60.8894233704
59.5665817261
58.6425361633
57.7693939209
54.4543647766
54.0524711609
53.9608154297
51.8444824219
48.1602096558
49.318195343
50.0089073181
45.7627639771
44.2620010376
44.9407958984
43.9369468689
39.9849243164
40.254322052
42.0980987549
40.0403633118
35.723651886
38.0302009583
34.9284896851
32.5361633301
29.0823879242
30.4471187592
26.817358017
23.7168273926
26.2286701202
28.6923236847
24.4275627136
21.2204914093
22.0048217773
27.3840789795
28.2720069885
28.9067268372
30.5594062805
32.5330123901
33.5642623901
35.1895523071
37.4192581177
39.0444869995
39.2219009399
40.3712310791
43.0209541321
44.3074188232
44.3906288147
41.7950172424
41.6061439514
36.9183692932
38.4377555847
39.9409828186
35.3472251892
31.9053020477
31.9450206757
32.8492240906
28.1794986725
29.0351295471
32.9233322144
28.8941345215
24.6459522247
27.4586029053
30.086353302
27.5875320435
31.0959472656
33.673374176
35.0436325073
33.4085197449
35.5103034973
38.5961418152
42.03282547
41.2745742798
34.4288215637
36.5903282166
30.9918479919
29.6288757324
24.8479290009
45.4871368408
24.984588623
56.5178833008
31.4124698639
36.3524475098
59.8871498108
31.3505477905
34.3196411133
58.7491798401
59.5658607483
42.298992157
55.8717384338
47.0404319763
29.9609069824
46.586265564
31.7111663818
35.5470962524
26.9975681305
32.3813705444
24.8239250183
26.4567966461
31.6886959076
26.7327842712
28.072265625
23.8549995422
20.5005950928
23.1841049194
21.7091026306
21.0508708954
21.5577831268
15.8404388428
18.2184200287
22.5877113342
26.9862613678
20.1153030396
24.4736595154
20.6402645111
26.004322052
23.5708122253
22.1299781799
24.9413776398
24.6468734741
30.9007415771
31.3839797974
35.6295661926
35.3004684448
36.9113197327
42.7389984131
42.8450317383
46.127407074
47.9971961975
49.5997238159
46.4303627014
46.319442749
43.4228935242
48.7257766724
44.760887146
47.9755706787
50.1494407654
52.5990371704
49.7961807251
45.0487556458
45.4747009277
39.792388916
41.0561408997
39.859664917
36.8870658875
38.5502967834
39.0724525452
33.2555236816
33.1909713745
37.9448547363
37.3335266113
31.884355545
35.9371299744
38.1279792786
34.4617958069
34.0215034485
39.1210823059
36.8192253113
33.2559700012
37.1584129333
33.4263763428
35.0690155029
37.3891105652
34.0246543884
35.9929046631
31.1109752655
30.9306240082
36.3400154114
33.1533126831
29.6026744843
32.3434181213
36.1033172607
31.6483879089
29.5163154602
35.6366004944
37.4424324036
31.8473949432
32.182434082
37.5556526184
40.2887573242
42.5250511169
45.5024375916
41.8491592407
40.4243888855
45.6909446716
46.4474143982
42.3215141296
43.5241699219
42.5864562988
39.1483879089
42.7165184021
46.378944397
42.805355072
45.0024871826
40.1730308533
44.2463645935
45.8403358459
40.7735671997
40.4595832825
44.6803245544
41.979763031
38.2269973755
40.978729248
42.865447998
40.5723876953
38.656867981
43.6227264404
43.152973175
38.1342735291
41.9357719421
45.6887435913
35.0737037659
37.7863578796
35.664981842
31.3391609192
33.1474075317
33.0960845947
28.6913452148
27.1531066895
29.4760684967
29.3086528778
25.6605358124
23.2242546082
24.7586784363
21.3830318451
23.5174427032
19.653673172
22.2567443848
26.457660675
25.5889434814
26.5316009521
21.4808120728
23.0110855103
19.3912296295
18.1769428253
17.9910907745
21.6528587341
22.9045562744
20.3918552399
20.9569568634
24.1074848175
25.9150314331
26.024433136
27.4255084991
22.6545753479
26.2317371368
23.0869789124
22.0079784393
25.6936264038
27.6671943665
23.1517658234
25.3415355682
23.3617687225
27.32188797
27.7754745483
25.5156116486
26.4751224518
23.0174121857
22.4685192108
26.2845897675
21.2625141144
24.522228241
23.51496315
24.1684074402
19.8598499298
18.4550914764
15.5147647858
18.0651226044
15.197716713
19.0826053619
21.4184627533
23.7344322205
25.7015991211
24.7362194061
27.659702301
24.7798614502
23.9391613007
27.4097938538
27.0206756592
28.0932006836
32.1023979187
31.4607467651
28.6207962036
26.9399929047
22.5491714478
19.4684314728
18.2655029297
20.396938324
15.2082252502
19.2606105804
13.7236328125
16.2499217987
13.9734563828
10.8468236923
11.3586864471
10.8234767914
15.2938394547
14.7573413849
12.8654403687
15.2058734894
15.1386766434
15.9741744995
20.047914505
20.0363445282
17.0096759796
15.1089363098
12.6493148804
10.2079658508
13.1775074005
9.64428710938
14.7895145416
12.3083305359
16.1795520782
19.1991043091
18.3699626923
21.2541332245
19.005859375
18.8997612
15.2224121094
14.6192245483
18.0580387115
18.9280471802
14.4444789886
17.6966609955
21.9899101257
17.7052268982
17.6133918762
20.9312667847
23.1260700226
20.3187656403
22.5240879059
26.2955970764
23.8063850403
24.73412323
28.7223091125
29.1941223145
28.7342453003
29.0280818939
32.7134666443
31.5332546234
28.7283706665
30.8455715179
34.5546836853
31.8306274414
30.6746292114
36.3667869568
36.7912025452
33.1060523987
34.5644950867
39.0750732422
36.2562866211
39.8737640381
34.5829391479
34.2420501709
31.6196022034
31.0261554718
34.8089370728
29.6503982544
27.1435317993
29.290599823
30.0910320282
26.4439163208
25.9334545135
30.7993984222
28.4381732941
23.7768859863
27.2451953888
30.8625240326
28.5459308624
24.6164455414
23.750629425
20.0533256531
18.8365440369
19.3476448059
44.0423774719
46.2412567139
44.3070526123
45.347530365
46.4479141235
42.8331031799
44.8531761169
42.6102104187
39.4890022278
35.5763435364
36.7895622253
31.4917602539
32.3827056885
27.4529914856
26.68491745
23.054353714
19.3273735046
20.9753742218
24.5762462616
25.2651996613
28.6181907654
34.5555000305
33.4207229614
37.8614692688
35.0370254517
37.6868400574
36.7552986145
38.385307312
42.140663147
40.132183075
35.6491241455
39.2797584534
41.416809082
36.3807945251
34.8550262451
39.7744750977
37.8827362061
33.6705207825
36.2167930603
40.158706665
40.0711975098
35.5242156982
36.8560714722
35.2015380859
33.1511268616
31.6453418732
28.1605224609
30.0985164642
27.7098808289
30.2142944336
29.4693088531
24.889497757
21.3059940338
18.2555446625
18.8597831726
22.5474739075
21.7200012207
18.327955246
20.9243068695
24.9398517609
21.8750839233
20.4680709839
24.6246757507
25.9772624969
23.2901191711
23.4229927063
18.8668823242
20.2032260895
17.3185195923
18.8474941254
16.5164432526
19.7156963348
23.1577205658
21.2939987183
20.9565582275
25.8467102051
26.1987323761
25.3149795532
25.9685726166
29.0796337128
30.0526256561
29.787858963
31.6801528931
33.8415870667
34.8690948486
34.7766075134
37.3596076965
38.5975036621
39.0910263062
39.7168045044
43.5252304077
45.3891677856
47.9514160156
44.7928466797
45.5344161987
42.8296775818
42.2644462585
41.9207458496
40.460193634
37.4053230286
39.0524139404
37.9115600586
32.7238311768
33.8823776245
37.6583442688
32.5994644165
29.604429245
33.3063850403
31.2200698853
27.6330795288
27.7796459198
30.7013626099
27.8193836212
24.6311607361
26.5286579132
24.4042816162
28.6071186066
30.6792373657
31.7857170105
35.044002533
35.2116699219
36.7609672546
41.0357398987
38.6909751892
40.0980072021
45.0904197693
42.6111946106
43.4524726868
47.9673194885
47.3751335144
45.0148506165
49.2335014343
51.1683769226
48.9379844666
50.35754776
53.9690437317
55.0513839722
53.7503356934
55.4765586853
59.6869430542
57.7250976562
58.298160553
61.6327018738
63.9560394287
62.7364387512
62.1267623901
66.9295120239
67.2973709106
66.8856887817
69.0174484253
72.0761489868
71.7559051514
70.8817443848
75.9618377686
76.7223434448
75.8242797852
78.0816879272
81.1051559448
80.8083267212
78.2728729248
78.6152648926
75.9250640869
75.871131897
75.0551681519
73.2304534912
70.1407318115
70.2808609009
68.6562805176
66.0057754517
65.1151504517
65.4947509766
62.9261817932
59.6761703491
59.987865448
59.410949707
57.3761100769
56.1623649597
55.5454711914
54.6111373901
51.0953559875
51.0137672424
51.1900177002
48.9195404053
45.2005310059
46.7319564819
47.5146141052
43.0986976624
41.7054290771
42.8049583435
41.8133163452
37.6925888062
38.3189849854
40.5404663086
38.2696418762
33.99168396
36.8665847778
34.1138381958
31.180644989
27.4753170013
28.2903137207
24.5404911041
21.5824680328
23.8237915039
25.8184108734
21.4647464752
18.4532146454
19.8458747864
24.4278850555
24.7731609344
25.2595920563
26.7397842407
28.991071701
29.9727802277
31.2755432129
33.466129303
35.4170875549
35.3785171509
36.2465896606
38.9802474976
40.4318847656
40.4400367737
38.0634689331
37.8604927063
33.1718902588
34.849319458
36.6191940308
32.0375709534
28.4699401855
28.7939453125
29.5245800018
24.9891490936
25.7891864777
29.3346500397
25.3511047363
21.0966625214
23.8118095398
26.1516971588
23.6592617035
27.1015930176
29.678150177
30.8733348846
29.2678642273
31.3731803894
34.3753128052
37.7874832153
37.0577011108
30.5071773529
32.7745666504
27.6084842682
26.5959262848
20.6868228912
41.6833114624
23.0286216736
54.0644760132
28.8428611755
32.7667770386
56.4916687012
29.221200943
30.1572151184
55.4873733521
57.3059921265
38.4380264282
53.0062866211
44.570728302
26.7114677429
42.9226226807
28.4403343201
31.9810237885
23.7888813019
28.8026294708
21.1639614105
22.6043605804
28.3023395538
23.802482605
25.5037212372
20.8795070648
18.3938999176
21.4330024719
20.2014884949
19.6982879639
20.5649909973
14.0932970047
17.165512085
21.400100708
25.7403488159
19.0636253357
23.2197647095
19.6839504242
25.0770111084
22.2274951935
21.2216510773
23.8984832764
24.1797599792
29.9096889496
30.4581298828
35.0209693909
34.9761924744
36.0020179749
42.1846694946
42.1193504333
45.3101882935
47.3043670654
48.7463264465
45.6803359985
45.7179298401
43.1691474915
48.4981079102
45.0171318054
47.8546333313
49.5981788635
52.5468902588
49.6142654419
45.1063690186
45.454120636
39.7080230713
41.2596664429
39.9992980957
37.4391326904
38.4898338318
38.8582649231
33.1969337463
32.941619873
37.3988456726
36.6997413635
31.2559223175
35.3474884033
36.868019104
33.3118782043
32.7627639771
38.1573562622
35.1477851868
31.6860332489
35.720199585
32.2540283203
34.413482666
36.8431930542
33.5291671753
36.1421737671
31.2743587494
30.7191257477
36.3665924072
33.8222846985
30.2405185699
32.6457214355
36.8288192749
32.8579788208
30.4980735779
36.2357902527
38.6390037537
33.2779312134
33.283493042
38.6289253235
41.5372467041
44.0497436523
46.6954193115
42.8279342651
41.8274307251
47.0065689087
47.3743057251
43.1040344238
44.4578895569
43.1813430786
39.4001235962
42.9046440125
46.7288208008
42.9130020142
44.7400283813
39.8900222778
43.5455703735
45.1825065613
40.2048530579
39.4670562744
43.519077301
40.947517395
37.1338424683
39.483341217
41.2950286865
39.1181335449
36.7879905701
41.5877571106
41.2805175781
36.1358184814
39.5350379944
43.4067268372
32.4782066345
35.4551925659
33.8033218384
29.1371879578
30.6043167114
31.3108863831
26.8684940338
24.6325798035
27.0561771393
27.7202548981
24.3165378571
20.8993721008
22.220331192
19.2968444824
21.6729888916
17.4998168945
20.3384628296
24.3090343475
22.883102417
23.9145431519
18.4589672089
19.7806663513
16.8719978333
15.1954507828
15.6394443512
19.7772407532
21.1977748871
19.7656269073
19.9384250641
23.3587303162
25.7274684906
25.7898616791
27.137638092
22.3740921021
25.2906990051
22.0262393951
20.2236042023
24.5762653351
27.1140632629
22.9762649536
25.6437282562
24.0063304901
27.1400566101
27.8793544769
26.1291847229
27.0349884033
23.0208530426
23.5193004608
26.6184940338
21.8549995422
25.5118312836
24.5626316071
25.8324108124
21.4574394226
19.5727748871
17.2322158813
18.8999118805
15.7166748047
19.3360157013
21.41979599
24.5278263092
25.5494861603
24.6034832001
27.3795413971
25.1796836853
24.0922756195
27.6585178375
27.6730976105
28.560213089
32.6760063171
32.5830764771
29.7390632629
28.5749111176
23.5694789886
21.7268505096
20.4777107239
21.9217262268
17.2280826569
20.3577747345
15.006280899
16.2907676697
14.4193687439
10.9026222229
9.34977722168
11.3013563156
14.3941020966
14.7809991837
14.0866518021
15.847536087
17.0261096954
16.9517421722
21.277513504
20.7928085327
17.859418869
16.9509429932
13.9590129852
11.9996232986
13.1427412033
9.70515537262
13.4900836945
9.87133598328
13.1468296051
15.4741535187
14.1827507019
17.2513790131
15.1966609955
15.649263382
11.8929176331
10.4920291901
13.8236675262
15.2459201813
10.5695610046
13.2386655807
17.9801425934
14.164598465
13.5223426819
16.6789360046
19.3880767822
16.9301071167
18.8202533722
22.5642929077
20.7571563721
21.5620269775
25.2729244232
26.0769634247
25.9209632874
25.9043121338
29.7460536957
29.1617546082
26.2579536438
27.8667507172
32.2056045532
30.040895462
28.435300827
34.1879234314
35.2392044067
31.7186889648
32.8134422302
37.8721961975
35.4392471313
39.5499038696
34.4099502563
33.9133987427
31.5214443207
30.3014431
33.859085083
28.9648456573
26.1633720398
27.734790802
28.4940853119
24.7682552338
23.8649959564
28.4052505493
26.3381614685
21.3119831085
24.2574920654
27.9411048889
25.7662410736
21.602519989
21.3265705109
17.5822906494
17.2642269135
18.4375495911
42.3900222778
44.3806419373
42.2896499634
43.0423545837
44.1561546326
40.4939155579
42.7330551147
40.7768363953
37.4792137146
33.6610717773
34.9838600159
29.5118961334
30.705997467
25.7513942719
25.222700119
21.2861118317
17.0598869324
18.8438911438
22.9115180969
22.9173469543
28.7825927734
26.2098636627
32.3225364685
30.9293365479
35.4961280823
32.6406021118
35.241230011
34.5614318848
36.1883354187
40.4391136169
38.6145629883
33.8995246887
37.7099876404
40.2009811401
35.1826171875
33.6078948975
38.7757148743
37.2512741089
32.9312171936
35.5571784973
39.873260498
40.1249465942
35.4721450806
37.0336685181
35.0333213806
33.393409729
31.8461818695
28.1654701233
29.3917541504
26.9991283417
30.2754249573
29.9688892365
24.6154689789
21.4322834015
17.832359314
18.8275566101
22.4227180481
20.618139267
17.2587375641
20.6472434998
23.7402439117
20.1365776062
19.1466732025
23.5595283508
24.1590251923
20.9551811218
21.4513244629
16.6879806519
17.9165916443
15.1449394226
16.491771698
13.3710317612
16.4661579132
20.1499156952
17.9847373962
17.0876159668
22.1970787048
22.599773407
21.366355896
21.8798122406
25.245677948
26.1969509125
25.6613769531
27.6942386627
30.0892848969
31.0423469543
30.73371315
33.5898094177
34.9364204407
35.2451095581
35.7568206787
39.6373519897
41.5244369507
44.111492157
40.8555984497
41.513633728
38.7149848938
38.1943664551
37.8953742981
36.3720016479
33.2626037598
35.0770072937
33.9071083069
28.5072555542
29.8100624084
33.8079910278
28.5980739594
25.5082435608
29.4769172668
27.4564914703
23.7706394196
24.1143016815
27.2726345062
24.4023685455
21.2110805511
23.546792984
20.9062252045
25.6016330719
27.3934135437
28.8920001984
32.081653595
32.1897239685
34.2597122192
38.3375015259
35.7589454651
36.9347991943
42.0809440613
39.2960853577
40.0611610413
44.7369308472
44.0323028564
41.4344749451
45.7420883179
47.7213630676
45.3380279541
46.7156333923
50.4592971802
51.453414917
50.0206108093
51.8515510559
56.1152114868
54.0211105347
54.5561294556
57.9738426208
60.3017272949
58.9895248413
58.4157409668
63.3102455139
63.5810546875
63.1376457214
65.3348999023
68.3776397705
68.0159988403
67.1635665894
72.2763061523
73.0032501221
72.0890197754
74.3976211548
77.0789031982
74.5241012573
74.8394393921
72.1211853027
72.0847549438
71.2757797241
69.4419403076
66.3072509766
66.4729614258
64.8550186157
62.1575737
61.2689933777
61.6915512085
59.1077575684
55.777923584
56.1370811462
55.5870742798
53.4938545227
52.2577857971
51.7052993774
50.7711410522
47.1477088928
47.1259269714
47.3932228088
45.060508728
41.2424545288
42.9205093384
43.7642440796
39.2061386108
37.8153305054
39.0995445251
38.103061676
33.818031311
34.6480331421
37.0687866211
34.6555480957
30.3097038269
33.5765151978
31.0054283142
27.6684627533
23.8202610016
24.3118724823
20.4999198914
17.6372489929
19.6883163452
21.4903392792
17.075050354
14.1436748505
16.0061473846
20.1214332581
20.4432792664
20.7993888855
22.5069484711
24.7427825928
25.6139011383
26.9568271637
29.2727584839
31.2249031067
31.1189517975
32.0749359131
34.9532661438
36.3879966736
36.2749824524
33.836730957
33.6220321655
28.847568512
30.6107006073
32.4102554321
27.7170658112
24.0660419464
24.5939254761
25.489780426
20.8719902039
21.4504795074
25.0695953369
21.2491722107
16.6407966614
19.3184814453
21.8862934113
19.3457374573
22.7760848999
25.3730278015
26.8078403473
25.2244148254
27.2357559204
30.3967018127
33.8108253479
33.2098655701
26.4765205383
29.0051326752
23.6835346222
24.6468276978
17.3991355896
38.3327026367
19.685667038
50.5280227661
26.9868450165
29.719827652
52.9386634827
27.9651584625
26.58319664
51.349861145
53.4932975769
33.5442428589
48.4765930176
39.7554168701
24.2925834656
37.9956932068
28.2651901245
31.0267524719
24.1164855957
28.0507907867
20.7920055389
21.5360450745
27.8804283142
24.1694374084
26.2477741241
21.1308422089
20.5009708405
23.3268280029
22.0373439789
21.8594093323
23.3996047974
17.0459899902
20.4526233673
24.1201591492
28.4917182922
21.7401409149
25.4856681824
22.0101585388
27.0861988068
23.2068080902
22.7711353302
24.7191009521
25.470916748
30.0636463165
30.582906723
35.2285423279
35.2149467468
35.6979103088
41.9401855469
41.5291175842
44.4699287415
46.577507019
47.6538467407
44.6008682251
44.7469482422
42.3926620483
47.6298217773
44.465549469
46.81848526
47.9383850098
51.7567062378
48.7514533997
44.9555892944
45.5087203979
39.4756317139
41.6066131592
40.3444328308
38.1588745117
38.1729354858
38.5169219971
33.3473739624
32.6397323608
36.244934082
35.8425750732
30.6393070221
34.1554946899
35.2533073425
32.019077301
30.8011112213
36.2996864319
32.8042984009
29.2457828522
32.9750442505
30.0269889832
32.6399841309
34.888507843
31.5604228973
34.8571624756
30.1377944946
29.5107402802
35.2477226257
33.3597373962
29.9966278076
32.3164024353
36.7925453186
33.3969268799
31.1051197052
36.4389801025
39.3253250122
34.460357666
34.4322624207
39.5095939636
42.7770652771
45.4366989136
47.7645797729
43.5920333862
42.8576965332
47.8458824158
47.747882843
43.285446167
44.5372238159
42.7955474854
38.7148857117
41.9650764465
46.0562057495
42.2034378052
43.7059936523
38.9674873352
42.0931167603
44.0664749146
39.3175315857
37.9452362061
41.7917442322
39.9051933289
35.9570007324
37.485244751
39.5613937378
37.8381996155
34.8955764771
39.3181228638
39.553855896
34.525554657
37.1493225098
41.2673072815
31.3265628815
35.0301895142
33.8940963745
28.8021793365
30.2194061279
31.944978714
27.4649276733
24.7205905914
27.4856700897
29.124212265
25.8865299225
21.781080246
23.0658435822
21.2879886627
24.0566673279
20.039686203
23.0307617188
26.5014705658
24.3283615112
25.0624771118
19.5043640137
19.6955490112
17.8113250732
15.060005188
15.6065788269
20.551568985
21.458070755
20.9960575104
19.9896297455
23.4869995117
26.140039444
25.67137146
26.5408325195
21.6287117004
23.3727588654
20.0989131927
17.4626140594
22.0526924133
25.0248031616
21.7490520477
24.7711181641
23.8715248108
25.909412384
27.3033599854
26.2283535004
27.5444049835
23.2370853424
25.2220497131
27.9105491638
23.7763156891
27.9396820068
27.5150661469
29.121509552
24.486623764
22.8422660828
21.2578125
22.8025302887
19.9931240082
23.4707508087
25.5146503448
29.0297794342
29.486700058
28.4078598022
30.7389831543
29.000919342
27.5172672272
30.8461666107
30.9066028595
31.3107433319
35.4620361328
35.6705589294
32.7576713562
32.3324050903
27.1025714874
25.6635761261
24.9156284332
26.3302326202
21.9096260071
24.9956607819
19.8214683533
20.6804904938
18.9353523254
15.498049736
12.9386005402
15.4935855865
17.5621795654
17.9673843384
17.6867370605
18.2886924744
19.8413257599
18.509054184
22.7355384827
21.3684844971
18.4558963776
18.9435386658
15.8111467361
15.005074501
14.779715538
12.6617431641
15.5623493195
11.8104600906
14.3411035538
14.8852596283
12.6749095917
16.3219089508
15.2310886383
16.8751735687
13.5190868378
10.3303852081
12.9057312012
15.3374557495
10.2912530899
10.6872148514
16.5436325073
13.3561649323
10.6051616669
13.392168045
17.5245914459
15.0697364807
16.0306415558
20.0949573517
19.3928260803
19.2839756012
22.6564998627
24.2497444153
24.2122554779
23.569896698
27.4486598969
27.7443294525
24.5276279449
25.3131961823
30.3002815247
28.7334785461
26.2806091309
31.8333644867
33.7109069824
30.3410987854
30.5909767151
36.2446327209
34.3201522827
38.8713760376
33.9578132629
32.8814201355
30.9737873077
29.3969326019
32.2965278625
27.5647640228
25.128786087
25.8847866058
26.1648712158
22.4403591156
21.650680542
25.3107585907
23.1560783386
18.2088832855
20.9808254242
24.0705890656
21.6252403259
17.423210144
17.6868286133
13.8707695007
14.9290876389
16.5585479736
38.7539329529
40.4474906921
38.0086250305
38.3719291687
39.6616744995
36.0442314148
38.7702064514
37.2654457092
33.5404167175
29.9336509705
31.0502872467
25.7042102814
26.9478549957
22.2230148315
21.9376106262
17.885137558
13.4964933395
15.4224214554
19.6139907837
18.8243846893
24.6354541779
21.9134407043
27.8672962189
26.370016098
30.9273262024
28.45728302
31.0818328857
30.9950046539
32.9650421143
37.5006942749
36.2092247009
31.1028575897
34.595451355
37.6787719727
32.9634475708
30.9963436127
36.232219696
35.4105186462
31.0485916138
33.3029251099
38.0951766968
38.6382980347
33.9004554749
35.4791946411
33.0380363464
31.9291687012
30.5318832397
26.861618042
27.3462753296
25.2537345886
29.3479671478
29.8374538422
23.7185401917
21.0873317719
17.0851287842
18.8621253967
22.2694034576
19.4861602783
16.60729599
21.1354045868
23.0884723663
19.0452766418
19.1977443695
23.6334133148
23.3584899902
20.0158405304
21.3333320618
16.2144584656
16.6963405609
13.6731777191
14.0757350922
10.1749353409
13.5987892151
17.195476532
13.7998046875
13.1416435242
18.7418308258
18.5557041168
16.8436260223
17.7021942139
21.3029994965
21.5937366486
21.0441627502
23.6755256653
25.7322845459
26.1771812439
26.1599826813
29.3576564789
30.2675876617
30.3112297058
31.1421833038
35.0004615784
37.1207008362
39.5268478394
36.0977210999
36.8808021545
34.3292427063
33.5362243652
33.0498275757
31.7908096313
28.5571346283
29.9917221069
28.9241981506
23.7745838165
24.7792758942
28.5330867767
23.517118454
20.4475898743
24.1671257019
22.2093276978
18.6930389404
18.903875351
21.9725532532
19.5234165192
16.3459815979
18.7581920624
15.9337310791
20.7488937378
22.5909957886
24.3368377686
27.3950843811
27.7539100647
30.2987060547
34.0873031616
31.5816669464
32.1661071777
37.4356956482
34.6292037964
35.0921325684
39.8909645081
39.4088401794
36.615486145
40.7009124756
42.902217865
40.6593055725
41.7336845398
45.443107605
46.6310501099
45.254108429
46.8032188416
51.231754303
49.331943512
49.6786460876
53.029460907
55.4686050415
54.2223434448
53.4662895203
58.3445663452
58.8678779602
58.3663673401
60.427066803
63.6102218628
63.33020401
62.3668823242
67.4832992554
68.3587036133
67.4538345337
69.6417236328
72.7293548584
72.5456542969
70.0481796265
70.5179977417
67.9501342773
67.8614807129
66.8533859253
65.0416412354
62.0945510864
62.0962677002
60.3201065063
57.8140335083
56.9100799561
57.1579399109
54.4651603699
51.4231414795
51.600528717
50.8604431152
48.896648407
47.8861656189
47.0506095886
45.9267234802
42.5385055542
42.5220985413
42.4542655945
40.0897445679
36.5621986389
38.0769462585
38.6318778992
34.1496658325
33.9628601074
32.8200073242
28.6954727173
29.7165699005
31.808588028
29.2639770508
25.1118774414
28.4854621887
25.9278736115
22.4528541565
18.7908287048
19.267118454
15.7314949036
12.8323020935
14.7578315735
16.9240245819
12.9004840851
9.65758037567
11.3871707916
15.6327514648
16.8574504852
17.2673511505
19.5968494415
20.8642654419
21.6247730255
23.5731086731
25.7535037994
27.0114498138
27.3083152771
28.8771934509
31.2006454468
32.2735404968
32.4695014954
29.8272418976
29.8948402405
25.3529987335
27.1469154358
28.298997879
23.4912376404
20.25756073
21.1128139496
22.9473152161
18.1703128815
17.9178905487
22.1914386749
19.3148708344
13.9043540955
16.186712265
19.9071235657
17.2839927673
20.2585353851
22.7366924286
25.0170383453
23.3596343994
24.6539173126
27.7662506104
30.705991745
30.1995391846
23.5198497772
25.8978710175
20.4153614044
23.9918289185
16.2111854553
36.6525497437
17.3594684601
48.5359611511
26.0638084412
28.3190555573
51.0384140015
27.7387638092
24.7765312195
48.913646698
51.1832389832
30.3894252777
45.6561584473
36.5349502563
23.0831565857
34.8420791626
29.068365097
31.326084137
25.6728363037
28.8198757172
22.2007408142
22.2241382599
29.0654850006
25.8617649078
28.3524436951
23.2029895782
23.6272296906
26.2570133209
25.1872577667
24.874162674
26.8048343658
20.6081809998
23.7982521057
27.0856075287
31.3366584778
24.269443512
27.6624526978
24.0714569092
28.8276557922
24.1294975281
24.0631446838
25.2958316803
26.2492160797
29.9636421204
30.3252067566
34.9788856506
34.8034553528
34.9208068848
41.1908607483
40.4458427429
43.207572937
45.3496932983
46.1416893005
43.0968399048
43.1615028381
41.0299263
46.1559410095
43.1940879822
45.2389945984
45.9964141846
50.3843421936
47.3389205933
44.1393127441
44.8763618469
38.5627822876
41.3026733398
40.0239334106
38.1106338501
37.3660087585
37.576423645
32.8349838257
31.8157997131
34.7180862427
34.5429077148
29.5175170898
32.5148506165
33.4166259766
30.361076355
28.6032409668
34.1329193115
30.3901367188
26.6234416962
30.2109279633
27.5785808563
30.3983535767
32.5297698975
29.235332489
33.0762062073
28.5161647797
27.752986908
33.5318565369
32.2428283691
29.0645236969
31.2376823425
35.927947998
33.072807312
30.8343811035
35.7593574524
39.0370025635
34.6393661499
34.5697822571
39.3697433472
42.9175415039
45.6861839294
47.7334899902
43.327960968
42.8279647827
47.6272468567
47.1420097351
42.5441131592
43.723449707
41.6147003174
37.3049278259
40.348777771
44.6286582947
40.7504501343
41.9990310669
37.364944458
40.080821991
42.329246521
37.7725486755
35.9116210938
39.6134567261
38.3093414307
34.253868103
35.1333808899
37.467010498
36.1330909729
32.7332572937
36.8773994446
37.5629348755
32.6868362427
34.7292022705
39.0491142273
30.2603416443
34.6063766479
33.7777519226
28.4146842957
29.9800510406
32.3975410461
27.9162864685
25.0306682587
28.1099224091
30.345697403
27.1909141541
22.8967494965
24.281206131
23.5156745911
26.616230011
23.014509201
26.1805019379
29.2379970551
26.5431537628
26.7252120972
21.4212856293
20.4029254913
19.184425354
15.6521129608
15.9130125046
21.322927475
21.5706939697
21.7502784729
19.6647396088
23.0799369812
25.8434467316
24.8834877014
25.3104896545
20.3956871033
21.09425354
17.8616905212
14.5449552536
19.3685035706
22.7592658997
20.2016410828
23.5049037933
23.189748764
24.2063140869
26.0870475769
25.6244544983
27.2403831482
22.7943878174
26.0169906616
28.3518619537
24.8691444397
29.3731937408
29.4647293091
31.282201767
26.4868621826
25.1830997467
24.2903671265
25.846912384
23.5468158722
26.9710292816
29.1274967194
32.8704986572
33.0336685181
31.7118434906
33.5557174683
32.0655670166
30.2180271149
33.2308311462
33.2082176208
33.1485786438
37.2765159607
37.6561012268
34.6976890564
34.9419288635
29.6679859161
28.4632110596
28.2544460297
29.7374019623
25.6199512482
28.8514385223
23.9405632019
24.8195266724
23.2327957153
19.5977287292
16.6674518585
19.02409935
20.4484901428
20.5767154694
20.4755535126
20.0697498322
21.7911872864
19.4453353882
23.3935375214
21.3246822357
18.624502182
20.292301178
17.2183971405
17.4265480042
16.1062889099
15.3517503738
17.5847549438
14.3421459198
16.4517288208
15.6094493866
13.0282468796
16.9770259857
16.8777637482
19.5432834625
16.561044693
12.4977293015
14.5445146561
17.7018356323
13.1757583618
11.2392206192
17.579656601
15.4235448837
10.8734235764
12.6054010391
18.006313324
15.7113523483
15.3637752533
19.5596904755
19.9865970612
18.5725708008
21.4668197632
23.9135360718
23.7518787384
22.3062725067
26.1203861237
27.3745651245
23.8743991852
23.7267932892
29.3108482361
28.3818035126
25.1161975861
30.4528102875
33.065158844
29.8605766296
29.3247585297
35.4675521851
33.9862556458
38.8633308411
34.1728286743
32.5281791687
31.0938091278
29.3220462799
31.5606594086
26.9672317505
25.0764122009
25.0223236084
24.8298072815
21.1906280518
20.6125297546
23.3808498383
21.1112422943
16.4282913208
18.9412689209
21.5900020599
18.8627281189
14.5487232208
15.2302370071
11.0639648438
13.894367218
15.6297683716
36.2623558044
37.7800674438
35.0453681946
35.1747741699
36.6751785278
33.1179161072
36.185043335
34.9570770264
30.8894462585
27.383020401
28.1826553345
22.9806461334
23.9773044586
19.4107227325
19.0291576385
14.9192180634
10.2780418396
12.0468425751
16.4573974609
15.0879230499
21.1543884277
18.6725254059
24.5341262817
23.2276344299
27.797498703
25.7083187103
28.4101829529
28.6929283142
30.9197750092
35.6401977539
34.7667007446
29.3410148621
32.5321998596
36.0774078369
31.6270561218
29.2888526917
34.5321388245
34.294631958
29.9205627441
31.7346000671
36.9082527161
37.6058616638
32.7990036011
34.2180671692
31.4095458984
30.6574249268
29.5490474701
26.0393428802
26.0182380676
24.2962932587
28.9814395905
30.2065048218
23.6240119934
21.558134079
17.5125999451
20.009059906
23.0764007568
19.6238136292
17.584897995
22.808008194
23.6294193268
19.4974479675
20.909942627
24.9776172638
23.8634128571
20.7995262146
22.9301567078
17.9596290588
17.4518222809
14.4753894806
13.5382852554
9.61641025543
12.9422512054
15.7698383331
10.9914093018
11.2226629257
16.7530403137
15.9855518341
13.9100894928
15.2735891342
18.9078731537
18.6448097229
18.1026973724
21.3643131256
23.0385093689
23.0964241028
23.307308197
26.8299369812
27.3666095734
27.1496772766
28.2510471344
32.0818939209
34.4213523865
36.6352348328
33.0040740967
33.7979393005
31.451757431
30.3305797577
29.7739143372
28.8241653442
25.319524765
26.4580173492
25.6061954498
20.619392395
21.1853523254
24.9308757782
20.0946235657
16.8267402649
20.3360424042
18.6695423126
15.0987024307
14.946472168
18.2517528534
16.1630687714
12.6153001785
14.8921022415
11.6981935501
16.6189823151
18.402551651
20.2287216187
23.2998199463
23.7729644775
26.5565013885
30.2402839661
27.8040714264
28.1327152252
33.4811782837
30.7254981995
31.0947113037
35.9315643311
35.5988006592
32.7957077026
36.7897529602
39.0730628967
36.9804840088
37.952003479
41.5917892456
42.9305877686
41.6878929138
43.049030304
47.5217819214
45.8218955994
46.1389694214
49.3962211609
51.891166687
50.7827911377
49.9310417175
54.7150382996
55.4538955688
55.0055465698
56.9491539001
60.1998634338
60.0372543335
59.0347671509
64.102684021
65.0887069702
64.261138916
66.3634338379
69.4656066895
69.3986816406
67.0326766968
67.5882720947
65.1577835083
64.9513702393
63.8124809265
62.0959625244
59.2837791443
59.0702781677
57.203830719
54.9089355469
53.9043312073
53.9643821716
51.2887001038
48.4643173218
48.4118118286
47.5422210693
45.7573394775
44.8312988281
43.705997467
42.5268211365
39.3642234802
39.2004165649
38.8661270142
36.575504303
33.1972122192
34.4623527527
34.8943557739
30.5218925476
29.3366241455
30.0897598267
28.952375412
24.8830394745
25.8093070984
27.7706241608
25.3500137329
21.0457763672
24.3533477783
21.8060188293
18.3012752533
14.520904541
15.2681760788
11.7747125626
8.68729782104
10.9928350449
13.6799869537
10.1862430573
6.84367609024
7.9825258255
12.8827848434
15.3525524139
15.7714653015
18.769367218
18.8183422089
19.3867797852
21.9850788116
24.0173091888
24.4861068726
25.1616649628
27.3799324036
29.157617569
29.846162796
30.2590847015
27.3834075928
27.642660141
23.3997478485
25.0337085724
25.5180873871
20.7095565796
17.9825248718
18.7860832214
21.5176830292
16.664516449
15.7510976791
18.7723178864
13.1472396851
14.9897012711
19.7207050323
17.4355792999
19.7269229889
21.8618850708
24.9663906097
23.4179458618
23.9426956177
26.9307308197
29.334280014
28.9266090393
22.455078125
24.4961585999
18.9400959015
