50.4797859192
50.4249763489
49.5514717102
52.5155296326
50.1290397644
52.5360107422
50.4779853821
54.8436775208
55.8662033081
56.2091178894
57.0129051208
57.3096580505
56.0601196289
56.6235046387
57.7393341064
56.5854797363
56.5644302368
54.7991638184
55.4021568298
55.1535301208
54.2668533325
54.5007858276
54.6837234497
52.7840995789
54.075958252
51.3944892883
53.7001800537
52.888004303
52.3628730774
53.3851356506
51.49193573
52.9041442871
51.4002685547
51.6940574646
51.5332603455
52.5376777649
54.0333938599
53.7652626038
56.8999786377
55.7644844055
62.1032066345
60.9261360168
63.8482589722
60.5408363342
54.7481117249
52.5165481567
51.4936256409
52.2272911072
52.5952720642
51.4382972717
50.7069664001
51.9273109436
51.9256744385
51.4108161926
52.7351799011
52.9597358704
53.6213378906
52.3817634583
51.8503723145
50.7406692505
50.1051940918
49.5458564758
48.7458763123
49.5097236633
49.2238922119
51.1927680969
52.8319282532
56.0696678162
55.4208221436
54.002456665
52.0097007751
51.254108429
50.7314567566
49.5600814819
50.9402046204
51.5990180969
53.5082206726
53.706287384
56.3631706238
57.0405578613
56.777545929
57.4473762512
59.2451210022
59.0390853882
59.1191520691
59.9608192444
61.5077857971
61.7929916382
61.8778533936
63.6606407166
65.5788497925
64.0756912231
62.5937194824
60.596157074
61.1826705933
61.0670509338
60.3582229614
58.8590278625
59.2345123291
59.0603179932
57.362323761
57.0155906677
57.226398468
56.5983123779
55.4117431641
55.4580383301
55.9416465759
54.8347892761
53.9417419434
54.855266571
54.6781349182
53.2143783569
53.7833442688
55.1418418884
54.442489624
53.4366035461
54.2593383789
54.0701332092
55.5157051086
54.8040657043
56.5141792297
56.4264984131
56.1000785828
57.1261978149
57.4482307434
57.1798667908
55.3600158691
55.4436149597
54.3557243347
55.8777160645
55.3335571289
56.9561576843
56.469165802
56.4750785828
55.2206802368
55.1086387634
53.390411377
53.7021903992
53.5093536377
54.0722694397
53.1788253784
54.4859771729
55.924785614
54.6682472229
56.0466766357
55.0543251038
55.933795929
57.0116691589
57.6448402405
59.0042648315
58.6277618408
59.1653900146
60.4631881714
58.3678588867
58.5655555725
61.1725616455
60.4996032715
58.7128372192
58.4100418091
58.9953079224
61.3015136719
61.2972221375
59.0343208313
60.3147163391
60.0945281982
61.4346237183
60.6723213196
60.573059082
62.3956451416
63.5722503662
63.3576927185
59.3607177734
58.7803039551
59.3872795105
57.8518104553
56.3740539551
56.0406265259
56.9131889343
56.501499176
54.7113494873
56.1835441589
57.9358901978
55.2966651917
55.2476806641
56.4066619873
56.7749328613
55.4720802307
57.4457473755
57.4584197998
58.478061676
57.8992462158
60.0049476624
61.4142112732
60.9495582581
62.6466598511
62.2498474121
60.9483985901
61.5454711914
63.1635398865
64.2823104858
64.0577926636
64.5663833618
63.574634552
65.7937393188
65.0199203491
62.1418266296
64.0443725586
65.9511947632
63.7241821289
62.5990409851
64.9175949097
65.177986145
62.9247245789
63.4180831909
65.6923446655
64.7776184082
64.2742385864
65.6362991333
66.2930603027
64.8470153809
64.385597229
62.541179657
62.0794868469
62.1603050232
60.9505348206
62.7007293701
62.6451835632
61.3058929443
60.6797370911
62.5089035034
63.6375236511
62.4733924866
60.8102416992
63.1047019958
63.2848892212
60.0887145996
61.909526825
63.9646949768
61.203754425
61.4449539185
61.2651405334
62.8135528564
62.0826339722
63.9699401855
65.7670974731
63.7951507568
62.6263465881
62.990852356
63.4033660889
61.5505523682
60.8393440247
62.1183891296
61.0997276306
59.4378509521
61.1219367981
60.179473877
58.9437675476
58.2312011719
59.2477493286
59.3514823914
57.8250083923
57.4018249512
59.1930046082
61.0079727173
60.5729217529
60.9917564392
60.145816803
61.0968017578
60.7421417236
59.8268814087
60.39270401
61.3644790649
59.3519668579
61.5851173401
64.6970977783
61.0148200989
62.3800506592
59.4492073059
60.2827453613
62.6041984558
61.3771858215
62.146774292
61.6359558105
60.5166778564
60.7351951599
58.5449409485
58.8287658691
58.9397888184
58.3289833069
54.3642692566
53.2916030884
53.5628204346
51.456073761
51.4050750732
50.8433189392
50.1290245056
52.6445121765
52.7002334595
51.6455955505
50.3217277527
54.0087127686
54.5110321045
55.178188324
55.8280296326
55.8776283264
54.9391288757
55.3639297485
56.4504051208
55.5833015442
55.7842025757
54.2909660339
53.8370780945
53.1643295288
53.121295929
53.8304901123
52.0858039856
53.8592567444
52.0843887329
53.9809112549
54.1775550842
53.5028266907
53.9452705383
52.1131134033
52.8777389526
51.2148017883
51.1902160645
50.6077346802
51.7619285583
52.7240219116
52.9550857544
55.7412757874
55.2078399658
60.2016830444
59.2086410522
61.9816093445
60.0748291016
54.9063835144
52.5118293762
51.8838539124
52.8857307434
53.1477203369
51.9228363037
51.7472190857
52.9367370605
52.6790885925
52.4711685181
53.5064582825
53.6818122864
54.0806999207
52.8471755981
52.0652503967
51.4890518188
50.7026672363
50.4430999756
49.8555450439
50.2428627014
49.6864395142
51.7809638977
52.8613777161
56.066280365
54.824848175
53.0882339478
51.6529083252
50.3125305176
50.4819259644
49.7545967102
50.8925132751
51.8498382568
53.2048835754
53.5261650085
55.958152771
56.5037612915
56.1634025574
57.0522499084
58.5661888123
58.2555732727
58.6885261536
59.4459228516
60.7709503174
61.1481704712
61.3811302185
63.0676574707
64.9779815674
63.6616134644
62.2376708984
60.3519134521
61.0684432983
61.104850769
60.4811592102
58.8723754883
59.2211952209
59.2877120972
57.6153526306
57.0462837219
57.4083595276
57.066532135
55.7655067444
55.6386070251
56.3274345398
55.4407577515
54.4376525879
55.2348327637
55.3163223267
54.0455093384
54.3497657776
55.6735649109
55.3007392883
54.3525619507
55.0576896667
54.5718460083
55.7937850952
54.8057365417
56.4654426575
56.0780448914
55.95753479
56.6471748352
56.9894371033
56.5025978088
54.9284820557
55.1996383667
54.0905570984
55.6678543091
55.3881263733
56.9590187073
56.7570953369
56.66796875
55.4135246277
55.1906318665
53.5927314758
53.8244552612
53.3438491821
53.6969566345
53.2441673279
54.2348937988
55.6688156128
54.7403564453
56.3136558533
55.5733146667
56.5060043335
57.6755256653
58.4403419495
59.6794509888
59.1120796204
59.5832366943
60.6724586487
58.6101989746
58.5019760132
60.9470748901
60.1461448669
58.4623336792
58.09582901
58.4815101624
60.7832183838
60.7197380066
58.6518440247
59.9807167053
59.9757385254
61.3487129211
60.6945800781
60.4384918213
62.133392334
63.4452095032
63.3016586304
59.8074836731
59.2873458862
59.948387146
58.4095458984
57.1072807312
56.7349777222
57.8026618958
57.1865348816
55.4660415649
56.8730163574
58.5473670959
56.1419754028
55.9502906799
57.4044418335
57.5788803101
56.2408981323
57.9541931152
58.4590682983
58.9720420837
58.7793884277
60.7939491272
61.8596420288
61.5921859741
63.0463562012
63.2401199341
61.7913818359
62.09532547
63.6983985901
65.0311508179
64.4138259888
65.0572433472
64.0155258179
66.090713501
65.3776931763
62.6608505249
64.3161087036
66.1875076294
63.8854522705
62.9595146179
65.1965942383
65.4325561523
63.2540626526
63.7410621643
66.112739563
64.9852218628
64.4435806274
65.9403533936
66.5208129883
65.0532226562
64.6001739502
62.764957428
62.4557762146
62.6887664795
61.3988761902
63.0208396912
63.1444778442
61.8546066284
61.1072845459
62.7291526794
63.977596283
62.9118728638
61.3728103638
63.6568412781
63.7418708801
60.8551979065
62.5950241089
64.3571243286
62.0954742432
62.0752029419
61.9495506287
63.4867668152
62.616481781
64.683555603
66.3723678589
64.0642776489
63.1280059814
63.5065765381
63.7951393127
61.9321174622
61.3695411682
62.5329933167
61.5319328308
59.8577804565
61.4304199219
60.6237602234
59.2257270813
58.5212860107
59.5787315369
59.6578292847
57.9609947205
57.6870231628
59.5078887939
61.1257019043
60.705532074
61.0123100281
60.371711731
61.3496437073
60.7745361328
60.0131721497
60.63854599
61.5462684631
59.8259391785
61.9308433533
64.9386367798
61.4953956604
62.9079856873
59.8957099915
60.7573738098
62.9526176453
61.8746643066
62.5356712341
61.8019294739
60.7790412903
61.161491394
58.932800293
58.9777641296
59.2238082886
58.6971206665
54.9908752441
53.9144706726
54.5147857666
53.1846389771
53.387348175
53.0189056396
52.5360145569
52.7002487183
55.5546798706
52.4435310364
52.762172699
55.2030525208
56.6173934937
57.1300239563
58.266872406
58.9039154053
58.1887626648
58.8926582336
60.1496353149
59.6401557922
60.0767593384
58.5148239136
57.7223777771
56.9483795166
56.4962425232
56.4926834106
54.6996002197
55.1796531677
53.6270332336
54.2002677917
54.5779953003
54.7776794434
55.31823349
54.4113693237
55.2893486023
54.3084602356
54.8553504944
54.505317688
56.1025466919
56.7511825562
57.3333053589
59.5343666077
59.2879447937
65.0930023193
63.7599525452
66.4206314087
63.9784088135
59.5543212891
57.0463256836
56.403591156
57.3974838257
57.6684570312
56.2743186951
55.9608573914
57.2402648926
56.9207687378
56.3029327393
57.3535842896
57.2766723633
57.8449440002
56.8722076416
56.0524291992
55.1792182922
54.8261604309
54.0501441956
53.7038841248
54.4879608154
53.8255119324
55.8154907227
56.5008430481
59.3839759827
58.310043335
56.9628067017
56.0853652954
54.6287536621
54.9315757751
53.7426605225
54.9215888977
55.3434677124
56.207988739
56.8425750732
58.7728233337
59.5814361572
59.6072731018
60.5580596924
61.9998245239
61.3236579895
61.7307090759
62.7134742737
63.7974700928
63.8809776306
64.2268676758
65.8729629517
67.5075378418
66.3176879883
65.1162185669
63.4624977112
64.0293884277
64.333694458
63.5665206909
62.0046195984
62.6174659729
62.7259941101
60.9925193787
60.4476623535
61.1891403198
60.7360649109
59.3556060791
59.5372467041
60.345451355
59.2826499939
58.5204925537
59.4912910461
59.5396766663
58.1851196289
58.7150688171
60.1099243164
59.6485328674
58.6808853149
59.5946311951
59.1015548706
60.3818206787
59.2322273254
61.0248374939
60.4009132385
60.1906547546
60.6930389404
60.781211853
60.3127288818
58.9947242737
59.0483055115
57.7538032532
58.9082374573
58.3592376709
59.5027046204
59.3474082947
59.6776123047
58.6447639465
58.7647895813
57.2731590271
57.9171409607
57.5051612854
58.0288619995
57.678188324
58.7835159302
60.1967430115
59.3414726257
60.9897079468
60.2297477722
61.1491889954
62.3725395203
63.1240005493
64.4266281128
63.8496360779
64.3329849243
65.409324646
63.32213974
63.1480674744
65.4926605225
64.6431732178
62.9670600891
62.475063324
62.6723594666
64.921257019
64.6029434204
62.7163658142
64.3041229248
64.3835906982
65.7700500488
65.2335739136
64.9515609741
66.5163497925
67.9378204346
68.017074585
64.3696517944
63.8500137329
64.6186065674
62.937713623
61.5654945374
61.2433738708
62.2647132874
61.567565918
59.8102378845
61.2437667847
62.8289718628
60.2825279236
60.1148071289
61.6087341309
61.5961341858
60.1706237793
61.8723258972
62.3850593567
62.7683448792
62.3650817871
64.4304275513
65.3491363525
65.0503540039
66.5588150024
66.7568969727
65.3295669556
65.8289413452
67.1696472168
68.5465698242
68.1022338867
68.9184188843
68.0985946655
70.1307220459
69.2559814453
66.7537460327
68.5142211914
70.2545776367
67.8611602783
67.1773376465
69.4476928711
69.5083389282
67.4303131104
68.0409011841
70.4359359741
69.3217010498
68.89012146
70.464553833
71.0420303345
69.5328979492
69.144744873
67.3380126953
67.1332626343
67.3587036133
66.0180969238
67.6179885864
67.7342681885
66.4392318726
65.6700363159
67.1777267456
68.4005661011
67.2401275635
65.7362976074
67.8275299072
67.9352798462
64.9500961304
66.5854949951
68.284614563
65.942489624
65.9627914429
65.6102828979
67.0585327148
66.352104187
68.1091918945
69.8992919922
67.7192840576
66.6646194458
67.142578125
67.4622497559
65.6117248535
65.0906066895
66.3864746094
65.4553604126
63.8614196777
65.3722839355
64.8628005981
63.408405304
62.7309989929
63.9029884338
64.0112075806
62.3252449036
62.1373176575
64.018447876
65.6245880127
65.3114318848
65.5830307007
64.9474716187
65.8398742676
65.1388397217
64.2448577881
64.8471755981
65.7854995728
64.0661773682
65.9749603271
68.9883499146
65.5342178345
66.8452301025
63.8016281128
64.5238113403
66.5928039551
65.5534896851
66.0313262939
65.3412628174
64.1314163208
64.4814605713
62.3323707581
62.4224967957
62.3214836121
62.0084190369
58.3706855774
57.2876396179
57.3655815125
51.5672340393
51.4331321716
51.0693511963
50.6903266907
51.6456031799
52.4435539246
52.7830810547
50.2199440002
53.4443588257
55.2358856201
55.0342178345
56.2600975037
57.4205741882
56.0829582214
57.1754684448
58.7817192078
57.9486656189
58.3805770874
56.8813209534
57.0805664062
56.340297699
54.8991241455
53.9459342957
52.039024353
52.3010101318
49.9770736694
51.6772766113
51.1155319214
50.9013252258
51.6316757202
50.6673545837
51.8873214722
51.1755867004
52.0999259949
52.3245620728
54.1493263245
55.7006607056
56.1595458984
59.0711555481
58.7157096863
64.646522522
63.7005996704
66.5251159668
63.7516975403
57.5949249268
54.7663574219
54.1799316406
55.0396537781
55.1051826477
53.4523010254
53.1833343506
54.335144043
53.8035430908
52.7882614136
53.7650375366
53.5482406616
54.2863693237
53.5611953735
52.8878097534
51.7123603821
51.8643989563
50.711025238
50.922328949
52.3029975891
52.0855331421
54.5753555298
56.0164222717
59.2986373901
58.2186737061
56.4907493591
54.8234558105
53.3235206604
52.7635345459
50.9263725281
52.0634918213
51.919052124
53.0397605896
53.5928497314
55.618019104
56.6107559204
56.8551177979
57.5727996826
59.4174346924
58.7156105042
58.6216430664
59.8201293945
61.1692008972
61.0124588013
61.1667671204
62.9732971191
64.5521240234
63.0910873413
61.8675384521
60.1327400208
60.48462677
60.6926345825
59.8049659729
58.3992080688
59.1312828064
59.0050201416
57.2708015442
56.9509162903
57.7266197205
56.998462677
55.7060661316
56.1907234192
56.9100112915
55.6378059387
55.147480011
56.3275375366
56.2020492554
54.8083534241
55.6455192566
57.0955924988
56.4470405579
55.5543022156
56.873085022
56.3487014771
57.8162078857
56.6126174927
58.7717018127
58.0624847412
57.4689788818
58.220199585
58.0591468811
57.8924293518
56.410030365
56.0725364685
54.6916313171
55.6126060486
54.7766265869
55.8926887512
55.5113601685
55.9430503845
54.9957771301
55.3288459778
53.8593406677
54.8080101013
54.7056770325
55.6558494568
55.0612335205
56.7204360962
58.1330108643
57.0560684204
58.8352279663
57.8702926636
58.5751914978
59.9182090759
60.5352401733
62.0137748718
61.5157279968
62.351978302
63.5356864929
61.2652320862
61.3613777161
63.7450561523
63.0429344177
60.9665145874
60.285736084
60.5398788452
62.9032936096
62.3704414368
60.2267112732
62.1769676208
62.0071487427
63.4216957092
62.8950538635
62.8428878784
64.501121521
65.9343795776
65.5176696777
61.726650238
61.2296791077
62.1204376221
60.2599067688
58.5932388306
58.3483810425
59.368473053
58.6802024841
56.8665161133
58.3437194824
60.02526474
57.3116264343
57.1650047302
58.8471107483
58.7995796204
57.2642860413
58.9051399231
59.7755088806
60.2518005371
59.7818565369
61.8061485291
62.7951316833
62.8047676086
64.4212722778
64.907409668
63.2671051025
63.9293937683
65.5868911743
67.4131698608
66.7430877686
67.5773696899
66.5811004639
68.697807312
67.8676147461
65.0782928467
66.7987976074
68.7316970825
66.1597061157
65.3188400269
67.693862915
68.0643386841
65.6139907837
66.0593719482
69.0718841553
67.7040328979
66.9829177856
68.7701187134
69.5113372803
68.0694274902
67.3789672852
65.3219528198
65.1561660767
65.5285339355
63.9827728271
65.8278121948
66.052154541
64.5453491211
63.8816566467
65.5432662964
66.6041488647
65.4557113647
64.0149154663
66.2980957031
66.1312332153
62.9765014648
64.8802719116
66.3567047119
63.8251190186
63.554271698
63.5277671814
64.838973999
64.1061859131
66.4045257568
68.2204742432
65.6690216064
65.0248947144
65.1920700073
65.6440582275
63.601524353
62.7116546631
63.55210495
63.1209793091
61.7669067383
62.6257896423
62.7149238586
61.1922683716
60.4594917297
61.4814720154
61.5127754211
60.1723098755
59.8058586121
61.5958328247
63.5082473755
63.2000770569
63.8209495544
62.9132881165
63.7793540955
63.2799568176
62.2810287476
62.9188079834
64.2406692505
62.120513916
64.3608551025
67.7805633545
63.4548912048
65.0814819336
60.1383895874
60.7210655212
64.3185501099
63.6283683777
63.7962760925
63.3987045288
62.4482765198
62.6625785828
59.9192466736
60.4029045105
60.7386550903
59.9518890381
56.4885177612
55.6746635437
55.506149292
50.8356285095
50.9805145264
50.3391647339
50.4780197144
50.3217048645
52.7621421814
50.2199325562
50.5214767456
51.8461074829
53.0159454346
52.8182258606
53.7721977234
54.7712478638
53.2825431824
54.3590087891
56.0355148315
55.1132774353
55.5925559998
54.1745529175
54.3598747253
53.585773468
52.081615448
52.1659660339
51.3734512329
49.4950027466
50.8860397339
49.2081298828
51.7142944336
51.8641815186
50.5811805725
50.7048797607
49.0499191284
49.7507820129
48.5659103394
49.2305831909
49.4386138916
51.3360748291
53.1869163513
53.7298545837
56.8863983154
56.7505531311
61.1893348694
60.6187477112
63.4028320312
61.8841552734
55.1510314941
52.1604614258
51.8771247864
52.8317184448
52.7359733582
51.0075798035
51.1889152527
52.2372894287
51.4816398621
50.7364349365
51.4855384827
51.3123435974
51.8381080627
51.0654067993
50.2702407837
49.4950561523
49.5245475769
48.6340789795
49.1029777527
50.3847312927
53.0948028564
54.7207145691
58.1119995117
56.7155609131
54.5999755859
52.6817169189
51.03307724
50.1599235535
48.384552002
49.3465652466
49.4276390076
50.4749488831
50.9670906067
53.1241416931
53.9741096497
54.0816688538
54.8509902954
56.6768379211
56.0492973328
56.0545501709
57.1665382385
58.5614013672
58.525844574
58.675579071
60.4924850464
62.1833763123
60.70835495
59.4097557068
57.6100502014
58.0651016235
58.2221908569
57.4263191223
55.956287384
56.5820045471
56.5342597961
54.8382110596
54.4115791321
55.1294288635
54.5703086853
53.2520256042
53.5651092529
54.3469467163
53.2437934875
52.6418952942
53.7355575562
53.7464637756
52.507976532
53.162689209
54.5769233704
54.1302070618
53.3100891113
54.5925559998
53.8622665405
55.2191390991
53.8866004944
56.0881462097
55.2537994385
54.689491272
55.3897628784
55.2592506409
55.0474319458
53.5607337952
53.2962799072
51.9385986328
53.0223846436
52.4131355286
53.7125053406
53.4598274231
53.6335601807
52.5909996033
52.7480316162
51.3052139282
52.1229476929
51.9084815979
52.829662323
52.3852729797
54.0202407837
55.4156227112
54.4378890991
56.3476409912
55.4826393127
56.143119812
57.5597381592
58.2209129333
59.6446342468
59.053817749
59.9675445557
61.050075531
58.7619132996
58.7959899902
61.1051979065
60.4082221985
58.2554931641
57.5184516907
57.7437171936
60.1547393799
59.6217727661
57.4405174255
59.431438446
59.2736854553
60.7059669495
60.2038841248
60.1446380615
61.7995452881
63.2658805847
62.6286697388
59.2132148743
58.7647972107
59.6818122864
57.8384933472
56.2199859619
55.9474906921
57.1210708618
56.340473175
54.5686149597
56.0008659363
57.7039680481
55.1642951965
54.9096031189
56.8368797302
56.7357368469
55.17943573
56.6301345825
57.9459648132
58.1663551331
58.0327529907
59.9645652771
60.8108634949
61.063495636
62.5251121521
63.4966773987
61.6780700684
62.1009063721
63.967590332
66.0573120117
64.9815597534
65.8322219849
64.6494598389
66.7046737671
66.0070877075
63.1432189941
64.6286239624
66.6548919678
64.0303649902
63.1596870422
65.4892120361
66.0378341675
63.4763031006
63.7973022461
67.0642242432
65.4673690796
64.5686950684
66.4768295288
67.223449707
65.8291320801
65.005355835
62.8591957092
62.7635002136
63.2859268188
61.6442146301
63.4929733276
63.8739585876
62.3337135315
61.6434555054
63.2632293701
64.3460617065
63.3146209717
61.9779968262
64.389503479
64.0523529053
61.1051826477
63.0848808289
64.3157501221
62.1007499695
61.5401573181
61.7650871277
63.0658226013
62.1576309204
64.8897705078
66.596321106
63.6452026367
63.3505477905
63.3889389038
63.7943267822
61.6839256287
60.7561073303
61.3092765808
61.0293312073
59.7172737122
60.2995643616
60.5433998108
58.9329719543
58.170955658
59.1004562378
59.0778579712
57.7622299194
57.3711624146
59.1076698303
60.991355896
60.6503295898
61.339099884
60.4790077209
61.3868637085
60.8746414185
60.0158424377
60.7008857727
62.0960884094
60.04164505
62.3890571594
65.8535232544
61.4109344482
63.2200088501
57.6119728088
58.2429618835
62.2993049622
61.8112411499
61.9140663147
61.4721298218
60.7443237305
61.0254402161
58.039855957
58.5012130737
59.2084274292
58.1954727173
55.0100326538
54.3123588562
54.4379577637
54.5885047913
54.8577461243
54.7334518433
54.8436813354
54.0087394714
55.2030220032
53.4443511963
51.8460693359
54.2325286865
52.7921791077
52.3473777771
53.7892074585
55.5210189819
54.5413856506
55.9122772217
57.8816719055
57.6425437927
58.6634254456
57.6203422546
57.1302680969
55.8542709351
54.2872657776
53.7662010193
52.2723770142
51.0442390442
51.5064125061
52.0549545288
52.9752349854
54.2917556763
53.2915611267
52.5469589233
52.0768699646
51.7487335205
51.5569000244
52.2830123901
52.613735199
54.7854881287
55.9802398682
57.3335914612
59.6363601685
60.4555854797
63.5979614258
63.0789756775
65.6062316895
65.5066146851
59.682308197
56.4276428223
56.6218681335
57.7617416382
57.4893035889
55.5518608093
56.2143058777
57.2252960205
56.0844917297
55.253528595
55.565071106
55.0549964905
55.4060134888
55.0660858154
54.0813140869
53.7090148926
54.1421279907
53.2036895752
54.1130523682
55.3324203491
55.1093864441
57.7649841309
58.7685089111
61.9140815735
60.1160125732
57.9348602295
56.8785247803
54.778339386
54.4269256592
52.8842124939
53.2461967468
52.8821678162
52.5334510803
53.4199485779
54.5045509338
55.4520759583
55.9479866028
56.9633636475
58.3897705078
57.1804351807
57.501750946
58.7847213745
59.6482887268
59.318977356
59.7519493103
61.4110717773
62.7440261841
61.6115188599
60.6550102234
59.2825927734
59.6846427917
60.3119659424
59.4742851257
57.9883270264
58.8698196411
59.1359786987
57.4795837402
56.8544235229
58.1589355469
57.8173599243
56.3616104126
56.8369903564
57.9486274719
56.9531135559
56.5784339905
57.7076759338
57.962272644
56.9468650818
57.56042099
58.9523010254
58.7934074402
58.0879058838
59.5198631287
58.4287986755
59.574508667
57.7590446472
60.0860176086
58.600227356
58.0682220459
58.1826705933
57.6895980835
57.3451423645
56.5053749084
56.0981063843
54.5990715027
55.1128463745
54.5632171631
55.2330589294
55.4154548645
55.8796463013
55.1644973755
55.5748443604
54.5555496216
55.7226715088
55.358707428
56.309715271
56.4603309631
57.9527168274
59.2324295044
58.7015724182
60.9133033752
60.2874221802
60.8986625671
62.4974365234
63.253162384
64.6224441528
63.8115196228
64.77734375
65.5957870483
63.2991409302
62.9850540161
64.9236831665
64.0964050293
61.9603042603
60.9384880066
60.705821991
63.028137207
62.046836853
60.2855911255
62.7274551392
62.8398284912
64.302482605
64.0937347412
63.90234375
65.2423706055
66.9809494019
66.4994049072
63.6171340942
63.2854309082
64.3999710083
62.38306427
60.8489341736
60.6039047241
61.9566268921
60.8470535278
59.1571884155
60.4894752502
61.9858016968
59.6188087463
59.2032203674
61.5722198486
60.9980926514
59.301700592
60.3269882202
62.4035606384
61.8323097229
61.9799461365
63.8133239746
64.0457611084
64.6298675537
65.8631744385
67.777885437
65.6941223145
65.9825134277
67.679107666
70.2922210693
68.7496185303
69.9796295166
68.900970459
70.724861145
69.9640884399
67.4430618286
68.6764450073
70.5754165649
67.697517395
67.3023605347
69.5748901367
70.0408401489
67.5501327515
67.9263916016
71.5901184082
69.6072845459
68.6548614502
70.9047241211
71.6205215454
70.2091827393
69.3366317749
67.1426391602
67.38230896
68.1508712769
66.278717041
68.0048980713
68.6604385376
67.1111602783
66.2928771973
67.5489273071
68.6675186157
67.6840057373
66.5940551758
68.8261947632
68.2734909058
65.5892028809
67.4179916382
68.1022796631
66.4095230103
65.6230163574
66.7895584106
65.8860015869
68.7617263794
70.4268264771
67.0211868286
67.1021118164
67.1076965332
67.4585266113
65.2953033447
64.4573516846
64.8217849731
64.862411499
63.7045898438
63.7877655029
64.7783050537
62.913269043
62.1445770264
63.1699905396
63.1377830505
61.7901916504
61.5919799805
63.3549728394
65.0476837158
64.8654327393
65.5185699463
64.8398971558
65.6685409546
64.8430404663
64.0425338745
64.8080444336
66.2885894775
64.4761886597
66.5733261108
70.0359115601
65.5958786011
67.4599075317
60.9872055054
61.4557189941
65.7956542969
65.696937561
65.3702774048
64.8053588867
64.1612472534
64.5224685669
61.3836212158
61.6969337463
62.3963699341
61.4368934631
58.8123016357
58.1977996826
58.0195960999
55.7116928101
55.8236618042
55.5378837585
55.8662185669
54.5110473633
56.6173858643
55.2358818054
53.0159606934
52.7921714783
54.584815979
51.8559875488
52.4195365906
53.3748054504
52.9125404358
53.9164810181
55.745388031
55.7499656677
56.8863220215
56.0365943909
55.2894172668
53.9481887817
52.6765480042
52.0631904602
51.7181892395
51.310005188
53.2121658325
53.8603286743
55.2242355347
56.4793663025
55.1976089478
54.3212776184
53.318359375
52.4989242554
51.8722076416
51.8397903442
51.964176178
53.5758590698
54.456325531
55.9843215942
57.9608230591
59.1959152222
60.7792892456
60.5418739319
62.8706245422
63.9748001099
58.5346794128
55.452999115
55.9685440063
57.1429595947
56.8004074097
55.0521850586
56.0633010864
56.9394950867
55.7548980713
55.393661499
55.517414093
55.159412384
55.197063446
54.7325401306
53.6817817688
53.8872680664
54.0178222656
53.6233444214
54.4445343018
55.2338180542
55.1727409363
57.4849128723
58.3751068115
61.2757225037
59.25390625
56.9175453186
56.0460891724
54.1159820557
53.7832641602
52.9391059875
52.8569946289
52.9410552979
52.3935661316
53.0822525024
54.1328086853
54.6689872742
54.8146896362
55.9982681274
57.0583763123
55.9708824158
56.7688217163
57.7508201599
58.4511871338
58.4538154602
58.9983215332
60.5146141052
62.0092353821
61.0615882874
60.0382003784
58.6761322021
59.3255577087
59.929523468
59.2928733826
57.6908149719
58.34009552
58.8252029419
57.2688560486
56.4288597107
57.5885696411
57.5899391174
56.1339149475
56.2320365906
57.4105148315
56.7398300171
56.1379013062
57.0136795044
57.4833068848
56.6858863831
56.9508781433
58.2132911682
58.3493309021
57.7071113586
58.8667373657
57.6321029663
58.5183448792
56.6512641907
58.743724823
57.1647071838
56.8977928162
56.7615394592
56.4485435486
55.8670501709
55.2357177734
55.1506576538
53.8537101746
54.6329689026
54.5652961731
55.4392318726
55.8404960632
55.9141921997
55.0850257874
55.1469955444
54.2413139343
55.0231285095
54.4093093872
55.0358886719
55.5156135559
56.6137237549
57.7820587158
57.5321578979
59.7419319153
59.3401947021
59.9785690308
61.5503387451
62.3943138123
63.597076416
62.6684646606
63.5252685547
64.1608505249
61.983959198
61.4644851685
63.2291183472
62.3381690979
60.3730010986
59.390838623
59.057964325
61.3112449646
60.4356040955
58.8565406799
61.1165924072
61.3963165283
62.8396759033
62.6732139587
62.346496582
63.587348938
65.3534622192
64.9914245605
62.5676956177
62.295463562
63.3451156616
61.4582557678
60.1633834839
59.862651825
61.3177719116
60.1254425049
58.5695762634
59.7955322266
61.1925811768
59.1325683594
58.6412963867
61.079246521
60.4449005127
58.8376808167
59.7230186462
61.9663963318
61.1002388
61.6116981506
63.3542022705
63.3874588013
64.0677032471
65.0493545532
67.2460021973
65.1202011108
65.1183242798
66.8186416626
69.4807662964
67.62890625
68.8689956665
67.7110137939
69.4205627441
68.7795715332
66.3684692383
67.3775253296
69.255279541
66.4384689331
66.1238021851
68.2746505737
68.7736358643
66.3924942017
66.7239151001
70.3141098022
68.2376785278
67.2554244995
69.5145874023
70.1559143066
68.7856826782
67.921546936
65.779914856
66.0807800293
66.9111862183
65.0669555664
66.6578903198
67.4030838013
65.9317855835
65.0577011108
66.1505661011
67.3556442261
66.4921264648
65.5376281738
67.7337799072
67.1203079224
64.7793579102
66.5428466797
67.03540802
65.7643966675
64.6845321655
64.9545059204
66.1815261841
65.1524353027
68.1691360474
69.6830215454
66.1059951782
66.3659362793
66.376625061
66.6464004517
64.5536575317
63.8703422546
64.1767349243
64.1296844482
63.0100097656
63.8527832031
61.9762992859
61.2064476013
62.1805915833
62.1374702454
60.6803588867
60.535785675
62.2449684143
63.7057723999
63.4970169067
64.0301895142
63.569568634
64.4466400146
63.5113563538
62.9525680542
63.7385635376
65.0819396973
63.5654067993
65.5898742676
68.847442627
64.7845840454
66.6499938965
60.5287590027
61.1222457886
65.1135101318
65.049949646
64.8416519165
64.0959625244
63.5919876099
64.0682067871
61.0447921753
61.1390190125
62.023601532
61.0294342041
58.5719108582
58.0129051208
58.1486091614
55.9470977783
56.1619262695
55.8134536743
56.2090950012
55.1781692505
57.1300125122
55.0342178345
52.8182029724
52.3473930359
51.8559913635
53.1523475647
50.3555030823
52.9200515747
51.5223884583
53.3258666992
55.7318382263
55.5151443481
56.8232116699
56.2376899719
55.6667556763
54.2689933777
52.1125946045
52.0936088562
49.4464683533
49.8303527832
51.4483833313
52.6129951477
54.436340332
55.3854637146
53.5178184509
52.1723594666
51.4371833801
50.0800247192
50.3161087036
50.6332473755
51.7039260864
53.5113563538
55.326789856
56.779548645
59.2533302307
60.484954834
61.5544929504
61.5694313049
63.9944839478
65.515586853
58.696144104
55.2146682739
55.9923439026
57.0789985657
56.4378356934
54.3555107117
55.6618537903
56.3500595093
54.7602310181
54.0098609924
53.7717132568
53.1059570312
53.1786193848
53.2178115845
52.2475204468
52.4462394714
53.2817077637
52.5930862427
54.1728782654
55.4169654846
55.6695289612
58.3375053406
59.6147079468
62.792049408
60.7523918152
58.2263832092
56.8596916199
54.8582458496
53.7620010376
52.3841590881
51.8932991028
51.1017990112
49.9531211853
50.7542190552
51.2390289307
52.064666748
52.7342147827
53.7788162231
55.1270523071
53.6651229858
54.0387840271
55.3926506042
56.1362571716
55.6747627258
56.1678924561
57.8209533691
59.0868911743
57.9938278198
57.1130714417
55.8671913147
56.2715988159
57.0345039368
56.2474784851
54.7695655823
55.6899909973
56.1071548462
54.5621681213
53.8276481628
55.3509178162
55.1984405518
53.7547721863
54.2450561523
55.5061645508
54.6978340149
54.4909629822
55.5916213989
56.0085983276
55.3178901672
55.8563766479
57.1477813721
57.2462234497
56.7561378479
58.3852920532
56.9506530762
57.9228210449
55.7869262695
58.3280677795
56.3734397888
55.6642150879
55.5394363403
54.7257843018
54.471157074
53.9700927734
53.3217277527
51.8539543152
52.0236816406
51.7172317505
52.2228736877
52.7016906738
52.9793891907
52.4121284485
52.8226318359
52.2043952942
53.4840736389
53.1610488892
54.3230018616
54.7849273682
56.4440307617
57.5304946899
57.2257423401
59.6815185547
59.1723899841
59.5500259399
61.3201026917
62.0638885498
63.4131507874
62.4700012207
63.717830658
64.3475646973
61.9913787842
61.6263771057
63.2514801025
62.487953186
60.0953979492
58.776725769
58.3071174622
60.6263504028
59.2942810059
57.6155014038
60.4959220886
60.6080513
62.0849609375
62.066318512
61.9402732849
63.1316146851
65.0143737793
64.2073669434
61.8857460022
61.6941490173
62.9590606689
60.8309364319
59.269569397
59.0543632507
60.5944709778
59.2708625793
57.7048339844
58.8973731995
60.3027000427
58.1883926392
57.6098976135
60.4455413818
59.5635261536
57.782787323
58.3468894958
61.3424186707
60.1730041504
60.7379760742
62.3861045837
62.1991882324
63.3292160034
64.3365097046
67.2765731812
64.8156814575
64.9080276489
66.8500213623
70.1844024658
67.9501266479
69.377822876
68.1061706543
69.7767181396
69.1372375488
66.6007995605
67.4544296265
69.4579544067
66.350402832
66.0876083374
68.3155059814
69.0869445801
66.3612823486
66.5503311157
70.9409561157
68.4474487305
67.1514434814
69.7753601074
70.571975708
69.2769165039
68.082649231
65.6658096313
66.1641082764
67.2502288818
65.1031951904
66.8809204102
67.8524398804
66.1733779907
65.3642730713
66.4448547363
67.4788208008
66.6684951782
65.8824920654
68.168258667
67.1926269531
64.8198623657
66.7369537354
66.7678070068
65.5558853149
63.9782829285
64.5394592285
65.549697876
64.4839019775
68.0848083496
69.6236343384
65.467414856
66.2875595093
65.9947738647
66.3665008545
64.0535964966
63.0485801697
62.8260498047
63.4354820251
62.5351409912
61.7489089966
63.5612030029
61.5078353882
60.6812782288
61.5504951477
61.4287147522
60.3372497559
60.0992698669
61.7115478516
63.4028091431
63.2876777649
64.1805953979
63.5079650879
64.3026046753
63.4488716125
62.7850723267
63.6437644958
63.5979919434
65.8202056885
69.4867248535
64.5328063965
66.7255249023
58.2783432007
58.6525344849
64.2927017212
64.7657775879
64.0616836548
63.5931587219
63.3454856873
63.6946716309
60.0309829712
60.4569091797
61.7078933716
60.2523345947
58.3380432129
58.062122345
57.7329216003
56.814239502
56.9446601868
56.4686737061
57.0129127502
55.8280220032
58.2668838501
56.2601013184
53.7721595764
53.7891998291
52.4195365906
50.3555030823
51.8217163086
51.1942749023
49.6083221436
51.392616272
53.9160041809
53.715133667
55.1474952698
54.887260437
54.2844467163
52.9753265381
50.6815376282
51.2743377686
49.1769218445
50.563079834
52.9166412354
53.8377571106
55.9388847351
56.7706184387
54.6871414185
53.3594207764
52.1958084106
50.6128692627
50.5684967041
50.1907615662
51.442111969
52.5513038635
54.6186332703
55.9640922546
58.4407653809
59.8439254761
59.4178543091
59.7325782776
62.0377655029
64.6377487183
57.5555114746
54.1769561768
55.3123474121
56.3314971924
55.5234794617
53.5617103577
55.2296867371
55.6948432922
53.9721984863
53.542640686
53.0252914429
52.4429779053
52.2215766907
52.3108329773
51.3829689026
52.1112060547
52.8891677856
52.6379127502
54.3069419861
55.315738678
55.848865509
58.2682495117
59.6392021179
62.6836357117
60.5654830933
57.9380607605
56.4375076294
54.7271461487
53.2610931396
52.3552436829
51.3320083618
50.6798324585
49.4051361084
49.7951278687
50.0772247314
50.4244041443
50.8632049561
52.0056610107
53.0851173401
51.6316184998
52.3636665344
53.5065116882
54.1241912842
53.8738975525
54.4479484558
56.0065307617
57.3999290466
56.4231185913
55.4911956787
54.2722473145
54.8583869934
55.6163139343
54.9957809448
53.4549980164
54.1967697144
54.7977561951
53.3764610291
52.4787597656
53.9254570007
54.0569953918
52.6555099487
52.8793067932
54.2023963928
53.6754074097
53.3814125061
54.2941703796
54.8802909851
54.4403152466
54.7425003052
55.8990249634
56.2454338074
55.873588562
57.3952598572
55.7944908142
56.5521240234
54.3191833496
56.7768325806
54.6325378418
53.9987945557
53.6590766907
52.8362770081
52.4931640625
52.251701355
51.7081718445
50.4573936462
50.6968650818
50.8661956787
51.5284233093
52.1855163574
52.0523719788
51.4486122131
51.5773162842
51.1980895996
52.2094841003
51.7866363525
52.837890625
53.560005188
55.0667533875
55.9808959961
55.8956336975
58.3921394348
58.0352554321
58.3283233643
60.1203346252
60.8941917419
62.1392784119
61.1023406982
62.3921699524
62.8634529114
60.5666809082
60.1065330505
61.5137481689
60.7646064758
58.3652038574
56.9666862488
56.3697738647
58.6385917664
57.2474784851
55.6919937134
58.6144599915
58.8011894226
60.2646446228
60.3297424316
60.163860321
61.2510299683
63.1834640503
62.3611488342
60.4506721497
60.3442878723
61.6032447815
59.5298614502
58.0983810425
57.8595962524
59.4969978333
58.0764846802
56.646396637
57.7157440186
59.02003479
57.1804771423
56.5190086365
59.5062103271
58.4973945618
56.7644767761
57.115650177
60.4526290894
58.9431762695
59.846572876
61.3803405762
60.9571533203
62.3188934326
63.101726532
66.4794845581
63.8898468018
63.7722396851
65.7959518433
69.3877105713
66.7809295654
68.2614440918
66.8821105957
68.4431838989
67.9143218994
65.424118042
66.0340194702
68.0666427612
64.9326248169
64.7405776978
66.8846359253
67.7991638184
65.0530395508
65.144241333
69.7310333252
67.0329742432
65.5978393555
68.3420715332
69.1352767944
67.924041748
66.609664917
64.1418228149
64.751953125
65.9624633789
63.7525634766
65.4808731079
66.5903778076
64.9079437256
64.0934371948
65.0299911499
66.0653076172
65.3872375488
64.7911148071
67.0585098267
65.9002685547
63.8317108154
65.744354248
65.4499435425
64.6141662598
62.7958335876
63.5348892212
64.5326919556
63.3482246399
67.2649688721
68.6727371216
64.1954193115
65.3655471802
64.9738922119
65.3309783936
63.0201416016
62.043258667
61.5995635986
62.3500595093
61.4957427979
60.4266815186
62.4085006714
60.3176422119
59.458896637
60.2256164551
60.072933197
59.037727356
58.7838935852
60.2940864563
61.8552246094
61.7498626709
62.673992157
62.1197395325
62.9291801453
62.035118103
61.5654602051
62.4607315063
64.2681274414
64.8242263794
68.4371261597
63.5184135437
65.8152694702
56.925617218
57.3578300476
63.2267799377
63.9028205872
63.1878318787
62.6887817383
62.6517486572
63.0415039062
59.311504364
59.6680221558
61.2135047913
59.5338592529
57.9285469055
57.8092269897
57.5815658569
57.299659729
57.2712173462
56.6834907532
57.3096923828
55.877620697
58.9039230347
57.4205741882
54.7712478638
55.521030426
53.3747825623
52.9200630188
51.1942863464
52.7894134521
49.5211410522
49.6845932007
51.4703216553
51.6435546875
53.0209007263
52.8220939636
51.9687271118
50.9072608948
49.6863899231
50.7119483948
51.3520507812
52.3411712646
55.2974624634
55.7061424255
57.7949829102
58.7014007568
56.8837661743
55.9221343994
54.2275276184
52.9943275452
52.0533828735
50.8781318665
51.4320907593
51.3792991638
52.8953933716
53.9951934814
56.0413398743
57.5660820007
56.2020301819
56.6400794983
58.6968002319
61.7531242371
55.7426109314
52.9647712708
54.1847686768
55.178730011
54.5206565857
53.0871582031
54.7669830322
55.1735572815
53.7942504883
54.081161499
53.7421607971
53.6007881165
53.1248893738
52.6639137268
51.7405204773
52.8856391907
52.8818130493
53.3362159729
54.3750724792
54.7099151611
55.339427948
57.0670127869
58.2714881897
60.8530921936
58.759223938
56.2480163574
54.9266929626
53.8202896118
52.5062103271
52.6134986877
51.4880943298
51.8896560669
51.3873748779
51.3125343323
52.337146759
51.9976615906
51.4587249756
52.7287445068
53.2756919861
52.5689620972
53.912273407
54.3593826294
54.9386558533
55.5045967102
56.0813941956
57.3909187317
59.1859588623
58.4006500244
57.2151832581
55.8249282837
56.8094367981
57.2775535583
56.9683380127
55.2889060974
55.5234832764
56.2747154236
54.9589385986
53.8859443665
54.7235984802
55.2227172852
53.8883209229
53.4311561584
54.6453666687
54.5024833679
53.6809577942
54.1569480896
54.922958374
54.5801734924
54.3655548096
55.3530044556
55.9446563721
55.5154724121
56.4074058533
54.8974304199
55.3559532166
53.3888092041
55.2164382935
53.3771438599
53.3674736023
52.8719978333
52.7549362183
51.9260025024
51.6807518005
51.9720878601
51.1856842041
52.2842636108
53.0060577393
54.2462005615
54.8257331848
54.1743659973
53.224521637
52.7125205994
52.147769928
52.3061676025
51.4821510315
51.7465019226
52.7100410461
53.4004364014
54.2290267944
54.419178009
56.6561355591
56.5619888306
57.0565948486
58.6313056946
59.5330429077
60.5164375305
59.4222640991
60.3176651001
60.6504516602
58.6129150391
57.8973617554
59.2745552063
58.3876342773
56.4777374268
55.4239654541
54.905380249
57.0678100586
56.2437171936
54.8826675415
57.0308494568
57.4741210938
58.8881263733
58.8301582336
58.395980835
59.4752464294
61.3058815002
60.9566993713
59.2722740173
59.1507568359
60.1427841187
58.3973312378
57.3920097351
57.0446395874
58.6629219055
57.3219528198
56.0471458435
57.0537796021
58.2670440674
56.7425880432
56.1436653137
58.7881698608
57.9900245667
56.5327033997
57.0924606323
59.845249176
58.4658470154
59.6222305298
61.1371612549
60.8161048889
61.9056396484
62.4353256226
65.2940216064
62.9702262878
62.545791626
64.4171447754
67.4708557129
64.91847229
66.1864242554
64.783782959
66.319480896
65.9368438721
63.5833396912
64.1287307739
66.0830154419
63.2887077332
63.0422515869
65.0156784058
65.8080673218
63.4106407166
63.5362281799
67.3996276855
64.9850540161
63.7441520691
66.1703720093
66.7891845703
65.5825424194
64.5031585693
62.2907752991
62.7517280579
63.7867431641
61.8722381592
63.3629570007
64.3386611938
62.8746032715
61.994972229
62.8374176025
64.0748672485
63.4692611694
62.8782043457
65.057975769
64.1164932251
62.3841133118
64.1727676392
64.094291687
63.5256080627
62.0588607788
62.6944694519
63.9274978638
62.6605911255
66.2649154663
67.5049057007
63.3908042908
64.2827911377
64.104637146
64.340423584
62.2826004028
61.651599884
61.5494232178
61.6911811829
60.5365562439
60.1964263916
61.1785316467
59.2766647339
58.4660987854
59.2042655945
59.0883979797
57.7188072205
57.5266799927
59.0212974548
60.2119598389
59.9678268433
60.5185890198
60.31873703
61.2608642578
60.2710342407
60.1382484436
60.9727859497
62.3114700317
61.0910301208
66.2957992554
62.3742408752
64.432975769
57.7083015442
58.4472541809
62.7828788757
63.0341453552
62.8751983643
62.0511779785
61.9901924133
62.5384864807
59.4063911438
59.3985481262
60.898563385
59.5048522949
57.4797668457
57.2997322083
57.7803916931
56.0589790344
56.0532951355
55.2845611572
56.0601196289
54.939125061
58.1887664795
56.0829467773
53.2825202942
54.5413856506
52.9125556946
51.5223922729
49.6083564758
49.5211524963
49.4097137451
47.7220458984
50.3601951599
49.588809967
50.9405441284
50.9813346863
50.7585639954
49.9823913574
47.3427124023
49.6802978516
48.8446884155
50.3072891235
53.4878044128
53.6894836426
56.4260215759
56.9132843018
54.5331420898
53.4724273682
51.4756851196
50.0708122253
49.3235397339
47.9453201294
49.4998054504
49.2714958191
52.2323989868
52.9139862061
55.9130973816
57.0086784363
55.3827323914
56.1338119507
58.3960762024
61.4657096863
53.4259414673
50.316028595
51.834072113
52.622631073
51.6286506653
49.9677200317
51.9965782166
52.0903587341
50.3643341064
50.4882965088
49.7994728088
49.5445823669
48.9926834106
48.8504333496
48.0539474487
49.4294662476
49.9544563293
50.4430351257
52.1325187683
52.7750167847
53.9127578735
55.8578186035
57.6349906921
60.5390968323
58.5423774719
55.8604545593
53.7291412354
52.7475852966
50.3785133362
50.1718330383
48.4460678101
48.2550468445
47.7646827698
47.2547607422
48.3491439819
47.9153175354
47.4435005188
48.6575393677
49.6728439331
48.9139328003
49.8660049438
50.5219650269
51.474609375
51.8702697754
52.251953125
53.8052177429
55.6805381775
54.5589904785
53.2616767883
51.6988334656
52.5806465149
52.9526443481
52.5745124817
50.9518928528
51.248298645
51.8671836853
50.5562744141
49.5630302429
50.4693145752
50.8580818176
49.5763092041
49.2679328918
50.4983634949
50.301902771
49.6949920654
50.3051185608
51.0143203735
50.8031845093
50.7521858215
51.7399177551
52.2931480408
52.0258674622
53.2917366028
51.630657196
52.1854705811
50.0382766724
52.329246521
50.2484855652
49.7750167847
49.4621238708
48.9722900391
48.4354286194
48.0834655762
47.934173584
47.0466766357
48.0309410095
48.8203735352
50.2027893066
50.703125
49.8564376831
48.9270172119
48.44165802
48.0521316528
48.407371521
47.8175735474
48.6371078491
49.5029563904
50.8428955078
51.5927810669
51.5989685059
54.0209236145
53.7661132812
53.9729881287
55.696231842
56.4660339355
57.5930175781
56.5446357727
57.8558807373
58.2577819824
56.0358695984
55.622253418
56.9813156128
56.3012542725
53.8640174866
52.5258483887
52.0356864929
54.3878135681
53.2728919983
51.5418052673
54.2213020325
54.3767585754
55.841178894
55.8120155334
55.6376190186
56.8202095032
58.6740531921
57.7326431274
56.0474243164
55.9776268005
57.1047592163
55.1984939575
53.9163856506
53.6238899231
55.3037872314
53.9326858521
52.6526565552
53.6275291443
54.9313621521
53.3672447205
52.7005081177
55.6481666565
54.7663841248
53.1947669983
53.5607452393
56.8880271912
55.4136619568
56.6229972839
58.0781555176
57.7533340454
59.2448997498
59.8225860596
63.0986709595
60.5193023682
60.180683136
62.422252655
65.9944839478
63.208530426
64.487701416
62.8745269775
64.4621734619
64.1412887573
61.4847412109
61.9176826477
64.0979309082
61.1120681763
60.6834106445
62.7548103333
63.9353713989
61.1237220764
61.0284194946
65.6035919189
62.8891868591
61.2901382446
63.9728088379
64.7635192871
63.6746826172
62.2288017273
59.7164955139
60.2618331909
61.4914283752
59.3532600403
61.0950622559
62.2148933411
60.5331687927
59.7909545898
60.7572593689
61.8050422668
61.2980079651
60.8208389282
63.1793174744
61.9016571045
60.1342506409
62.1364326477
61.7426490784
61.1086921692
59.2201652527
60.2432365417
61.304725647
59.9204978943
64.166267395
65.4240570068
60.8052597046
62.1939544678
61.7343711853
62.0881118774
59.807559967
58.8294830322
58.2026367188
58.8944320679
58.0095214844
56.9172286987
58.577495575
56.5818786621
55.7089157104
56.2604866028
56.0432014465
55.0746841431
54.6937065125
56.0434112549
57.5387496948
57.3070487976
58.2746086121
57.7981529236
58.7010955811
57.9250564575
57.7099838257
58.5887832642
60.368019104
58.7557983398
61.1744651794
64.7004318237
59.8543167114
62.2663993835
53.3902816772
54.0266227722
59.9848365784
60.6654701233
60.2262420654
59.7606239319
59.9383277893
56.6477966309
57.0353126526
58.9914207458
57.0530014038
55.4316520691
55.5450668335
55.7699050903
56.7373695374
56.6342658997
55.8212432861
56.6235046387
55.3639335632
58.8926582336
57.1754760742
54.3590240479
55.9122772217
53.9164810181
53.3258781433
51.3926200867
49.6846122742
47.7220458984
53.1441001892
48.6182479858
48.1114273071
49.5431480408
49.7114067078
49.2672348022
48.9193954468
47.3758964539
50.1251564026
50.9018096924
51.990852356
55.327293396
55.3008842468
57.9014892578
58.4838676453
56.3609085083
55.5273895264
53.3312034607
52.203250885
50.9953346252
49.2602996826
50.1608657837
48.9203681946
51.4800872803
51.8563537598
54.5586891174
55.6960144043
53.2568321228
54.1238327026
56.2024040222
59.6484947205
52.4660072327
49.876449585
51.4662475586
52.2300415039
51.3631439209
50.1601028442
52.1572990417
52.2095489502
50.7766075134
51.4382400513
50.9062042236
50.9848632812
50.267288208
49.7228050232
48.9945640564
50.6023330688
50.5224838257
51.5073471069
52.6755981445
52.8056869507
53.9871673584
55.3874206543
57.0254707336
59.5599899292
57.6092720032
55.0600967407
53.0540428162
52.5883827209
50.3636245728
50.9414138794
49.2315826416
49.8400535583
49.9528427124
49.1926612854
50.6790008545
49.8115081787
48.6304740906
49.8033638
50.3330116272
50.2351226807
51.5555419922
51.6531715393
52.5305862427
53.5008964539
53.8849906921
55.202796936
57.3111305237
56.3722343445
54.9360847473
53.3102378845
54.4519462585
54.6289482117
54.4828300476
52.8033905029
52.7248573303
53.4516487122
52.2543830872
51.1709251404
51.5932312012
52.2539672852
51.0610084534
50.2518882751
51.3659172058
51.4677658081
50.4835510254
50.7337837219
51.5790481567
51.4503669739
50.9969787598
51.8346328735
52.5849304199
52.2745246887
53.0362548828
51.4476203918
51.7416610718
49.813835144
51.5513038635
49.6937103271
49.7808227539
49.3034973145
49.4431648254
48.5063705444
48.1840553284
48.7662277222
48.3687973022
49.8936882019
50.999168396
52.6600379944
53.0993766785
51.9602394104
50.843421936
49.9171714783
49.4207000732
49.0878219604
48.2016487122
48.2702522278
49.3689193726
49.9644775391
50.6250343323
50.9102172852
53.1312294006
53.1074714661
53.4815788269
55.0351638794
55.9148674011
56.8294448853
55.7209358215
56.7096405029
56.9828681946
54.9671363831
54.3097190857
55.6259536743
54.812084198
52.7824935913
51.7192611694
51.2623596191
53.5218658447
52.8647041321
51.3391418457
53.3746490479
53.7688102722
55.193687439
55.0835189819
54.6732902527
55.829410553
57.6239128113
57.0915412903
55.6077690125
55.5377540588
56.456161499
54.7936820984
53.8689231873
53.4979705811
55.1613044739
53.8342018127
52.693687439
53.6157226562
54.8218955994
53.5161972046
52.9140396118
55.5838623047
54.8440284729
53.5026702881
54.0150375366
56.8834152222
55.4997138977
56.9066429138
58.3279838562
58.0534286499
59.3367958069
59.7059631348
62.6018333435
60.2200622559
59.6415634155
61.7405052185
64.9078674316
62.1449508667
63.2767791748
61.6528968811
63.2173690796
63.0074958801
60.4826774597
60.8572120667
62.9671325684
60.2387809753
59.7993240356
61.7329864502
62.8070373535
60.2803077698
60.2229652405
64.2425689697
61.7292404175
60.2857627869
62.7374038696
63.3905563354
62.2993278503
61.0387687683
58.7275009155
59.1704025269
60.2726745605
58.3548812866
59.8992500305
60.9274520874
59.4174995422
58.6113548279
59.4791526794
60.6953773499
60.2413406372
59.7819824219
62.0560684204
60.9397277832
59.4450340271
61.3406448364
61.0913925171
60.6850242615
59.0677871704
59.99559021
61.2349243164
59.8073196411
63.7928352356
64.9205169678
60.5876922607
61.7686691284
61.4668426514
61.7292900085
59.6546211243
58.9452590942
58.5845375061
58.8180084229
57.7068634033
57.1636314392
58.074306488
56.2263755798
55.3889846802
55.9205436707
55.7360458374
54.5014343262
54.1747932434
55.5140075684
56.6972427368
56.3611984253
57.0238952637
56.8500022888
57.8604164124
56.9965400696
57.0600395203
57.8998565674
59.3035392761
58.0659790039
60.363861084
63.4896011353
59.4360160828
61.6492156982
54.4591140747
55.3126182556
60.0776519775
60.4385871887
60.399017334
59.6721763611
59.8480834961
60.379699707
57.1403770447
57.2317695618
59.1334571838
57.4380912781
55.4523429871
55.5392494202
