98.7925491333
97.6237182617
97.3058319092
96.4898223877
95.6114883423
95.6847305298
94.9874801636
95.1075744629
93.6172409058
92.3836746216
92.6523284912
91.4222106934
91.8155517578
93.5674972534
93.9299316406
95.0160369873
96.7643661499
96.4265594482
94.7312393188
95.6888046265
96.8894195557
97.7574691772
98.5156784058
98.8574371338
99.7792282104
97.8518218994
98.779586792
99.6722564697
98.2346725464
97.7310256958
97.5676727295
98.3997344971
98.9181137085
97.300201416
98.1344909668
96.8977661133
96.0298995972
95.625617981
94.3436203003
94.9015426636
93.1340637207
92.6166534424
91.9891433716
90.8226623535
91.523475647
92.7924880981
93.8146972656
94.8089370728
93.7900848389
95.2268447876
94.6276626587
95.0133514404
95.8706588745
96.3654174805
97.7570648193
97.7594833374
99.812171936
100.79599762
101.312156677
100.026618958
100.040122986
98.8395004272
98.9373703003
98.8807907104
97.6712265015
96.6241073608
96.7188262939
95.8869476318
94.972442627
94.543182373
94.7690887451
93.4642105103
92.8396606445
92.6811294556
92.5199508667
94.8762054443
90.8841018677
91.4949798584
90.3628234863
90.9911193848
91.5260543823
92.0382537842
92.9022750854
91.6112289429
92.4325866699
92.459197998
93.0885696411
93.8710327148
95.1531829834
95.3310852051
95.947769165
97.6054153442
99.3492279053
98.1203536987
96.5940856934
95.8977966309
94.7052993774
93.9453659058
93.6451416016
93.0494689941
94.6160888672
94.5361862183
95.8581085205
96.4834289551
96.2900619507
97.0686264038
96.5232162476
98.6393585205
98.6699371338
97.5298843384
98.3651504517
100.639656067
99.885597229
99.6079025269
101.690948486
103.153511047
93.8677978516
65.9305725098
118.169784546
116.920211792
99.05078125
97.9359664917
105.414985657
98.4178619385
97.737953186
97.0974731445
96.0457992554
96.287727356
96.6939926147
95.1540679932
94.1763916016
95.1480484009
94.4732894897
93.3223190308
93.2061462402
93.8711090088
93.0202560425
91.7546768188
92.1101531982
92.9713516235
91.751083374
90.8642578125
92.1521530151
92.35597229
90.948638916
90.8661575317
91.8628234863
92.4864044189
94.113609314
94.515953064
96.1896209717
96.3445968628
95.4738845825
96.4827423096
96.804473877
97.5794525146
95.8686523438
95.1971588135
94.8748397827
95.2791137695
94.5802612305
95.5395889282
94.29712677
95.6613388062
93.7177124023
94.1176986694
93.1427459717
93.3782348633
93.9974365234
95.1062316895
93.7020263672
95.4904632568
96.2116851807
94.3069000244
95.0123443604
93.1224060059
93.2739105225
90.7031402588
92.967880249
94.3705444336
93.615737915
96.1132965088
96.4783248901
98.0219192505
98.5936126709
99.9042816162
100.673965454
101.777198792
100.375228882
100.316070557
98.6866531372
99.4292297363
100.745071411
101.299316406
98.5960006714
98.9436798096
98.3804779053
99.544960022
98.3249893188
98.6317749023
100.509262085
101.158805847
99.9080429077
98.6616363525
97.5410308838
96.659576416
95.2242965698
94.0180969238
95.0185928345
96.0086669922
94.8825073242
95.1740188599
97.7832794189
96.4985809326
95.2122497559
96.8876342773
97.8679199219
96.6499252319
96.6997680664
99.6069259644
98.3191986084
97.4222412109
98.9872131348
100.188774109
99.8510894775
99.8534164429
101.459022522
102.105354309
100.883399963
101.781814575
103.88041687
105.549179077
104.757751465
105.192077637
103.630500793
105.586708069
105.671722412
102.913299561
102.876274109
105.301467896
103.323501587
101.418998718
102.09098053
103.788787842
101.909584045
101.824050903
101.009910583
100.745674133
102.328865051
101.090057373
100.829803467
102.690788269
101.649635315
99.8914337158
98.8976516724
99.4381866455
97.0696563721
97.2873306274
99.2443161011
98.2307815552
96.2646865845
97.763168335
99.0027313232
96.7008972168
96.5171279907
98.3838424683
97.9849395752
99.7933425903
97.7822265625
96.8001403809
95.9323120117
96.6266403198
96.2846298218
94.7693405151
93.2872161865
93.2341537476
91.8620758057
93.2483673096
93.8099594116
92.5587387085
92.6527099609
93.9576644897
93.8754119873
92.4723815918
93.1658401489
94.4897613525
93.3018875122
93.8132781982
92.8291473389
91.9223098755
91.7774353027
90.8319320679
90.7550048828
90.9231338501
90.7054290771
90.4061889648
90.9780807495
90.56615448
89.424118042
88.5818557739
89.2666625977
89.8360671997
75.7843093872
74.6541671753
73.9712753296
72.9474563599
71.8532180786
72.2483825684
71.5420837402
71.4140472412
69.5925750732
68.3552627563
68.9220428467
67.3611297607
67.3315048218
69.4264526367
69.5468292236
70.7589569092
72.6463546753
72.3028869629
70.2016448975
71.0208358765
72.1138534546
73.0442047119
73.5692138672
73.7669830322
74.9720153809
72.6991958618
73.8313751221
74.9873733521
73.4755249023
73.0652770996
73.1356506348
73.8686752319
74.2706451416
72.3400802612
73.3197631836
71.6737747192
70.8900909424
70.5884017944
69.3576049805
70.1313705444
68.2946166992
67.6870040894
66.875289917
65.7799377441
66.4705276489
67.5739364624
68.7075195312
69.6748352051
68.5254592896
69.8382339478
69.3984985352
69.8200531006
70.9537658691
71.6290969849
73.3288879395
73.6098403931
75.9744186401
77.4378967285
77.8163986206
76.4177093506
76.5342712402
75.5193862915
75.2868118286
75.0102844238
73.8572540283
72.8397750854
72.4817504883
71.4826202393
70.7565917969
70.282951355
70.0151748657
68.7567977905
68.3154449463
67.8269042969
67.4736633301
67.6413955688
65.9686508179
66.2351150513
65.0364456177
65.3118667603
65.6519927979
66.0354766846
66.380279541
67.3463668823
66.2961730957
67.452583313
67.4135665894
68.3486557007
69.4424591064
70.8803863525
71.4201126099
72.299079895
73.9479293823
75.8680419922
74.1519470215
72.4622802734
71.4535598755
69.982963562
69.050239563
68.4513244629
67.5427627563
69.1026382446
68.8618621826
70.2191925049
70.7796554565
70.6462402344
71.4824905396
70.6697769165
73.090965271
73.161567688
71.7765960693
72.6275939941
75.2717056274
74.4598312378
74.060218811
76.4440841675
78.252243042
65.3970184326
66.1615905762
78.7523727417
77.2912521362
67.2072143555
71.581237793
75.4194641113
72.397277832
71.5905838013
70.6313934326
69.6301879883
70.1132888794
70.3764724731
68.5609893799
67.7642059326
68.9020690918
68.0237503052
66.8711013794
66.953918457
67.6593017578
66.6677780151
65.5777893066
66.1073760986
66.9491271973
65.654876709
65.2269973755
66.4861526489
66.4688339233
65.2806167603
65.5220413208
66.4634017944
67.1925964355
68.6072540283
68.9258804321
70.9051361084
70.8899917603
69.6339263916
70.7364273071
71.0270767212
72.1000976562
70.2937927246
69.3971557617
69.1510772705
69.417388916
68.7205734253
69.8172302246
68.3427886963
69.7437210083
67.6827468872
68.0404968262
67.2603988647
67.5726089478
68.4457778931
69.7415237427
68.3728866577
70.503364563
71.1563796997
69.1134719849
70.0484695435
68.1606063843
67.983253479
66.4281387329
68.1342544556
69.2250137329
68.1001586914
70.9400100708
71.610496521
73.0561981201
73.894203186
75.4846725464
76.3592300415
77.5024337769
75.7658996582
75.6819915771
73.5893096924
74.2194900513
75.5530166626
76.0405273438
72.9826583862
73.4533843994
72.6251220703
73.7821121216
72.577507019
73.1686706543
75.2349777222
75.8725128174
74.7030944824
73.5371704102
72.1497192383
71.2575149536
69.4265289307
68.0061798096
68.7914276123
70.0780410767
68.9273300171
71.6863098145
70.4990692139
68.9004364014
70.6307754517
71.8796615601
70.5645370483
70.3779373169
73.6991195679
72.4708175659
71.3595046997
73.0012817383
74.4696884155
74.218460083
74.2734298706
76.0244445801
76.8899078369
75.3835220337
76.3071975708
78.8262710571
80.7546615601
79.8293533325
80.5141372681
78.8472366333
81.0611495972
80.9224624634
77.7409973145
77.8160629272
80.4725875854
77.9021911621
75.8055725098
76.6785583496
78.3836212158
76.0252914429
75.9867553711
74.9532165527
74.8478546143
76.5445327759
74.99168396
74.8988876343
77.1035995483
75.9759902954
73.7437286377
72.5509338379
72.8745727539
70.2775878906
70.7547683716
72.7970199585
71.3949203491
69.4923324585
71.2781829834
72.3109054565
69.8342895508
69.9832458496
72.0714187622
71.3453140259
73.6800765991
71.2903442383
70.4851760864
69.4592437744
69.7461166382
69.7888565063
67.9889984131
66.6489486694
66.8694992065
65.3272094727
66.3274230957
67.057434082
65.8855895996
65.6959228516
66.8975448608
67.0328140259
65.6259765625
66.2920684814
67.6920089722
66.702293396
67.4031524658
66.4048614502
65.6891403198
65.4310073853
64.541633606
64.7117462158
64.9543380737
64.6110916138
64.4632949829
64.5484161377
64.2494277954
63.6576042175
63.2113075256
63.8233261108
63.887752533
80.0499801636
78.6119232178
78.1834869385
77.0937347412
76.2889251709
76.5791549683
75.5982131958
75.447807312
74.2032012939
72.9310684204
73.6836700439
72.2439804077
72.3266906738
74.5026245117
74.925743103
76.2445144653
77.9904327393
77.9472961426
76.0456161499
76.8589324951
78.3186187744
79.0806121826
79.9558792114
80.089515686
81.0901031494
78.6982574463
79.5822906494
80.4218673706
78.7111968994
77.9990005493
77.8535308838
79.0518417358
79.8377304077
77.9945449829
79.1770935059
77.8893127441
77.0520172119
76.8523330688
75.3879241943
76.2862167358
74.2872314453
73.5328292847
72.8467636108
71.8314666748
72.720199585
73.7756576538
75.0824127197
76.117767334
74.6467819214
76.0708465576
75.3401031494
75.5584335327
76.6559143066
76.9198913574
78.6581954956
78.546005249
80.8244094849
81.9199829102
82.3225021362
80.7985305786
80.596244812
79.3872680664
79.167175293
79.1604919434
78.226234436
76.8760986328
76.6765670776
76.1188049316
75.2322845459
74.4792175293
74.5659103394
73.4692382812
72.8270339966
72.3071746826
72.3175888062
70.9394378662
70.5784835815
71.0085525513
70.1740188599
70.4799041748
71.0846633911
71.2481842041
71.5222167969
72.615776062
71.7756576538
72.6317520142
72.9270095825
73.6178817749
74.4973983765
76.0603637695
76.2286605835
77.1267929077
78.7466506958
80.6115722656
79.2113494873
77.3993301392
76.7448806763
75.1956710815
74.5501174927
73.8879776001
73.1966171265
75.0153503418
74.5518035889
76.2140960693
76.6138839722
76.2957382202
76.9141769409
75.92918396
78.3118515015
78.66847229
77.2852706909
77.8677520752
80.5641784668
80.0409240723
79.4354782104
81.6614837646
83.5268859863
80.8397598267
69.7592697144
88.9406356812
87.7287979126
79.2403488159
78.8810958862
80.0113143921
77.4071121216
76.5140151978
75.4163513184
74.5979537964
75.2377700806
75.3087997437
73.4579544067
72.8974838257
74.0173034668
72.9371414185
71.8134536743
72.0986785889
72.6108932495
71.4581680298
70.5046539307
70.9497833252
71.6031341553
70.2823944092
69.9973526001
71.0300369263
70.7926712036
69.6516571045
69.9233016968
70.4913253784
71.4459228516
72.7836074829
73.4340820312
75.0576095581
75.4543304443
74.3136138916
75.5696792603
76.0652618408
77.0445861816
75.2586898804
74.5517196655
74.5636825562
74.9758758545
74.4645767212
75.799949646
74.1008453369
75.4149169922
73.1892242432
73.3306884766
72.6172943115
72.5722503662
73.517616272
74.6219177246
73.106010437
74.9870376587
75.4755477905
73.4230804443
74.0439529419
72.0497512817
71.8153610229
70.4579467773
71.5793533325
72.6561737061
71.7483139038
74.318862915
75.3140029907
76.4482879639
77.5937805176
78.9008636475
79.9000778198
81.28855896
79.7322616577
79.9061050415
77.8759155273
78.6666717529
79.8222122192
80.5301361084
77.5630569458
77.6225509644
76.6867752075
77.7397384644
76.4188308716
77.0635528564
79.1721191406
79.4335479736
78.1835098267
77.2087478638
75.8325958252
75.1798553467
73.3617477417
72.1304244995
72.7764587402
74.2156524658
73.2661437988
73.2142715454
75.9593963623
74.9886398315
73.5441513062
75.2002792358
76.4825668335
75.3541488647
75.1381988525
78.3884048462
77.336769104
76.3099060059
77.8224945068
79.3220901489
79.2737426758
79.301940918
80.8716812134
81.6197662354
80.0228042603
80.7493286133
83.5213012695
85.239944458
84.204208374
84.8424224854
83.1302566528
85.0841751099
85.118560791
81.9775848389
81.8480911255
84.4290847778
82.0673522949
79.920173645
80.5511169434
82.2907104492
80.0935592651
80.164352417
79.2769546509
79.3097610474
80.9613723755
79.4764938354
79.4989242554
81.6184768677
80.5291595459
78.3372650146
77.1862564087
77.3796920776
74.909538269
77.3204574585
75.8605575562
74.0447158813
75.8208770752
76.6924743652
74.2301635742
74.3735046387
76.4449920654
75.5089111328
77.5993118286
75.1957473755
74.4133148193
73.3308792114
73.7630691528
73.9180831909
72.3128662109
71.0063552856
71.3717269897
69.8594436646
70.7605514526
71.6664047241
70.6407241821
70.3662338257
71.5873794556
71.8215560913
70.4410095215
71.1212081909
72.5372467041
71.729850769
72.5952682495
71.6879272461
71.1099319458
70.6119689941
69.7217941284
70.2985839844
70.3689804077
69.7577133179
69.3155212402
69.3928146362
69.2845458984
68.6569976807
68.2246017456
68.6332931519
68.5589981079
91.0551605225
89.5802459717
89.2029724121
88.0970840454
87.1836013794
87.4378356934
86.4501571655
86.3899765015
84.8946990967
83.4704971313
84.1318511963
82.4455108643
82.7876205444
84.9985961914
85.4415130615
86.797744751
88.766418457
88.5667037964
86.5208740234
87.5058746338
88.9323120117
89.849937439
90.6688461304
90.8419570923
91.9244766235
89.6037902832
90.55859375
91.5262451172
89.803062439
89.1356430054
88.9921417236
90.1251144409
90.8263549805
88.9577713013
90.0392074585
88.6383590698
87.7198562622
87.4257125854
85.892578125
86.6895065308
84.5162734985
83.8449020386
83.0235366821
81.8125076294
82.6073684692
83.9498748779
85.2166213989
86.4394302368
85.0985183716
86.7060775757
86.0206222534
86.3602600098
87.475151062
87.8926696777
89.6294708252
89.5922775269
91.8981246948
93.0241775513
93.4402160645
91.9219665527
91.7798461914
90.5403060913
90.4446258545
90.368522644
89.30859375
87.9777450562
87.9154052734
87.1646652222
86.1859512329
85.4795074463
85.6215744019
84.3506088257
83.6469650269
83.1709594727
83.1508178711
78.3311920166
81.1091995239
81.7373428345
80.5244369507
81.1188812256
81.7627105713
82.135635376
82.3725357056
83.487991333
82.3134689331
83.2788619995
83.4536437988
84.2092132568
85.1862335205
86.818977356
87.0093994141
87.8836212158
89.6735458374
91.5978622437
90.1663894653
88.3327484131
87.5906448364
86.0528106689
85.2505722046
84.6962738037
83.9157333374
85.7926712036
85.4499130249
87.0578994751
87.5518341064
87.3238525391
88.0509490967
87.1760787964
89.584487915
89.8169708252
88.4359893799
89.1426467896
91.7540512085
91.1332015991
90.5891113281
92.8620452881
94.5840072632
94.2879104614
107.290115356
88.7462387085
87.5062866211
84.916633606
89.8547286987
85.5533676147
88.8100738525
87.9177017212
86.9520492554
86.0012969971
86.5210037231
86.7478179932
84.8881607056
84.1237792969
85.2825546265
84.2908477783
83.0543212891
83.2059707642
83.8548812866
82.6904220581
81.5021209717
81.9832611084
82.7921829224
81.3120269775
80.7334594727
82.0153427124
81.8849487305
80.4740905762
80.6485748291
81.4526443481
82.4307632446
84.0442199707
84.6808929443
86.4355239868
86.8016357422
85.6924285889
86.9256744385
87.3732681274
88.3264694214
86.4868011475
85.748664856
85.6171875
86.0221481323
85.3785552979
86.5637435913
84.9344177246
86.4126205444
84.1500473022
84.4167098999
83.5611724854
83.6609191895
84.590385437
85.7721099854
84.1835479736
86.1770324707
86.7608642578
84.5988616943
85.2561569214
83.08618927
82.976272583
82.0855712891
82.6648712158
83.9549255371
83.0656204224
85.7757949829
86.6926422119
87.9693984985
89.0420684814
90.3761138916
91.3414840698
92.709815979
91.1660995483
91.2786026001
89.2869110107
90.1097869873
91.3264312744
92.0129776001
89.029800415
89.1695632935
88.3059997559
89.4037475586
88.0439987183
88.6110229492
90.7585754395
91.0590896606
89.8274459839
88.762802124
87.3907928467
86.6413650513
84.8010025024
83.4898223877
84.3027420044
85.7368927002
84.6671524048
84.7374420166
87.5652770996
86.4776077271
85.024017334
86.7682189941
88.0280227661
86.7899169922
86.6730804443
89.9431991577
88.7679672241
87.7329025269
89.3371963501
90.7681808472
90.6242828369
90.6554870605
92.2881698608
93.0266799927
91.5086669922
92.2954940796
94.9022903442
96.5990982056
95.6522369385
96.2387771606
94.5500717163
96.5844573975
96.5659942627
93.4927062988
93.3870239258
95.952041626
93.6856079102
91.5512390137
92.216506958
93.9703521729
91.832359314
91.8645782471
90.9826660156
90.9411773682
92.5770797729
91.1618499756
91.0941619873
93.1884384155
92.0775146484
90.0010757446
88.8391647339
89.1751785278
86.6159820557
87.07421875
89.0382461548
87.6659317017
85.7025909424
87.4855728149
85.9753952026
86.0279998779
88.133354187
87.2932128906
89.3659057617
86.9840774536
86.100479126
85.2155990601
85.533744812
85.5840454102
83.9082870483
82.4084472656
82.6977005005
81.0347518921
82.2275238037
83.147644043
81.8971710205
81.7509994507
83.1120986938
83.2673339844
81.721031189
82.4552536011
84.0248031616
82.9538345337
83.6699905396
82.6249237061
81.863494873
81.5459976196
80.4518051147
80.6834869385
80.9532470703
80.448387146
80.0009994507
80.3239440918
80.0092010498
79.0061340332
78.1578216553
78.8679962158
79.1143264771
106.50642395
105.588188171
105.179412842
104.488899231
103.82081604
104.101051331
103.529144287
103.484298706
102.425384521
101.827194214
102.189109802
101.394287109
101.327697754
102.553215027
102.750923157
103.608627319
104.704879761
104.754058838
103.491485596
103.765533447
104.503410339
105.037399292
105.463302612
105.626022339
106.347991943
104.804473877
105.525238037
106.355781555
105.209281921
104.942474365
104.881393433
105.427108765
105.735687256
104.463424683
105.139701843
104.206718445
103.70362854
103.639923096
102.86491394
103.534332275
102.409744263
101.868080139
101.553726196
101.077789307
101.786598206
102.135673523
102.923446655
103.29498291
102.454093933
103.221672058
102.718391418
102.857505798
103.542190552
103.902946472
105.021820068
105.155387878
106.802871704
107.762619019
108.072616577
107.004844666
107.059776306
106.199584961
106.301643372
105.978179932
105.178138733
104.457923889
104.430778503
103.701072693
103.160316467
102.907730103
102.841415405
102.03162384
101.731155396
101.553253174
101.398628235
98.8807296753
100.609100342
100.836174011
100.323524475
100.570327759
100.951148987
101.167007446
101.063934326
101.506011963
100.904998779
101.372871399
101.47480011
101.887405396
102.468170166
103.442840576
103.686149597
104.342056274
105.374008179
106.697402954
105.539367676
104.332550049
103.771492004
102.829818726
102.365867615
101.998519897
101.66985321
102.610282898
102.493865967
103.433174133
103.960357666
103.648872375
104.289733887
103.973808289
105.583518982
105.512397766
104.790542603
105.448867798
107.184814453
106.588699341
106.464103699
108.18737793
109.505554199
94.4091567993
136.542739868
79.7854766846
78.9142227173
93.5588302612
103.538284302
101.041397095
105.658607483
105.292190552
104.829071045
104.101203918
104.198852539
104.37713623
103.344451904
102.670661926
103.181121826
102.741065979
102.020561218
101.927268982
102.248641968
101.763458252
101.083053589
101.178138733
101.713500977
101.023269653
100.544830322
101.20841217
101.401077271
100.676239014
100.620422363
101.272689819
101.494880676
102.54044342
102.671592712
104.036987305
103.984611511
103.382667542
104.036781311
104.215057373
104.780174255
103.490211487
103.01134491
102.718399048
103.078781128
102.691688538
103.42565918
102.691726685
103.585418701
102.204040527
102.345970154
101.693878174
101.826766968
102.144981384
102.926528931
102.060562134
103.334259033
103.957977295
102.586860657
103.188522339
101.977676392
102.139022827
102.219177246
102.207267761
103.049186707
102.53137207
104.285324097
104.399787903
105.64616394
106.041191101
107.1616745
107.762695312
108.636192322
107.408256531
107.254295349
105.90801239
106.448875427
107.623588562
108.062400818
105.753250122
106.167678833
105.784828186
106.748573303
105.815261841
106.001472473
107.558364868
108.141906738
107.144126892
106.103889465
105.226913452
104.471290588
103.430847168
102.550552368
103.305297852
103.936416626
103.022033691
103.301071167
105.240287781
104.161407471
103.283660889
104.513023376
105.24508667
104.21157074
104.347236633
106.624511719
105.483139038
104.848747253
106.13306427
107.041809082
106.739555359
106.658302307
108.116241455
108.616973877
107.619056702
108.460395813
110.131774902
111.654571533
111.068412781
111.436088562
110.051383972
111.95451355
111.90952301
109.465705872
109.500434875
111.616470337
109.877388
108.233718872
108.894866943
110.391716003
108.699806213
108.579467773
107.870239258
107.60912323
108.968338013
107.974624634
107.691398621
109.253852844
108.474456787
107.020294189
106.245750427
106.745063782
104.828720093
104.929832458
106.453926086
105.685905457
104.140571594
105.208908081
106.238372803
104.539642334
104.315895081
105.739402771
105.523902893
107.029571533
105.438362122
104.658439636
104.29725647
104.208023071
103.072845459
102.095932007
101.999435425
101.257110596
102.143386841
102.443099976
101.652641296
101.826759338
102.631942749
102.590942383
101.859443665
102.441719055
103.232002258
102.256332397
102.778266907
102.242607117
101.615646362
101.337989807
101.174598694
100.953193665
100.877853394
100.691642761
100.417533875
100.865959167
100.830024719
100.216827393
100.045303345
100.015823364
100.305976868
87.6599655151
86.8646469116
86.2146072388
85.396522522
84.48462677
84.8894577026
84.3678207397
84.2063293457
82.7057800293
81.8574676514
82.4297103882
81.1632003784
80.9190979004
82.6403656006
82.7134094238
83.7336425781
85.1644058228
85.0325927734
83.3647918701
83.8575744629
84.725189209
85.4516677856
85.9041595459
85.9679489136
86.9839172363
84.9356307983
85.8832855225
86.8903656006
85.5523681641
85.2235641479
85.3373336792
85.9516983032
86.3135299683
84.6630935669
85.5878067017
84.2088012695
83.6369781494
83.487991333
82.5399017334
83.311050415
81.8604354858
81.2247619629
80.6085891724
79.8280639648
80.4538497925
81.211807251
82.2598648071
82.8633728027
81.8181838989
82.6983718872
82.3529968262
82.62084198
83.6082458496
84.1051940918
85.5668487549
85.7864151001
87.7454681396
88.982673645
89.28490448
88.1418457031
88.2979736328
87.4770355225
87.2837295532
86.9831619263
86.0099334717
85.2632904053
84.8879394531
84.0118179321
83.4997177124
83.1555404663
82.7676315308
81.8248672485
81.541305542
81.0894546509
80.7440872192
80.2273254395
79.6864700317
79.7644958496
78.9230728149
78.9600601196
79.1757736206
79.3657531738
79.7221450806
80.5012817383
79.8044586182
80.7950363159
80.8278884888
81.6017532349
82.5080108643
83.7037963867
84.1791915894
84.9638900757
86.1541976929
87.7320098877
86.2852935791
84.8888778687
84.0798110962
82.8276290894
82.1257705688
81.5079345703
80.7439651489
81.9729690552
81.6265945435
82.7310714722
83.0425033569
82.9566421509
83.6015472412
82.8063430786
84.817855835
84.8922729492
83.6703643799
84.2755508423
86.5085372925
85.8226776123
85.3228378296
87.3228912354
88.6897354126
69.0374679565
94.3345413208
63.7384300232
61.8702011108
70.4944076538
79.8068466187
83.7992401123
83.7934494019
83.1522216797
82.4146347046
81.7104721069
82.1630630493
82.2976150513
80.9490737915
80.4507675171
81.290977478
80.6180267334
79.7941894531
79.9412765503
80.4514160156
79.7001037598
78.9797363281
79.4106903076
80.0293502808
79.0720977783
78.9003677368
79.8121337891
79.7649078369
78.9686508179
79.2386856079
79.965675354
80.4924087524
81.5035705566
81.6704559326
83.3712692261
83.2364501953
82.1077346802
82.9754562378
83.1421737671
84.143081665
82.6829833984
81.8996658325
81.7631988525
81.9233093262
81.4630050659
82.4141464233
81.1380081177
82.0960617065
80.5728683472
80.7702941895
80.3059158325
80.5231399536
81.2769470215
82.3396987915
81.3052978516
83.0707626343
83.6009216309
81.9476318359
82.7962341309
81.3623886108
81.1661987305
80.7917098999
81.4861907959
82.2537231445
81.273223877
83.6173095703
84.1054611206
85.3551483154
86.0054855347
87.4221038818
88.1326599121
89.0314178467
87.5052490234
87.374458313
85.5378570557
85.9815292358
87.0927124023
87.3870544434
84.8100509644
85.3368988037
84.6359481812
85.6075973511
84.673576355
85.2047729492
86.9084243774
87.5382232666
86.6153640747
85.6339416504
84.4493026733
83.6774673462
82.1371688843
80.9384765625
81.5572662354
82.5610122681
81.5984115601
81.4442596436
83.7243652344
82.7491989136
81.3979644775
82.7308959961
83.7805480957
82.6642150879
82.4241943359
85.1095504761
84.184967041
83.185005188
84.4011001587
85.6577606201
85.4705505371
85.6630477905
87.0557022095
87.9568252563
86.6718444824
87.4733123779
89.4466171265
91.2294158936
90.5509643555
91.2507705688
89.898147583
91.924987793
91.6034240723
88.8494262695
89.0448608398
91.2951660156
88.9145431519
87.1962280273
88.0761032104
89.493057251
87.3490447998
87.2456588745
86.2792434692
86.1393814087
87.4544830322
85.9965744019
85.9038162231
87.5646972656
86.576713562
84.8822937012
83.9056930542
84.2421722412
82.2137069702
82.6168899536
84.2945709229
83.1782455444
81.7278594971
83.1407394409
84.0203170776
82.0929336548
82.2501449585
83.9190139771
83.4395065308
85.4969863892
83.5462799072
82.8974609375
82.2018203735
82.2162857056
82.2368087769
80.722076416
79.7397842407
79.9193267822
78.775932312
79.4607009888
79.9434814453
79.0915527344
78.9199447632
79.7636184692
79.8651809692
78.9093856812
79.37474823
80.3495330811
79.6709213257
80.3096084595
79.6482849121
79.1881790161
78.8727340698
78.5762252808
78.7075805664
78.3802642822
78.2884368896
78.2365036011
78.0989685059
77.8454437256
77.6633224487
78.0190048218
77.931892395
88.661239624
87.4331665039
87.0256729126
86.0812683105
85.0816574097
85.308380127
84.5867843628
84.612411499
82.9805297852
81.8248214722
82.2350234985
80.8565216064
81.0219573975
82.7318191528
83.009262085
84.1376495361
86.0877914429
85.6291503906
83.7249298096
84.735824585
85.9698562622
87.0540771484
87.8119735718
88.1010284424
89.274597168
87.0840301514
88.1402893066
89.197883606
87.5673980713
87.0475082397
86.919960022
87.8436203003
88.3767318726
86.556098938
87.432258606
85.9421539307
84.9905395508
84.5453872681
83.207611084
83.7509689331
81.9204025269
81.4635848999
80.7421417236
79.7676620483
80.2901611328
81.402130127
82.3456497192
83.4622955322
82.4819946289
84.0014038086
83.499382019
83.9638671875
84.9687042236
85.6104507446
87.1929931641
87.2904663086
89.5170898438
90.650894165
91.1795272827
89.7454605103
89.7390289307
88.5453567505
88.5547866821
88.3056182861
87.1847381592
86.1133956909
86.0737533569
85.1475448608
84.2630615234
83.8110809326
83.8199462891
82.5699691772
82.024848938
81.6740875244
81.4911117554
77.8729400635
79.8909454346
80.3405075073
79.1351699829
79.6151199341
79.967300415
80.4574966431
80.7033538818
81.6115112305
80.4359130859
81.3816452026
81.3242340088
82.0948638916
83.0196304321
84.4122543335
84.7406234741
85.4184875488
87.1692352295
89.1333999634
87.6561431885
85.9976730347
85.1401901245
83.8456726074
82.959487915
82.5477523804
81.794631958
83.3782958984
83.2089309692
84.5893173218
85.1773834229
85.0669708252
85.9328308105
85.1510162354
87.5432434082
87.6374053955
86.2673034668
87.111114502
89.677482605
88.9047317505
88.4514083862
90.8131866455
92.4957809448
79.1467514038
105.746337891
67.49634552
66.0247955322
74.2604064941
83.3610610962
84.2801513672
86.7752151489
85.9158630371
85.0774612427
84.019744873
84.4890365601
84.8638916016
83.0999755859
82.2344970703
83.3786010742
82.5763702393
81.4042739868
81.4384765625
82.1698379517
81.1873626709
80.0675354004
80.5355148315
81.3676223755
80.0797195435
79.5108642578
80.7250137329
80.7318725586
79.5361480713
79.6630783081
80.5233612061
81.2345657349
82.7035522461
83.1277236938
84.9391098022
85.0982437134
84.0408248901
85.1494064331
85.4729385376
86.4314422607
84.6131439209
83.8407974243
83.5595855713
83.8777923584
83.1428909302
84.1105041504
82.6421127319
84.1494140625
82.0867843628
82.4797744751
81.6595153809
81.9385299683
82.7270584106
83.9232559204
82.50025177
84.4348754883
85.1181106567
83.0937194824
83.8411102295
81.9349441528
81.9162139893
81.4626998901
81.7943496704
82.9746856689
82.1370239258
84.6570663452
85.3064880371
86.6752166748
87.5316619873
88.8979034424
89.7788925171
91.0223388672
89.503288269
89.5044174194
87.6063232422
88.3544540405
89.6444396973
90.2643966675
87.3000640869
87.5910797119
86.8299331665
87.9491729736
86.6764221191
87.1779327393
89.2215194702
89.6481781006
88.4353561401
87.3386001587
86.049041748
85.2594604492
83.5659942627
82.2805786133
83.1212997437
84.3543167114
83.234916687
83.3348770142
86.0645446777
84.8885574341
83.4603424072
85.1787643433
86.362953186
85.0571212769
84.960357666
88.1929702759
86.9385604858
85.8843994141
87.5084838867
88.9289245605
88.6712036133
88.7322616577
90.4514312744
91.1764450073
89.7222518921
90.5840072632
93.0225448608
94.8023300171
93.9368972778
94.4714736938
92.8137054443
94.9033432007
94.8562011719
91.8211364746
91.755859375
94.274230957
92.0747070312
89.9771652222
90.6945495605
92.459815979
90.3136672974
90.2951126099
89.394744873
89.291557312
90.9546279907
89.5302352905
89.3667831421
91.4157867432
90.3186721802
88.2662506104
87.0924072266
87.5297698975
84.9504547119
85.3736877441
87.4135284424
86.1030349731
84.1530303955
85.8797988892
86.9508132935
84.55128479
84.5626373291
86.5958557129
85.9196853638
87.9855194092
85.7239151001
84.8357696533
84.0377960205
84.2979888916
84.2715682983
82.5967025757
81.217666626
81.38621521
79.9023284912
81.0024337769
81.7121429443
80.4745864868
80.3592147827
81.6021194458
81.6731109619
80.2262268066
80.7919540405
82.234413147
81.1427536011
81.7700881958
80.6283416748
79.981338501
79.8780670166
78.960899353
78.9539337158
79.3040084839
79.042755127
78.8631362915
79.1109008789
78.7325973511
78.0886077881
78.1092758179
78.3164596558
