7.97968626022
11.521777153
14.5276861191
11.4638795853
15.5806770325
12.0409135818
17.2914028168
17.3259811401
12.3635625839
12.3271913528
15.4121026993
18.1047554016
16.6880149841
21.4452419281
18.0209941864
23.535577774
23.779624939
18.730474472
22.1892127991
25.2853145599
28.2110519409
22.8729724884
23.9396076202
20.808965683
22.6327457428
20.2588558197
17.7455177307
14.1956224442
17.0575084686
18.4498748779
18.3599414825
23.7130184174
21.2621765137
26.8415317535
27.2315483093
22.4971523285
5.78827047348
6.95174217224
9.60108566284
10.4018650055
15.0048713684
12.2870283127
17.8653812408
19.4053649902
14.8290891647
8.37433815002
7.34935855865
7.16018533707
11.2795543671
15.4967842102
14.4889163971
19.2778816223
21.4302349091
17.8309402466
13.3540287018
16.0193214417
19.5744152069
17.2754688263
20.9766483307
16.7892837524
21.8091087341
21.964761734
16.8904800415
20.6554012299
21.2406101227
23.0204315186
25.3902225494
30.1670093536
27.196434021
32.7690429688
34.4038238525
29.4583091736
17.8206920624
15.3064775467
18.6820774078
20.1184234619
20.8757572174
17.5455265045
20.3263568878
23.46393013
20.0677700043
25.6656513214
26.6959114075
30.5229873657
29.9418773651
33.1260643005
28.552986145
33.1076164246
34.0768508911
29.1055202484
27.1788444519
29.8068618774
32.9313316345
31.4393005371
35.6593971252
31.5759849548
36.6103134155
36.4915847778
31.4468421936
29.7140655518
31.568901062
35.4499092102
31.3734207153
31.9736652374
27.8101196289
29.4584083557
28.4241294861
25.5441303253
28.1978549957
30.0768871307
33.5936546326
28.796913147
28.4851341248
24.9237308502
25.4689311981
23.8342819214
22.0041446686
37.1033782959
39.1734771729
42.7082176208
41.3316688538
44.9846839905
40.503944397
45.0995979309
45.143863678
40.2124443054
23.8892402649
24.2091503143
28.4169235229
27.1177597046
28.7561950684
24.0852909088
27.3874893188
28.5307712555
24.2588825226
21.5073547363
21.1442832947
25.265165329
24.8335552216
26.5087471008
22.0024032593
25.4918327332
27.2450447083
22.9361381531
25.36302948
26.1579208374
28.9792728424
24.1798992157
21.6888923645
19.3922195435
17.4108924866
15.9153699875
16.3942089081
