34.7763557434
32.0018692017
31.2795581818
27.3815670013
25.1844577789
21.9307460785
19.8374843597
17.2767944336
13.5507774353
12.366818428
8.5364780426
6.38861131668
5.46434593201
8.95860385895
11.0542287827
13.0768527985
16.1636829376
15.2880458832
13.1563053131
10.2838010788
7.02976989746
5.64315223694
8.90187549591
7.31346130371
11.862197876
13.1089792252
16.0866508484
18.2638912201
22.0512256622
21.7608184814
27.1743049622
27.3040904999
24.3389339447
25.8752441406
21.5790596008
23.0404949188
17.5475845337
18.4465808868
14.3503847122
18.0909996033
18.1252155304
21.0896511078
22.1999454498
22.6201324463
20.7752933502
16.394952774
19.5351028442
15.350476265
14.2794313431
12.7554416656
15.1420383453
13.8279008865
16.9877033234
20.1190032959
19.4601669312
23.1026229858
22.3445224762
26.3337287903
26.144908905
28.22123909
23.370880127
22.5074043274
17.0165882111
15.6718149185
10.392739296
13.71434021
9.14364528656
9.88658714294
9.9306344986
10.0355443954
13.0979557037
12.7165927887
17.1180229187
21.0267295837
21.6553726196
18.666185379
19.7197532654
14.8824920654
16.2381839752
16.3560962677
21.0599746704
20.6243534088
24.7191085815
25.5775508881
29.4502754211
28.2847881317
27.2536258698
31.2662982941
29.5795402527
25.939037323
23.0976047516
21.6770458221
18.1919631958
19.4909267426
12.8779640198
15.7381343842
14.3030281067
40.2316818237
37.0009727478
35.9692153931
31.8905735016
28.7732009888
25.8074893951
22.9556694031
19.9470500946
15.6363258362
13.730931282
10.9220199585
6.69500494003
8.95860481262
5.26353979111
4.69356632233
6.49656629562
10.7302093506
11.6333684921
9.05690574646
10.1482391357
7.67598056793
10.6952466965
12.1770381927
12.1542081833
16.5107517242
17.8769321442
21.172996521
22.7761592865
26.5474185944
27.159280777
32.7672538757
33.1198806763
30.8688526154
32.2554283142
27.3967437744
28.3405532837
22.8564224243
22.936794281
18.3800773621
20.2922954559
18.963350296
20.9281101227
23.4533939362
24.5160312653
24.9264907837
20.179227829
24.3456172943
21.333902359
20.4788341522
20.2690219879
22.8566970825
21.6970748901
25.1344776154
27.5573406219
26.4841156006
29.6447658539
27.8151416779
31.4280757904
30.9451122284
34.0735244751
28.7263412476
28.7476387024
23.2693061829
22.3124446869
17.2792854309
20.135848999
16.5529193878
15.1092567444
14.3917655945
11.0878601074
12.2787647247
10.0063247681
13.7433395386
16.0424480438
18.0485363007
16.7169246674
18.2820148468
14.9105367661
17.6705493927
19.131477356
24.3937988281
24.4959373474
29.0788784027
30.3672218323
34.2096824646
32.2543334961
30.7489261627
34.2888526917
32.0529251099
28.9007263184
25.4397602081
23.1673736572
19.2604293823
18.7109355927
11.3160333633
12.6642522812
9.32549190521
35.5167121887
33.2289581299
31.9976501465
28.7991580963
26.1119441986
22.6576728821
21.474981308
18.0409107208
15.2553424835
12.6878242493
10.1287384033
7.53907728195
5.64315080643
7.2186665535
10.6952428818
11.2892665863
12.7980804443
14.7113304138
13.0100831985
11.7139234543
7.55967760086
5.109852314
6.92369699478
7.59453630447
11.7927188873
14.813990593
16.8657569885
19.8711547852
23.6577701569
22.6533946991
28.1870479584
27.7635135651
24.6034412384
25.5706863403
21.1793632507
21.8163394928
16.3783130646
16.408285141
12.0868015289
15.6793088913
14.8921852112
18.2419757843
19.5364685059
19.4119186401
17.6885261536
13.0353126526
15.8464441299
11.7658815384
11.5948429108
10.6703672409
14.3338766098
14.1742744446
17.4812412262
20.8295459747
21.0049667358
24.9492282867
24.734161377
29.1135501862
28.4407119751
30.1885433197
25.187456131
23.687494278
18.8450107574
16.2647438049
11.1033163071
12.9203519821
7.8361787796
6.58435535431
5.93042469025
6.97182035446
9.86130428314
10.491727829
14.7734088898
19.307800293
19.3708438873
16.017988205
17.7411842346
12.4657516479
14.6347236633
15.3579158783
19.3579063416
19.9933872223
23.8621845245
25.5285835266
29.3050174713
28.5575218201
27.0693683624
30.7662181854
28.7175064087
24.8514175415
22.831653595
20.6597042084
17.8991680145
18.818063736
12.3139467239
16.3283462524
14.3853340149
12.4670162201
13.1975631714
11.3358182907
12.8119268417
12.7466039658
11.611623764
15.9037456512
16.1164569855
19.7594261169
20.7899990082
22.1550159454
26.0026988983
25.8752441406
29.7231864929
32.2554321289
32.1540184021
35.5882110596
35.6982460022
35.7916526794
35.7292709351
31.6729030609
28.5339508057
25.5706863403
22.1203613281
20.4923114777
16.1424980164
16.3578891754
12.1359510422
13.4859619141
12.7132434845
8.73534202576
9.07424926758
5.90998744965
4.43417978287
5.72089910507
8.49795341492
11.241976738
14.5162191391
17.9296646118
20.2959976196
25.9306850433
27.2435932159
23.304599762
24.0845222473
18.7060928345
20.7498931885
21.4928264618
21.6596679688
17.1397666931
18.0346508026
12.9569950104
14.1404953003
14.4354982376
10.1553621292
13.152256012
14.185751915
16.379076004
20.6627426147
16.7516746521
15.7333431244
12.8625936508
9.38457012177
13.975110054
11.0610046387
16.0145454407
12.9865903854
18.9552211761
21.6119327545
26.0418281555
26.6943035126
30.7997741699
30.9985599518
32.9762763977
36.5151023865
34.7133865356
30.6009521484
27.6920032501
25.3944950104
20.6445446014
16.9302654266
15.555352211
11.919011116
9.81949424744
7.49659109116
8.43967247009
11.0540742874
12.3014602661
15.4896192551
17.0624065399
14.8796472549
15.7515125275
18.8520832062
19.5098609924
24.1783313751
25.8180789948
27.6377372742
30.9769153595
18.6314620972
18.7405223846
15.4272661209
16.6327838898
13.3753204346
11.0960140228
15.5621786118
13.0259819031
17.1588020325
16.2376976013
18.8844623566
21.969543457
23.0405006409
26.3270702362
28.3405456543
27.2833709717
30.6321372986
29.7854309082
30.088596344
30.7028236389
26.8855228424
24.0734176636
21.8163318634
17.1395797729
16.9202651978
12.4144706726
15.3988466263
11.0901355743
14.2454938889
15.0584821701
11.486240387
14.6953125
11.8997402191
10.6407403946
8.49795246124
5.49654388428
5.97714042664
7.63324975967
11.7579345703
13.0002679825
18.7295818329
19.6635437012
15.5186195374
16.3746032715
11.7374191284
14.2094583511
15.6019859314
17.1767120361
12.5903024673
15.3619251251
12.2784805298
14.6819543839
16.8042907715
14.4258050919
17.2295570374
19.4759540558
20.5931911469
25.5625476837
21.3688774109
21.8819236755
17.1960029602
14.3309707642
16.3856945038
11.6567621231
14.5992927551
10.1108818054
16.1615619659
16.8635540009
21.5244808197
21.2569942474
24.9640445709
25.1658973694
26.4221057892
29.7855262756
27.6020679474
23.5629653931
20.5795688629
18.8184432983
14.018198967
10.9325361252
8.28865814209
6.69987201691
5.22088336945
7.9901137352
10.0172109604
11.6266355515
10.0537500381
12.628490448
12.2365293503
8.91591072083
11.0841445923
12.355096817
14.0444221497
17.9855289459
20.2622661591
22.5776596069
25.6215209961
36.1039199829
34.867980957
31.719581604
30.8564548492
25.913394928
22.8016033173
23.9379062653
18.4647026062
19.0503025055
13.8955183029
16.4921188354
15.083738327
18.1252174377
18.5619297028
18.963350296
15.7532405853
17.4563827515
14.2739143372
14.3411216736
16.8062419891
14.4651269913
13.9635810852
14.8921823502
10.5320081711
14.6796131134
14.8550224304
20.6953754425
20.0410079956
23.86079216
26.941242218
25.1825828552
30.5310840607
28.8567962646
26.8677139282
25.9306793213
21.1737575531
18.7295837402
15.2346658707
11.8444662094
9.10901069641
6.70784378052
5.00519752502
6.884724617
6.76249933243
9.97479724884
7.16943264008
11.1244506836
13.2998771667
12.7305641174
16.5872898102
19.6011886597
21.7770385742
25.500711441
26.7666511536
28.3552017212
31.9139919281
31.7267055511
36.8115463257
33.8460159302
35.9247207642
30.0368309021
28.1588153839
25.9380054474
21.363243103
18.6404762268
16.2778339386
15.8758192062
10.9472322464
12.648557663
9.50704193115
9.89258670807
10.5229501724
9.67626094818
13.3830127716
10.657989502
6.6528506279
7.73248386383
6.03509807587
8.52017688751
11.8716392517
12.5800647736
16.8221817017
19.7316112518
23.9583797455
26.8564567566
26.4010982513
23.2037696838
24.8897800446
21.4338226318
18.0140552521
18.357673645
13.5585031509
14.0422964096
12.646903038
11.3998804092
15.5365095139
14.5723323822
23.3221645355
21.9150505066
22.2887191772
19.5048961639
20.3833560944
17.8337249756
18.234167099
18.4004993439
18.121635437
19.4727420807
17.4988613129
20.2052783966
16.9877071381
21.2817440033
25.1344795227
26.6265563965
29.1501560211
31.0512180328
29.8561344147
28.6086158752
24.1601047516
21.373462677
17.4812335968
17.9082603455
15.1322202682
14.1058349609
12.9465560913
12.5518960953
14.2769165039
16.0369148254
13.6522941589
16.598859787
16.3646793365
12.2269105911
14.4354991913
13.4591169357
16.8042926788
14.161110878
17.491897583
17.4226074219
22.1738891602
25.5007171631
28.4239864349
26.5148601532
26.4768848419
20.8510246277
19.8510475159
20.3074150085
16.6992721558
13.8183603287
10.8938312531
6.90750265121
4.61442518234
5.87378168106
7.25758218765
11.2362089157
13.9680929184
18.0695838928
18.0052318573
16.9036426544
14.504445076
11.4610862732
9.20254325867
8.03704738617
9.35381317139
10.7016630173
11.1791648865
16.2308864594
18.8788833618
21.6927471161
25.6545982361
26.3920726776
29.9639186859
34.360824585
33.5177383423
29.3441791534
28.5640220642
24.0703220367
21.821521759
19.0375595093
20.8165149689
18.2474937439
19.6646614075
18.3192596436
21.2783222198
22.0117969513
22.7799282074
27.0847873688
27.3221054077
23.8817462921
22.6463489532
24.0590457916
22.3588161469
26.4255466461
23.8098201752
26.4982662201
27.833776474
40.5342140198
38.2290649414
36.0542907715
33.4590034485
29.1691246033
25.9375553131
24.9232330322
20.1818447113
17.9753990173
13.4377679825
13.4033555984
9.31354236603
12.7165908813
10.8589382172
10.0063238144
6.66192722321
7.38929462433
5.60008573532
5.84377813339
7.33816766739
7.15421247482
7.01093816757
10.4917268753
9.47872257233
12.8353872299
16.0052089691
20.279302597
21.8405952454
24.8410606384
28.5527381897
27.9446849823
33.7506446838
33.0604286194
30.7491340637
30.9985599518
25.9265232086
25.1658916473
20.1768798828
18.4414787292
13.9106359482
14.1320552826
10.5229511261
12.4915790558
16.0308570862
16.4401054382
18.4027767181
13.6562604904
17.7343616486
16.5426330566
16.6145782471
18.2393856049
21.9685001373
22.5808753967
26.3920726776
28.707075119
29.0309410095
32.6644935608
31.6806964874
36.2035255432
34.4897575378
37.1683654785
31.3314552307
30.3028011322
26.1050319672
23.0503044128
18.4760761261
18.8483123779
15.7850980759
11.4429073334
10.6274471283
5.62221002579
4.23375415802
4.9357213974
9.22360134125
9.77643203735
7.83681058884
11.3260574341
7.95180177689
12.9728031158
16.0377292633
19.7620811462
22.0509777069
26.142074585
29.0612430573
32.599861145
31.3028583527
28.7887115479
31.4527683258
28.3800430298
25.0400619507
23.2246456146
19.2480792999
17.018825531
15.1939849854
8.72318840027
12.6161928177
8.34183979034
32.6243019104
29.095375061
27.6362934113
23.8566627502
19.776922226
17.5802536011
14.4744091034
11.6733989716
8.41854476929
7.90495872498
8.46315765381
9.4241809845
14.5780830383
14.0358219147
12.0289545059
11.4360923767
15.5831928253
16.6082744598
19.6595363617
18.7336730957
18.903213501
15.0886192322
16.4152965546
12.9220657349
11.8678598404
12.8594169617
13.3023061752
15.6373443604
16.083738327
19.1417922974
20.7612133026
25.9939041138
26.5904464722
25.8200416565
27.0645065308
22.131526947
23.2366333008
18.8061294556
19.5149707794
16.4916973114
17.1715621948
19.0179843903
19.3273506165
20.1069011688
22.7631702423
23.4314975739
20.2631454468
25.4518470764
24.1856822968
20.9308204651
22.1635570526
22.3480911255
21.1969871521
24.8994922638
24.8953475952
23.6549072266
25.7695713043
22.9090480804
26.6339073181
24.373872757
28.5685710907
22.5536251068
23.6134605408
19.6977062225
19.0270042419
16.2097263336
18.0839061737
18.4030780792
17.6611709595
19.9808235168
15.2122373581
18.2046928406
15.1858310699
16.971654892
17.8580284119
18.9729537964
17.4331474304
15.1945571899
14.2323246002
13.2353429794
13.5510339737
19.0947113037
17.7180614471
22.2979106903
23.0341663361
26.4740772247
23.5519046783
22.1117153168
25.3212490082
23.4823818207
21.3261146545
16.7102012634
15.6546564102
11.1564464569
11.2983837128
8.66092205048
5.43085098267
8.78216648102
