77.226776123
88.2387161255
83.028427124
81.1847839355
66.4810180664
81.6127471924
79.6847229004
84.7727737427
83.1340103149
78.7637023926
79.545211792
78.0324020386
73.8010559082
73.8174438477
77.5955200195
81.4722442627
94.7471923828
89.8036880493
85.1863021851
67.5727615356
88.0714569092
82.5544891357
88.9788589478
89.5868148804
82.65209198
82.5118713379
84.9418411255
78.1216049194
77.6007537842
84.2109069824
70.4649200439
80.6635742188
77.8676681519
71.2650604248
57.3777961731
74.0996170044
70.7721939087
74.4960708618
75.6486740112
67.9638595581
72.6270980835
71.7798995972
65.4265670776
66.2419662476
71.8558349609
67.4736022949
78.6708831787
76.6793518066
67.9153594971
53.6351928711
72.2927627563
67.0535354614
71.3310623169
73.6842498779
64.8434371948
68.885925293
70.0673904419
62.6305809021
63.2222633362
70.6207580566
64.0434799194
78.0200500488
76.5262069702
67.081489563
50.0585479736
71.9120788574
63.6074790955
70.6941299438
73.0972137451
65.0820388794
63.9266548157
69.0812454224
61.1200714111
60.3084983826
70.1891098022
55.9800300598
69.8105545044
67.438621521
59.4159965515
41.1363143921
63.3972015381
56.369556427
63.2395744324
64.7048568726
57.2825317383
56.7963256836
60.3100013733
52.610294342
51.9432983398
61.0108146667
44.5014801025
61.8023605347
61.0862846375
50.7819976807
30.3582859039
55.7890777588
45.6443138123
55.0365524292
56.7170410156
50.0608024597
44.679977417
51.7674751282
42.9978179932
40.7971191406
53.9634475708
51.9293518066
65.4880752563
71.9942474365
53.1372375488
38.2374000549
61.4949455261
48.5754432678
56.232875824
61.5390625
53.2262077332
50.3582572937
58.8903388977
49.9710044861
48.8401222229
64.7262191772
46.8853797913
61.307598114
68.1357040405
47.9081459045
30.5646476746
56.9753303528
42.4306297302
51.0471038818
57.2774810791
47.8990364075
43.9244842529
55.2151489258
45.007610321
43.4779052734
60.8015518188
51.0166015625
67.772644043
73.5697555542
54.8471946716
35.7651023865
64.0629882812
47.8829956055
58.2469902039
64.0274124146
55.7553215027
47.6770362854
61.0378761292
50.9772186279
48.2887687683
66.3935012817
51.3999023438
69.1094055176
71.8829116821
56.0465507507
37.0073814392
63.7366218567
50.2589416504
60.0254325867
64.2787322998
55.9343452454
50.2570152283
60.0926856995
49.6860351562
47.6926765442
64.3382339478
65.5686187744
80.9766311646
82.7726364136
68.060546875
50.5714683533
75.2572860718
63.9670143127
71.6779937744
76.0746307373
66.7779312134
64.9740600586
72.2824554443
62.4787559509
61.5966072083
75.5970687866
77.5715560913
85.7202224731
86.0532531738
76.4885864258
64.1347732544
80.2954483032
76.3990631104
79.0227279663
81.5097198486
73.4011077881
78.676399231
79.2292938232
72.6343841553
73.5567550659
80.3300476074
72.7146072388
87.3286743164
87.4267425537
75.9427566528
60.3136901855
81.8418121338
71.4063339233
79.3426971436
82.7550430298
74.5931625366
70.9184570312
79.2096099854
70.8952255249
69.5186767578
81.1985244751
85.0569763184
96.7263565063
96.5132064819
84.5396194458
69.6744308472
90.8577804565
83.0865783691
87.2750778198
92.020652771
81.9354095459
85.0166168213
88.997467041
80.7756195068
80.9501266479
90.3447647095
69.3381195068
86.4741973877
85.3586807251
74.9341583252
54.8246650696
80.7023773193
69.0254669189
78.8184890747
81.6240081787
74.0462188721
67.3824920654
77.1839752197
68.5340576172
66.1356048584
78.8993377686
76.2042388916
83.5824584961
81.7359237671
77.3210983276
65.098487854
78.2759857178
76.9300460815
80.0814590454
79.6212692261
74.6727218628
77.9289703369
76.8801574707
72.1968994141
72.7502670288
76.8065872192
81.4618225098
96.3355102539
96.2038803101
84.3861846924
66.5167312622
90.2176437378
80.491569519
88.0414962769
91.2485351562
82.8058700562
80.6364593506
87.1842880249
78.5568771362
77.7904434204
89.4330749512
85.189201355
99.1420974731
100.293022156
87.1981430054
69.0620117188
93.7119750977
83.1111831665
90.3779525757
94.6350402832
85.5123519897
83.4278259277
91.4928817749
82.7897186279
81.6305770874
93.7788925171
79.7925262451
96.4984207153
94.8388366699
86.1953887939
67.5458679199
91.0083847046
80.7693328857
89.9722442627
91.8365402222
85.5198440552
78.9375457764
87.1770935059
79.6794128418
77.3332290649
88.666885376
81.0410766602
93.4205322266
91.123878479
83.6573257446
67.4308395386
86.8295288086
81.2542800903
87.1583786011
88.272644043
81.295539856
81.5536956787
84.1917572021
77.5323486328
77.3380508423
84.8818435669
81.5907821655
98.691986084
96.9209823608
87.1324005127
67.2912368774
92.6462402344
81.9821166992
90.9651184082
93.6866149902
85.8016052246
80.6991729736
89.0597229004
80.5443725586
78.2739715576
90.4248504639
84.3413925171
98.9211502075
100.774589539
85.7868499756
69.2672119141
93.407585144
82.1988372803
88.9196090698
94.2633514404
83.9264373779
83.5676651001
91.0632019043
81.7141647339
80.7845916748
93.9690856934
86.5016860962
97.3718566895
98.9406051636
85.1212921143
72.0693206787
91.9884338379
83.2874908447
87.7760620117
92.9999084473
82.5708007812
86.1378860474
90.6371078491
82.1798629761
82.5574035645
92.7791519165
100.689537048
118.524475098
117.605140686
104.875991821
82.5708694458
112.4842453
98.8515472412
108.592536926
113.473571777
103.400306702
97.8586425781
109.154190063
99.3871459961
97.1631240845
110.859985352
105.043457031
122.724411011
121.813468933
109.004806519
86.850402832
116.674957275
103.084205627
112.674980164
117.677497864
107.446105957
102.195793152
113.418899536
103.640663147
101.489456177
115.093711853
80.9072341919
97.596206665
98.1484069824
83.5619354248
62.3464164734
91.6683197021
78.3531188965
87.1462860107
92.6172790527
81.8669662476
78.5469589233
88.7774658203
78.6454086304
77.0098495483
91.1408157349
70.0216140747
87.9132766724
90.4537200928
72.8646697998
50.8314247131
82.4241714478
66.5812911987
76.4990997314
83.0913619995
71.8905181885
66.7519378662
79.443359375
68.378578186
66.2445602417
83.0376663208
66.1802062988
82.6068572998
87.5223693848
66.4166870117
46.3502845764
77.4905090332
60.9532814026
69.6631240845
78.0190887451
65.2268066406
62.8282318115
75.2744216919
63.4920883179
62.0707702637
79.9041366577
73.5624313354
92.9694442749
96.2585144043
77.3481903076
54.3068351746
87.8031616211
69.7442016602
81.0230178833
88.2689590454
77.0480957031
69.1495895386
84.5578460693
73.027381897
70.1583709717
88.707069397
77.4357681274
96.402381897
99.8257369995
80.6112060547
58.0343399048
91.2181625366
73.3336715698
84.1810073853
91.7104644775
80.1080093384
73.0773010254
88.1547622681
76.5843811035
73.9376907349
92.287612915
66.0790939331
85.7091293335
88.976852417
70.3218078613
46.9256362915
80.5544052124
62.5586853027
74.112487793
80.9987716675
70.1924133301
61.8097267151
77.1703643799
65.682800293
62.6920394897
81.3920059204
65.6037750244
86.6143264771
89.3005599976
71.6633529663
47.1229858398
81.5388336182
62.8576126099
75.657585144
81.9107589722
72.0812835693
60.8680686951
77.6469497681
66.3545761108
62.6289253235
81.7642059326
64.8383483887
85.8386764526
90.6891174316
69.7147216797
45.8013153076
81.2413864136
60.5109596252
73.4717254639
81.3827209473
70.4670944214
59.2085037231
77.7167358398
65.604675293
61.8770141602
82.9248199463
48.0346488953
71.589225769
74.1788024902
58.0489845276
31.9231777191
67.0112228394
47.1417732239
62.4648284912
67.0920333862
59.990070343
42.6236991882
62.1310768127
51.3253479004
45.98960495
66.6870346069
67.1220016479
88.225189209
88.1594314575
74.982635498
50.0764312744
82.7075576782
66.4506454468
79.2380218506
83.311340332
75.2153549194
63.3647880554
78.280632019
68.2213134766
64.3423995972
81.0202407837
70.7827148438
92.4354553223
91.3173217773
79.8414993286
54.6209754944
86.8780059814
70.9364547729
84.205329895
87.5039520264
80.2594985962
67.0034637451
82.1108398438
72.536491394
68.3044586182
84.3807983398
78.8373565674
96.8693161011
93.2001037598
85.646522522
62.9919891357
90.5309753418
79.6574172974
89.7940216064
91.678024292
84.4364547729
77.3501052856
86.4091873169
78.1894073486
75.6349182129
86.8583374023
82.1845932007
103.131851196
101.681526184
90.2866821289
65.5266647339
97.4013824463
81.9378433228
94.5261993408
98.1360778809
90.243019104
78.5363540649
92.8960876465
83.3269958496
79.5056915283
94.8480606079
84.0248031616
105.550941467
103.544654846
93.1032943726
67.9906463623
99.8573226929
84.3128356934
97.4363937378
100.568840027
93.31224823
80.2410125732
95.0738296509
85.7703475952
81.6033172607
96.8276748657
90.5835189819
108.96118927
103.140586853
98.9618301392
76.0707168579
102.503837585
92.6677246094
103.240257263
103.744384766
97.8818359375
89.2656478882
97.9440917969
90.7099914551
87.7914199829
97.3409194946
86.5021438599
103.255134583
96.3354034424
94.2900390625
72.7906723022
96.5809707642
89.1762542725
98.4916763306
98.005569458
92.7195205688
86.2819290161
92.2212524414
85.8223800659
83.5277099609
90.8558731079
90.9775390625
106.479782104
98.2818145752
98.4720306396
78.0353927612
99.6481781006
94.1766967773
102.59602356
101.229522705
96.5243911743
91.4809188843
95.4220733643
89.8426971436
87.964553833
93.2408447266
78.7929611206
100.673362732
96.0428695679
90.5079193115
65.5080490112
94.8995742798
81.502494812
95.1066055298
95.6945419312
91.0895996094
75.8336791992
89.3726806641
81.6623687744
76.9731063843
89.9109115601
77.4856796265
97.8001785278
90.9199066162
89.3280792236
65.6512985229
91.6891021729
81.5416946411
93.9376678467
92.7365875244
89.4180297852
75.9890670776
86.1197509766
79.7666091919
75.6061859131
85.3297653198
