2.13802146912
4.43549633026
6.89479207993
9.6203250885
12.6681566238
15.4577732086
17.4692306519
20.5478153229
21.801399231
25.422744751
24.7541542053
25.3645515442
33.1410980225
34.3008575439
35.7968597412
37.837387085
38.4230690002
39.6588516235
40.1030349731
40.9539146423
41.8055534363
42.0454826355
42.1004447937
41.2531356812
40.4116439819
4.43549633026
2.5288271904
4.90409564972
6.98054790497
10.0936088562
12.7758464813
14.9646854401
18.2241859436
19.601606369
23.3492774963
22.859287262
23.528339386
32.4954223633
33.6474838257
35.1689147949
37.2317886353
37.826385498
39.0760498047
39.5939903259
40.4649581909
41.3328094482
41.5202407837
41.6417427063
40.8112182617
40.0000648499
6.89479160309
4.90409564972
2.53502368927
4.29528474808
7.35219049454
10.274140358
12.373752594
15.7439527512
16.9528198242
20.8600006104
20.2461585999
21.0062675476
31.1964206696
32.3723297119
33.8446998596
35.8628540039
36.4819717407
37.7346496582
38.3395690918
39.2048110962
40.0799484253
40.2993354797
40.4513206482
39.6610221863
38.845741272
9.62032413483
6.98054742813
4.29528522491
2.12786602974
4.43930101395
6.99331283569
9.24740219116
12.79692173
14.2892513275
18.4158687592
17.8576602936
18.7407455444
30.8740749359
31.9358711243
33.3126716614
35.3216438293
35.8811798096
37.0803947449
37.6905288696
38.5521774292
39.4518852234
39.6185302734
39.8155593872
39.0190658569
38.2512359619
12.6681575775
10.0936088562
7.35219049454
4.43930053711
2.51824212074
4.85692930222
6.55356454849
10.0634069443
11.7373714447
15.7433757782
15.3337907791
16.4806728363
30.8064785004
31.7596340179
33.0105705261
34.891998291
35.3850288391
36.5043487549
37.1091499329
37.9534492493
38.8280677795
38.9445953369
39.1656112671
38.3877258301
37.6626281738
15.4577732086
12.7758464813
10.2741394043
6.99331283569
4.85692930222
2.52049207687
4.40000247955
7.70605754852
9.64171791077
13.7316799164
13.6561737061
14.9206542969
31.0105285645
31.853351593
32.9954147339
34.8100852966
35.2400283813
36.2692222595
36.8835334778
37.712562561
38.5933990479
38.6937599182
38.9573898315
38.1804161072
37.4393844604
17.4692287445
14.9646854401
12.373752594
9.24740219116
6.55356359482
4.40000200272
2.14266371727
5.10043239594
6.84409046173
11.0449199677
11.1753082275
12.8996686935
30.5260505676
31.230173111
32.1661491394
33.8084869385
34.1270523071
35.0772476196
35.6287231445
36.3986740112
37.2354850769
37.2869224548
37.5940628052
36.8643035889
36.156703949
20.5478172302
18.2241859436
15.7439546585
12.7969226837
10.0634069443
7.70605707169
5.10043239594
3.06972193718
5.91214418411
8.90955543518
9.87576007843
11.8148775101
32.3012580872
32.9092636108
33.6463317871
35.0000190735
35.1356582642
35.9227104187
36.2822799683
36.9696426392
37.7070541382
37.6338424683
37.9181442261
37.1558914185
36.4064559937
21.801399231
19.601606369
16.9528179169
14.2892513275
11.7373714447
9.64171791077
6.84408950806
5.91214370728
2.90091967583
6.86219024658
6.41084766388
9.05064964294
28.9260158539
29.477060318
30.1808261871
31.4363613129
31.6939125061
32.5682449341
33.0726852417
33.7694625854
34.5281066895
34.4823532104
34.8344192505
34.0987892151
33.4009933472
25.4227409363
23.349275589
20.8600006104
18.4158687592
15.7433757782
13.7316799164
11.044921875
8.90955543518
6.86219024658
3.85078763962
6.84090566635
9.14377975464
30.9341030121
31.2927894592
31.7813072205
32.4628829956
32.4925003052
33.0129318237
33.2728652954
33.8760490417
34.4872817993
34.4223136902
34.8017807007
34.106842041
33.4169235229
24.7541542053
22.859287262
20.2461585999
17.8576583862
15.3337917328
13.6561717987
11.1753082275
9.87576007843
6.41084766388
6.84090518951
2.70688271523
5.04727745056
27.8103599548
28.0460758209
28.4498996735
29.1601657867
29.2023963928
29.8608283997
30.1722984314
30.7740535736
31.4204158783
31.1766719818
31.528717041
30.7569465637
30.0297756195
25.3645534515
23.528339386
21.0062713623
18.7407455444
16.4806747437
14.9206542969
12.8996706009
11.8148784637
9.05064964294
9.14378070831
5.04727697372
2.52576208115
28.1207313538
28.0808372498
28.267665863
28.8611698151
28.7946472168
29.3984642029
29.5935058594
30.1215858459
30.653263092
30.3173274994
30.5463562012
29.7600345612
28.9320259094
23.5397853851
21.9143562317
19.5347328186
17.6407794952
15.9107151031
14.8305835724
13.2939043045
13.1434307098
10.1040077209
11.2196159363
6.62508535385
5.23426961899
25.2514419556
25.37150383
25.5925750732
26.4414329529
26.4598445892
27.1924800873
27.3245391846
27.8951568604
28.4146976471
28.146478653
28.3217258453
27.4211387634
26.5874900818
21.6381168365
19.9463500977
17.583770752
15.7453670502
14.2727327347
13.4034042358
12.4903144836
12.8191194534
10.3072404861
12.2844724655
8.29703617096
7.4425034523
24.722743988
25.4333763123
26.2100219727
27.6490783691
28.0906562805
29.2196960449
29.5468444824
30.3967323303
31.0658454895
30.9579811096
31.2296257019
30.3117008209
29.5034694672
21.0006752014
19.4059314728
17.0434303284
15.4099750519
14.2324733734
13.6997041702
13.1600055695
14.2397203445
11.5147409439
13.9611682892
10.5517501831
10.6147432327
22.6854782104
23.378780365
24.1266002655
25.8443260193
26.4857673645
27.8278198242
28.3643455505
29.4435310364
30.354101181
30.546421051
31.0382499695
30.3176822662
29.6825370789
19.7828788757
18.3421897888
16.2556648254
15.068362236
14.4869232178
14.4414215088
14.4632091522
15.721203804
13.6048784256
16.27602005
12.9579086304
12.7261447906
23.2152881622
24.3885917664
25.5714054108
27.5770931244
28.3624229431
29.8399658203
30.3322181702
31.4750709534
32.3420906067
32.4855270386
32.8927612305
32.0161056519
31.3108978271
21.631811142
20.2629814148
18.3015480042
17.0327148438
16.2269611359
15.8634748459
15.3308181763
16.0332717896
13.7655544281
15.6518602371
11.6790752411
10.4886341095
24.5779743195
25.2754936218
25.9901065826
27.4568729401
27.7491111755
28.7997131348
28.8770198822
29.5585727692
29.9992790222
29.7649993896
29.8212490082
28.6884346008
27.7651920319
20.8646717072
19.6592063904
18.0785255432
17.2189788818
17.0202350616
16.9964427948
17.0251426697
18.1088371277
16.3310127258
18.5004959106
15.0028018951
14.0166378021
25.1436729431
26.2038917542
27.2591209412
29.0615749359
29.5755252838
30.8597011566
30.9835395813
31.8026542664
32.2729949951
32.1170310974
32.1723709106
30.9612083435
30.0469665527
22.9936027527
21.8669223785
20.3801383972
19.5508232117
19.2848148346
19.2090263367
18.9624252319
19.7818069458
17.8356800079
19.4978580475
15.7560367584
14.3990573883
25.752614975
26.452703476
27.1313896179
28.5903129578
28.7561283112
29.7287998199
29.5412483215
30.0344581604
30.1949157715
29.7870883942
29.585231781
28.1957054138
27.1489257812
24.1274795532
22.9005031586
21.0346488953
19.799659729
18.8995780945
18.4594402313
17.5772686005
17.8976154327
15.4254322052
16.5772895813
12.3653793335
10.7737264633
25.2036170959
25.439661026
25.6650886536
26.6358184814
26.477514267
27.0901985168
26.8141479492
27.0958709717
27.1949710846
26.6656551361
26.4597167969
25.1719875336
24.1470584869
22.9417381287
22.0131874084
20.4945316315
19.856754303
19.6955375671
19.8069171906
19.4905662537
20.6461639404
18.0622844696
19.9893760681
15.9890499115
15.025390625
22.2318763733
22.6698493958
23.062374115
24.4826622009
24.570274353
25.5078468323
25.3542537689
25.9092216492
26.2165584564
26.0480899811
26.0172996521
24.8063964844
23.9488315582
24.3475131989
23.156955719
21.1724510193
19.9225540161
18.9471073151
18.484495163
17.3733634949
17.9888858795
14.7781448364
16.1883563995
11.9569311142
11.1114521027
22.280424118
21.974937439
21.6905288696
22.4063358307
22.0843410492
22.5857963562
23.0260753632
23.4430866241
23.2841529846
23.4387931824
22.5263729095
21.8066635132
26.4464225769
25.7169685364
24.2178974152
23.5939350128
23.2476100922
23.2527980804
22.4823284149
23.4643135071
20.4002418518
21.8272380829
17.8130626678
16.9616222382
21.5671043396
21.0691604614
20.5066890717
21.1159095764
20.40001297
20.6610660553
20.0184803009
20.0296230316
20.0114784241
19.7455806732
19.5792350769
18.4336185455
17.6139717102
28.3861179352
27.7618808746
26.2733726501
25.6802177429
25.2494163513
25.2301540375
24.2736225128
25.2423744202
22.0654716492
23.3102378845
19.6692657471
19.1360244751
21.8700695038
20.8200111389
19.6572952271
19.6717643738
18.4632301331
18.2481594086
17.40558815
17.1620235443
17.1468429565
17.1087341309
17.1227092743
16.3226203918
15.8047456741
31.4650669098
31.0389595032
29.8128242493
29.4002628326
29.1190795898
29.1805839539
28.2561588287
29.1354465485
26.0562496185
27.0321140289
23.3425617218
22.5540370941
23.4084911346
22.2083721161
20.8515834808
20.5434932709
18.9572105408
18.2151889801
16.7214984894
15.7176542282
14.9309844971
14.3467082977
13.6789522171
12.3929958344
11.6167144775
31.490447998
31.2151985168
30.122303009
29.9510612488
29.9230194092
30.1814994812
29.4577636719
30.6574134827
27.5825653076
28.8680877686
25.3834037781
24.8690681458
22.2567214966
21.1171512604
19.8281669617
19.6962413788
18.3382072449
17.8258037567
16.6268920898
15.9816818237
15.5911483765
15.6018829346
15.4501543045
14.6216640472
14.3084888458
