14.8305835724
13.4034042358
13.6997051239
14.4414196014
15.8634777069
16.9964447021
19.2090263367
18.459438324
19.8069210052
18.4844970703
23.2527999878
25.2301521301
29.1805782318
30.1814994812
34.4074630737
37.1553039551
36.5333786011
32.2393455505
32.8275871277
28.1080684662
31.6013736725
27.8175697327
24.2578315735
23.3270778656
20.9763660431
23.7801437378
22.5788764954
24.1778907776
25.2883396149
27.1950073242
29.5068569183
30.0049533844
27.9475669861
26.3591403961
26.4921836853
23.8901958466
27.3155174255
25.9169368744
30.8524265289
31.6587581635
32.138130188
29.0358943939
30.9888877869
30.9382133484
31.5055198669
34.2355079651
30.7652282715
36.5773925781
37.0948028564
33.7987136841
40.4037818909
38.2938995361
32.4511909485
31.6496086121
28.6949768066
30.0511837006
28.16248703
25.6266117096
28.899105072
27.283290863
31.2285861969
31.2824459076
36.7869186401
36.0328445435
38.9221954346
44.2772445679
42.4995422363
38.1681404114
36.1770019531
36.0682945251
39.0533370972
41.6908454895
38.2311325073
36.6710510254
33.453250885
31.063167572
27.791431427
26.8795108795
23.0569553375
21.0714492798
18.7731304169
24.0769996643
24.2634983063
21.0953826904
23.40076828
28.2171173096
25.5631465912
23.6610240936
28.1034584045
29.405330658
27.4538631439
27.0097236633
32.0660018921
31.6535987854
30.7413330078
33.0312004089
31.4268608093
31.1976928711
30.5265541077
28.9966888428
29.8023471832
27.3734474182
28.4346256256
28.4991149902
26.7122306824
29.186258316
28.4049472809
30.2732810974
34.8828048706
32.3812828064
36.136505127
38.3596496582
36.3261413574
43.0028610229
40.8592376709
36.340171814
34.7077407837
33.4560661316
35.646736145
33.5621337891
36.2829055786
34.1175765991
38.7775382996
36.1712417603
36.8621749878
41.6486320496
44.418888092
10.6711072922
10.1727590561
10.2616863251
9.26995563507
7.16411113739
7.63647699356
7.03368091583
7.05427694321
7.4761390686
7.6632142067
12.2700080872
14.6447496414
16.1699180603
20.5494842529
22.6273479462
23.6184806824
19.3111114502
21.1931037903
17.4283943176
19.1414337158
15.7664318085
13.2827301025
10.3175506592
8.24090576172
6.79724740982
8.23933696747
7.69093465805
11.8829231262
15.1428852081
16.3312606812
15.2496871948
11.1067419052
11.7262458801
11.0357694626
11.5039587021
14.3165693283
16.8817481995
21.6512794495
19.3974761963
20.0305671692
16.1972923279
16.0026016235
16.9969844818
14.9975614548
18.2190361023
14.6184520721
20.9008827209
20.5203742981
16.5866203308
23.4020442963
21.1578712463
15.3763046265
14.6986436844
13.2247495651
15.3517408371
15.4742555618
13.4437541962
13.8601503372
9.9957780838
14.1405992508
13.6905460358
19.3422203064
18.8327636719
21.9164943695
27.5212097168
26.4592075348
22.0497703552
21.3209552765
20.2291870117
22.7535057068
24.820772171
21.3026618958
19.7236633301
16.7018547058
14.7740888596
11.5342264175
13.941447258
8.38528442383
9.64786434174
6.61431121826
8.31644821167
10.4394245148
7.04114770889
5.79657459259
11.8654632568
11.0247144699
8.50539016724
11.1228694916
14.1225891113
13.6049404144
12.6277999878
16.456079483
18.1194648743
18.3774585724
21.323474884
21.3120193481
21.1160163879
22.0424156189
20.8861484528
21.1032295227
20.5712490082
19.7159404755
20.4916954041
18.8342437744
20.980890274
21.0614032745
21.7412414551
20.8419418335
17.1101036072
21.2741127014
22.6025657654
20.3143901825
27.2779636383
24.8786659241
19.579908371
18.7985134125
17.3617420197
20.0833702087
18.2666606903
19.7145233154
17.8445262909
22.3764972687
19.8810844421
21.1761417389
25.9357185364
28.5181369781
15.5677242279
17.5292415619
15.8871364594
17.9653129578
16.510055542
18.8746738434
17.7377319336
14.8566513062
12.2700080872
9.3255147934
5.71593332291
5.73286342621
6.33504629135
10.383972168
13.7972240448
13.6195955276
9.28321552277
9.72056102753
5.99729681015
8.01285743713
5.73330831528
5.45480585098
6.63775253296
10.3739566803
10.0934400558
15.2175121307
15.9644947052
20.1374816895
24.6977882385
23.8371505737
20.9200897217
15.585357666
16.2144813538
10.8579654694
13.6178331375
10.8069400787
12.6322841644
16.0534610748
13.9832000732
17.6569252014
16.3729248047
15.1765470505
19.6662693024
15.6313066483
21.6466159821
20.7064151764
25.6837406158
23.2731437683
19.6289043427
24.578540802
21.6010990143
19.1367988586
16.2139968872
16.2882328033
14.4643144608
14.8316516876
11.208234787
10.1928653717
10.9499177933
12.2866096497
13.7408123016
18.5323123932
18.2704963684
21.9043617249
26.3295345306
27.3205356598
21.627374649
20.0861244202
17.4068641663
20.1638336182
22.0126609802
17.7681541443
15.8229885101
12.7848091125
9.1843547821
6.96162033081
6.44270420074
7.49203491211
10.5264186859
12.6810750961
11.6855545044
16.6133384705
16.2206840515
12.7364444733
17.5705127716
19.4833221436
18.7964572906
17.8485336304
21.9199256897
23.32188797
22.0908603668
23.5485877991
27.077255249
28.176197052
30.859210968
31.4314994812
31.0945682526
32.1542167664
30.6769676208
30.3487129211
29.5848293304
27.5593147278
27.4693813324
24.8285827637
25.2931118011
24.0252742767
23.0121822357
13.1186647415
11.0382661819
12.5006504059
16.1099300385
13.704791069
20.2337169647
19.2957687378
17.220621109
14.2203111649
15.4976291656
19.2723960876
19.6891307831
20.8997402191
22.1525993347
25.5178375244
24.9691352844
26.8639011383
30.6627235413
32.2462768555
19.0502910614
21.189661026
20.2687759399
21.7812976837
19.399017334
21.4092178345
19.4185009003
16.8760681152
14.6447505951
12.9809465408
7.76540470123
5.73286342621
5.21800613403
7.76966381073
11.0994529724
12.3565168381
9.04803180695
9.41254425049
8.13666725159
5.95737028122
5.32018041611
7.67674350739
8.04757022858
11.9798088074
10.3491134644
15.5333709717
16.0969657898
19.7480125427
24.3694992065
22.573797226
19.0975780487
14.0528383255
15.0389738083
9.31018352509
13.4380893707
9.15888595581
12.8331851959
14.8913927078
11.1023006439
14.8911952972
14.2695388794
11.9518566132
17.2046203613
12.4307231903
18.6967487335
19.0340995789
22.9852638245
20.0031452179
17.0118293762
21.2109489441
18.8129024506
17.7338409424
15.3037033081
17.0215930939
15.3215236664
16.9551582336
14.1490573883
10.8943777084
10.8780202866
10.5702352524
11.2135343552
15.043841362
14.3380231857
17.8272399902
21.7165260315
23.1338977814
17.3396434784
15.9750566483
12.7847127914
15.3523082733
17.2757434845
13.1293210983
11.9222774506
8.51913261414
6.69312381744
5.66110610962
8.97517585754
10.6240100861
14.5242815018
16.2987537384
13.7448272705
18.7620544434
18.6349334717
13.9969425201
17.9034767151
20.7086620331
19.6946601868
17.2267589569
21.9054012299
23.6947669983
21.9354896545
22.306098938
26.7776527405
27.9036903381
30.3887367249
31.3948001862
31.1079654694
32.5811157227
31.2617740631
31.0525169373
30.7423362732
28.5161781311
28.7857608795
26.3419342041
26.7496795654
25.6893062592
24.5289745331
8.6154460907
6.35667991638
7.96492290497
10.9999990463
9.93968009949
16.0938224792
16.1416835785
14.8450717926
12.3892612457
14.5630083084
18.5305519104
19.5727462769
19.3524570465
21.1421928406
23.6124324799
23.1526126862
24.720451355
28.3111839294
29.2182617188
13.5864610672
16.5006141663
15.8858165741
18.4445304871
16.0303859711
19.1364555359
17.6401252747
13.6859693527
13.2827301025
8.61707878113
7.35561752319
5.45480585098
7.67674350739
10.1090908051
13.4356632233
17.4156723022
17.2367591858
13.2472257614
12.3811206818
8.24005889893
8.94511890411
4.49047517776
4.41824054718
8.40951347351
10.7878017426
14.5518522263
16.8754787445
19.890247345
24.9814357758
23.7311916351
20.9056434631
16.4347190857
15.4109954834
10.2243299484
11.2532672882
8.22954845428
8.17745876312
12.0495128632
11.3759651184
14.8903627396
14.0768938065
14.2696285248
18.5859718323
16.2402648926
22.3539676666
21.9532546997
26.8438529968
24.7371692657
21.6908969879
27.2217063904
24.9605941772
22.2776279449
20.1140441895
20.3337402344
19.1083240509
19.3813896179
15.5590305328
14.8612232208
14.4419431686
16.1401157379
16.3694343567
21.3626289368
20.0977306366
23.5909767151
27.7755012512
28.1385593414
22.1590080261
19.4196510315
17.6154060364
21.0052547455
23.860080719
19.9136447906
18.9367694855
14.8483839035
12.9545345306
9.9411945343
10.9081411362
11.0940008163
13.7275714874
14.6849775314
15.2819461823
20.0163784027
18.5963630676
15.1166810989
20.9125728607
22.3341026306
20.4033870697
20.0264644623
24.6432437897
25.3683452606
23.3352203369
25.528383255
29.2427177429
29.6529598236
32.3586616516
32.8145751953
32.4565963745
33.6714324951
32.1421089172
32.1897773743
31.3300323486
29.6428127289
29.6958885193
26.9906349182
27.7202453613
26.2180690765
25.3762397766
12.4778232574
11.4104089737
14.5626239777
17.566242218
17.075963974
23.2347736359
23.172000885
21.2361869812
18.6030826569
19.9879112244
23.8529224396
24.095500946
24.8942489624
25.6526851654
28.9766788483
27.6897373199
28.8122501373
33.2753257751
34.5077819824
16.9450817108
16.8393249512
19.6943244934
17.6300983429
12.7786808014
11.9239969254
8.15733528137
10.5125312805
11.8829231262
16.1846752167
15.1565303802
20.1374778748
19.748008728
22.8092384338
26.2110290527
27.9115943909
30.3676757812
26.7310085297
28.4038333893
25.5248527527
24.6959877014
21.4284076691
19.8902492523
15.9268007278
12.7715368271
10.70561409
6.21951961517
6.22491359711
6.09613180161
5.46737861633
6.08465719223
7.6324968338
6.47559213638
11.5677843094
10.85201931
15.6724977493
19.6176891327
22.9775428772
19.6963310242
17.245141983
12.627532959
12.9505977631
9.88965415955
11.7718076706
11.0835466385
8.2911491394
13.1197681427
14.6217594147
13.1756534576
20.4385204315
20.9120025635
15.5879182816
18.210811615
19.2327461243
22.7543582916
24.4345149994
23.2769775391
21.4966621399
15.2485141754
18.2264766693
14.6442842484
18.7394943237
16.360660553
17.9528179169
23.0671348572
19.7822933197
16.884344101
16.4039783478
17.5122890472
19.5490055084
22.5503025055
20.6794929504
21.2780857086
17.7393741608
19.6238555908
16.6824760437
22.8437004089
18.0770549774
20.4894771576
17.0777378082
16.9045295715
18.1978397369
14.870593071
12.0551242828
15.6380386353
15.0704040527
9.30816173553
10.1547851562
14.1690883636
12.1478557587
7.53655767441
11.7434663773
14.6774291992
12.6623840332
15.2016506195
15.8361377716
16.1314601898
18.5141563416
18.3383865356
19.9086780548
20.9099006653
21.0330905914
23.2481613159
22.8656234741
25.5378360748
26.3763847351
27.4350166321
22.2207813263
18.5734138489
24.6785869598
23.306470871
23.7676773071
29.6448612213
28.2035923004
22.6175422668
23.811252594
22.5167369843
24.9482536316
23.1545982361
21.8355121613
18.6037559509
21.5932750702
16.7789421082
15.1420955658
21.3903503418
22.862865448
20.8634109497
19.8241043091
22.5883369446
19.6257896423
15.7191333771
13.46210289
10.7345018387
14.676440239
15.1428813934
20.5408210754
19.5832500458
24.6977882385
24.3695011139
26.993139267
30.357503891
31.5145988464
34.1759490967
30.6736507416
32.8002281189
30.0925998688
29.4877738953
26.4999237061
24.9814357758
21.0570106506
17.8412590027
15.1974744797
11.1745862961
9.34445381165
6.09613180161
5.66800832748
8.63813018799
11.247220993
11.5793876648
16.6735210419
16.2788619995
21.046421051
25.0851325989
28.4221191406
24.9590244293
22.3403968811
17.817150116
17.6834449768
13.9920778275
15.4768810272
12.7549266815
9.03071880341
12.6259994507
15.4098567963
14.4146852493
20.8918800354
21.7813148499
16.097826004
19.6284770966
20.402469635
24.7218437195
26.4299163818
26.0283298492
24.4143257141
18.0897827148
20.9308624268
17.5008201599
20.6847229004
18.8635997772
19.7433052063
24.734582901
20.9717712402
19.5736675262
20.2101135254
21.3791828156
22.6712207794
24.952501297
23.608707428
24.0766735077
21.4312362671
23.2157249451
20.7795238495
26.6329307556
21.5147171021
23.416557312
19.7095298767
19.2736911774
19.2206764221
16.1381034851
14.5760955811
16.2718544006
14.9007139206
9.66337776184
11.0344238281
13.0353517532
10.0157585144
6.02419281006
10.1228895187
11.3904542923
8.28761863708
10.6802501678
11.2499027252
12.072845459
14.7871417999
15.4899139404
17.4351272583
19.1828136444
20.0073509216
22.682926178
23.1116580963
26.063457489
27.534362793
28.9961605072
27.0859413147
23.214427948
28.8535575867
27.1577243805
27.127166748
32.7080154419
30.7009029388
24.5905036926
26.4414463043
24.4847755432
26.1713447571
23.8819694519
22.4213237762
18.1956520081
20.9214630127
15.5563249588
13.3787975311
19.4039821625
21.302400589
19.7210178375
23.433391571
24.7748718262
27.0165214539
22.8554954529
26.1031913757
23.4541893005
19.088634491
21.6512775421
17.5175094604
16.8591976166
16.0534610748
14.8913936615
18.5975990295
19.8962974548
23.8904438019
24.508310318
21.851354599
19.7919425964
17.4871139526
14.6280879974
11.6619081497
12.0495138168
12.4258651733
14.3829364777
17.6293029785
18.7532138824
22.6195983887
22.9775428772
28.4221229553
25.5935935974
22.7022132874
20.7072563171
17.5991191864
14.1335773468
13.1914796829
9.48759937286
7.01683568954
7.69129419327
10.0433216095
12.2050218582
14.3763456345
17.9132843018
18.8147544861
24.0910968781
25.8941040039
29.0853309631
27.1689395905
26.0474033356
31.2007141113
30.6557369232
29.0084838867
28.1852607727
29.7138156891
29.0582523346
30.1120948792
26.6027336121
24.7175807953
22.9868736267
23.9157276154
22.308681488
26.11835289
23.2162494659
25.7889556885
28.4143943787
28.0442562103
22.1852607727
17.5580654144
17.6160087585
21.2908267975
25.6163215637
22.9336833954
24.1064510345
19.1491584778
20.6192169189
17.9385871887
21.5163440704
21.7874851227
24.8064651489
24.6968250275
25.2789974213
29.8688964844
27.7530403137
23.5898113251
29.2909488678
30.831029892
27.3175048828
26.3841915131
31.8640098572
32.0312423706
28.5595741272
30.605047226
35.2324485779
34.6496772766
37.0249633789
37.7064590454
37.4794197083
39.1724700928
37.8945426941
38.5404548645
38.0059585571
36.654624939
37.222366333
34.7702903748
35.6890449524
34.2253646851
33.426448822
12.1939907074
14.011472702
18.5812931061
19.3959960938
22.8356590271
27.2410850525
29.2552833557
28.3061943054
26.5759010315
28.6039218903
32.5783920288
33.1298446655
32.3572807312
32.9377784729
35.303855896
33.1661491394
32.7566757202
37.8106040955
37.7380752563
20.1543693542
22.2728385925
23.8773193359
23.9932899475
19.2435722351
20.597202301
16.9252948761
15.2922563553
16.0026035309
16.6131401062
12.7874269485
15.1765489578
11.9518556595
16.048948288
17.8117771149
20.0448799133
22.8361568451
20.1612796783
20.620929718
19.1561203003
15.694653511
13.5418958664
14.2696285248
11.543428421
12.0301208496
10.3154163361
11.1006784439
12.8812255859
12.9505968094
17.6834449768
14.0382595062
10.3186664581
8.84352493286
7.4850435257
6.18986606598
8.95688056946
7.51215600967
13.1478042603
14.3763484955
9.02619361877
7.37633609772
5.34789037704
6.55774021149
6.02194738388
10.3513622284
13.0931873322
15.4012355804
13.4251375198
12.9204330444
18.361995697
18.9252223969
17.3532466888
18.2144813538
21.2007751465
22.1991043091
24.6639881134
22.6585540771
18.9918270111
14.5966062546
15.0604810715
11.2913398743
14.4409408569
10.6040887833
12.8238954544
16.5163917542
15.2409210205
9.48247718811
6.42317819595
6.61532211304
10.1006269455
14.6529798508
12.5473470688
14.6672515869
9.65251064301
13.8652172089
11.566701889
19.085767746
17.5402488708
21.5590381622
20.610666275
18.6758766174
22.5703334808
20.8338432312
15.5501346588
19.4617614746
21.6407279968
17.9069747925
15.0125608444
20.7526779175
21.2651576996
17.4411125183
17.9566383362
23.3645248413
22.9710578918
25.1055717468
26.4711914062
26.3811187744
28.7576236725
27.9462375641
28.76820755
29.3035583496
27.8718261719
29.3155422211
27.6979579926
29.0591430664
28.7433624268
28.3909816742
10.4178438187
7.94766139984
14.780456543
12.6653862
16.1066608429
20.9089508057
21.7618846893
18.9515972137
19.2589836121
20.3326911926
23.8368015289
23.994764328
21.6244621277
21.4270915985
23.0580787659
20.1957817078
19.2791557312
24.3219394684
24.0815982819
20.8771762848
22.460269928
25.0145339966
24.3280982971
19.0378665924
19.7327156067
15.7230472565
15.1919612885
16.9969844818
18.8260765076
16.1530418396
19.6662635803
17.2046222687
21.1686515808
23.3204250336
25.2769298553
28.2067050934
25.3300571442
26.1132411957
24.2178573608
21.3138523102
18.6982860565
18.5859718323
15.2043361664
13.9583187103
12.4022274017
10.3734025955
12.2256507874
9.88965511322
13.9920778275
9.7559633255
6.88240289688
8.75668048859
6.30378961563
9.38935089111
9.96341133118
11.7585458755
16.4526481628
17.9132843018
13.6152544022
10.0050134659
6.74041843414
6.55774021149
7.99292373657
8.62791347504
11.3721065521
13.0222759247
12.6633358002
13.1949462891
19.1817302704
20.7092132568
18.197977066
20.3501472473
23.1189689636
25.245929718
27.6760959625
26.0112915039
22.7343406677
17.2324790955
18.4253807068
14.0009737015
16.8792819977
12.8252410889
14.0639038086
17.794418335
14.691693306
10.5351362228
8.24314308167
10.5948905945
13.0571498871
17.4872150421
16.2762584686
18.5969562531
14.1230754852
18.3537216187
15.8460617065
23.4131126404
20.6430168152
24.2567005157
22.2243537903
20.8806838989
23.8543205261
21.4406375885
16.7631549835
20.3761329651
21.7248249054
16.9754600525
14.8026275635
20.1819095612
19.7346935272
15.2142429352
16.3384513855
21.3679504395
20.0248260498
21.9126014709
23.2419624329
23.276966095
25.9455413818
25.4682846069
26.8447113037
27.7515602112
26.9714412689
28.9345436096
27.9041538239
29.7753334045
29.9638938904
30.1425380707
16.124797821
13.6230115891
20.3682136536
17.7161903381
20.900472641
25.6138095856
25.9909934998
22.2154026031
23.2944087982
23.5569515228
26.6365013123
26.1367645264
23.5025520325
22.0514812469
23.6304702759
19.5840873718
17.4503059387
23.2183876038
22.9160461426
25.2589244843
25.8875999451
27.5818729401
26.0754032135
21.7983856201
21.1745643616
17.5936470032
18.8897190094
18.2190361023
22.0894088745
17.9596729279
21.6466178894
18.6967468262
21.5766544342
23.32305336
23.8897361755
27.5518341064
25.231212616
27.0931282043
26.130361557
23.3119163513
21.8889713287
22.3539676666
19.0604457855
18.2569465637
14.0400447845
13.5112934113
11.9574556351
11.0835466385
12.7549247742
8.96168327332
6.10094261169
7.80380249023
10.0998945236
12.7777891159
15.5744800568
16.6965770721
22.4873809814
24.0910930634
18.595500946
16.297416687
13.3572921753
10.351360321
8.62791538239
6.99060916901
6.44718313217
5.72543859482
5.00067234039
6.80446720123
11.8638782501
14.3123807907
12.6403493881
15.9724445343
19.7118034363
22.4243888855
25.5784778595
25.1517715454
21.0983104706
15.3635835648
15.5052127838
10.8802051544
11.5232982635
8.14801883698
8.05974674225
12.5860748291
9.4045124054
7.4298324585
9.99214744568
10.6671791077
10.7389593124
13.1630573273
12.8333950043
15.0639591217
12.6986598969
17.0826301575
16.0641136169
23.6785774231
20.9054908752
24.5349617004
22.8829078674
19.6069393158
21.7232837677
20.4688549042
15.8237943649
16.5847187042
18.6841392517
15.3086452484
10.9893074036
15.4690418243
16.0109043121
12.3624591827
10.4125022888
16.1731948853
15.8191699982
17.3399772644
19.5017776489
19.7883110046
22.7555122375
22.7969055176
23.8385505676
25.350315094
24.2308807373
26.3769187927
25.7500190735
27.4955635071
28.1950683594
28.4304866791
18.6486091614
15.2334947586
20.2735519409
16.8707580566
18.7413444519
22.7256336212
22.174823761
17.7415561676
20.1880664825
19.7950363159
22.013256073
21.4767951965
17.705657959
16.0164356232
16.5078907013
12.312746048
10.0286216736
15.289352417
14.895608902
26.6378593445
27.6138973236
28.0270729065
27.2837581635
23.9059505463
23.8111610413
20.7562217712
21.1252632141
18.8327598572
21.7813339233
16.1219444275
18.2704944611
14.3380231857
16.2738609314
16.9929180145
16.8028507233
20.8305149078
19.3070297241
21.3859786987
21.6747951508
18.3738059998
18.4738578796
20.0977325439
17.8380355835
18.8322048187
13.8432035446
16.4521560669
14.4908752441
16.360660553
18.8635997772
15.9180850983
12.3829441071
9.9630355835
13.552980423
12.5912561417
17.3662414551
15.8741455078
22.0325679779
23.2162475586
17.0053825378
16.9567317963
15.2558574677
10.6040878296
12.8252391815
6.96034765244
8.1480178833
10.7576246262
11.0489711761
7.02041339874
6.37420892715
8.62012672424
9.50737667084
10.8338718414
12.206861496
16.9801902771
18.0955810547
21.738483429
21.4791984558
16.4002857208
12.5048074722
10.3870658875
6.83100223541
5.16705274582
4.21347808838
9.30077934265
10.2996387482
6.62756347656
10.2808113098
7.58394384384
6.43208551407
6.94571065903
5.40845012665
7.71044921875
6.90006113052
11.4723091125
12.2595472336
19.3263397217
18.3389987946
22.3666057587
22.3185596466
17.5608177185
20.5909957886
20.7556018829
15.5512943268
15.4659547806
19.1300468445
17.7342853546
12.1939401627
16.6091117859
18.8606967926
16.6346378326
13.5426616669
19.4397792816
20.6535148621
22.3520698547
24.4633388519
24.502866745
26.9112453461
26.4551753998
26.6642398834
27.7633705139
25.6410675049
27.0996952057
25.7826843262
26.6810188293
26.8234443665
26.2568244934
14.4966144562
11.0627222061
13.8158493042
10.4435024261
11.5324697495
15.0035915375
14.6467189789
11.4168682098
13.7045059204
14.3837528229
16.868478775
17.5835952759
13.4450120926
14.2938594818
14.2411556244
12.8084974289
13.2105236053
16.1459617615
15.8057937622
29.7681007385
30.6477012634
31.299489975
30.2968349457
26.7724723816
26.4006385803
23.2246131897
23.9605731964
21.9164924622
25.1897277832
19.6728286743
21.9043636322
17.8272418976
19.7381286621
20.0721969604
19.4961528778
23.738948822
22.6003799438
24.6556911469
25.2090606689
21.6248397827
21.887966156
23.5909805298
21.249080658
22.0022373199
17.087852478
18.9789447784
16.8835296631
17.9528198242
19.7433052063
16.4882297516
13.2800626755
12.3069868088
15.7166728973
15.6449489594
20.0557136536
18.8299484253
24.9785575867
25.7889595032
19.4780025482
18.7977733612
17.3204593658
12.8238935471
14.0639057159
9.28592967987
8.05974674225
11.5954389572
9.75914382935
5.5291352272
7.28819417953
7.16192483902
10.0263185501
12.4220342636
14.6042070389
19.577293396
20.9815597534
24.7710227966
24.8398551941
19.6892814636
15.7476062775
13.5299425125
9.99213218689
6.72025442123
4.21347808838
6.36346387863
7.34103488922
5.84770584106
10.857339859
9.05403137207
6.47956562042
6.10463428497
7.00673389435
10.0774402618
10.096906662
14.908665657
15.8645935059
22.8880558014
21.8567447662
25.8094730377
25.5672874451
20.7451896667
23.3450489044
23.5436058044
18.5314712524
17.7199459076
21.3100452423
19.85638237
14.166888237
18.0228538513
20.198299408
17.906829834
13.9880847931
19.9280529022
21.0312175751
22.3203487396
24.6964378357
24.779291153
27.3860588074
27.14777565
27.4458122253
28.8489227295
26.7341918945
28.3774833679
27.2944831848
28.1499481201
28.4491920471
27.9276275635
16.9980831146
14.0550613403
16.5506706238
12.3537597656
14.1763248444
16.3189029694
16.2826976776
13.5137739182
16.422870636
16.9502830505
18.88904953
19.6136226654
14.7688541412
15.378736496
14.2156648636
12.6195888519
12.2289028168
14.5534191132
13.2638607025
18.0555877686
19.3886642456
18.4709472656
19.1286659241
16.9472141266
18.2020282745
16.3090419769
14.8421354294
11.5342254639
11.9511814117
6.05409145355
6.96162033081
5.66110515594
7.02033138275
10.4310102463
12.4413700104
14.2230653763
10.6231718063
12.5791110992
10.9912500381
10.325507164
9.1750831604
9.9411945343
8.66837501526
11.1728048325
7.54242610931
13.0237379074
12.3905706406
16.682477951
20.7795295715
19.5187511444
16.3180046082
10.7793521881
12.9355926514
8.17363452911
12.8184585571
10.4717521667
15.0510940552
17.9385871887
13.7032566071
16.2368183136
14.3103160858
11.566699028
15.8460636139
10.4664363861
16.0641117096
15.388715744
19.8438262939
17.1991977692
13.544752121
18.3680000305
15.7077684402
13.5339708328
11.2113637924
12.8122158051
12.0208320618
13.991859436
11.7747325897
8.23543167114
6.68874597549
7.1694688797
7.79575109482
12.4831409454
12.2595472336
15.8645935059
20.6135978699
21.572851181
16.2502841949
15.8969316483
12.8521986008
15.0464878082
16.5429668427
12.3805732727
10.5872535706
7.57329034805
5.13034915924
8.37401866913
7.89409923553
12.0528249741
13.3373432159
9.80997371674
14.611035347
14.6348829269
9.87541675568
13.379278183
16.1992683411
15.4936704636
12.9073925018
17.3305530548
19.2131233215
17.8353004456
18.1345863342
22.2990627289
23.6274662018
26.1624965668
27.1858863831
26.9721641541
28.4257659912
27.2549037933
27.0251216888
26.8942108154
24.7817840576
25.2525749207
23.1120071411
23.8422088623
23.2772331238
22.5160484314
11.9805269241
8.16420459747
10.6465940475
12.4972667694
10.0623273849
16.8796672821
15.5188274384
12.2960071564
10.5457448959
11.4743471146
15.3343715668
15.7602405548
15.6823682785
16.8589687347
19.7730445862
19.0730018616
20.9439182281
24.5568504333
25.9781913757
11.9120016098
10.5799646378
8.12209510803
7.7520942688
9.2670879364
9.81107616425
11.2278671265
11.1495037079
6.61431121826
8.67245101929
9.72315502167
12.6810779572
16.2987518311
16.3797721863
20.8773651123
22.701833725
22.8554592133
18.4982833862
20.6752662659
16.7977790833
20.0689277649
17.2548561096
14.6849765778
13.0555267334
12.0666389465
11.0597553253
13.5196657181
12.4092235565
17.0777378082
19.7095279694
21.4519996643
20.4221229553
15.7883396149
17.0314273834
15.3983030319
16.2208404541
18.0803813934
19.831817627
24.6968212128
22.9453525543
24.5018978119
21.0757980347
20.610666275
22.2243537903
19.3596458435
22.8829040527
19.0003223419
25.2536735535
24.5853633881
20.1585140228
26.1982917786
23.0251121521
17.405134201
15.4051799774
12.3335647583
13.5604534149
12.3039836884
10.2307863235
12.735748291
11.2766532898
15.2444992065
16.4780025482
21.8706073761
22.3185596466
25.5672874451
31.1703300476
30.7510128021
26.3656578064
25.9284095764
24.221912384
26.5383396149
27.9242248535
24.0946235657
21.5958824158
19.4689750671
15.873585701
13.3373413086
12.5745182037
7.15160274506
5.8335313797
7.01826715469
8.4911775589
6.49346256256
8.03520202637
12.6279792786
11.4489898682
11.7085227966
14.3978910446
15.9179706573
16.0131664276
16.5651950836
19.8644981384
20.5924892426
21.603805542
24.3999404907
24.0972824097
23.8150310516
23.9963626862
22.6101474762
22.2014656067
21.0111522675
19.8523216248
19.7909450531
17.6979999542
19.4296970367
19.3371047974
19.954492569
23.6552066803
20.1349925995
22.7941074371
25.137462616
21.4460716248
28.4266719818
25.3602561951
20.3215312958
18.7683582306
17.019739151
19.3111457825
17.370262146
20.3467254639
19.0383052826
23.9146232605
22.4813461304
24.72032547
28.6570034027
31.7155056
16.9794940948
16.2252693176
14.1008968353
13.3755159378
13.7363920212
13.4498109818
13.5666732788
14.2049884796
8.31644821167
11.9006557465
8.95073032379
11.6855564117
13.7448272705
13.0767803192
17.0887069702
17.9161376953
18.8385658264
14.9885053635
18.1216773987
15.6592378616
17.9541912079
16.4171962738
15.2819461823
13.6424789429
13.8693675995
10.0561466217
14.1511335373
11.2743768692
16.9045276642
19.2736911774
20.3735713959
18.6770706177
13.2671298981
16.3677463531
14.1990432739
17.0880622864
17.7021865845
21.1409854889
25.2789955139
22.0223312378
23.8502388
20.6392498016
18.6758766174
20.8806838989
16.2358970642
19.6069412231
15.9935274124
21.6675071716
20.3154640198
15.5577344894
20.6222324371
16.9273033142
11.9555530548
9.04699134827
6.53944158554
7.66285991669
8.01036453247
7.19427251816
7.39395427704
6.03891086578
9.31631183624
11.5164136887
16.2117271423
17.5608177185
20.7451877594
26.2537231445
26.629283905
22.5666866302
23.2504310608
20.7818870544
22.3531150818
22.7917346954
18.993642807
15.9713926315
15.0216417313
10.988576889
9.80997467041
9.94081687927
5.22036457062
6.34418535233
7.01826715469
5.54265546799
6.7271323204
5.60644483566
7.66653060913
8.77311611176
10.7751674652
10.7925510406
12.2712192535
14.0338468552
15.0427045822
16.3404979706
17.8956699371
19.9168605804
22.5983314514
22.9976882935
22.7959136963
23.3748970032
22.2174015045
21.5214500427
21.1274967194
19.2326850891
19.5215377808
17.8702125549
19.0074157715
19.3866691589
19.4600944519
21.1813182831
17.2067909241
18.7774105072
20.8171806335
16.1874828339
22.9290885925
19.3381652832
13.9639339447
12.7501087189
10.5713453293
12.8922653198
11.2367200851
13.9851531982
13.4897003174
18.1204795837
17.5904655457
20.6305427551
23.7360286713
26.7762699127
21.7982788086
20.561498642
19.5302219391
17.4169712067
17.0453777313
15.213139534
14.7471866608
17.2615718842
11.8654613495
17.5743370056
14.0275592804
17.5705108643
17.9034786224
17.7322540283
20.9111232758
20.6486854553
22.7843360901
19.769153595
23.2820606232
21.7405071259
22.6433677673
21.5180454254
20.9125728607
18.4835796356
17.958530426
12.7318477631
15.3702449799
10.6251459122
15.6380367279
16.2718544006
17.6640453339
16.5158538818
12.2340688705
16.6693458557
16.4262924194
19.6685066223
20.99477005
25.6072788239
29.2909488678
25.0002307892
25.7428951263
22.1312675476
19.4617614746
20.3761348724
15.6044130325
16.5847167969
12.3121471405
17.0609607697
16.2877311707
11.6976041794
15.9553089142
12.7410068512
6.81737232208
6.26131820679
5.65142965317
9.9013004303
11.9553356171
13.2708587646
11.6031675339
7.89400959015
9.81931591034
10.5796232224
13.5721712112
15.4659547806
17.7199440002
23.2650642395
23.2503585815
20.674829483
22.8249320984
20.6803684235
21.2203941345
20.8420886993
18.0095977783
15.4253997803
15.6851425171
13.5720472336
13.379278183
16.0122261047
11.9385700226
13.378736496
12.6279773712
7.66653060913
7.1047539711
8.62030220032
7.33712387085
5.61418771744
8.70024776459
6.98333883286
6.29940891266
9.22660923004
11.3108959198
10.7554454803
11.8441677094
14.6839618683
17.0691928864
17.9943218231
18.061580658
18.9769191742
18.4007587433
17.8400440216
18.5000267029
16.8179893494
18.0536727905
17.5795192719
19.192237854
20.5790119171
21.1534538269
23.8960914612
19.4823074341
21.3364238739
21.7464542389
17.5082511902
23.2921638489
19.2116909027
12.5428953171
13.7808685303
10.4614801407
11.2659931183
8.58909606934
9.617395401
7.09078502655
11.9853620529
11.1316699982
14.7386302948
17.1341323853
20.6890945435
20.3526363373
18.3214302063
17.4935646057
14.5774717331
14.9338502884
12.2864112854
12.7680416107
16.1589412689
11.0247135162
17.3852386475
15.438703537
19.4833183289
20.7086639404
20.7812595367
24.4508094788
24.6180992126
26.3378391266
22.9147071838
26.239315033
23.9423656464
25.509021759
23.6984329224
22.3341064453
19.6757125854
18.2299423218
13.9087495804
15.1952495575
10.5700111389
15.0704059601
14.9007129669
17.5247745514
17.3310375214
13.835943222
17.4371948242
18.1172523499
20.2196426392
22.69298172
26.6773376465
30.8310337067
27.1762943268
27.5365104675
23.4963340759
21.6407318115
21.7248287201
18.1512050629
18.6841373444
13.5535583496
18.8588409424
19.0446777344
14.7110614777
19.7311134338
17.020904541
10.3265914917
10.6191997528
8.09354686737
12.780880928
13.5589294434
14.6833906174
14.6046390533
10.8756084442
13.8782625198
14.2273616791
17.7950534821
19.1300468445
21.3100471497
27.0007266998
26.2227783203
23.7572460175
25.4503173828
23.8734588623
24.7950878143
24.9336090088
22.147069931
19.7894020081
19.3754291534
17.2368888855
16.1992721558
18.2361106873
13.1703386307
13.4283342361
11.4489898682
8.77311611176
5.9334821701
6.22021102905
7.83606433868
5.61418676376
6.58651638031
8.21326255798
5.9640712738
6.83523082733
10.0911808014
11.5356273651
10.5750131607
12.91771698
15.5092372894
15.8031187057
15.9002399445
16.3730583191
15.8928318024
15.5277118683
16.1786499023
15.1593093872
16.7262859344
16.8012504578
18.9897022247
20.7370548248
21.9046955109
26.9721183777
22.5683937073
25.114812851
25.6764335632
21.713262558
27.7942562103
23.7361240387
17.0888195038
17.9755039215
14.5955505371
15.2041425705
11.9893341064
13.8727445602
10.2896690369
15.3376693726
13.5001144409
16.3843612671
19.3325233459
23.2164382935
26.8476104736
24.4889030457
25.7719535828
21.942773819
21.3186168671
18.0115242004
18.3020801544
22.4503669739
20.8861503601
26.640171051
26.1312065125
30.6769676208
31.2617702484
32.4317512512
35.8249511719
36.1046905518
38.3012008667
35.0584869385
37.9080734253
35.4301223755
36.1513900757
33.7669792175
32.1421089172
28.8852882385
26.1673526764
23.2154350281
21.2293663025
18.2982711792
18.3383865356
15.4899139404
18.584072113
20.6237163544
21.0432701111
22.7291812897
26.0507144928
26.3056087494
30.4020729065
33.9958610535
37.8945465088
34.5107765198
32.8439369202
28.6300048828
27.9462337494
25.4682884216
25.049779892
22.7969074249
18.6168193817
21.2181129456
23.4359951019
21.557888031
25.4152259827
25.2741889954
19.8540439606
22.4346599579
21.4779090881
26.0779514313
26.9855041504
27.9058227539
27.5901947021
23.0688762665
25.5532493591
24.0870666504
26.3011779785
26.4551792145
27.1477718353
31.852016449
29.3208065033
28.820514679
30.4505500793
30.626789093
31.2100830078
31.79088974
30.4538764954
29.586139679
28.7381954193
28.6927452087
27.254901886
30.6957893372
25.61876297
25.9301548004
22.6101474762
22.2174015045
19.6674995422
18.208562851
19.7513542175
18.4007587433
15.8928318024
15.2848234177
17.4883766174
15.1860046387
13.1315336227
14.6418533325
16.2561168671
13.2570695877
13.1055631638
12.3912792206
10.0881977081
7.66138362885
5.68921327591
5.89854621887
7.51591873169
9.94294643402
13.2503376007
15.525976181
18.8087177277
21.6114845276
24.1085109711
35.5231552124
31.5127162933
35.3885421753
34.5071487427
32.4137496948
37.6182403564
34.1956634521
27.8849887848
29.777973175
26.7852172852
26.8407230377
23.8191413879
23.8022632599
19.3568153381
21.8872795105
18.6345748901
18.963054657
21.1237754822
24.6901512146
27.5044136047
25.0832252502
25.8351688385
22.0691013336
22.0225296021
18.8044719696
19.3507118225
23.3227519989
21.1032295227
26.8028202057
26.0861930847
30.3487129211
31.0525245667
31.8109073639
35.1135673523
35.1430358887
37.2092590332
34.1163406372
37.1256332397
34.8365859985
35.812789917
33.699016571
32.1897697449
29.1546630859
26.7546882629
23.5924568176
22.3030948639
19.0905323029
19.9086761475
17.435125351
20.480298996
22.0865974426
21.8123168945
23.9060611725
26.6424808502
27.2952728271
30.9813594818
34.590965271
38.5404586792
35.0841178894
33.8532066345
29.7528038025
28.7681980133
26.8447113037
25.6995391846
23.8385505676
19.5986442566
22.3213768005
24.1254825592
21.9232997894
25.228307724
24.6536693573
19.5538520813
21.6282291412
20.3913040161
24.7325325012
25.4806671143
26.7015686035
26.5875740051
22.6589603424
24.9444923401
24.0086097717
26.0301361084
26.6642417908
27.44581604
32.1201095581
30.1011199951
29.5170593262
31.3552894592
31.1246948242
31.5796203613
31.7624664307
30.3177280426
29.0840187073
28.678604126
28.1525058746
27.0251216888
29.8756923676
25.0299530029
25.1010303497
22.2014656067
21.5214538574
18.7338161469
17.8786048889
19.7069892883
17.8400440216
15.5277080536
15.8893718719
17.8513507843
15.2135057449
13.8294124603
15.8529205322
17.0231742859
14.062040329
14.6398296356
13.996383667
11.9389896393
10.0420942307
7.40458154678
5.89854478836
6.30268526077
7.39139556885
10.364815712
13.4680786133
16.0795459747
19.5122413635
21.8473186493
35.6557502747
31.6568450928
34.9581298828
34.3650093079
31.7373542786
36.8315849304
33.1169471741
26.9357700348
28.7208213806
25.614938736
25.3389263153
22.3315563202
22.7166023254
18.6651496887
21.118970871
18.6765937805
19.7013645172
21.2457847595
24.9715156555
25.9026069641
23.6132717133
23.6433372498
20.4019470215
21.0464191437
18.4871406555
19.4250926971
22.4868278503
19.7159404755
24.6430931091
23.9009952545
27.5593147278
28.5161781311
28.8212890625
31.9945316315
31.9736843109
33.6928291321
30.738866806
33.7015609741
31.5535087585
32.8807640076
31.0428771973
29.6428070068
27.0785770416
25.2307510376
22.2660884857
22.0547847748
19.1077098846
21.0330886841
20.0073547363
22.3548908234
23.0021057129
21.5727043152
23.8185653687
25.3965091705
26.3858699799
29.3340187073
32.6359634399
36.6546211243
33.3254470825
32.7700386047
29.0499610901
27.8718223572
26.9714412689
24.99817276
24.2308807373
20.3658504486
23.4187278748
24.3029251099
21.6403656006
24.4968204498
23.2316474915
18.8305854797
19.8019866943
18.3430404663
21.8737602234
22.33070755
23.4133453369
23.6562042236
20.7413902283
22.7591495514
22.58411026
24.5928344727
25.6410675049
26.7341957092
31.2991371155
30.10871315
28.9541320801
30.6704616547
29.9174747467
30.4128017426
30.3076210022
28.5822181702
26.9420681
26.8268547058
25.6367988586
24.7817840576
26.6973361969
22.3570537567
22.129945755
19.8523178101
19.2326812744
16.7402229309
16.440864563
18.4218120575
16.817987442
15.1593112946
16.4059581757
17.9035263062
15.8809528351
15.6562900543
17.6008739471
18.3793907166
16.6694393158
18.0408210754
18.0905284882
16.599357605
14.760846138
12.6734886169
9.94294548035
7.39139413834
5.85108280182
5.12574243546
7.78830862045
9.97371006012
13.6839580536
15.7741165161
33.4214401245
29.6732673645
32.2632980347
32.1977424622
29.0869178772
34.0758895874
30.2872829437
24.5738315582
25.8867588043
22.9863243103
22.7090263367
20.071603775
20.9171047211
17.9875640869
20.3598060608
19.13256073
21.0059738159
22.1462287903
25.7285041809
24.63854599
23.0846748352
21.3546047211
20.6480331421
22.6315631866
22.3158016205
23.4977283478
23.9967384338
21.0614032745
22.6777706146
22.432138443
24.0252723694
25.6893119812
24.9897117615
27.6004142761
27.6083011627
28.3321266174
25.846950531
28.2704124451
26.3816261292
28.6112117767
27.4308719635
26.2180728912
25.1514339447
24.7672958374
23.0191268921
24.9235935211
23.1472911835
26.3763847351
27.5343666077
28.6593322754
27.8184623718
24.6636581421
26.6878261566
25.7540893555
27.2053127289
28.2622947693
30.2767238617
34.2253646851
31.6512031555
32.7342910767
30.0843353271
28.7433662415
29.963891983
26.7100734711
28.1950645447
25.5027294159
28.8040828705
28.0003757477
24.961763382
26.7333927155
24.3432731628
22.3024845123
21.0312328339
19.9430961609
20.5182952881
20.1293773651
19.9474220276
21.2135848999
21.0697727203
22.1708335876
23.4636116028
25.2078971863
26.8234443665
28.4491920471
32.4310951233
32.8344230652
30.656337738
31.8528175354
30.0824546814
30.7030296326
30.0949039459
27.8994293213
25.6193962097
26.0303096771
23.5768814087
23.2772350311
22.6156597137
20.2461280823
19.2539806366
19.33710289
19.3866691589
19.249622345
19.6963996887
20.6092357635
20.5790100098
20.7370529175
22.179058075
22.5557289124
22.4650001526
23.5045814514
24.6172332764
25.0164375305
25.424489975
27.1204833984
28.3224391937
27.5687255859
25.8030147552
24.6180896759
21.6114845276
19.5122432709
16.7653160095
13.6839599609
11.2830142975
7.07126092911
6.37138605118
5.98856878281
30.8119506836
28.034286499
28.8538398743
30.0773277283
26.3036460876
30.6208438873
27.1041297913
23.3872718811
23.341463089
21.7092132568
21.8524589539
20.9638767242
22.1735553741
22.2558078766
24.0686836243
24.7843723297
27.3027858734
28.168390274
30.8302116394
27.1924800873
29.2196922302
27.8278198242
29.8399620056
28.7997169495
30.8597068787
29.7288017273
27.0901985168
25.5078449249
22.6874237061
20.6610660553
18.2481594086
18.2151889801
17.8258037567
17.701795578
18.6444263458
18.6027259827
17.9673442841
17.3912715912
17.1919651031
17.4254951477
17.8029518127
18.5089168549
20.2702045441
23.1670360565
23.1014976501
26.9375953674
27.4062137604
30.4231071472
34.342010498
32.6653175354
29.6825561523
25.8584327698
26.633808136
22.5129585266
24.7984199524
21.514629364
21.661233902
23.1155643463
21.8342819214
25.0741691589
25.398223877
23.8749027252
28.0046424866
24.2942047119
28.6164283752
29.2944297791
31.7854976654
28.8063201904
26.8475399017
27.9556064606
26.0944862366
27.2053279877
24.8777484894
26.3279457092
24.0816249847
24.9698066711
22.6999721527
21.1782531738
22.7130126953
21.7421398163
22.8976955414
23.7830123901
24.1308860779
26.0024967194
27.5834140778
30.3264770508
26.313533783
25.8534698486
23.2917556763
24.0278949738
23.7826251984
21.8263225555
21.0492610931
20.7622032166
19.5506038666
19.929889679
19.314283371
21.6167030334
23.5819892883
25.7714691162
24.2412776947
28.020565033
28.3739204407
25.3230628967
27.7042045593
30.2276763916
29.995967865
27.8908691406
31.3056983948
33.1688613892
32.0089187622
31.7362613678
35.5369338989
36.9145393372
38.6986198425
39.1457862854
37.9936027527
38.4996261597
36.1713638306
34.9418754578
33.4087905884
30.1016082764
28.8630161285
25.3019504547
23.9025630951
21.1611862183
18.5453910828
19.5174369812
19.8604984283
18.4102020264
20.2853755951
19.3347015381
20.7048454285
21.5227127075
22.858877182
21.1238574982
23.2165050507
25.7353820801
27.3199806213
26.9852256775
29.528635025
30.680973053
31.3735237122
33.0318489075
34.9001960754
35.1550064087
28.3712120056
30.3886528015
30.0855712891
30.7892856598
27.702331543
28.9182090759
26.1124534607
24.5854148865
22.6025657654
22.7292289734
16.9220333099
16.1099281311
11.0000009537
12.4346179962
10.7892007828
11.1739177704
14.9044094086
14.6567516327
15.2477140427
17.126291275
12.1702947617
14.3045749664
17.566242218
17.2248516083
20.2552394867
17.0835266113
21.1897087097
20.8797988892
23.3064727783
27.1577243805
24.0073318481
20.0304298401
16.6679801941
18.5410804749
14.5548963547
19.38098526
14.7948589325
19.747592926
19.3959960938
13.5304412842
16.0483436584
16.8082733154
12.6653871536
17.7161903381
12.412361145
16.8707618713
19.7555541992
20.6914672852
16.6393089294
15.7944746017
16.6445426941
15.9165267944
18.5226173401
17.3749351501
21.4594078064
20.0721473694
23.2236747742
21.9532985687
16.7470817566
16.1041526794
13.044927597
12.2907896042
11.5843257904
10.4435014725
12.3537607193
13.7966918945
16.8935947418
12.0424079895
12.3649463654
8.2664270401
8.32116127014
9.19827270508
6.5676279068
8.36654758453
7.31158304214
10.6449985504
12.4972696304
17.5618095398
19.4654846191
23.6473026276
25.137462616
20.8171825409
25.1719970703
25.7063713074
20.3843631744
21.7464561462
25.6764278412
24.7233467102
20.0441627502
24.6895465851
27.1583518982
25.0225429535
22.9947376251
28.6118583679
29.9346885681
31.8346214294
33.6047897339
33.4254875183
35.470867157
34.5071411133
34.3649978638
34.7921524048
32.1977386475
32.9115104675
30.7947692871
30.9081935883
30.0773258209
28.6140861511
8.16350364685
7.60460662842
6.59781646729
7.83310413361
9.7739944458
12.5726699829
13.7748842239
13.42329216
16.535572052
19.768037796
21.8668003082
19.0106430054
21.8238258362
21.94789505
22.1433582306
23.0892772675
25.4325942993
24.7443122864
27.3717556
28.7011528015
27.333978653
27.9180755615
26.1223049164
26.9370632172
24.9721412659
23.9968719482
20.3143901825
21.0471935272
14.9026947021
13.7047901154
9.93967914581
8.71614456177
7.41875219345
6.02448320389
10.0386476517
9.71824550629
12.1241970062
14.4153547287
11.61241436
14.2524766922
17.0759620667
17.0281009674
20.1704235077
16.0705413818
21.3467178345
19.7785835266
23.7676773071
27.127166748
25.177778244
21.5498085022
16.7456932068
19.9721927643
15.5959186554
20.8849372864
17.0247898102
21.8264274597
22.8356609344
17.610080719
20.7573661804
20.2788677216
16.1066551208
20.9004707336
14.2620258331
18.7413444519
19.6246051788
21.7700176239
17.8266849518
15.2107524872
15.8304233551
12.8372039795
15.2408189774
12.4546165466
16.0151329041
13.615855217
16.8002815247
16.1664848328
10.7386293411
12.1661577225
8.18384838104
10.2846708298
9.95707607269
11.5324687958
14.1763248444
17.0144729614
20.4304618835
16.1157913208
17.5324764252
13.1691770554
13.0665454865
11.848856926
8.03033161163
5.45488119125
7.59533071518
6.15269994736
10.0623283386
12.7964601517
15.313501358
19.0312213898
21.4460678101
16.1874809265
20.2798042297
21.9202747345
17.3306617737
17.5082492828
21.713262558
22.4150924683
17.9130306244
21.4575862885
24.5984668732
23.7720985413
21.5813503265
26.328338623
28.5241966248
30.5404014587
32.1410255432
31.9258460999
33.4823188782
32.4137496948
31.7373504639
31.9348087311
29.0869197845
29.3675270081
27.2060642242
27.0318965912
26.3036441803
24.7233943939
12.5461463928
10.3017177582
6.45762729645
7.83310317993
7.68189620972
7.23305130005
8.24949455261
6.58776569366
10.1103420258
13.2775163651
15.7950468063
14.0522670746
17.7945194244
18.5143013
20.0173892975
22.4864845276
24.0290336609
24.5854492188
34.2526893616
35.7172775269
34.3546066284
34.951084137
33.0836181641
33.8180770874
31.6943778992
30.7837276459
27.2779598236
27.964931488
21.8397922516
20.2337169647
16.0938224792
14.822889328
11.6920537949
8.7679233551
12.6116075516
14.5886325836
16.1682224274
19.835351944
16.2489566803
19.8657531738
23.2347736359
23.5146541595
26.8105983734
22.8046684265
27.757019043
26.1316642761
29.6448574066
32.7080154419
30.2924404144
26.5649471283
22.5393047333
25.7651367188
21.7053718567
26.9738044739
22.620382309
27.2797698975
27.2410888672
21.8880138397
24.9523029327
25.3222904205
20.9089508057
25.6138095856
19.2055950165
22.7256355286
24.5870056152
25.2275466919
20.93034935
19.4942913055
17.4647521973
15.2350206375
20.060552597
17.7625541687
21.8017692566
19.1557044983
22.4749660492
22.402715683
17.0748672485
18.8293571472
14.4410810471
15.9742965698
13.1811122894
15.0035915375
16.3189029694
16.8977928162
21.6944847107
18.556810379
20.6033248901
16.3055915833
14.8599977493
12.0478038788
10.314324379
9.25743103027
12.8339967728
13.0486803055
16.8796672821
19.1154670715
22.269109726
25.815984726
28.4266719818
22.9290885925
26.6331691742
28.6434936523
24.0870914459
23.2921676636
27.7942562103
28.7391624451
23.6773796082
26.8194007874
30.2672271729
29.4731998444
26.2954559326
31.2348594666
33.6262130737
35.2927284241
37.1849250793
36.9463195801
38.6286659241
37.6182403564
36.8315925598
37.2100639343
34.075881958
34.3077201843
32.1594314575
31.5357208252
30.6208400726
28.6333122253
15.9906692505
15.1550979614
9.80319023132
9.77399349213
7.68189620972
6.82826709747
11.7791433334
11.4506626129
14.9464511871
16.9225482941
20.1653499603
17.5082588196
22.0150337219
21.1858463287
23.6549873352
25.9671783447
26.2595710754
25.9531974792
28.5143184662
28.7856445312
27.2723503113
26.7532901764
25.6586265564
25.294216156
23.7934455872
24.3705501556
19.579908371
22.5277099609
16.6138076782
17.220621109
14.8450679779
13.422492981
13.7699966431
11.4476642609
14.9101581573
14.1738996506
17.7686138153
19.1392250061
17.9628181458
19.5198097229
21.2361869812
20.2223167419
22.1388454437
16.7356147766
21.4757499695
18.1511554718
22.6175422668
24.5905017853
23.6186103821
20.711523056
16.010843277
20.6533260345
17.9096240997
23.0988292694
21.0704402924
26.3549041748
28.3061923981
22.9032020569
25.0117893219
23.2622947693
18.951593399
22.2154026031
15.3249158859
17.741558075
17.0205631256
19.1406345367
15.763715744
12.3272075653
12.0121412277
7.54448461533
9.86885929108
6.89716339111
11.1802024841
10.1078739166
14.0402584076
15.2568483353
10.1305990219
10.5110683441
6.36275196075
8.98904895782
7.62288188934
11.4168672562
13.5137739182
17.2844181061
20.222442627
17.4399833679
20.4335861206
16.6044692993
15.7331514359
13.2153377533
10.3496732712
6.53008174896
10.6635885239
8.79677295685
12.2960062027
14.9030914307
15.4165525436
18.4326438904
20.3215312958
13.9639358521
16.4382514954
18.9855365753
15.3048019409
12.5428943634
17.0888195038
19.1973419189
14.3385982513
16.1401786804
19.9373893738
20.3613166809
17.1337146759
20.9954109192
23.9660301208
25.792093277
27.4874076843
27.3733921051
28.7270812988
27.8849887848
26.9357700348
27.4296607971
24.5738296509
24.9883441925
23.3336811066
23.3661766052
23.3872661591
22.3113975525
18.8962059021
15.4660015106
13.538269043
13.7748851776
8.24949455261
11.7791423798
7.44207525253
5.3728685379
5.48776626587
7.10706043243
9.37787628174
6.920586586
11.1625852585
11.8353652954
14.3846387863
18.0457897186
18.4653530121
20.0982704163
