74.0768890381
63.0281982422
68.3565216064
49.4351654053
54.1953849792
65.8342971802
57.5124588013
78.09324646
79.2329788208
66.0417404175
54.4158248901
53.0911941528
40.8068771362
74.7976303101
55.7689628601
62.2966690063
45.5103225708
43.7069892883
61.4278259277
47.7654838562
52.2731819153
68.7468490601
57.9988174438
64.56980896
81.3775787354
41.401424408
41.159740448
36.7366790771
35.8712539673
59.8815345764
56.1893005371
55.2780380249
59.1873855591
58.4233169556
53.4658660889
55.820941925
59.896522522
56.6505851746
58.7395858765
57.5822143555
58.4904670715
32.9235229492
35.8395767212
37.2356147766
41.8565788269
41.8099136353
38.7112808228
38.467590332
40.4519920349
42.1564712524
72.4465484619
70.3676681519
74.6688995361
76.3494186401
74.9647140503
73.541343689
78.8131103516
80.0021972656
78.4524917603
79.9847564697
84.0848770142
83.0869979858
82.7700195312
78.3219604492
76.9660263062
80.6150894165
78.1783752441
74.0539474487
71.9399719238
72.9966964722
71.349822998
68.0486755371
67.7411193848
69.4599227905
66.0740661621
128.502410889
113.069503784
120.734260559
108.89666748
96.3812866211
111.495689392
103.88999176
130.420333862
134.148391724
117.001945496
96.9608535767
100.395599365
99.3468017578
117.800666809
106.274475098
102.958297729
96.8680114746
102.200752258
99.4382629395
101.549171448
110.054244995
117.041427612
114.828414917
118.665809631
131.421951294
69.7280883789
73.7023086548
71.9502487183
72.3235855103
32.8818740845
31.7409801483
34.9793395996
37.8942108154
37.8075256348
36.1396141052
41.282119751
42.7887763977
42.6837615967
46.2511787415
51.0588302612
49.4600753784
43.1061248779
38.3115653992
35.3682098389
33.9977874756
30.2551555634
30.6660728455
33.4098167419
34.6013641357
37.3731231689
86.2949981689
88.1076583862
90.1497802734
91.5515823364
92.7886505127
92.9177856445
96.195854187
97.2409820557
98.7386169434
100.578575134
102.247177124
101.483734131
104.192054749
101.602622986
100.901100159
102.179832458
98.0679321289
96.9831008911
94.4584350586
91.8897094727
92.0106811523
90.950958252
87.450630188
86.6477966309
87.4990005493
121.732910156
108.457359314
113.691802979
104.470695496
90.1029129028
105.8985672
98.6123504639
124.413154602
127.683113098
109.797035217
89.7539520264
93.2022399902
94.4315185547
109.65688324
101.887435913
95.5282592773
90.8431625366
98.8320083618
91.8303070068
95.3871917725
106.187263489
112.168495178
109.102340698
113.820556641
124.678726196
66.8572845459
70.6522445679
69.0109786987
69.3919448853
27.6594142914
27.6995220184
29.4517784119
32.0366668701
33.4449691772
31.7802963257
35.6337471008
37.7502479553
38.9580612183
42.9129676819
47.469833374
47.1006965637
38.6592559814
33.1063690186
31.5230979919
29.2597560883
25.1985969543
26.6503219604
27.823846817
27.8318996429
30.1307277679
77.8335876465
79.6053543091
81.1581115723
82.8912277222
84.3428192139
84.2443389893
87.4107208252
88.7667312622
90.3227233887
91.9138870239
93.6154708862
93.2326431274
96.0773468018
93.4755477905
93.1676025391
94.4850845337
90.165184021
89.0492782593
86.9689788818
84.0269622803
83.9196777344
83.3412628174
79.8111190796
78.609161377
79.3705825806
108.686203003
97.0767288208
101.949714661
86.7154998779
83.6847763062
98.124710083
89.6020278931
113.863342285
115.246444702
99.0020370483
83.5456008911
83.7996673584
77.3122711182
104.882003784
89.5672607422
91.2307052612
78.9584884644
79.3262939453
88.7522659302
81.6934051514
88.8296051025
102.287841797
94.5099105835
100.650436401
116.078720093
43.6165084839
46.8836631775
44.3350448608
45.1696395874
32.4882888794
27.7642803192
30.2110595703
34.6013832092
31.9859371185
27.7181282043
33.5274467468
36.0181427002
31.8804607391
34.4563941956
36.5348243713
34.538684845
33.8766670227
31.3447608948
30.1275730133
33.4285430908
29.5331478119
26.1584587097
28.4118251801
31.1999340057
35.6410980225
73.6013717651
74.3666152954
78.3022689819
79.0081100464
78.9640426636
79.212677002
83.3692169189
83.7523956299
84.2281570435
86.6092910767
88.9289016724
87.2232894897
88.7550811768
85.6427001953
83.8746871948
85.7670288086
82.5160064697
80.629119873
77.2020797729
76.423324585
76.5483016968
73.8006820679
71.1695327759
71.9767074585
71.8871994019
100.305541992
87.2244415283
92.9916763306
79.6974029541
71.7451858521
86.875213623
78.6865768433
103.809692383
106.264122009
89.6115188599
71.7379074097
73.5096206665
69.9901733398
93.2180328369
80.0087585449
78.8821868896
69.1551437378
73.1287384033
76.0213241577
73.049407959
81.5671920776
91.9153594971
86.2027053833
91.5199661255
105.390258789
45.6173095703
48.2922592163
45.4818649292
45.3045082092
32.0401268005
28.5729980469
29.0841083527
33.691242218
33.3563613892
28.4360675812
32.9065132141
36.8866424561
34.7680244446
38.3810958862
40.353313446
40.3340911865
19.7261142731
16.3198280334
15.7401256561
18.8309173584
14.8883953094
11.5351085663
13.1616773605
16.080324173
20.3957862854
69.1682434082
69.406539917
72.657585144
74.2939529419
74.4703216553
73.9434661865
78.3548965454
79.5379333496
79.828918457
81.6810531616
84.5009841919
83.5834732056
85.1749038696
81.643371582
80.6263580322
82.9799499512
79.2814178467
76.8359985352
74.29347229
73.035697937
72.4004898071
70.3179931641
67.8396148682
68.0550613403
67.1493148804
78.9892807007
68.3204498291
70.428314209
68.6366043091
45.6741867065
62.4008407593
56.8356819153
79.6502532959
83.5353469849
65.9751205444
43.5514526367
49.5301437378
59.1046333313
61.3713264465
63.3195495605
47.7632408142
49.8683204651
67.2555999756
43.6437835693
55.7514762878
70.8423309326
70.6935958862
68.5268630981
73.1561355591
78.0826034546
61.4718399048
63.8077201843
61.5400466919
60.7031021118
55.5904083252
55.6489639282
52.397808075
54.6218757629
58.0973243713
54.5861701965
53.8202514648
58.5950088501
60.3209724426
63.9093513489
64.3578262329
67.7721862793
28.4858608246
28.1947002411
32.4067687988
30.6241321564
32.4783325195
34.6774215698
30.54205513
27.6035652161
23.7229347229
63.2977981567
61.6651802063
62.1800079346
66.2645721436
66.8783187866
64.0747528076
68.4129257202
71.733291626
71.2540893555
71.1619796753
75.0959396362
76.6193695068
77.9519042969
73.7531280518
75.0753250122
78.3926086426
74.1992416382
70.5208740234
71.0643768311
68.9018478394
66.1484832764
66.3967819214
65.1096420288
63.7318572998
60.4859695435
75.680267334
67.2078170776
67.0280456543
68.0788192749
43.7334671021
60.3758087158
55.5268211365
76.6818008423
80.2186126709
62.4780693054
40.4973716736
46.6176567078
58.6985015869
56.5065460205
62.7514572144
44.0110282898
48.4137420654
67.8695907593
39.7761383057
54.0326385498
70.6262512207
69.1590881348
66.5289306641
71.6514053345
74.3705215454
64.1484603882
66.4797210693
64.3810348511
63.6926040649
60.4336585999
60.7609710693
57.1864585876
59.0587806702
62.745513916
59.4608573914
58.1011390686
62.7869033813
64.7884216309
68.2074279785
68.3323669434
72.1017913818
34.9001579285
34.8508529663
39.2015571594
37.4978904724
39.3290901184
41.4730911255
37.2322311401
34.2352142334
30.473361969
62.4815750122
60.5222702026
60.5544700623
64.9291610718
65.5563278198
62.4286575317
66.6268310547
70.2206192017
69.580078125
69.1424407959
73.1922073364
75.0939254761
76.311164856
72.0936965942
73.7803421021
77.1912078857
73.048789978
69.2418746948
70.3082427979
68.0994338989
65.0555725098
65.6858673096
64.6836853027
63.117477417
59.543674469
86.8463134766
78.7762451172
78.5071716309
74.1437911987
57.8014068604
74.8022766113
68.067489624
91.0836639404
93.0761642456
74.4191436768
55.0641441345
57.9929771423
63.4722175598
73.6857910156
72.7257461548
61.0072631836
57.6727256775
71.3294372559
57.37449646
61.8412437439
77.1984329224
82.2129898071
75.9564819336
82.8269882202
90.2555084229
52.3468475342
54.5760612488
52.3118629456
52.0297698975
38.6352462769
38.4758758545
35.2888565063
37.7815284729
41.0027770996
37.4010848999
36.9979629517
41.8179588318
43.3323478699
47.0354766846
47.9107933044
50.9859733582
22.0537052155
18.5213165283
23.569021225
22.5594520569
21.5393924713
23.1080169678
18.2407360077
14.7614479065
13.201166153
55.8611335754
55.3591957092
56.7456512451
59.9335670471
60.7028236389
58.9242782593
63.1788825989
65.7223205566
65.8989028931
66.6368255615
69.9186172485
70.5501556396
72.3722000122
68.5779953003
69.123046875
71.8568267822
67.5335235596
64.6167526245
63.9811706543
61.6127243042
59.7902755737
59.481716156
57.2968063354
56.1285972595
54.2139472961
83.6777191162
109.903457642
78.1306304932
92.1206665039
91.8783569336
106.316459656
101.86781311
107.388671875
96.6057281494
76.3489608765
80.5838775635
71.8669052124
81.3631591797
82.8689346313
105.476112366
86.4592971802
80.5512313843
96.3057479858
85.2640762329
74.6415939331
101.255317688
113.401168823
87.1214752197
106.632270813
103.368293762
67.7416229248
67.4583587646
67.3495101929
71.080368042
72.5987548828
73.9334945679
69.2097930908
67.2478485107
69.317024231
69.6108932495
63.6662445068
64.5327911377
66.5282745361
65.6203308105
61.4542694092
66.7824020386
85.7144622803
83.5451507568
89.063369751
90.0948410034
87.5697250366
87.2291564941
82.7930297852
80.5049591064
81.2512283325
16.1648044586
15.3804368973
13.7163982391
10.8983049393
10.2617149353
11.7437210083
6.97716522217
5.83186197281
6.39051771164
5.98861312866
5.36664581299
7.69817209244
9.604180336
12.7880401611
11.741900444
9.85579299927
12.4776697159
16.2689590454
13.7831048965
13.6179885864
18.2359104156
18.9424343109
17.3069477081
18.961139679
80.9453887939
88.2627182007
73.4087295532
74.3403549194
68.7615585327
85.5252990723
78.8787536621
95.1480407715
90.9754943848
70.2289199829
61.4138641357
57.4256858826
62.3158378601
75.1934280396
82.1494064331
68.8712081909
60.6067428589
73.8416748047
66.4468765259
59.4119186401
80.8437805176
92.5112838745
74.560760498
88.5908126831
93.6038894653
40.738571167
41.377910614
40.2057609558
41.9242858887
37.8516960144
37.9599990845
33.1582984924
33.3710327148
35.6992874146
33.7143440247
29.3648490906
32.8665733337
34.1170883179
35.4448280334
32.8705673218
38.012676239
44.6431121826
41.8708190918
47.1692581177
48.4456939697
45.626499176
45.0479011536
40.7702560425
38.7674980164
40.1367759705
27.5132446289
27.3267040253
30.41497612
32.2627677917
32.5060882568
31.7783927917
36.1021499634
37.643699646
37.9357566833
39.5813789368
42.4185256958
42.0234222412
43.7929611206
40.3424110413
40.1116600037
42.4540328979
38.282585144
35.8790512085
34.3501052856
32.1080322266
30.9836845398
30.1249427795
27.4350547791
26.7936916351
25.7808437347
80.0703201294
83.0261001587
73.3982620239
66.4489059448
67.4588699341
82.9772186279
75.2061538696
92.9645309448
89.4402999878
70.7800598145
62.3251838684
57.8520050049
54.995639801
79.3006134033
76.0638809204
70.8593521118
57.1904335022
63.4674034119
69.0651321411
56.0369606018
72.3168029785
88.2616958618
70.3781433105
83.2780838013
93.4628219604
26.0345516205
25.5559997559
23.2903308868
24.1133708954
39.4450454712
37.0610733032
34.0484161377
36.1661376953
35.9129180908
32.2988014221
31.1879653931
34.7714881897
32.4916191101
33.483959198
30.3645076752
33.5961952209
39.039478302
37.6923294067
41.9721870422
45.1655464172
42.3827972412
40.1475067139
37.2846603394
37.1453437805
39.7705841064
41.9157981873
41.1046142578
45.9536437988
46.6894378662
45.6723365784
45.4090766907
50.2167167664
50.7141571045
50.1465110779
52.4300765991
55.5505638123
53.9297332764
54.5449180603
50.7910766602
49.038105011
51.790763855
48.82654953
45.869140625
42.80210495
42.9653053284
42.3226737976
39.0284423828
37.4006500244
39.0064620972
37.3664093018
