29.4216213226
30.2018165588
25.7803630829
28.3761692047
27.5186347961
28.9460830688
26.3170280457
23.4144668579
20.1577148438
19.2852363586
16.4265480042
18.7172641754
19.2962360382
21.7041110992
25.8423080444
27.2655506134
30.6427307129
32.9431152344
33.1959571838
38.6527328491
39.1270675659
36.3459854126
42.6935920715
40.6963729858
43.1736526489
47.6825790405
51.7223014832
51.836353302
53.9975013733
57.0944328308
57.3471717834
62.7588615417
66.1858825684
66.6623382568
64.6911849976
66.3453598022
62.3810997009
67.7370452881
66.1178741455
68.5032730103
71.5223617554
68.8018951416
70.6052093506
63.3431587219
60.9696083069
59.8674850464
55.5254898071
55.7749443054
52.4433822632
55.8693351746
57.9767875671
52.7972068787
50.6507339478
58.6105194092
54.5736808777
48.9230613708
52.7398262024
53.5427246094
52.0531997681
51.179889679
58.5774078369
54.4431266785
52.3596229553
51.0118026733
49.538482666
53.7723426819
55.9798049927
52.0903320312
54.9016532898
50.0757369995
49.9701118469
55.3113670349
52.2052459717
48.6195106506
51.5311470032
55.2448654175
50.6055297852
48.4145774841
54.6094665527
56.0592002869
50.3576927185
50.6684074402
56.0388183594
58.618144989
60.6217651367
63.8691940308
60.3356246948
58.7559890747
63.9190750122
65.1346588135
61.3657646179
62.6038284302
62.128944397
58.3582382202
62.2829666138
65.8058624268
61.7358551025
63.8218269348
59.0803337097
63.2527046204
64.2099609375
58.8284912109
58.4926528931
62.2780990601
59.2463912964
55.4172744751
58.1523666382
56.6365737915
53.2009315491
52.3806381226
52.6904983521
49.2974052429
47.5263786316
48.3687400818
47.3223724365
43.3549041748
43.2358436584
43.7600097656
40.2145614624
37.3071403503
39.3355293274
38.360370636
36.6761245728
33.0922279358
32.6676673889
28.258184433
27.9673976898
22.9535770416
22.3613586426
26.2226448059
26.9137058258
30.7236843109
26.4278755188
31.2670059204
29.6672096252
30.4259986877
31.9310951233
34.5915527344
37.02526474
36.2648391724
37.2050933838
41.5602989197
43.7127151489
44.3470611572
46.2765235901
41.6721229553
44.3045463562
41.1783676147
39.1322135925
43.7094421387
46.0228157043
41.8947944641
44.0437660217
42.5261230469
46.2033042908
46.8702125549
44.7007713318
45.2816123962
40.8527183533
41.0446739197
43.2911758423
38.2053260803
40.6836090088
38.1860198975
39.0990219116
36.1688308716
33.2206954956
29.2241516113
29.1699523926
24.1116466522
25.6277713776
25.2511692047
26.4342956543
28.0869083405
29.4824237823
33.9716949463
32.5926895142
33.4580802917
38.0201683044
38.7874679565
40.8274040222
44.7203521729
45.0298728943
42.6226234436
39.6568031311
35.0068397522
34.0075073242
30.4624290466
29.8008441925
25.4510917664
24.8330059052
19.6684551239
17.0709991455
15.1676311493
17.8907699585
19.4513511658
22.9872322083
25.5981788635
28.3170166016
28.2874412537
32.0004768372
33.2236938477
34.7499923706
39.205039978
39.0000228882
35.8805580139
33.6961097717
31.3626537323
28.3352851868
30.6436786652
25.779001236
28.1915740967
24.6797790527
24.8612670898
27.7083187103
26.9119281769
27.4563827515
24.096950531
20.4647464752
19.427570343
22.0979118347
22.0142402649
19.0501213074
19.1428947449
23.1561470032
22.0530948639
18.9031505585
23.0698223114
25.1657104492
22.6567153931
22.1278591156
25.1478366852
25.8923110962
22.9271011353
26.6555938721
29.178188324
27.2206535339
27.8353805542
30.3212966919
32.5700416565
30.2801322937
30.1206359863
33.4852409363
34.9863090515
32.7704048157
34.4041481018
38.5806274414
37.8829612732
36.2693405151
39.292339325
42.0635986328
39.8735351562
41.8095092773
38.9310646057
41.3095474243
36.1799163818
36.1054534912
40.4295272827
38.0252456665
33.1240119934
35.265914917
37.5936508179
34.6928291321
32.2128181458
37.3398323059
37.5771484375
32.3588027954
33.1124649048
37.8619308472
37.4426231384
33.9456634521
34.5677947998
32.6087875366
30.7470245361
32.247505188
30.8736972809
38.4669685364
38.0006828308
35.7565345764
35.0752830505
34.4643630981
36.7591209412
39.3748321533
42.7717475891
46.0085067749
46.7254486084
43.6875114441
44.9769515991
48.7565841675
48.6845321655
51.5046348572
52.7974472046
55.4930953979
53.0340156555
52.3917922974
54.1433792114
50.5518836975
50.9666175842
49.0932044983
48.254863739
45.1483573914
48.0620079041
42.8165893555
45.9982910156
41.1019935608
41.963092804
38.0717163086
34.4332504272
37.118938446
41.0020332336
40.5593605042
45.4644889832
40.7439613342
46.7152137756
43.7942237854
47.9440879822
43.9090118408
45.3155555725
43.8002166748
42.7878074646
47.0303611755
44.288608551
42.2588615417
47.1841316223
47.8505325317
43.186290741
43.7796669006
48.5342025757
46.2492141724
42.7584075928
46.9332542419
49.4904251099
50.7607650757
47.3111419678
50.6405754089
49.1371383667
46.6634597778
45.4350242615
41.036857605
41.4045600891
38.0938301086
40.0708007812
39.1983337402
34.6804733276
32.1076812744
29.4175186157
28.139957428
30.4683532715
29.4517631531
25.9447937012
25.8547801971
28.7791461945
26.4304141998
22.7320861816
26.0019378662
26.8650817871
23.7668647766
20.6122627258
20.8841838837
23.9199409485
24.0992870331
27.4192447662
25.5937824249
25.5225276947
28.7779941559
30.852350235
27.5551300049
29.6514930725
32.2549552917
31.9122219086
30.7138385773
32.5060005188
35.207775116
34.77866745
33.9788780212
37.3987998962
39.5375747681
38.1989517212
39.6615715027
42.083152771
43.3566932678
43.1935958862
46.583240509
46.768081665
50.4375228882
49.7581634521
50.0154075623
46.2152633667
47.9511489868
47.5467567444
44.6474456787
43.4237251282
45.9743423462
43.5640487671
38.7164306641
41.6464195251
44.7466812134
39.1239585876
37.6175689697
42.1865692139
39.0135765076
35.8787994385
38.2360610962
40.6762504578
36.8263626099
35.2021408081
38.8987503052
36.6990585327
42.018535614
43.5191650391
45.0028190613
47.0262336731
49.8130836487
51.6227493286
52.762134552
51.8464584351
56.6771202087
58.1340332031
54.9659347534
55.0580444336
59.6345100403
59.3958320618
55.6818313599
59.7483940125
61.9142570496
59.1656646729
58.9612617493
63.193775177
63.6215934753
61.4370651245
63.1012420654
67.3417358398
65.0671463013
64.2171859741
68.190032959
70.2004699707
68.1409301758
66.8854904175
72.4561538696
63.1786956787
63.8242874146
63.5280151367
59.9321937561
58.4841842651
61.0917243958
59.2951545715
55.3514709473
57.0515022278
57.692401886
54.6237106323
51.6096458435
54.6911735535
55.0063514709
50.4787406921
49.8613891602
52.0480461121
50.6591911316
46.7448692322
47.899066925
51.4569396973
47.6232757568
44.9184799194
49.1005325317
46.7301177979
42.6679496765
39.3843765259
38.6853790283
35.4497375488
33.5028038025
33.3879318237
34.430519104
31.0899600983
28.860244751
30.0580596924
31.0001945496
28.3621006012
29.3263950348
27.951593399
31.9592895508
34.0098876953
33.2876396179
34.3953399658
38.521938324
37.8143196106
36.7172622681
39.2643241882
42.1021957397
42.3240242004
41.3807678223
41.4708633423
37.5239562988
40.4489517212
43.0531578064
38.4861793518
34.8180389404
37.0556259155
37.0014686584
33.9994506836
33.7566223145
35.208240509
31.7444477081
28.4275932312
29.2774066925
28.9519023895
25.7294139862
28.9242477417
31.8382759094
30.2114830017
27.5608406067
30.0804824829
32.860118866
36.0989837646
34.485912323
30.074798584
31.8080940247
28.772315979
65.1440353394
69.5739059448
63.5285682678
68.1884841919
70.8309783936
71.9278411865
73.5863952637
69.6027069092
63.7539749146
67.7622375488
63.7126350403
63.9190788269
62.502117157
58.2516174316
56.4462814331
64.4085998535
59.4385490417
58.9755058289
57.1079177856
52.2038421631
52.1169662476
56.631652832
46.6184082031
47.7665138245
40.0405006409
43.5638275146
40.5150299072
41.4161224365
28.9120063782
36.551776886
35.1841545105
31.8991222382
37.4618377686
35.3689079285
37.2679862976
35.9834442139
30.7550239563
24.1530132294
25.9845962524
19.5840549469
25.4373092651
39.9852981567
23.8517913818
30.9725341797
21.7039680481
23.9483299255
24.7994251251
25.6538028717
29.4612731934
26.7861690521
31.4939479828
29.0330238342
30.2040615082
28.1862373352
37.3917198181
32.7970352173
29.4951381683
26.8439178467
36.6568832397
33.1388130188
35.9000778198
34.852394104
36.6441802979
36.3280982971
37.2284851074
33.8054656982
24.3386669159
25.4463596344
26.8022232056
22.7911949158
24.1720523834
22.8486156464
19.7300186157
18.944480896
20.082572937
17.464887619
12.8228492737
15.6061553955
16.8483314514
13.1394720078
9.06901359558
13.9953947067
14.8408679962
9.69899177551
8.70460987091
6.4211268425
6.81754636765
7.58181428909
5.87715673447
5.5950756073
7.51580810547
8.1347990036
11.7622900009
15.0965738297
16.2388095856
14.0266675949
14.8914079666
18.856502533
18.922252655
23.4997081757
23.8854560852
22.1249256134
26.0429973602
28.5601291656
27.9228839874
27.2855052948
31.362783432
44.1224250793
45.4830665588
49.0306510925
44.7367210388
42.3211479187
47.4450302124
48.3937110901
42.5554351807
42.7457809448
48.5237998962
45.708190918
42.8241691589
46.6778373718
50.0919265747
47.2496795654
43.0562400818
46.4952392578
50.0207061768
50.1983947754
53.2204246521
53.6214294434
57.5389862061
60.40965271
59.1809577942
55.0579681396
53.5860519409
49.0181007385
46.052947998
44.2295379639
39.8781661987
41.5242652893
37.8364219666
33.8957328796
31.9122238159
29.576593399
25.5956764221
24.5178260803
23.5069675446
27.3358459473
29.96641922
31.9009094238
36.071346283
33.6405410767
31.7184448242
30.1011714935
27.9974880219
26.1224441528
25.8316326141
22.1351547241
22.2243328094
20.7139225006
26.2339172363
24.402223587
25.6953125
29.0276947021
28.2426681519
32.3255844116
30.797586441
30.4685897827
34.9582519531
38.0867843628
41.3282623291
45.2505874634
47.6347961426
51.4066619873
52.6209259033
55.0312957764
51.4910888672
49.4853210449
45.9961471558
43.4235267639
41.7755126953
38.4624977112
35.7884216309
35.730670929
33.2211837769
32.1235656738
35.860080719
37.5566177368
34.5885429382
39.2045135498
42.8187026978
43.327999115
48.4023780823
48.1720581055
52.6390533447
52.0935020447
48.0534362793
48.1536026001
43.4485435486
44.5599403381
39.985118866
37.6968421936
34.1026649475
31.373134613
30.3419761658
25.413942337
26.7537231445
30.6888084412
31.2374858856
33.6875228882
36.3881149292
35.354801178
40.1012763977
41.0046272278
44.5809669495
48.5152740479
49.8774681091
51.203250885
54.2440490723
53.8927268982
56.6780853271
53.0852012634
51.0541687012
56.1953926086
58.4418525696
53.9007034302
55.6470794678
62.0998420715
59.2723808289
56.3489837646
59.0703620911
63.8233032227
61.0079536438
61.9937133789
66.6722335815
65.1577835083
63.9381141663
68.1709213257
70.3352432251
68.262260437
66.9684829712
70.5718307495
70.0429916382
65.7464523315
66.3721008301
70.7472839355
67.7088851929
64.2809143066
68.9845199585
70.8345184326
65.8403167725
65.0797958374
69.7266311646
66.8376846313
68.6136779785
63.7038650513
60.2426681519
58.0116119385
61.8360061646
62.7267723083
56.5486946106
59.0650596619
60.5845413208
58.7599983215
56.016418457
58.8781814575
61.0117912292
56.7001914978
55.550037384
60.438457489
60.6732368469
56.2328643799
54.6187362671
52.1099205017
48.1330566406
49.4811325073
46.6057701111
44.3717956543
39.6994895935
43.6812782288
46.7110214233
50.267490387
49.2334899902
45.5653190613
48.2195510864
44.3438873291
49.4171485901
45.3944320679
46.594959259
52.1555557251
53.2123603821
57.5787696838
59.1330566406
63.8686943054
65.579246521
61.7906303406
63.1003875732
67.526550293
66.1915054321
68.1905975342
66.0546188354
60.8005561829
57.4565315247
54.1620330811
52.8364753723
47.8929405212
46.8224716187
41.9878311157
42.7939453125
42.5940704346
40.139831543
39.2782096863
43.414150238
45.7708702087
50.2110710144
51.7789878845
55.0790100098
57.3277740479
59.4115982056
63.0178222656
62.9411315918
66.8519668579
69.3272628784
67.6249465942
62.4931945801
62.2037467957
65.2382354736
61.580619812
57.6996231079
60.1809539795
60.2936477661
56.7542762756
54.1573600769
57.5723609924
54.6933746338
51.2181854248
47.2869224548
46.1739196777
42.2741508484
46.4270744324
46.8337783813
51.4793510437
52.4656410217
51.9221305847
54.7908821106
52.2616271973
49.7051544189
49.2875137329
51.6730384827
54.0692176819
54.9053230286
54.1740264893
55.921459198
60.322101593
59.2359809875
59.8468093872
63.5085372925
64.6041412354
63.5825958252
62.6323928833
59.0541000366
59.3313522339
55.2327156067
54.1684379578
52.7014846802
57.2760047913
58.6754798889
53.3572006226
57.2048034668
62.4973335266
60.3685913086
59.3769950867
61.7778167725
65.1489334106
63.23254776
63.2733268738
67.8979797363
69.7533721924
66.5771789551
67.6816253662
72.9656066895
71.1371765137
68.8829116821
71.8509597778
74.5540771484
77.3717498779
78.648727417
75.3707275391
74.1067123413
70.9326019287
68.7043685913
69.4329986572
70.4390258789
64.9140625
65.3195953369
66.8586654663
62.8568229675
60.7364234924
64.2436828613
62.5348014832
58.5772247314
58.8583946228
59.7567749023
57.4535522461
54.50522995
56.8438720703
56.6246795654
52.5886230469
49.8914413452
50.1488876343
47.5843086243
47.1971893311
48.8068504333
47.0337791443
47.4856643677
44.7317886353
48.6687507629
52.5365600586
52.556892395
51.7263679504
54.2570800781
57.6234207153
58.1370849609
58.3108711243
60.2050819397
63.7304153442
63.4765892029
63.0982246399
66.8078384399
68.8152999878
69.4948501587
70.8094558716
72.5095214844
74.1989364624
74.892250061
77.7205352783
79.6713638306
80.4092330933
82.2408294678
82.3690261841
83.9009017944
85.0258560181
81.5444335938
81.5283737183
81.0413589478
77.0001602173
76.3514938354
77.9853134155
75.3600769043
71.8150634766
71.5365753174
72.5295257568
67.5385818481
66.3009643555
67.8493347168
66.1767196655
62.5251922607
62.1289672852
63.334651947
60.36378479
55.950138092
58.3228416443
59.8269386292
55.1458206177
53.0703582764
51.3950309753
52.9638023376
50.7909698486
54.0851364136
51.1304626465
49.472743988
53.6347045898
55.5539627075
52.5255355835
51.3801956177
51.929485321
58.1639175415
61.6846885681
61.2098770142
64.9493713379
65.3200073242
64.301940918
66.7082519531
69.670135498
68.6544952393
68.8147354126
71.7643814087
74.4260940552
74.1485214233
72.8143234253
69.3581390381
67.8740386963
65.15625
64.0851364136
64.1367645264
61.611946106
59.6776733398
55.9939880371
56.5563964844
53.3770256042
55.5370750427
59.7864265442
56.0628089905
54.7866859436
58.1267471313
61.600353241
61.2434005737
64.0359420776
65.0412521362
67.992401123
67.3556594849
69.5938339233
73.2245559692
74.8137588501
75.9635772705
69.4334487915
72.7493896484
66.3304672241
62.5508079529
66.4703674316
60.444858551
64.5932922363
67.8174362183
69.2028656006
71.2635726929
66.873298645
62.071105957
66.1330337524
62.1171188354
62.1289291382
61.455532074
56.3558540344
55.8018836975
63.745349884
59.5736846924
58.1698608398
56.9689025879
51.7696990967
51.9839782715
55.4971237183
45.8876152039
46.3188323975
39.8828392029
42.3988838196
39.2540016174
41.4146957397
28.4584121704
35.7308578491
35.3011360168
30.3342323303
35.99584198
34.515411377
34.8682823181
33.0391540527
28.0277137756
20.5959854126
21.5380744934
15.3100681305
20.198600769
35.1757736206
22.4742622375
29.4854412079
21.4419879913
24.7574253082
24.7866210938
27.7498893738
31.1069984436
28.7063407898
31.1104831696
27.9986419678
28.6033172607
25.3037109375
33.0768318176
28.7712650299
25.3486347198
19.5924701691
30.2617874146
27.2391204834
28.6888332367
26.2340717316
27.9131183624
27.4815120697
27.8242607117
25.3784770966
14.7326745987
14.7964038849
17.0066795349
13.3973693848
16.0540847778
14.7871084213
10.1099033356
12.3938875198
14.4204702377
11.667974472
7.46425485611
13.3401679993
14.7682123184
10.4435930252
10.0589990616
15.6214313507
16.7467002869
12.7080907822
15.58822155
16.0949115753
14.9790124893
12.4154806137
11.8475389481
11.7622900009
9.47306346893
6.67730855942
4.60849380493
5.6134762764
5.28240442276
5.75786542892
6.99979925156
11.6725358963
11.9618520737
15.953461647
18.7511234283
17.1821422577
19.1002025604
22.0184803009
24.0013809204
22.5592632294
24.5529308319
41.8609390259
41.7859420776
46.2629051208
43.1816558838
39.9546890259
44.4530181885
46.5533447266
41.2922210693
40.4465866089
46.3311920166
44.9292984009
41.6859016418
44.6662864685
49.0983428955
47.1407356262
42.8542671204
44.948802948
48.5039291382
49.307056427
52.8433761597
52.6918792725
56.8619194031
59.8247756958
57.8393554688
53.740447998
51.7314186096
46.4443626404
44.1143608093
41.3419799805
37.3767242432
39.768989563
35.7965164185
32.6483650208
29.3380661011
27.0788993835
23.5819416046
20.8649959564
18.2493743896
21.9749698639
22.5316390991
25.0951805115
29.1212406158
25.5171470642
23.4157180786
23.5468635559
21.6511440277
21.1722126007
18.5801830292
16.2375297546
18.0461845398
18.4336948395
23.1809978485
24.4248409271
25.9257736206
29.2095298767
30.2478523254
34.5385856628
33.9597587585
32.0865707397
36.1256141663
39.1721496582
42.539478302
45.7525291443
48.6759490967
52.6104393005
54.5953865051
56.6643714905
53.1069641113
51.3666763306
48.1818580627
45.1716346741
44.257976532
41.2963447571
38.2570571899
39.0842285156
37.5471420288
35.6867408752
39.8736610413
39.8945541382
37.1615142822
41.5300674438
45.1416130066
44.6664352417
50.0811767578
48.6178245544
52.7810935974
51.8509368896
47.3694038391
46.6421089172
42.939239502
44.0159454346
39.6757125854
37.5824241638
33.3709220886
31.1471195221
28.3564224243
24.1910514832
23.7683849335
27.4030647278
29.7723579407
31.7258815765
35.1512947083
33.1774139404
38.4808998108
39.5742301941
42.3844070435
46.3221931458
46.7484283447
47.4102516174
50.8441009521
51.0897026062
54.5420150757
50.8351669312
47.9551734924
52.7250480652
55.5310516357
50.5740127563
51.3790550232
58.2308921814
55.7219467163
51.7146453857
54.0306663513
59.419380188
56.5335464478
56.7920341492
61.5984344482
60.7021141052
58.5482902527
62.3421478271
65.1393051147
62.9600944519
60.9944877625
64.3946762085
64.6740951538
60.1320800781
59.9052124023
64.5351638794
62.2189483643
58.0189476013
62.2287330627
64.7450561523
60.0922775269
58.4166755676
63.3160934448
61.1549949646
63.3475151062
58.7798614502
54.6046524048
53.2106018066
56.5589675903
56.6247787476
50.6672210693
53.8357048035
54.4858093262
52.1176109314
49.7032279968
52.8608169556
53.9024963379
49.4841575623
49.1381072998
53.7427978516
53.0941162109
48.61876297
47.5677032471
45.1475715637
41.6623840332
43.8124847412
41.0246963501
39.5307502747
32.8091087341
36.7350120544
40.0638275146
43.8063163757
43.4159660339
39.4116210938
41.2342643738
37.2378692627
41.8939857483
37.3647766113
38.6452789307
44.0713043213
44.432598114
49.139503479
50.0129432678
54.9327011108
56.1158485413
52.2247390747
53.451259613
57.9361953735
56.9678497314
59.2734832764
57.584690094
51.9421615601
49.0268173218
45.1091690063
44.5227241516
38.9676055908
38.7753944397
33.8187484741
35.3683547974
36.0289421082
33.1012878418
31.2973537445
35.2283935547
36.6231536865
41.9220848083
42.5071678162
46.3105926514
48.0587043762
50.8848876953
54.4369316101
54.8630638123
59.1581954956
61.5468406677
60.5524787903
55.0862388611
54.149307251
57.6378173828
54.6454544067
50.3019561768
52.527507782
53.4840202332
50.1276702881
46.7655029297
50.665145874
48.1284065247
44.5936431885
40.3257217407
38.5945014954
35.5980491638
40.0258026123
40.7833213806
44.7151451111
46.2324409485
46.4047775269
49.8826293945
47.0909881592
45.2610702515
44.7258224487
47.7567062378
49.8650970459
49.960735321
49.8646011353
52.5054626465
55.7290534973
54.5504188538
56.1946907043
59.7031898499
59.9950637817
59.2288665771
59.1750221252
55.1792297363
54.7931060791
50.6385498047
48.8080673218
47.5779914856
52.015045166
52.817199707
46.9197349548
51.4212837219
56.3280067444
53.6137390137
52.6989860535
55.4440612793
58.490398407
56.0152816772
56.3439025879
61.2461547852
62.4718284607
58.8338699341
60.474067688
65.7024002075
63.2087059021
60.8150596619
64.1906661987
66.6579208374
69.7316589355
70.674156189
67.3741912842
66.4225006104
63.7577476501
61.0942153931
61.5030517578
62.9381866455
57.4805374146
57.1529884338
58.9524536133
55.6934814453
52.9860305786
55.8548469543
54.8523445129
51.1744842529
50.6041374207
51.8098220825
50.0405578613
46.6251144409
48.4956474304
48.9279823303
45.2200431824
41.8235282898
42.6217689514
39.050491333
38.6547927856
40.3126373291
38.4979515076
38.1859130859
35.4712677002
39.7260017395
43.2853546143
42.7260093689
42.2787132263
45.3098869324
48.3906517029
48.4999809265
49.3471031189
51.4380874634
54.3784980774
54.3733634949
54.5660400391
57.9167327881
59.6079711914
60.774646759
62.4405784607
63.4389724731
65.2599868774
66.4993667603
69.0478820801
70.7442855835
71.6993484497
73.7328414917
73.529624939
74.9342880249
77.4521789551
73.641960144
73.2744598389
73.040222168
69.5096130371
68.210395813
69.6508255005
67.4697189331
63.8856964111
62.982006073
64.1547317505
59.7015457153
57.9576721191
58.9580154419
57.7712478638
54.4017562866
53.2913208008
54.421043396
52.0100593567
47.4832000732
48.9974555969
50.889087677
46.6251335144
43.7193641663
42.1445922852
44.4781532288
42.9849777222
46.613243103
44.3619728088
42.8974533081
46.923122406
49.1083374023
46.8354034424
45.7877349854
45.7951812744
51.9202003479
56.1269836426
55.7919311523
59.8086204529
59.2181549072
58.1352424622
61.0793991089
63.6863899231
61.8859672546
62.5973854065
66.0816574097
67.9279098511
67.196685791
66.3626785278
62.782409668
61.6396408081
59.4391975403
58.2599487305
57.5074462891
55.1075515747
53.8368110657
50.3874320984
51.9295730591
48.6286315918
50.0733146667
54.7871742249
52.0471725464
50.2761306763
53.1991233826
57.4442558289
56.9732055664
59.2891159058
60.2394676208
63.8337097168
63.0633773804
64.6461105347
67.9987716675
69.061088562
70.2828369141
63.9485054016
66.9114379883
60.5874519348
37.3145942688
42.3755645752
36.8359298706
41.5527763367
43.6577835083
44.2055473328
45.841594696
42.8766517639
35.9817199707
40.6131286621
38.2536354065
38.1860237122
35.4684333801
32.070941925
27.2915878296
35.3416099548
28.5949611664
29.6250953674
26.6462593079
22.3724689484
23.0987014771
28.3987751007
18.396396637
23.1843395233
14.2009525299
23.2260398865
23.7489471436
25.9080677032
22.7190723419
27.3135795593
31.072479248
31.9578704834
37.9627342224
39.1133003235
41.6430473328
40.7078514099
40.2199134827
36.4552268982
41.2565917969
40.2935600281
45.6289672852
54.0574455261
43.5964813232
46.0112609863
37.0862579346
33.1649742126
33.6056747437
30.248468399
28.9792289734
24.7441101074
34.4463539124
31.5851840973
26.5404319763
28.4073810577
39.4691085815
32.3820571899
25.789396286
31.5887107849
36.8171882629
31.0113658905
34.4315834045
40.0047264099
38.0621032715
36.7791900635
38.4908638
34.2403488159
31.684627533
35.4901885986
33.991607666
35.2242507935
31.5399799347
28.3060379028
31.9832878113
30.3317470551
26.3900051117
25.2172775269
28.1721420288
25.3257637024
21.4104061127
24.7212905884
26.6840724945
21.1878261566
18.4251499176
23.8478088379
24.7018890381
27.683095932
29.8340778351
27.172700882
27.6049957275
32.3255844116
33.2807235718
30.7744560242
33.9907493591
34.5385894775
31.6276569366
35.9863700867
37.4435424805
32.9897727966
34.7951469421
30.5176734924
35.3416481018
34.1222190857
28.9766120911
31.4425563812
34.7049255371
29.1968173981
26.8210678101
32.6658973694
30.5628795624
31.0011768341
31.085943222
27.1737251282
24.7542209625
27.7589473724
26.9795894623
21.9188404083
21.3010654449
24.969865799
21.0556564331
17.5772361755
20.8297634125
22.579164505
18.5299530029
14.4327669144
18.5391216278
21.3918228149
19.9773349762
22.1037540436
23.3649272919
26.809179306
29.1960811615
28.8385925293
25.2815189362
24.5371112823
22.4121894836
18.4496192932
19.3269786835
15.7400388718
15.4610757828
14.5046005249
10.333486557
13.7857484818
14.380235672
14.3649358749
17.8743267059
21.5837802887
22.1656913757
27.1674518585
26.0667209625
28.0274391174
31.5587158203
33.2278594971
27.5684833527
28.9724941254
24.8157043457
27.5075244904
23.9353027344
21.9612426758
17.8209190369
16.3799037933
11.6713418961
10.313158989
7.44421434402
4.96505689621
4.7243347168
6.22337245941
5.69698810577
9.74540233612
10.2604894638
15.1092805862
16.3050327301
19.8774757385
21.7178153992
23.1315917969
19.384147644
17.558839798
14.0027942657
11.3823852539
10.7176589966
7.77171611786
6.73913097382
9.85742950439
8.80654716492
5.93892860413
7.63150644302
6.28786087036
8.4852142334
11.1721820831
12.4220838547
15.0965738297
18.2495117188
19.9773254395
23.6315975189
24.8595981598
20.7149963379
20.86419487
15.9122962952
14.9584302902
11.1691055298
11.0372753143
10.4525632858
12.1812744141
15.5294437408
15.3461818695
18.9207611084
20.9834861755
17.788356781
17.5274868011
15.8942594528
14.9700469971
16.0452709198
13.9731998444
18.6502285004
21.0587749481
24.0305042267
26.72747612
28.171125412
26.7282485962
28.3287467957
25.710515976
25.6819877625
30.6187171936
31.9518108368
29.7823066711
32.4288215637
37.1351661682
35.0996742249
34.9443016052
37.5973167419
40.792388916
39.7331390381
41.8381767273
44.8993682861
43.7406082153
45.3160705566
49.0235824585
49.878528595
49.7565040588
50.0490875244
54.1009635925
53.0910987854
49.8378868103
51.7444725037
56.35679245
53.3309135437
51.5045967102
57.2818031311
58.5686340332
54.2812423706
55.2458953857
60.3231735229
57.2444610596
59.5959815979
54.5070724487
53.5496139526
48.7006149292
51.4472618103
54.6312255859
48.7123527527
47.4336967468
49.6749076843
49.6343040466
45.6303901672
46.1254386902
50.4737968445
47.4126739502
42.9901237488
46.8568191528
49.6484642029
45.9734840393
42.129699707
41.2428512573
36.0488777161
37.2501411438
36.0569038391
33.0375556946
34.0992889404
37.4757118225
38.3844604492
41.1254043579
40.3072929382
38.8320732117
42.6545829773
42.2961196899
48.3995475769
45.6838493347
44.100189209
49.1473503113
52.0296516418
55.2531242371
57.4865646362
61.6013870239
63.7432403564
59.4614677429
59.3787345886
63.5262985229
60.6704864502
62.8963279724
60.9275550842
56.428188324
52.4822235107
51.6556358337
47.4471054077
45.706413269
41.6464195251
38.160533905
35.5170555115
31.5788249969
30.7302589417
34.1287078857
36.4770011902
42.5973854065
43.1762809753
48.0833625793
48.7107543945
52.9875030518
52.4395942688
55.8682174683
55.5640144348
57.8792991638
62.3433647156
59.997013092
54.9704399109
57.6204032898
60.390045166
55.3285636902
52.750453949
57.472442627
56.4598884583
51.8126373291
52.4585380554
56.6224250793
55.5504417419
50.9324874878
50.3666610718
48.3364906311
44.0029563904
46.2309074402
43.3856506348
46.9463920593
45.5114746094
46.7146110535
48.2500190735
43.2472114563
39.3335456848
36.8052787781
38.1451187134
41.8477897644
41.6175537109
38.5463256836
40.1076202393
45.581237793
42.9485740662
41.1388511658
46.1638679504
47.3610954285
44.2095756531
41.5815734863
38.7396850586
40.971244812
37.5311317444
38.6863975525
35.1431274414
39.198764801
42.7933120728
38.5338592529
38.9661331177
45.1072044373
44.9089050293
42.6788787842
43.381072998
47.7291755676
47.3463821411
45.7026023865
49.1277656555
52.8764305115
51.2136001587
49.9669761658
54.9640693665
55.7818870544
53.7971916199
54.8166809082
57.9081573486
59.5661239624
61.828289032
59.0076828003
57.0352783203
52.5617141724
52.1421813965
53.6101379395
52.9671516418
48.0559425354
50.8667678833
51.2528839111
45.4379997253
45.6027488708
50.8762207031
47.1956253052
42.9134635925
46.0859794617
46.3604316711
42.8216590881
41.981967926
45.7561759949
44.2690048218
39.8601303101
40.187828064
37.6679763794
39.1610946655
38.3587913513
39.2632446289
38.4926605225
41.6802749634
40.2269477844
42.2818412781
45.4562339783
48.5426750183
47.5440788269
46.7362861633
49.8232803345
52.7603111267
51.1217765808
50.5886573792
55.8522987366
55.8084182739
53.2133140564
56.5702781677
60.1400566101
59.5758018494
58.925617218
62.3631134033
64.6236495972
63.0401306152
65.4386367798
68.6628036499
69.3318023682
69.4672622681
70.0263061523
73.1174850464
67.9955825806
66.2954559326
67.0282592773
65.1758499146
60.5396537781
62.2640266418
63.5107536316
59.483745575
57.305683136
58.8030204773
58.4036140442
52.506477356
53.6063270569
56.3298377991
52.7700958252
49.0615959167
51.2151412964
52.1685066223
47.5502662659
44.7344398499
49.8294525146
49.2864227295
43.9664497375
45.7696342468
44.2157211304
42.3561782837
38.3068008423
39.4867286682
35.0494041443
33.6758270264
37.1701889038
37.3766670227
32.9093055725
32.4297103882
35.2997741699
39.4761123657
40.5290603638
39.2738075256
42.1135902405
44.8532676697
43.7307167053
44.2823219299
47.956741333
49.1738395691
47.6460418701
48.8528633118
53.5330314636
54.5358505249
51.9009590149
49.2005805969
47.0776672363
43.1761131287
42.8659744263
45.22996521
42.3526535034
38.8352584839
35.4105567932
33.6445083618
30.9381809235
34.4178695679
36.8305282593
31.2158946991
31.3651580811
35.1732292175
36.1595230103
36.4987449646
39.8138885498
40.6787757874
41.906047821
41.9059333801
45.4039649963
49.2810707092
51.9295425415
53.0985374451
47.043056488
51.2720794678
45.8496932983
37.6066398621
41.4115028381
34.8380470276
39.3391227722
41.9492111206
43.2713356018
44.3019714355
39.8987808228
35.0092048645
38.5364723206
34.4600143433
34.7500038147
34.0605125427
29.4653491974
28.7120895386
37.2835273743
33.4138717651
32.8470802307
32.8102798462
27.9209899902
30.8806743622
33.2522735596
24.03241539
27.6516838074
21.655538559
26.5653896332
27.4434204102
31.3679981232
25.3406848907
31.1933803558
34.1963348389
33.1298484802
39.5300102234
41.3714408875
42.3109436035
40.1271591187
39.6023712158
34.0902671814
38.5380477905
36.2929840088
41.1855239868
50.0319786072
41.327003479
44.5090675354
35.5464172363
34.0015449524
33.0120391846
30.8291301727
31.0066661835
25.9842586517
32.6281433105
31.4508323669
25.7506351471
24.5976657867
35.455493927
29.2523841858
21.8744106293
24.950876236
31.9455432892
26.3594264984
26.9846363068
32.5975646973
30.6148872375
27.7013549805
28.2172260284
24.1879062653
22.4401931763
25.2409648895
22.1921596527
23.7690677643
19.1819400787
17.8722286224
22.6839504242
19.8030815125
15.6549463272
17.7870998383
21.3056030273
17.2235507965
14.2943553925
20.5756511688
22.199514389
16.8695964813
17.2785682678
22.3731365204
25.525510788
27.7782478333
30.5365600586
26.7042884827
25.2108802795
30.3419761658
31.1842136383
27.3062171936
28.727514267
28.3564224243
24.7798919678
29.0026931763
32.126285553
28.1480560303
30.8751564026
26.2311439514
31.4212608337
32.5862998962
27.0500202179
27.8101119995
32.1995697021
29.6573448181
25.6881656647
29.6439228058
36.0310287476
34.0167961121
36.0261993408
33.9306106567
29.6912536621
31.7674751282
33.3911857605
28.9215278625
25.7956371307
30.1939411163
29.0876464844
24.2912349701
25.2427387238
29.7906665802
27.4319572449
22.7642326355
22.9289474487
26.0266342163
24.6505126953
27.820930481
26.1729984283
30.0193004608
33.6874809265
32.2623176575
29.9219284058
26.5980205536
23.8017902374
20.3308181763
18.1371479034
14.371424675
18.7597560883
16.6808109283
12.2176408768
9.66848087311
12.9839544296
12.5922136307
11.9252624512
13.6057891846
9.9840927124
15.195101738
13.2561950684
15.1371068954
17.7722549438
19.0948104858
13.2162284851
14.824596405
11.2813358307
15.0866413116
13.7522258759
11.2323932648
11.3030204773
8.24078845978
8.90307998657
13.2929506302
9.83878612518
13.9029693604
15.5294446945
15.7499818802
10.8874530792
12.9022712708
13.7407503128
17.6969680786
19.1118087769
22.7318897247
26.5053100586
28.7565956116
31.1102561951
28.3296070099
28.5467395782
25.0156230927
22.6576061249
24.331199646
22.2196521759
21.08228302
24.5680236816
23.590171814
20.3344535828
21.4956417084
18.393447876
14.8427600861
17.400560379
20.7992744446
18.4044551849
23.9504985809
21.0815086365
24.9642906189
23.8394298553
19.3393669128
18.9522666931
15.4180641174
17.8108844757
13.9012966156
10.9487113953
7.92921066284
5.51657629013
5.55835914612
5.83113765717
6.22835874557
5.30047225952
4.99926376343
7.48067808151
6.57115364075
10.9759140015
14.0268239975
15.8679132462
20.546245575
22.552312851
23.1802539825
26.6389427185
25.4546031952
27.6892242432
23.7330093384
21.642988205
26.7479839325
28.6223182678
23.8389072418
26.186832428
32.2836875916
29.1828765869
26.8391685486
29.9206295013
33.9844093323
31.3781375885
32.8538856506
37.2687034607
35.5752677917
35.3175354004
39.6135635376
41.1960716248
39.7843055725
39.2273597717
43.1515922546
42.3832893372
38.4716072083
39.8764877319
44.4627799988
41.4763298035
38.8189201355
44.3550262451
45.9645881653
41.4077072144
41.684715271
46.8520622253
43.9762535095
46.4855308533
41.4454879761
39.5686416626
35.4637870789
38.3268737793
40.7523078918
34.6321716309
34.4885025024
36.3048439026
35.6745185852
31.8893280029
33.240322113
36.9836387634
33.4689750671
29.9201793671
34.4214668274
36.5182304382
32.5370445251
29.317029953
27.6434249878
22.7030067444
23.7287731171
21.9171485901
19.1005153656
19.0013580322
22.4787883759
23.7700691223
26.8233680725
26.010843277
23.953125
27.6951656342
27.0022201538
33.1066894531
30.3622283936
28.8953018188
34.0576477051
36.9287261963
40.2001342773
42.5762214661
46.711730957
49.0302314758
44.9414749146
45.2970123291
49.4040184021
46.7015533447
48.624256134
46.4233093262
41.8873214722
37.8542747498
36.8870315552
32.8710708618
30.9169445038
26.9254131317
23.4189338684
21.0502204895
18.0086917877
17.353471756
19.966299057
22.9759254456
28.5203876495
29.1584606171
33.9037055969
34.7679214478
38.8187446594
38.4076118469
41.9230270386
41.4275817871
44.1587867737
48.1611175537
45.9502296448
40.7437973022
42.8879699707
45.7349739075
40.8879203796
37.9574394226
42.4573783875
41.7083892822
37.1333732605
37.2956237793
41.5848846436
40.5394859314
35.8641777039
35.2199058533
33.0234184265
28.8635616302
31.1314620972
28.4134616852
32.00831604
31.0019607544
32.28515625
34.4076690674
29.4133090973
25.9420928955
23.6832103729
25.8940181732
29.2998046875
28.9657421112
26.8686275482
29.2577667236
33.8710403442
31.6896972656
31.4744758606
36.0215072632
36.799571991
34.7241668701
33.3788414001
29.7353038788
30.701883316
26.6987361908
26.6610507965
24.1647548676
28.6852836609
31.2078418732
26.6474342346
28.9133014679
34.6317672729
33.6030311584
32.3382263184
34.0314178467
37.7397270203
36.9515266418
36.6603851318
40.4365310669
43.2159614563
41.2961082458
41.5688781738
46.4978866577
45.9730072021
44.537612915
46.7453575134
50.1116905212
52.3427658081
54.6577301025
51.9160652161
51.0357780457
47.1170806885
46.1429138184
46.5281143188
46.1165428162
41.3053665161
42.7561759949
42.9294891357
37.7144966125
37.2495956421
41.4556999207
37.7004432678
33.7225914001
36.0912208557
35.488483429
32.1500816345
30.7251739502
33.9653434753
32.1125907898
27.7411708832
27.3758468628
26.1710071564
27.1398925781
27.6396350861
29.7601242065
29.7417240143
31.9454650879
31.3381977081
34.65625
36.652507782
39.6716270447
40.0890235901
39.6470451355
41.905166626
44.9031448364
44.8602027893
43.9400787354
48.4700965881
49.4963760376
47.7499656677
50.0356140137
53.5361480713
54.1885032654
53.9260406494
55.8554344177
59.0617332458
58.3662109375
59.7941703796
62.9383506775
64.3740386963
64.5703048706
64.0864868164
67.657989502
64.2575378418
62.1645889282
62.0139541626
60.1292724609
56.7232437134
57.4345245361
57.7339668274
54.181388855
52.4828300476
52.5805587769
51.8570251465
46.9370536804
47.540599823
48.7779960632
45.425868988
42.4879302979
43.3199386597
43.5008659363
39.3666725159
36.6995620728
40.4122810364
39.48204422
34.5333900452
35.4214515686
32.89478302
31.6781139374
28.0519618988
30.4029922485
26.2372589111
23.7531833649
27.5681285858
29.7212696075
25.5915679932
23.5365791321
24.6361064911
30.7734470367
33.1637611389
33.0015640259
36.0728530884
37.4639320374
37.2061004639
39.0889282227
41.9488220215
42.4394950867
42.3179130554
44.4590682983
47.433757782
48.1319618225
47.1411361694
44.0341873169
42.9256095886
39.2820053101
39.5764045715
40.6060829163
36.6190872192
33.5997848511
31.4951992035
32.2755241394
28.0442790985
29.6254920959
34.0740890503
29.7536411285
26.9802494049
30.2865047455
33.597278595
32.2422866821
35.5633964539
37.358127594
39.6004524231
38.280456543
40.7641181946
44.6134033203
46.8150253296
47.3801269531
40.589931488
44.0029945374
37.5810623169
56.0160293579
55.9899406433
51.1540718079
52.5777244568
54.9227104187
57.7136268616
58.4493026733
53.5932502747
54.0331459045
55.2563781738
51.1509246826
51.5046386719
54.7332611084
49.4322395325
55.4089050293
60.1761016846
62.2070846558
58.9928703308
61.737739563
58.0073852539
60.8271255493
58.8100471497
55.2248764038
56.1773681641
56.1483078003
56.3386726379
56.1983566284
61.8536376953
56.3762741089
60.5310211182
62.9543075562
59.9823036194
63.8285942078
66.2845306396
64.5727767944
61.4466171265
61.529083252
57.0756797791
58.4034576416
56.339263916
57.5722618103
63.0719299316
62.0384368896
64.3255767822
58.0998802185
60.542011261
58.5924797058
58.369052887
60.2417068481
57.8608894348
57.414981842
58.6267738342
53.9719047546
50.7263717651
56.1202468872
52.5897636414
49.327457428
46.0288047791
50.6961555481
47.1366271973
45.4920349121
46.1297073364
42.6435699463
39.594833374
37.0221939087
39.2778205872
39.8043136597
37.7826576233
34.2471542358
37.059463501
35.330909729
38.8513755798
41.5408210754
40.6047134399
40.4247169495
44.9110565186
47.2685470581
45.6656341553
46.3937911987
50.4812011719
51.7417984009
50.6898765564
53.237411499
55.1020584106
59.5334815979
60.6501541138
62.2993774414
58.2556190491
55.9822425842
59.1330566406
58.6126098633
54.3852920532
52.5325126648
50.0129432678
46.9417991638
47.6693077087
52.4513626099
51.0241851807
52.77602005
50.208656311
51.8715019226
56.3965454102
53.2241401672
50.0092735291
53.408039093
56.6378555298
52.5179901123
50.46484375
64.7388763428
59.3943367004
63.0993461609
64.6632766724
59.6417312622
58.9935874939
63.2809143066
61.495967865
56.6127090454
59.4770278931
62.3732299805
58.0502510071
55.827381134
61.6950912476
62.1110420227
58.6045303345
54.8218574524
56.5124053955
56.3064651489
59.3810806274
55.3777542114
57.9543876648
61.4864006042
58.6790809631
58.7293128967
53.8616485596
51.6417655945
51.2989082336
47.3800430298
47.2409515381
52.3092079163
50.9898834229
50.1964912415
45.976764679
48.4847984314
48.9826850891
45.3554573059
43.0032730103
38.2181739807
34.7473297119
33.7828521729
31.3227996826
28.8012657166
28.5866451263
32.3788223267
32.9239616394
36.7529373169
35.6773529053
40.6214866638
41.3072967529
46.241645813
43.9328994751
49.3015327454
52.9101753235
51.2109260559
55.8062515259
57.4865722656
58.1505851746
53.1194458008
54.014503479
53.215423584
56.3918952942
54.6204833984
58.4437217712
60.9581260681
63.5485725403
65.3967590332
64.1345291138
65.8568267822
63.5474472046
61.5598640442
64.4411773682
63.3082580566
62.1116752625
65.7949371338
65.7166290283
62.3966598511
63.578666687
59.3765640259
56.0283203125
56.89245224
59.6806144714
55.0092124939
59.410369873
53.460193634
54.8139457703
51.7991600037
49.5272293091
47.9011268616
49.5449295044
52.3374519348
51.3153915405
49.5507049561
47.9088478088
46.8012008667
42.5762214661
44.8125915527
40.7071380615
37.8531188965
41.9643936157
41.1796722412
43.857383728
43.2974395752
44.9818534851
48.8147659302
46.0874252319
48.9024047852
47.5816116333
44.524066925
48.3048744202
48.7684516907
50.9799728394
48.0312576294
44.3300437927
44.91639328
46.8707733154
41.7243995667
40.2425765991
44.3733482361
42.1663131714
36.5591011047
37.0488395691
40.463092804
36.6947250366
34.3226966858
38.6155090332
38.0231361389
31.9837341309
33.6899909973
37.2341651917
33.3326301575
29.3477287292
29.7526912689
32.1746940613
28.5334777832
25.1665287018
27.2893218994
28.4364204407
22.9185276031
22.1288032532
26.207326889
24.819311142
19.4080429077
22.8865661621
25.0886821747
28.3675861359
27.6240730286
22.4587135315
26.2545509338
25.189535141
20.8344554901
20.4111824036
25.1054420471
21.1019020081
17.3572921753
19.5524845123
22.6074886322
17.1727390289
15.6000432968
21.5290355682
22.132144928
17.3165893555
16.8362998962
21.2260417938
19.6633281708
23.9845371246
24.4073219299
24.4614887238
27.8252315521
23.7929821014
20.5894680023
20.3747615814
19.581949234
21.8366279602
21.3140850067
16.9108352661
18.2192192078
13.8801984787
15.072473526
14.3829746246
9.92478275299
6.75727176666
5.68321800232
5.65042924881
7.46571159363
6.15825176239
9.56632900238
11.0657224655
10.7641353607
10.5142431259
9.42966270447
5.6773147583
7.41424036026
6.87462377548
11.1448373795
12.7552556992
16.1726303101
20.0216178894
22.2104740143
26.7856826782
27.9166069031
24.5674972534
23.046131134
17.6230754852
16.1091918945
12.2992506027
12.2564344406
9.09774684906
10.4034099579
10.6711473465
11.1273965836
15.3803873062
15.2540664673
17.7603206635
13.5549468994
8.75673389435
13.3153524399
15.4191026688
11.9026088715
11.2464017868
16.2558898926
16.344991684
12.8347673416
16.6297779083
19.4095726013
18.1805019379
19.570930481
16.8934020996
21.4572849274
20.0772972107
20.5698242188
16.0027999878
18.6174736023
21.9214286804
25.1410293579
23.8658809662
27.3937416077
27.9154968262
30.6007423401
29.0941200256
26.6527862549
30.4592647552
34.1242446899
29.731010437
30.2392311096
35.9055595398
35.6198921204
32.7785949707
35.2931900024
39.4152450562
36.4057426453
32.6016273499
31.3444919586
27.2615089417
30.4160346985
30.5702781677
26.6759357452
25.8335800171
30.7514686584
29.1510944366
25.6047019958
28.677696228
31.8889503479
30.1710929871
28.0489368439
32.4556312561
34.6403274536
31.8322067261
29.9238491058
35.3276405334
36.9033203125
31.6361255646
33.0303840637
37.97996521
40.3038063049
43.3487243652
44.6994514465
43.4596214294
46.4395561218
46.1019325256
44.1268844604
41.0115280151
41.5875053406
40.0680656433
36.4141731262
35.7379798889
36.3575401306
34.3387908936
31.6877250671
30.7824172974
31.533864975
28.9917755127
25.8362693787
27.0616550446
25.2627067566
22.4883098602
21.8609962463
23.7284431458
21.5037212372
26.3087310791
24.6220531464
28.6996040344
31.8093452454
34.3308868408
31.8513698578
35.0646286011
38.1926116943
34.4468955994
35.6190681458
40.3477935791
40.3624839783
38.1918106079
40.0419387817
44.6499099731
42.4934425354
42.3097038269
46.3718109131
47.616065979
45.2671852112
47.1772766113
51.1445960999
51.732624054
48.4211845398
53.5682525635
55.3948249817
53.1772270203
55.2086219788
58.6058044434
58.6005477905
55.0287818909
59.360206604
61.3047409058
58.913482666
56.2367172241
54.7388877869
56.1456489563
53.9395675659
51.1440162659
50.3547401428
50.9949226379
47.0339279175
45.4106063843
45.8811454773
45.0575675964
40.981262207
39.9982299805
41.3392944336
37.8753967285
35.1837043762
35.5373840332
35.8824691772
32.3352851868
30.2862148285
31.1825065613
28.9166641235
25.4785327911
27.2483863831
29.3120136261
32.1434288025
33.4526977539
31.5275363922
31.1839065552
35.9769668579
37.0863189697
34.2611694336
29.9261741638
33.4382705688
37.530620575
40.0384559631
41.627746582
37.8577041626
39.8964080811
44.0156288147
42.9223594666
40.6577262878
44.5868377686
48.0980377197
44.7124557495
43.9245910645
48.0974617004
45.5465965271
47.7281913757
46.9750175476
48.4516639709
45.6303443909
41.5455474854
42.1487960815
44.5944290161
49.7774620056
45.9034004211
42.4290046692
47.7466697693
48.9335289001
43.2871780396
42.6589279175
48.3777313232
44.8765907288
45.4881019592
47.9440193176
51.3918762207
48.2263374329
46.5549545288
48.0112686157
47.5540847778
46.5010795593
41.9011383057
40.8729667664
36.2054176331
59.4861221313
59.1044425964
54.764503479
55.5879821777
57.9791717529
60.6558265686
61.5862350464
56.9669342041
57.9330368042
59.0546531677
55.4457397461
55.4930992126
59.0867385864
53.6484489441
60.1228675842
64.1853103638
66.9659423828
63.1989974976
66.2001113892
62.6291313171
65.2882156372
62.7161560059
60.0123214722
60.5571365356
61.3677177429
61.2074699402
60.9629707336
66.7661895752
61.8032073975
65.43699646
68.0720596313
65.0664901733
68.4447097778
70.9680633545
69.0944290161
65.9273986816
66.1592102051
62.2218742371
63.2950935364
61.4695587158
62.3095703125
66.866027832
67.1668548584
68.8580627441
63.1956062317
65.8469543457
63.6772537231
63.7514572144
65.5526428223
63.5425186157
62.3583106995
63.7639656067
59.0709152222
55.9810943604
60.5770225525
57.5054588318
54.7445869446
51.4273948669
55.2649154663
51.9157295227
50.3855781555
50.5670394897
46.9526596069
44.1628646851
41.8444595337
44.6246948242
45.5746078491
43.4658050537
40.2531433105
43.2807998657
41.7759246826
45.0596847534
47.6240921021
47.1378746033
46.994846344
51.2212409973
53.6693534851
52.3353462219
52.9777450562
56.8046875
58.2809486389
57.3684654236
59.7609291077
61.5834617615
66.0415267944
67.2492370605
68.6898422241
64.6241607666
62.5305023193
65.5792388916
64.8536071777
60.6443481445
58.7967681885
56.1158447266
53.0123100281
53.5172386169
58.269947052
56.8888435364
58.3296432495
55.9338989258
57.1344223022
61.7006645203
58.7886276245
55.2707252502
58.3866844177
61.9102973938
57.8882827759
55.3490257263
69.3773193359
63.7492179871
67.4330978394
69.4518203735
64.4833984375
63.4469947815
67.8974838257
66.536491394
61.5685157776
64.09425354
67.400932312
63.2466850281
60.7125930786
66.5352783203
67.2859725952
64.0130233765
59.8943634033
61.3670349121
61.3650627136
64.3694763184
60.3196258545
62.7140922546
66.0473098755
63.0955467224
63.349029541
58.5353660583
56.4103355408
56.437625885
52.5315208435
52.7549285889
57.6581687927
56.4971542358
56.0968894958
51.9496765137
54.3948783875
55.0996704102
51.5196990967
49.1690711975
44.5585975647
40.7832603455
39.8788108826
37.225894928
34.9705848694
34.9949493408
38.8957519531
39.6153907776
43.4222106934
42.0578155518
47.001121521
47.8668518066
52.6931838989
50.2244567871
55.7788200378
59.1453018188
57.4874000549
62.1471824646
63.7432365417
64.5756912231
59.5360717773
60.2107009888
59.3820037842
62.3387107849
60.3632545471
64.0917434692
66.4474182129
69.1470870972
70.7625656128
69.6231307983
71.4029693604
69.3302078247
67.3529205322
70.3220672607
69.3554840088
68.1520843506
71.8592453003
71.9888534546
68.6730117798
69.8985519409
65.506111145
62.4392127991
63.1402702332
65.7285003662
61.0319900513
65.1876602173
59.1622390747
60.1911468506
57.2183990479
55.0832443237
53.2635688782
55.3362388611
57.911113739
57.177986145
55.6514358521
54.0824966431
53.2633705139
49.0302352905
51.4067306519
47.2962760925
44.458065033
48.5662651062
47.6230010986
50.1381721497
49.4242668152
50.8990478516
54.4785575867
51.5222320557
53.958984375
52.2944793701
49.0521011353
52.5922775269
53.2863998413
55.4940719604
52.8459091187
49.1446456909
49.1730194092
51.1238975525
46.3905487061
44.4216651917
47.9974517822
46.2679977417
40.7049789429
40.6629714966
43.7798690796
40.4185295105
37.6253395081
41.298034668
41.2428283691
35.030620575
35.7793197632
39.4122009277
35.788608551
31.6172180176
31.2482738495
34.35546875
31.3060131073
27.2753677368
28.7507457733
30.9959163666
25.7455120087
23.4669132233
27.7960224152
27.6796722412
21.9197273254
24.4075317383
27.8089962006
30.990228653
31.2976646423
26.6259498596
30.9469547272
29.0940513611
24.2905540466
25.3275699615
29.5044956207
24.9733066559
21.635187149
24.3522491455
26.7010116577
20.3923797607
20.1232089996
26.0432128906
25.4113731384
20.0971794128
20.8767242432
25.4814853668
24.7350006104
29.4050273895
30.0196990967
30.5181369781
34.0279426575
30.3307514191
27.0711097717
26.5350837708
25.3703842163
27.817445755
27.773973465
23.3064804077
24.9995231628
20.4111747742
21.877746582
21.1331577301
16.4142875671
13.3519620895
11.2159166336
7.46571445465
5.51603937149
5.74125337601
8.33338260651
6.89661407471
8.50637149811
7.83022260666
9.34307003021
8.29960536957
12.2292013168
12.6084938049
16.7466983795
18.9115982056
22.3393573761
26.3020439148
28.2889518738
32.5847969055
33.6989707947
30.585477829
28.5158157349
23.0145816803
21.2686328888
16.9896221161
16.3106613159
12.2083740234
13.3739967346
11.829208374
13.2146949768
16.347990036
15.1990833282
19.2660980225
16.5337753296
11.6862621307
15.0295829773
18.9937591553
16.7570114136
15.0251779556
20.1629276276
21.2937679291
18.536857605
21.0345287323
24.2937011719
23.955997467
25.6048545837
23.3456459045
28.1348552704
26.5040054321
27.0235652924
22.0914440155
24.3333625793
27.6518573761
30.3593902588
29.4520778656
33.2349014282
33.6766433716
36.1127471924
34.3525695801
31.6494579315
35.503452301
39.1116409302
33.9211959839
34.4797172546
40.2595443726
39.5299720764
36.215839386
38.8781394958
43.4024658203
40.6854400635
36.7231521606
36.014705658
32.0262718201
35.1790809631
34.6704216003
30.5071468353
30.2246417999
34.5313644409
31.9894199371
28.5777587891
31.7003746033
34.6151313782
32.1974563599
30.0506458282
34.5493392944
36.1911239624
32.5909423828
30.8827819824
36.5325126648
37.2751502991
31.6176338196
33.3932228088
38.2848167419
40.1200485229
43.0576896667
44.071308136
43.234500885
46.7174453735
47.0651130676
45.0956039429
41.6146125793
42.3274040222
41.5857582092
37.3994636536
36.6286468506
38.3143615723
36.2973365784
32.6438941956
32.5302505493
34.1000938416
31.065738678
28.0300540924
30.0156288147
28.5768547058
25.1677188873
25.1461467743
27.8719329834
26.0000686646
30.5255813599
28.9386692047
32.6865653992
35.3429641724
37.964756012
35.2391777039
38.7138595581
41.2687835693
36.9210128784
37.8051490784
42.7475166321
42.6157302856
39.8286514282
41.4165344238
46.3349304199
43.9994125366
43.007144928
47.3315200806
48.9031333923
45.8453559875
47.3747673035
51.6372070312
52.2454109192
48.2291107178
53.4568862915
55.5426177979
52.7337036133
54.4896202087
58.0926322937
57.9724769592
53.999835968
58.3363609314
60.9868659973
58.6963577271
55.7021942139
54.3216629028
56.5264549255
53.9830665588
50.7479553223
50.5079231262
51.5847091675
47.1922645569
45.464427948
46.9091072083
45.9780807495
41.2528114319
40.785320282
42.8257904053
39.0091362
36.0248908997
37.2045516968
38.1610031128
33.8043441772
31.7073802948
33.6930007935
31.421875
28.5543079376
30.3382263184
33.0222473145
35.345249176
37.3483657837
35.8741264343
34.9121246338
39.3356552124
41.098739624
38.6240615845
34.3079185486
36.6661376953
40.5437545776
43.1003112793
44.3880310059
40.0974006653
42.2026939392
46.290435791
44.663936615
42.0542602539
46.3096008301
49.7958602905
45.5884857178
44.5386123657
49.2695808411
47.0152397156
49.563205719
49.3542480469
50.881942749
47.6816329956
43.9712562561
45.1136131287
47.9765090942
53.3641204834
49.8239784241
45.986743927
50.9577255249
52.8190231323
47.2991828918
46.2025909424
51.7867736816
48.3625946045
48.4682617188
50.7646789551
54.2156028748
51.0767059326
48.8749198914
49.8116836548
48.8836555481
47.7270469666
43.9634475708
42.3143119812
38.564540863
46.5628128052
47.5653915405
42.1837730408
44.1972236633
47.731086731
50.4453582764
52.2161712646
47.0493125916
46.3957519531
49.0444068909
45.2622108459
45.4644813538
47.5408782959
41.5741271973
45.4680175781
51.8020057678
51.4580993652
48.9430885315
50.4422264099
46.3061447144
48.8333816528
48.6528625488
42.8593864441
43.9961585999
42.4003677368
43.5797805786
43.1599884033
48.6981811523
41.8764343262
46.0797691345
49.2599830627
45.6284713745
50.418674469
52.2170448303
51.0003814697
48.5577507019
47.9175720215
43.5211715698
45.3689994812
44.0476417542
46.236492157
53.4489822388
49.734916687
52.4154396057
45.7329292297
46.8628578186
45.5305747986
46.0279808044
47.4652748108
44.8557853699
45.9452285767
45.0160331726
40.7164993286
37.7486915588
44.438369751
39.5794525146
34.5778198242
32.0175590515
37.6170959473
33.1587486267
31.5400505066
33.5439414978
28.9704170227
25.6796474457
23.2217845917
24.8122024536
24.3212890625
23.3646011353
19.8634757996
24.6436672211
22.0830211639
23.7705307007
27.3495025635
27.8908424377
26.6134262085
29.846830368
33.294052124
32.44556427
31.9786186218
35.4600944519
38.0251960754
36.7894477844
38.2476501465
40.4713134766
44.9227104187
46.8821258545
47.8436546326
43.548740387
42.3029899597
45.7708740234
44.6656494141
40.2273597717
39.4324378967
36.6231536865
32.6020240784
33.974773407
38.8106956482
36.2637138367
37.5360984802
34.48046875
36.1590270996
40.2250785828
36.7778892517
33.4999389648
37.0151405334
39.6864700317
35.5211029053
33.6983909607
47.7034645081
42.6402778625
46.5819244385
47.7885704041
42.7749176025
42.6384239197
46.9116706848
44.8131256104
40.1522293091
43.5465736389
46.221988678
42.0004997253
40.3307151794
46.3722419739
46.7494430542
43.1578292847
39.9070091248
42.0558700562
42.6307754517
46.1977043152
43.1614685059
46.5143165588
49.7851676941
46.6162452698
45.2601928711
40.9658203125
37.2735023499
36.8805427551
32.6412391663
32.0302658081
36.7986335754
34.9640197754
34.4780235291
30.0592956543
31.9976539612
32.6797523499
29.1264572144
26.8849430084
22.7386837006
18.4802837372
17.6266155243
15.272151947
13.1443881989
14.6993093491
18.0832557678
19.9738864899
23.2006244659
20.7809829712
25.3886699677
26.7866287231
30.938709259
28.2467575073
34.338470459
37.0181236267
35.9531173706
40.6217079163
42.5973854065
43.7623291016
38.9072036743
39.757106781
39.9935035706
42.8392448425
42.0180282593
45.7556343079
48.7516288757
51.8918266296
53.2312240601
51.183757782
51.9479866028
49.8198318481
47.2744064331
49.5916175842
48.4143371582
46.6720657349
50.1240158081
50.4409828186
47.2178993225
49.3058853149
45.0905380249
42.7857818604
44.2133674622
46.8009529114
43.0360069275
47.6293182373
42.4978370667
44.3720550537
42.1149864197
38.4495697021
36.1107711792
37.0954780579
38.9040565491
37.3657073975
36.0837364197
33.5569152832
33.2855758667
28.5203876495
30.6225395203
26.5669803619
24.6604175568
29.3569450378
28.293258667
31.1830215454
29.122505188
31.8991889954
34.5840835571
32.7921867371
35.6968345642
34.0669898987
31.6474609375
35.6738471985
36.6330795288
40.02394104
36.7790565491
32.5410957336
34.3438835144
37.3625679016
32.0379981995
30.2540035248
36.2110786438
34.4401817322
28.1899776459
29.0174427032
34.4823188782
31.3749141693
29.4020195007
34.1239852905
34.5181465149
29.7153625488
31.9680023193
36.0042114258
33.5197982788
29.9348945618
32.3886070251
34.8433570862
30.2682323456
27.6972179413
32.6577720642
32.8138198853
26.997051239
29.7082023621
33.9298858643
31.1010608673
27.2604560852
32.9737358093
33.2953834534
37.0328330994
34.0480155945
29.5094623566
29.8014736176
30.2389240265
28.6780548096
24.5621776581
27.5622081757
25.1790542603
21.9887619019
20.6023788452
23.4195804596
21.222946167
17.4144935608
19.1132125854
21.7131175995
18.903137207
14.9100961685
15.8466978073
14.4212589264
14.6360731125
18.6029891968
17.9850444794
20.2262687683
12.2867383957
12.0654859543
13.6400117874
16.2462425232
18.925031662
16.490644455
14.4306488037
15.0613441467
16.9904079437
13.5809020996
11.2233724594
14.0087442398
13.752530098
18.1200637817
17.6230773926
22.4936408997
23.0145664215
18.2669143677
18.4022941589
22.9691829681
21.4203338623
24.4252624512
23.8412647247
17.5601005554
15.2937898636
11.776093483
10.9226770401
6.73872375488
7.86922979355
7.18230724335
9.18360710144
13.2575922012
12.5332784653
8.93215847015
7.22603464127
7.7300786972
7.34151744843
10.5966205597
12.6889104843
15.492395401
18.9381790161
20.5718383789
25.1377220154
28.4671020508
29.2415332794
22.9167633057
22.1218700409
26.8243732452
25.1354446411
20.4671707153
23.7267837524
26.5350208282
23.3673610687
20.5621623993
26.4430580139
27.3260116577
23.3129367828
22.7191429138
18.4074192047
19.64311409
21.0666599274
20.0482749939
18.7374649048
20.2389755249
24.496553421
28.4896888733
23.9544448853
24.9327106476
23.4613819122
27.4316539764
28.1982479095
25.0886974335
26.9113636017
31.8661117554
30.3397083282
28.7756824493
33.3062820435
35.6415176392
33.2114219666
33.33253479
36.145149231
31.8827400208
29.3672542572
26.2995281219
22.4331893921
22.8585510254
25.1994342804
23.6290340424
17.9695167542
23.7385520935
25.8711585999
21.897397995
22.3019256592
25.8390445709
26.8806343079
23.6974563599
26.040063858
30.3699550629
29.6087169647
26.0327262878
29.8000926971
33.7734146118
29.7189407349
28.6535816193
33.2187652588
35.8457603455
39.1758422852
40.4457893372
38.0038986206
39.2501602173
37.725528717
35.2702789307
33.5041732788
34.5153198242
30.8605060577
28.443403244
28.9595050812
27.6518707275
24.8497123718
24.9372005463
23.8038635254
22.1401042938
20.117105484
19.2088813782
18.9425315857
15.3353147507
15.0588903427
15.6733665466
14.178976059
9.63149166107
13.8412408829
9.96387767792
13.6418924332
17.2256565094
19.0908756256
17.2342319489
19.709405899
23.5882339478
21.5307502747
23.259223938
27.0325241089
27.2462997437
26.6958007812
28.9188556671
32.3787384033
30.9230518341
32.4964447021
35.5523109436
36.086730957
35.6036949158
38.0830879211
41.1116104126
41.8216094971
40.2763023376
44.7386817932
46.0460624695
45.5037536621
47.8514099121
50.5161781311
51.0220565796
48.693561554
52.4425430298
53.7295913696
50.7865905762
48.9732017517
47.7124023438
47.0848960876
45.3411026001
44.0563430786
42.3645095825
41.4458808899
38.5943641663
37.8276023865
36.0219612122
34.9954986572
32.8434371948
31.2391853333
30.6213111877
27.9896640778
26.6376628876
25.3338813782
23.7007808685
22.3082370758
21.4131126404
19.5059776306
16.985666275
13.1090898514
15.3124656677
16.0783920288
20.1098861694
20.3533649445
18.5130195618
20.061050415
24.4491500854
24.7811393738
22.6921806335
19.5998306274
24.5309505463
29.6957530975
30.9542732239
34.1997032166
31.0587081909
31.4698524475
35.6642532349
36.2009773254
33.5872688293
36.416809082
40.4454231262
39.1774101257
38.194644928
40.2684059143
36.9758377075
37.9379501343
36.654209137
37.1388397217
34.727432251
30.8925285339
31.0309505463
31.504535675
36.2896652222
32.2958946228
29.8745269775
35.6478919983
36.059173584
31.2341632843
31.6802692413
37.6610832214
35.3413047791
36.3074569702
38.1312294006
42.2800483704
40.0848846436
39.4130363464
41.6963996887
41.6553916931
41.8943748474
36.3054542542
37.3274612427
31.6099071503
71.3899993896
69.0040435791
71.0369567871
66.8718032837
71.2316360474
73.8398361206
79.3113861084
77.5081481934
80.3796920776
83.3826141357
86.103477478
84.0848770142
86.9270324707
81.2392730713
83.0249557495
84.2654495239
84.9045028687
81.9541625977
81.6862335205
81.2578964233
81.6443786621
80.9311447144
80.3616867065
80.3953323364
82.3949432373
82.7592391968
82.4511108398
87.6226119995
85.4463882446
82.5073013306
89.4277572632
85.3053207397
87.2051925659
87.2805023193
86.8541564941
87.5291519165
86.3290252686
88.8464508057
90.4220809937
92.9841308594
92.8968505859
93.3116073608
96.2478942871
94.0397720337
92.5087814331
90.7319717407
89.6014175415
93.1053619385
92.8045272827
93.5732650757
92.0242080688
88.5739822388
86.489692688
85.5587539673
87.4884872437
85.1207351685
81.1119155884
82.608253479
79.4083633423
77.8426589966
78.5218582153
81.0756988525
73.1028137207
74.3480377197
74.9324645996
78.2677001953
79.7043991089
80.7192077637
80.7820968628
87.371673584
85.4457931519
82.5244293213
85.7144088745
90.440322876
87.8801116943
86.4655380249
91.5903167725
93.1649017334
90.0197067261
90.0986938477
95.9566955566
94.6826248169
92.3274917603
95.1486663818
98.4346237183
102.594047546
100.610359192
96.6642913818
99.2002105713
102.247200012
98.9242095947
95.2966842651
97.1525497437
93.6154785156
88.711769104
89.5989608765
92.8478164673
88.7571716309
85.9490814209
83.9961853027
81.2782440186
82.2032852173
81.5176010132
77.1083297729
76.3980026245
77.8949127197
76.5871658325
72.1616668701
69.514503479
64.166847229
64.699836731
70.8065414429
69.442199707
64.7493743896
68.1631164551
72.5829696655
69.7900238037
67.2504882812
73.291557312
73.7158660889
69.903793335
71.9683609009
76.3873977661
77.5810699463
72.7741241455
71.751449585
75.8174057007
77.6440200806
77.4451828003
78.6865158081
77.5125656128
73.2889175415
72.1135940552
72.0340805054
69.1340713501
73.0997390747
71.2663726807
74.4447021484
74.0299530029
74.7150344849
79.4557113647
78.3890838623
78.4370040894
81.7292098999
81.1591949463
81.0494766235
80.5827713013
76.4525375366
75.9591903687
73.2920455933
76.0876464844
79.9385147095
81.0358276367
84.7108154297
85.5774230957
81.8415374756
83.6495895386
86.0697631836
86.2559127808
82.018409729
87.6673355103
85.2816467285
85.2914810181
88.8347396851
88.9289321899
92.5251235962
89.6451187134
87.1830596924
88.2557601929
86.7930297852
85.3864517212
86.325668335
87.1358413696
91.5938720703
88.5046844482
87.1456375122
86.4853973389
88.6032485962
86.2927093506
87.9433898926
89.4505844116
87.7177429199
89.8732681274
93.552192688
91.7356872559
94.6839523315
89.4001312256
93.0578155518
92.6991653442
91.5472412109
90.2953414917
90.7164001465
87.9866104126
86.5233230591
86.9653320312
83.7155914307
79.2581176758
83.3820266724
80.4153594971
82.2128372192
84.9063796997
83.4722747803
87.5946960449
84.5009841919
87.5389251709
85.3672637939
84.8351287842
87.7920303345
85.0781097412
85.12840271
80.9750671387
81.1527252197
78.2646865845
76.2035064697
73.5880279541
68.7750473022
67.1663208008
66.2507324219
69.9677047729
73.657661438
74.7635650635
72.0621032715
69.2697143555
72.5402603149
73.7227401733
68.0930938721
68.501739502
73.0329284668
69.6321792603
66.0519104004
69.2746810913
72.3894882202
68.8388595581
66.630897522
73.2719039917
71.3855133057
66.7239151001
70.3342514038
73.70287323
71.0140838623
71.2672424316
77.2518844604
76.0599365234
71.7601318359
76.0284042358
80.7629241943
76.8709182739
76.655456543
81.6051635742
83.4620895386
79.7859039307
84.22315979
87.7103042603
92.1133804321
91.5532531738
89.7034759521
89.5286483765
86.8435592651
85.8324127197
85.1424484253
84.1278915405
80.322807312
79.2117767334
78.4022445679
77.0839614868
73.7671203613
74.3369293213
73.7104949951
70.592414856
68.6180038452
69.1326751709
68.7055053711
72.2123336792
72.5743103027
77.6846466064
79.8436126709
81.8925170898
78.4001693726
78.1285629272
77.3362579346
77.9832839966
81.5895614624
81.8417282104
79.8275222778
83.0748825073
83.8095626831
82.0131835938
78.7557220459
78.3987579346
77.1778335571
78.4899291992
75.0959320068
76.4789962769
73.1922149658
70.3101425171
66.312210083
67.165512085
66.956489563
71.2966461182
75.2351760864
72.0807342529
73.6725540161
73.0194854736
72.8733978271
73.6361083984
74.0680465698
74.7916107178
73.6943206787
72.689125061
71.7833786011
73.2019271851
69.1766738892
69.9186248779
69.4025726318
68.4871063232
67.4482955933
67.7954559326
69.0562286377
68.8742218018
72.9253997803
73.8808364868
78.2514038086
81.9083251953
77.8485412598
78.4578781128
82.2725143433
83.0941848755
80.9874420166
83.7927703857
87.2750091553
85.3315353394
84.9318847656
89.8952865601
92.9114608765
89.7821960449
90.9521484375
86.7982330322
88.7922439575
89.1294326782
86.867149353
83.4161148071
83.0657043457
88.9801254272
91.3972702026
85.7596511841
86.65625
83.2747268677
85.9617767334
87.0748138428
81.8239898682
81.7968063354
86.960357666
83.5127487183
80.0076065063
82.7904205322
85.3685455322
80.6045913696
78.0118026733
80.9300918579
78.3696899414
77.3591918945
77.0422134399
75.4795608521
73.0427932739
72.0043563843
72.1431808472
68.4787826538
67.052154541
66.7155838013
65.3944854736
62.3517990112
61.5320281982
61.657989502
59.0858840942
56.3330078125
57.0704078674
55.8215866089
53.5080947876
51.4772758484
50.9279060364
51.2990684509
48.1281204224
45.7699050903
41.907787323
41.1884117126
37.2265396118
37.6287879944
36.3398857117
40.4368515015
39.7545852661
40.5553627014
42.7515525818
45.2650184631
44.5232505798
46.2008628845
50.741443634
49.8439750671
48.1314964294
53.0002746582
54.8662719727
52.8860740662
56.866065979
59.3791046143
59.7193374634
59.0144081116
63.1566390991
64.7736816406
65.1223678589
63.0051765442
62.8280715942
60.1708145142
56.9646530151
57.2362632751
57.4435272217
58.9362945557
54.257484436
51.8652572632
52.1627006531
51.6457710266
48.5372200012
46.159740448
46.0095252991
44.3843002319
42.6557006836
40.0010871887
39.4289588928
39.252620697
36.234210968
34.4535484314
32.9143295288
31.702009201
30.8404140472
28.6021499634
27.4807395935
25.3188667297
23.1452732086
22.099187851
20.2835273743
21.4677944183
19.0801753998
22.8097133636
22.8750648499
22.7543373108
25.671831131
28.9120616913
27.2091312408
27.5529670715
31.2671527863
32.2102890015
32.4897613525
33.7530593872
37.8608512878
37.3712043762
37.5743675232
40.3155593872
42.4185256958
42.9282646179
43.7951278687
46.6636619568
49.1216201782
48.2605857849
49.2062721252
52.4225273132
54.1788215637
57.7439346313
56.7688407898
58.916595459
56.0094261169
59.7889060974
63.281375885
60.8633003235
57.3715171814
61.8257713318
65.4437789917
66.4101257324
60.4776420593
61.4539871216
59.6752662659
61.1342658997
57.1268615723
54.1898651123
54.5132751465
53.4930648804
49.1138725281
49.3249320984
50.9956512451
48.5331611633
45.1816520691
44.2957878113
45.4680633545
45.9791183472
50.6889610291
48.7944793701
45.7243003845
50.45154953
54.6622619629
55.1636695862
57.0931358337
59.8730773926
57.7799835205
55.5505599976
61.528591156
63.2371635437
60.7069091797
61.2377433777
63.9242248535
59.8514709473
57.0665664673
60.0622444153
62.1400794983
58.9452705383
56.4511642456
52.5554237366
55.6038894653
59.5097236633
59.4640769958
62.9473342896
39.4405288696
38.6311950684
37.2060432434
36.0516548157
40.9651298523
44.6552505493
49.3211364746
45.6453514099
46.6694488525
50.7200088501
50.7731399536
49.8613929749
51.5762939453
45.3005371094
47.2251586914
51.7413139343
50.2850265503
48.7148666382
48.3029899597
46.3046035767
47.4574127197
48.5474319458
44.4397583008
45.1437530518
45.432144165
46.6238288879
46.1200714111
52.1511764526
47.9764556885
47.9594764709
54.0533676147
50.2441215515
53.9265327454
55.0376243591
54.3977928162
54.0302047729
53.6936073303
53.3067436218
55.4530067444
57.3561325073
58.8422431946
62.8767738342
61.2725486755
61.3119163513
56.5723190308
54.9063873291
54.4604301453
56.0689735413
56.0980262756
55.4241104126
56.2272949219
52.8673820496
49.3725738525
48.2147102356
53.4365730286
48.2436294556
43.09897995
44.320476532
44.5979537964
40.4323577881
41.313659668
44.7668495178
36.926410675
36.6911087036
37.1317405701
39.2710494995
39.9956130981
41.4775466919
40.5379829407
47.1498680115
44.4277381897
41.6777229309
45.7719764709
49.3738708496
46.4498443604
45.8187065125
51.1145133972
51.7445068359
48.6708946228
49.9857749939
55.333278656
53.4165840149
51.6688613892
54.9741210938
58.617816925
62.4519309998
61.5575256348
57.271484375
58.8787918091
62.5251998901
60.02293396
55.9248313904
57.5803375244
54.4017486572
49.2447052002
51.0054893494
54.8182373047
50.3712425232
48.8369598389
45.7602653503
44.9055862427
46.5059928894
44.0697135925
39.9440612793
41.0459671021
41.9746665955
39.1773109436
35.9540710449
37.9995193481
31.3697052002
33.5329399109
38.3568916321
34.8120651245
31.010099411
35.693775177
37.7955436707
33.4214782715
33.016960144
38.690120697
37.0625915527
33.3330307007
37.7412185669
41.0344772339
40.3918609619
35.4257011414
35.6248054504
39.1152114868
42.0833435059
41.0075721741
43.5565719604
44.1197395325
39.6193313599
37.6351966858
35.8278999329
31.5689678192
34.6072044373
31.6124668121
34.1357269287
35.2402114868
35.2708358765
39.1150093079
37.2638435364
37.9483604431
41.1130523682
40.0969352722
39.9625968933
38.690612793
34.9094467163
33.9893951416
31.2170410156
34.5802154541
38.761505127
39.1183929443
42.9194717407
43.5535469055
40.3658485413
42.271484375
44.3220214844
44.9278793335
40.4182853699
46.3214073181
44.9722824097
44.4738616943
48.5555419922
49.0615921021
52.2575340271
48.7245330811
46.867603302
47.9028511047
47.5106201172
46.3791427612
48.3027420044
50.1110839844
54.5700111389
52.8473129272
50.8665618896
50.52784729
51.2058868408
48.5142784119
50.5375404358
51.2373657227
49.3845977783
52.2572135925
55.0813941956
52.6660652161
55.4739112854
50.1282234192
52.4572792053
52.6066932678
52.4635810852
50.590549469
52.3823242188
48.9487609863
48.6553001404
48.4948921204
44.4631652832
40.0649604797
43.4138717651
41.3525047302
42.2363586426
44.1825866699
42.3269577026
45.9114646912
42.4879264832
45.6089324951
43.23777771
42.5701065063
45.6598205566
43.0593261719
43.5244827271
39.3688583374
40.1906814575
38.1901054382
36.2075996399
34.9343833923
30.2842483521
28.3118247986
29.1361122131
32.7506752014
37.4269485474
36.9491348267
33.2099533081
32.0520324707
36.2379760742
35.3118400574
29.9967308044
33.473575592
36.4209785461
31.5204601288
28.9494056702
34.5437545776
36.1111183167
32.982635498
33.3326339722
38.7345314026
36.3419494629
34.0857543945
38.4900550842
40.4832763672
37.5038146973
39.6081390381
44.5280990601
41.6516647339
38.1137504578
44.0780982971
46.8393592834
42.1038322449
44.2465782166
49.1764755249
48.8185844421
45.5677261353
51.4210243225
53.1738815308
57.6518478394
55.4597091675
53.1001663208
51.8745193481
50.5145187378
50.299446106
47.6190414429
46.9615478516
44.0843772888
42.6798858643
40.7014007568
40.1489295959
38.2754936218
37.2509651184
35.620929718
34.4003791809
33.0965309143
31.6894493103
30.1138744354
33.0967826843
32.0126991272
37.7138366699
39.3353729248
40.8935089111
37.0549125671
37.4883232117
37.095790863
38.6204414368
41.9285926819
41.564617157
40.4668884277
43.3344955444
45.615978241
43.1551437378
39.6935882568
40.9882698059
40.8560447693
43.35496521
41.3392944336
44.4408874512
42.8257865906
38.289478302
34.9724349976
38.092086792
36.411441803
41.2180137634
43.3848609924
38.4330062866
38.1068572998
36.9917793274
35.3247833252
35.2739334106
34.4673805237
34.2302055359
32.5654449463
31.0027160645
29.8117332458
31.7888507843
28.0323505402
30.6213111877
30.3716907501
31.2421703339
30.6394824982
32.8996086121
34.0632095337
35.6798019409
39.1847953796
41.4645767212
46.869808197
48.9493141174
43.3017997742
44.5410385132
49.00573349
47.862865448
44.8300170898
48.8620071411
51.5934410095
48.4127502441
47.9483718872
53.6312561035
55.7597084045
51.7273292542
52.4867248535
48.2364654541
48.9905090332
49.8564186096
47.2498435974
45.0581245422
44.569858551
50.2203941345
53.0094108582
46.767074585
46.8365135193
43.2723731995
46.4334564209
48.1950492859
43.3091583252
42.9384765625
48.4277763367
46.5420188904
42.7712059021
45.590171814
49.1911430359
45.2491760254
42.4156761169
44.8394355774
41.1214332581
40.2209205627
38.5082855225
36.6377410889
33.6170654297
34.1345252991
34.8940124512
29.1187877655
28.9748592377
31.1422595978
28.8577575684
24.9946346283
25.4079189301
27.5464076996
23.8621902466
20.7610721588
24.778635025
25.0936813354
20.5648422241
19.0913562775
23.1831378937
22.3419876099
17.2187271118
17.6408004761
17.443063736
19.9909744263
19.0995502472
15.4910449982
13.3737678528
12.5742912292
8.60430717468
9.95736122131
13.3391990662
9.40595817566
9.02262306213
12.7321205139
14.0484313965
10.9197444916
13.03028965
16.5899448395
15.8597602844
14.0869350433
19.5351963043
20.7927799225
19.9712619781
20.8978672028
25.0979633331
24.9433727264
24.905046463
21.9985179901
21.9019489288
18.7708930969
15.5030078888
16.3415260315
17.8784179688
20.0877971649
16.2208061218
13.4031429291
17.2313461304
17.7031993866
12.5261516571
10.6927185059
15.0640916824
13.7935962677
8.56506061554
12.0647926331
14.0106811523
11.5461196899
10.0857410431
14.4830694199
14.9988689423
13.5758085251
14.9026994705
18.9392490387
17.7451515198
17.7311458588
21.1363506317
23.135635376
22.672121048
21.8690128326
25.9560394287
24.1781425476
21.0564632416
20.1727848053
19.0923480988
16.9932842255
15.8640937805
15.9282646179
13.4404945374
11.4538888931
10.51861763
10.4375572205
6.51414585114
6.25219583511
8.10660648346
5.52266359329
5.64845085144
7.83017349243
6.57204246521
8.17001628876
11.0881385803
11.570318222
11.6103248596
15.3132162094
18.3388538361
16.2099380493
17.3427276611
14.7603235245
18.2796344757
21.8503723145
20.474281311
17.355463028
21.5780639648
25.0639610291
26.2814407349
22.2603855133
25.4725131989
23.6330490112
27.3453884125
23.203004837
19.5781879425
22.2689533234
23.1790332794
17.7215080261
18.7830200195
23.3781318665
22.8042297363
19.7084369659
18.4349422455
15.623875618
15.5526838303
18.0018119812
15.8651647568
11.1370077133
13.4705667496
17.5084095001
16.9523258209
21.3017787933
21.6767024994
19.0780677795
20.2939224243
25.2627029419
25.1181869507
23.6354885101
27.0138721466
28.7850666046
26.2265548706
24.5974082947
29.7137546539
30.5983200073
28.6546611786
28.9455223083
26.797700882
29.9010047913
28.5395908356
30.5020580292
29.5463504791
21.0845279694
20.5859127045
19.2975311279
18.761598587
23.6314105988
27.8185100555
32.6612358093
29.5761547089
29.9258460999
34.7321205139
35.4028434753
35.2082328796
35.3404846191
30.1256351471
30.4400424957
35.1240501404
32.0890579224
33.2957954407
32.2217407227
31.6362400055
33.6137123108
36.513584137
32.3866539001
35.0271110535
34.9618759155
37.6422843933
38.7715911865
44.5452537537
42.7038459778
42.702457428
48.9551887512
47.0177268982
51.5919151306
53.4831161499
53.895690918
53.4013671875
53.924118042
52.7469711304
56.6830329895
57.878238678
60.2282295227
64.079460144
61.1409301758
61.453830719
55.4316177368
52.2844009399
51.9925765991
51.3376541138
50.7760848999
49.2581291199
52.143321991
49.6301498413
45.2026176453
44.6288375854
51.5509681702
45.8979949951
39.6984367371
43.7385253906
43.7196540833
39.7283096313
40.9554443359
47.147983551
40.2327880859
39.4514007568
40.1042976379
39.9852104187
42.0764503479
44.8875732422
42.8878517151
48.6313438416
44.5372161865
41.5153465271
46.7938346863
48.2645149231
44.2603797913
44.0144844055
49.4888191223
48.2553100586
44.4722595215
47.4196052551
52.1514625549
48.2423553467
46.1421203613
50.9424705505
53.9562072754
57.803653717
58.1105918884
54.0070381165
55.2286491394
59.7864112854
58.4824447632
54.4795684814
56.8746757507
54.7871704102
49.6645278931
52.8667488098
56.3790283203
51.2451210022
50.7645111084
46.5325088501
47.8260688782
48.2154960632
44.2087974548
41.9310951233
44.0170669556
41.7361946106
38.6409721375
38.7119750977
33.6016845703
28.035900116
27.2895946503
31.1063137054
27.8524398804
23.162437439
26.0869655609
28.3610534668
23.6668758392
21.4286117554
26.4096069336
24.6615047455
19.4995956421
22.7422866821
25.9017124176
26.0832595825
19.9826011658
18.8544254303
21.4280872345
23.5411262512
22.4319458008
24.2853946686
24.3608951569
19.938791275
19.0153541565
17.2429008484
15.5679521561
19.0538158417
17.9610176086
22.0958271027
22.2313346863
24.4793567657
28.5575332642
28.8678798676
30.863740921
34.7668304443
35.4228172302
37.0591392517
35.0449714661
34.3121986389
32.1260185242
29.37931633
35.2115707397
39.6251983643
37.0347633362
41.012260437
39.9838447571
39.3570709229
39.9493217468
40.4340553284
39.8296661377
34.4126663208
38.2345848083
36.7491149902
34.530380249
37.9844474792
36.8305168152
40.1988677979
37.2991485596
33.9276695251
33.9780349731
32.2569618225
30.1733341217
31.1809482574
32.0886421204
36.5431671143
34.1496086121
32.7947616577
33.210308075
34.5318717957
32.6508789062
35.4719543457
37.0343780518
36.4315872192
39.633102417
42.646938324
40.4713249207
41.7081108093
35.9520111084
39.3319015503
38.0849227905
36.6745491028
35.1942062378
35.360660553
32.6564483643
31.2916698456
32.0536880493
28.5964412689
24.1470432281
28.4813938141
25.4992694855
28.0678653717
31.0011520386
30.9736766815
35.5191726685
34.0740890503
38.1674041748
37.1066856384
36.0016021729
36.9302253723
33.7788658142
32.3624725342
29.083782196
27.493303299
24.3717784882
21.750328064
18.4830970764
13.9241113663
12.5199460983
10.9896802902
14.6643667221
18.9102916718
19.7093963623
17.4515991211
15.2399072647
19.1521320343
20.6576633453
15.9075527191
17.9654006958
21.8967437744
19.9269733429
17.6962280273
21.8976268768
25.0234584808
23.8120212555
23.0756244659
27.971660614
28.8529853821
27.6708755493
30.0646266937
33.3120002747
32.5083618164
35.6210708618
38.4620933533
36.237953186
35.3066711426
40.9672431946
41.9947280884
39.2746620178
43.2527580261
46.5130348206
45.4261322021
44.6330108643
50.3087272644
50.3863449097
54.4166221619
51.3906440735
50.810962677
47.3219642639
46.4874534607
48.536693573
45.1613197327
42.2545280457
41.2985229492
41.4523887634
38.2162780762
36.4298057556
38.0151138306
37.2012252808
32.6236877441
32.1318435669
34.2089118958
32.6761207581
28.7921085358
31.6794929504
28.835067749
32.9615974426
34.912197113
35.071395874
35.6369438171
36.3944282532
35.1889419556
36.3935203552
38.5472068787
39.1320877075
40.0281066895
43.47265625
47.2428779602
45.476524353
41.5936927795
43.7363395691
45.6484413147
47.63829422
47.746673584
50.6952972412
50.9577560425
46.5798225403
44.0631866455
47.1779518127
44.1387863159
47.6984786987
48.2037696838
44.204208374
42.1678657532
42.6932029724
38.554889679
39.7721176147
36.2789955139
35.856262207
32.219329834
28.0313911438
28.1448688507
32.6343269348
30.0130977631
35.6478843689
33.2657623291
37.6512565613
35.8334693909
39.9891433716
38.6538658142
40.7342605591
42.4108352661
43.5320358276
49.6216506958
49.6720924377
44.5321846008
47.9341278076
51.4223861694
48.2042999268
46.1951637268
51.4451637268
52.1905975342
48.1174468994
49.673789978
54.9083213806
56.6824111938
52.1546325684
53.8496704102
50.2123222351
49.1226615906
49.5619850159
45.6539878845
44.7300758362
42.7414398193
47.7007064819
49.3684387207
42.5525856018
41.0502967834
36.8093452454
38.8311500549
41.539150238
37.2727279663
34.9329299927
39.3921585083
39.6132698059
35.1658630371
35.4126663208
40.0808677673
37.3404998779
32.8426742554
33.1642723083
30.1210823059
31.2619342804
29.8008232117
30.1983413696
25.5580692291
26.2259998322
29.4893398285
25.1542892456
21.835226059
25.9998474121
26.1904296875
21.5642623901
20.098493576
24.2785263062
23.4334392548
18.7588863373
21.3932914734
25.3966445923
23.853017807
19.5619602203
24.0081348419
26.9346389771
23.9682025909
22.3189716339
24.4784488678
25.1269950867
27.2204723358
24.8168296814
22.2316799164
17.3736000061
18.6007518768
20.6698913574
19.0533599854
15.6250905991
20.5729351044
20.3078632355
15.0102729797
17.3068370819
22.9979324341
20.0991573334
17.3340587616
21.7581539154
23.4113178253
21.2844104767
22.801366806
26.1513977051
26.5654239655
24.6759033203
27.348613739
22.5678024292
26.535402298
24.5730895996
23.0024604797
24.1243858337
28.0954208374
29.5344829559
27.6020736694
27.2565803528
32.3363418579
32.1543579102
27.5206375122
28.1138191223
32.7906761169
30.431230545
26.5016708374
31.4993858337
32.3776626587
28.5291843414
29.3231506348
33.7515602112
32.7036056519
30.0621147156
33.6638336182
36.7850341797
33.6172637939
34.1960372925
38.2512168884
39.4147949219
37.7172737122
37.8978004456
42.554649353
33.4005050659
33.0720863342
33.698802948
30.7555389404
27.0613460541
30.1614093781
30.1785755157
25.5571994781
25.6394710541
27.9508419037
25.9924068451
20.7930545807
24.3651199341
27.1891078949
22.5542030334
20.293920517
24.6724853516
25.0841770172
20.4583320618
21.4884147644
27.255437851
24.9691009521
21.7752742767
27.5398178101
27.9537582397
23.2534065247
20.3129692078
17.0093040466
15.5465459824
17.9664878845
17.0017738342
12.2941188812
12.3582468033
16.5151691437
20.5463142395
15.9895057678
15.4575557709
11.8071870804
15.2957735062
16.0189037323
12.243473053
11.484588623
15.4665527344
15.8422012329
12.710559845
14.2655057907
19.3175830841
19.800447464
15.7401800156
13.5254268646
10.9572525024
7.38638162613
7.39528083801
11.1399087906
9.47877407074
6.99461221695
6.11935138702
6.23469781876
7.10085535049
6.68614435196
6.91713762283
9.21525382996
8.42993354797
8.35499858856
12.4096250534
10.7263946533
8.40136623383
12.7655525208
14.8478479385
15.6645174026
17.8666534424
18.695892334
21.7268238068
18.7871055603
23.1439361572
21.6537952423
