24.6874542236
23.8952617645
20.7972583771
17.6345348358
15.2050800323
14.2479286194
21.9561576843
19.0402565002
15.5496397018
16.2314491272
12.780128479
10.9208221436
8.87073802948
7.15124368668
5.42293691635
4.71058130264
5.87941074371
8.54689598083
11.3359489441
12.5186872482
43.7112426758
40.296585083
40.9030380249
37.6581077576
37.7543792725
34.1261177063
23.827671051
23.351890564
27.5934085846
30.7881908417
33.8190803528
33.7362251282
38.2476844788
36.0685157776
36.3125343323
40.5242576599
42.8261756897
42.931022644
40.9402313232
42.6939888
38.3086891174
44.925453186
42.177532196
41.8343887329
38.2681274414
36.8409461975
33.1390647888
18.1511306763
19.254365921
22.1167182922
25.5172023773
27.6804790497
27.0290222168
32.6719932556
31.5086307526
30.9995346069
35.8032073975
37.2413787842
38.5942878723
37.2187652588
38.60597229
35.3470916748
23.5895690918
25.1354141235
23.8936862946
24.7263298035
18.5417499542
19.0271224976
33.526309967
29.9164943695
28.7276477814
32.9890327454
30.5212211609
26.1956520081
29.8976535797
27.6369476318
23.517539978
23.9562110901
22.6898040771
20.9021644592
17.2921447754
14.930765152
13.9921483994
