6.4179558754
5.60131216049
7.93291854858
5.19930744171
5.33636236191
8.24381828308
6.17761802673
6.69100761414
10.196975708
10.9156761169
11.574215889
12.7321424484
15.7668008804
16.1750240326
16.7802791595
21.982919693
20.2526340485
18.9461345673
24.0233135223
23.4772491455
19.9715919495
19.7278213501
24.9110279083
24.5084552765
26.7868518829
32.389995575
33.7284927368
34.9538192749
32.2608337402
31.5432415009
33.2972793579
33.8454055786
28.7588291168
32.5135993958
34.3463859558
31.1375370026
27.1109962463
29.0629329681
24.3422431946
24.6198749542
19.013759613
20.0602073669
16.0772609711
20.6685657501
18.4898967743
13.6420497894
13.9685678482
17.5318202972
16.4608745575
9.77049350739
14.58497715
15.4362106323
12.2282714844
15.0901823044
11.4485826492
10.506819725
11.1738233566
10.6578435898
15.6385354996
13.1169252396
8.99530506134
11.3500823975
14.9130144119
14.3960924149
12.9361448288
17.1420841217
19.0650787354
17.9967021942
17.7191581726
21.4477539062
23.0950660706
23.8193683624
24.1179599762
27.3578395844
28.3082447052
29.6410312653
32.9349250793
31.6114177704
34.3959846497
31.584608078
29.9036998749
27.8070545197
27.2155895233
27.3770961761
22.8434391022
21.2925319672
22.2452087402
21.3680973053
16.4797382355
17.6460170746
17.783613205
13.6358041763
11.7776432037
14.6017370224
13.2721290588
8.11726856232
9.21776485443
13.0880622864
10.1410236359
5.78967809677
7.98775196075
6.70935678482
11.7248592377
14.2219629288
33.7008171082
28.3444919586
28.9446487427
30.0683231354
28.7588119507
24.5791244507
27.2173633575
27.459733963
23.9892654419
20.4096279144
24.9845752716
25.2593765259
19.7145442963
20.8741092682
23.817533493
22.2450027466
22.3080196381
19.3562507629
17.2703666687
16.8013954163
12.4732189178
12.6795539856
15.8559026718
12.8220863342
10.661198616
6.77729654312
9.05045318604
7.65332841873
8.58294391632
8.94380187988
6.31364440918
8.42299365997
6.28241157532
7.17039966583
7.79444742203
7.02607154846
5.38633060455
11.4207324982
10.7540655136
6.86277627945
10.5369291306
10.166893959
15.1070289612
15.083943367
14.2421941757
16.3556213379
19.3942470551
18.7648658752
18.9703273773
22.9674911499
24.8534622192
25.2834186554
29.2479991913
21.9105243683
20.799287796
26.9632740021
26.1761722565
26.6835594177
22.2235565186
21.6876831055
20.8394966125
21.1278324127
17.4044837952
15.616768837
16.7738399506
16.0257301331
12.2616891861
11.6167173386
14.5148363113
12.895242691
8.69752311707
9.3794002533
13.4322910309
10.0906848907
7.37938547134
10.670958519
12.9733877182
16.325843811
17.9102668762
15.9638805389
18.7071838379
13.9028577805
16.335767746
20.2001533508
16.9131565094
15.2281923294
19.341501236
21.2565670013
18.9084129333
18.7140522003
24.5908584595
24.5032596588
21.0889949799
22.9993934631
27.2897090912
26.9291229248
25.3820667267
29.6170482635
31.5548152924
30.174156189
30.5161132812
26.8415622711
27.2463760376
24.9271125793
32.8639259338
26.999912262
29.4041976929
31.1509418488
29.0629329681
24.8440532684
29.6065673828
29.9178161621
25.8015613556
23.5400104523
29.193113327
29.5016994476
24.0068130493
26.8648090363
29.9350509644
27.8679275513
29.4711933136
25.8743896484
24.2004184723
25.2621459961
20.9360275269
19.4405326843
23.2917861938
21.8916606903
18.8219585419
16.4607963562
18.305891037
14.4687414169
17.9552516937
19.4398956299
16.371547699
16.9094543457
13.8800792694
11.4207296371
9.71455574036
9.89398288727
9.56026363373
8.1048822403
5.98457193375
8.9769821167
13.0640296936
16.0547008514
20.4161224365
21.359872818
17.8053607941
18.8511142731
23.2525310516
22.4389476776
19.486661911
24.4680137634
27.798456192
25.8052806854
29.1656570435
20.5915584564
20.1662120819
24.7092971802
22.6412773132
23.3683643341
17.2523918152
18.439245224
20.7622680664
19.5616798401
14.8305845261
15.255033493
18.5380001068
15.0861959457
11.0421409607
15.3716592789
17.8774051666
13.3756217957
10.4309415817
15.0346422195
17.0480098724
11.9691076279
14.7189836502
17.9944610596
19.1554870605
20.8987598419
24.3122825623
23.8980865479
26.7233428955
22.4872455597
21.364818573
26.501996994
23.5778446198
20.3216781616
23.1148471832
26.4194545746
23.6511459351
21.146232605
26.8594017029
27.8898048401
22.5163402557
23.1624507904
28.734544754
28.7015914917
25.2126140594
29.4845142365
32.3075180054
30.1301460266
29.1706581116
25.5863361359
25.2620735168
21.0735702515
35.2350578308
30.5796203613
32.014377594
31.6868286133
29.6410160065
26.4318504333
29.1317062378
27.4851417542
23.793844223
21.7897605896
25.2968559265
23.4458847046
18.5728168488
21.0202503204
21.8438148499
18.5127487183
16.9050235748
14.332490921
14.6895093918
12.5844612122
9.85778617859
11.6436462402
16.585723877
14.9809551239
15.6361732483
10.5113277435
15.3757829666
15.9515247345
13.800204277
11.2540187836
8.09847927094
6.2997045517
9.56328678131
10.6709594727
16.1530761719
13.7762594223
10.1003522873
10.9261035919
17.9944610596
17.0435409546
15.016453743
15.7713899612
14.3930435181
16.6163024902
19.6143512726
20.0869045258
19.8504486084
22.8224925995
24.0715370178
25.1255397797
26.4501285553
29.0211048126
30.9191398621
33.6861190796
27.8385982513
25.1567211151
31.1177101135
29.6312332153
28.3880500793
25.0890102386
25.8986415863
22.9065437317
21.9745502472
20.1349334717
19.0755825043
17.325668335
16.1334247589
16.3212795258
12.8146409988
12.4507312775
11.6266546249
10.4215126038
6.58239650726
7.90687131882
8.06149482727
4.9991736412
4.80968999863
7.30860137939
8.06087493896
6.36269760132
9.75608062744
6.9437084198
7.72879695892
11.303809166
10.517165184
9.77010345459
12.5874557495
14.6082754135
15.3249387741
14.6505699158
19.4164524078
20.8799762726
19.4351978302
20.2016181946
23.6894397736
25.199098587
24.1953105927
26.697063446
29.2018470764
29.502412796
30.0643215179
27.2773513794
26.3404140472
25.588394165
17.8275432587
16.3248558044
20.1572151184
17.0395832062
13.2721252441
14.1594324112
17.9057502747
12.7291278839
9.89376354218
14.5609922409
15.6757040024
11.1558122635
11.6559286118
17.6602058411
15.496512413
11.8269891739
15.9138727188
14.0539941788
15.9152240753
19.7655735016
20.0614776611
17.4919109344
20.2113857269
25.0369377136
25.8556137085
25.5695552826
32.3664093018
33.6445808411
33.5955505371
30.2448768616
28.5738658905
28.8235435486
30.6415672302
27.2897033691
32.3880729675
32.1667861938
27.8108139038
25.2553672791
28.7345581055
24.7644844055
25.5093803406
20.6673126221
21.0897159576
17.184879303
24.2321300507
23.0808143616
17.7839622498
19.9824466705
24.2225990295
23.9488258362
18.9238853455
23.8502101898
25.9089775085
24.2509975433
23.9135131836
19.2354507446
21.0266284943
19.034992218
15.1546554565
18.2514533997
19.3773880005
13.9059829712
11.9180459976
16.3312702179
16.9860172272
12.5213708878
14.1801586151
19.544916153
16.620016098
13.2038125992
16.7930774689
20.3311004639
19.3186855316
17.1817455292
22.3030414581
23.9972286224
23.6894493103
26.0233974457
23.1223373413
25.832036972
24.0675106049
21.9682826996
21.9284095764
18.6580505371
17.990234375
15.7837753296
14.3305130005
12.5302667618
11.9666910172
10.718952179
9.66018104553
6.06741046906
6.31496191025
7.49348402023
6.53319692612
6.48352766037
6.78210449219
5.30438423157
6.61628341675
9.42296600342
10.4001111984
10.9574308395
9.44421672821
14.0476369858
