42.9917449951
77.9333267212
51.6736755371
75.13722229
62.7355117798
22.2906093597
24.9921360016
21.8652458191
25.9763698578
24.7390861511
28.438419342
26.0345878601
25.582818985
48.5478935242
79.4271316528
67.6142730713
67.0566864014
70.8615341187
59.9622802734
62.5989265442
53.6338920593
76.5831756592
48.9952583313
45.3649215698
46.9891395569
70.50340271
42.9917449951
77.9333267212
51.6736755371
75.13722229
62.7355117798
22.2906093597
24.9921360016
21.8652458191
25.9763698578
24.7390861511
28.438419342
26.0345878601
25.582818985
48.5478935242
79.4271316528
67.6142730713
67.0566864014
70.8615341187
59.9622802734
62.5989265442
53.6338920593
76.5831756592
48.9952583313
45.3649215698
46.9891395569
70.50340271
50.0196075439
81.4521865845
57.2257804871
77.878326416
63.8635826111
37.3496284485
35.4747962952
34.4189567566
35.0530662537
29.5251960754
34.6312675476
28.3363666534
30.7640132904
54.806552887
80.5548019409
69.4389724731
72.0732040405
71.517036438
62.1921043396
60.2839927673
58.2280921936
80.2245101929
56.3284912109
51.7486915588
56.9454841614
73.7155303955
50.0196075439
81.4521865845
57.2257804871
77.878326416
63.8635826111
37.3496284485
35.4747962952
34.4189567566
35.0530662537
29.5251960754
34.6312675476
28.3363666534
30.7640132904
54.806552887
80.5548019409
69.4389724731
72.0732040405
71.517036438
62.1921043396
60.2839927673
58.2280921936
80.2245101929
56.3284912109
51.7486915588
56.9454841614
73.7155303955
32.7832794189
18.2645740509
18.8818073273
8.9686756134
20.8005409241
67.5187606812
71.790512085
74.2216033936
73.621421814
79.6207962036
78.7686920166
82.6388778687
76.8725128174
22.9790668488
31.0717411041
13.5624103546
25.6261787415
16.5161781311
16.7429103851
35.5970077515
17.0102291107
29.1435756683
24.0781707764
27.2934455872
35.8832435608
9.01746082306
32.7832794189
18.2645740509
18.8818073273
8.9686756134
20.8005409241
67.5187606812
71.790512085
74.2216033936
73.621421814
79.6207962036
78.7686920166
82.6388778687
76.8725128174
22.9790668488
31.0717411041
13.5624103546
25.6261787415
16.5161781311
16.7429103851
35.5970077515
17.0102291107
29.1435756683
24.0781707764
27.2934455872
35.8832435608
9.01746082306
16.4559402466
35.9605560303
5.70133495331
31.274263382
26.2267532349
49.6251373291
53.7535209656
53.9401626587
56.8009490967
58.3949508667
60.2439575195
60.8762702942
58.1438140869
44.2312583923
27.1834220886
31.2768764496
30.9823303223
20.8208408356
34.7785720825
7.3470993042
40.5710601807
7.32226514816
5.33644533157
22.1786975861
26.6161289215
16.4559402466
35.9605560303
5.70133495331
31.274263382
26.2267532349
49.6251373291
53.7535209656
53.9401626587
56.8009490967
58.3949508667
60.2439575195
60.8762702942
58.1438140869
44.2312583923
27.1834220886
31.2768764496
30.9823303223
20.8208408356
34.7785720825
7.3470993042
40.5710601807
7.32226514816
5.33644533157
22.1786975861
26.6161289215
35.8050918579
27.3898124695
27.327507019
20.1189956665
11.7603006363
72.2845001221
74.3380889893
78.0542297363
75.9579162598
80.8452224731
79.9190063477
83.9214935303
76.6511611938
30.9823303223
23.6318149567
9.48211193085
31.165096283
13.5332708359
24.3949508667
24.8835945129
30.7500553131
33.4233779907
33.5707893372
43.279296875
23.8661994934
35.8050918579
27.3898124695
27.327507019
20.1189956665
11.7603006363
72.2845001221
74.3380889893
78.0542297363
75.9579162598
80.8452224731
79.9190063477
83.9214935303
76.6511611938
30.9823303223
23.6318149567
9.48211193085
31.165096283
13.5332708359
24.3949508667
24.8835945129
30.7500553131
33.4233779907
33.5707893372
43.279296875
23.8661994934
14.4812307358
33.3894538879
6.42721939087
31.287065506
27.8880214691
50.4791984558
55.0471992493
54.3466072083
57.8259811401
59.9468002319
61.6521606445
62.389415741
59.3640213013
7.32226514816
42.8487892151
27.6567554474
26.4150180817
33.4233779907
22.1376037598
39.8783950806
12.6754980087
36.8101615906
11.3955307007
15.7006149292
25.4310340881
14.4812307358
33.3894538879
6.42721939087
31.287065506
27.8880214691
50.4791984558
55.0471992493
54.3466072083
57.8259811401
59.9468002319
61.6521606445
62.389415741
59.3640213013
7.32226514816
42.8487892151
27.6567554474
26.4150180817
33.4233779907
22.1376037598
39.8783950806
12.6754980087
36.8101615906
11.3955307007
15.7006149292
25.4310340881
14.3249921799
38.9133911133
20.6904430389
41.4262161255
35.1316184998
50.2130966187
54.8743515015
52.8949699402
57.0077209473
58.8365249634
60.8675994873
61.0090904236
57.7826652527
22.1786975861
44.8874473572
35.5541419983
24.8601856232
43.279296875
30.4198856354
49.264175415
27.7045536041
36.2069702148
15.7006149292
24.3181171417
35.0527496338
14.3249921799
38.9133911133
20.6904430389
41.4262161255
35.1316184998
50.2130966187
54.8743515015
52.8949699402
57.0077209473
58.8365249634
60.8675994873
61.0090904236
57.7826652527
22.1786975861
44.8874473572
35.5541419983
24.8601856232
43.279296875
30.4198856354
49.264175415
27.7045536041
36.2069702148
15.7006149292
24.3181171417
35.0527496338
35.6010246277
11.7170629501
22.0545063019
7.59013462067
27.2370624542
70.2340164185
74.9854736328
76.9361877441
76.8722763062
83.8075180054
83.088722229
86.7749023438
81.1375350952
26.6161289215
32.3132743835
18.6012306213
22.2828655243
23.8661994934
22.8335723877
44.1766853333
22.3675956726
26.0549716949
25.4310340881
31.6543827057
35.0527496338
35.6010246277
11.7170629501
22.0545063019
7.59013462067
27.2370624542
70.2340164185
74.9854736328
76.9361877441
76.8722763062
83.8075180054
83.088722229
86.7749023438
81.1375350952
26.6161289215
32.3132743835
18.6012306213
22.2828655243
23.8661994934
22.8335723877
44.1766853333
22.3675956726
26.0549716949
25.4310340881
31.6543827057
35.0527496338
44.0164108276
80.7811889648
57.0779571533
79.3710327148
57.6950950623
42.3796005249
41.9014549255
40.2313690186
40.963722229
36.9858207703
41.0965995789
35.9249839783
35.2966842651
55.4039497375
72.1492156982
65.8432006836
66.9420928955
68.19581604
57.8746910095
55.2975349426
59.4938850403
73.8005142212
55.8818817139
52.3298950195
51.6487503052
76.1342849731
44.0164108276
80.7811889648
57.0779571533
79.3710327148
57.6950950623
42.3796005249
41.9014549255
40.2313690186
40.963722229
36.9858207703
41.0965995789
35.9249839783
35.2966842651
55.4039497375
72.1492156982
65.8432006836
66.9420928955
68.19581604
57.8746910095
55.2975349426
59.4938850403
73.8005142212
55.8818817139
52.3298950195
51.6487503052
76.1342849731
34.0172996521
70.8050460815
44.9263000488
69.1067886353
52.8786430359
28.6619873047
31.6705741882
29.8634281158
33.7074737549
32.3115463257
36.2478179932
33.7884101868
32.4532165527
42.2524795532
68.9352035522
59.0595932007
58.3907432556
62.3042984009
51.0904006958
53.2117233276
47.6338729858
67.303314209
42.2477684021
39.14270401
38.8512878418
64.7156143188
34.0172996521
70.8050460815
44.9263000488
69.1067886353
52.8786430359
28.6619873047
31.6705741882
29.8634281158
33.7074737549
32.3115463257
36.2478179932
33.7884101868
32.4532165527
42.2524795532
68.9352035522
59.0595932007
58.3907432556
62.3042984009
51.0904006958
53.2117233276
47.6338729858
67.303314209
42.2477684021
39.14270401
38.8512878418
64.7156143188
20.7728824615
57.6515846252
29.2117290497
53.4001541138
35.816116333
37.7796554565
39.422088623
40.2210884094
42.7010192871
40.4899635315
45.2159156799
42.9047546387
41.4309501648
26.0659160614
55.7451477051
42.810333252
47.9763183594
44.4195213318
33.9709434509
32.8302268982
29.8607616425
56.2941055298
29.0591850281
21.9107837677
32.6128845215
50.135761261
20.7728824615
57.6515846252
29.2117290497
53.4001541138
35.816116333
37.7796554565
39.422088623
40.2210884094
42.7010192871
40.4899635315
45.2159156799
42.9047546387
41.4309501648
26.0659160614
55.7451477051
42.810333252
47.9763183594
44.4195213318
33.9709434509
32.8302268982
29.8607616425
56.2941055298
29.0591850281
21.9107837677
32.6128845215
50.135761261
22.2123279572
58.8855895996
36.43384552
58.6200141907
39.4562950134
42.2480964661
44.0100288391
43.3878822327
45.5339431763
43.8699989319
48.0665969849
45.3556404114
42.9435653687
35.6332626343
52.3138923645
45.9532546997
44.5040054321
50.2296333313
38.3332176208
43.2789993286
40.1081008911
51.8410110474
34.9604606628
33.5404319763
30.2508640289
54.8393135071
22.2123279572
58.8855895996
36.43384552
58.6200141907
39.4562950134
42.2480964661
44.0100288391
43.3878822327
45.5339431763
43.8699989319
48.0665969849
45.3556404114
42.9435653687
35.6332626343
52.3138923645
45.9532546997
44.5040054321
50.2296333313
38.3332176208
43.2789993286
40.1081008911
51.8410110474
34.9604606628
33.5404319763
30.2508640289
54.8393135071
56.9398841858
91.7208099365
63.5668869019
84.9980163574
65.1828994751
47.2284202576
44.2855873108
45.7860488892
46.3874893188
39.5864143372
45.6047935486
40.2347068787
42.9972267151
59.5933036804
85.9872512817
73.8835830688
83.7608566284
71.9011154175
65.4184341431
50.1689834595
61.6488304138
90.6338882446
64.4609222412
54.5039672852
69.2115020752
83.3631134033
56.9398841858
91.7208099365
63.5668869019
84.9980163574
65.1828994751
47.2284202576
44.2855873108
45.7860488892
46.3874893188
39.5864143372
45.6047935486
40.2347068787
42.9972267151
59.5933036804
85.9872512817
73.8835830688
83.7608566284
71.9011154175
65.4184341431
50.1689834595
61.6488304138
90.6338882446
64.4609222412
54.5039672852
69.2115020752
83.3631134033
50.1360397339
84.6921539307
56.3895797729
78.0146636963
58.6746063232
43.6704330444
41.3128356934
43.1169586182
44.0672531128
38.1275367737
44.1259231567
39.3593025208
41.2835388184
52.3920936584
79.7663879395
67.1610107422
76.9080963135
65.4231414795
58.6418876648
44.4986724854
54.4826889038
83.9552536011
57.3097724915
47.307723999
62.4714698792
76.2473297119
50.1360397339
84.6921539307
56.3895797729
78.0146636963
58.6746063232
43.6704330444
41.3128356934
43.1169586182
44.0672531128
38.1275367737
44.1259231567
39.3593025208
41.2835388184
52.3920936584
79.7663879395
67.1610107422
76.9080963135
65.4231414795
58.6418876648
44.4986724854
54.4826889038
83.9552536011
57.3097724915
47.307723999
62.4714698792
76.2473297119
33.4482307434
69.6942596436
47.0522079468
67.964553833
43.8294372559
48.1847953796
47.8460121155
47.9970092773
48.5465087891
45.0396003723
49.8388442993
45.7357902527
43.891330719
46.1090126038
58.141204834
52.8612594604
56.0853614807
54.7780227661
44.7726516724
40.4641189575
49.1546974182
61.8144302368
47.1925888062
43.2432975769
44.5292167664
65.5414810181
33.4482307434
69.6942596436
47.0522079468
67.964553833
43.8294372559
48.1847953796
47.8460121155
47.9970092773
48.5465087891
45.0396003723
49.8388442993
45.7357902527
43.891330719
46.1090126038
58.141204834
52.8612594604
56.0853614807
54.7780227661
44.7726516724
40.4641189575
49.1546974182
61.8144302368
47.1925888062
43.2432975769
44.5292167664
65.5414810181
36.4847183228
75.9441452026
50.9061393738
74.4381027222
52.2835693359
40.4757614136
40.0807113647
39.2636146545
40.3339080811
36.3638343811
41.3073692322
36.226890564
35.4251441956
49.0735321045
67.2577438354
60.6560096741
61.6335105896
63.2432365417
52.1444740295
49.3639907837
53.4380531311
68.8151168823
49.7395591736
45.6904640198
45.6678009033
71.0836486816
36.4847183228
75.9441452026
50.9061393738
74.4381027222
52.2835693359
40.4757614136
40.0807113647
39.2636146545
40.3339080811
36.3638343811
41.3073692322
36.226890564
35.4251441956
49.0735321045
67.2577438354
60.6560096741
61.6335105896
63.2432365417
52.1444740295
49.3639907837
53.4380531311
68.8151168823
49.7395591736
45.6904640198
45.6678009033
71.0836486816
17.7260017395
58.1850242615
32.6461029053
57.8533782959
41.5215950012
36.6979904175
39.6958656311
38.3153457642
41.7125473022
40.4452133179
44.4890136719
42.1169891357
40.1479225159
31.0543556213
56.239730835
47.1479454041
43.7629890442
52.0743560791
38.9746246338
46.35546875
37.0150756836
53.2141227722
29.6037368774
28.8238620758
23.5799217224
52.9874839783
17.7260017395
58.1850242615
32.6461029053
57.8533782959
41.5215950012
36.6979904175
39.6958656311
38.3153457642
41.7125473022
40.4452133179
44.4890136719
42.1169891357
40.1479225159
31.0543556213
56.239730835
47.1479454041
43.7629890442
52.0743560791
38.9746246338
46.35546875
37.0150756836
53.2141227722
29.6037368774
28.8238620758
23.5799217224
52.9874839783
24.5956287384
65.643989563
38.0504417419
64.0449142456
46.8384819031
30.7549705505
32.90417099
31.9158325195
35.2127418518
33.0981826782
37.7963142395
34.5658836365
33.3594894409
35.3425979614
63.4335098267
53.3062171936
52.2341461182
57.0626945496
44.6256599426
47.6641044617
41.1850090027
61.5609283447
35.4048843384
31.9013690948
31.8048229218
59.4764518738
24.5956287384
65.643989563
38.0504417419
64.0449142456
46.8384819031
30.7549705505
32.90417099
31.9158325195
35.2127418518
33.0981826782
37.7963142395
34.5658836365
33.3594894409
35.3425979614
63.4335098267
53.3062171936
52.2341461182
57.0626945496
44.6256599426
47.6641044617
41.1850090027
61.5609283447
35.4048843384
31.9013690948
31.8048229218
59.4764518738
45.8779563904
81.6852493286
51.8097381592
75.3834762573
58.6625099182
34.4067649841
32.7232284546
34.405166626
36.6999397278
31.1993923187
37.4399147034
33.1910209656
35.4231681824
47.1501655579
80.1326522827
66.1449356079
73.7174606323
65.5468292236
57.4073143005
47.7272033691
50.3719215393
82.0342788696
51.6722984314
41.8533287048
56.6098136902
72.6443099976
45.8779563904
81.6852493286
51.8097381592
75.3834762573
58.6625099182
34.4067649841
32.7232284546
34.405166626
36.6999397278
31.1993923187
37.4399147034
33.1910209656
35.4231681824
47.1501655579
80.1326522827
66.1449356079
73.7174606323
65.5468292236
57.4073143005
47.7272033691
50.3719215393
82.0342788696
51.6722984314
41.8533287048
56.6098136902
72.6443099976
28.0330276489
60.5670623779
32.1583747864
54.2374916077
36.6760101318
41.6056938171
42.3104934692
44.1019592285
45.9039878845
43.1785697937
47.9387207031
45.7677726746
44.6728515625
28.4304580688
58.4836273193
44.1308326721
53.5398330688
43.590133667
35.4789428711
28.0491809845
30.3645191193
60.9921836853
33.6329498291
23.6138305664
40.9510536194
52.0411834717
28.0330276489
60.5670623779
32.1583747864
54.2374916077
36.6760101318
41.6056938171
42.3104934692
44.1019592285
45.9039878845
43.1785697937
47.9387207031
45.7677726746
44.6728515625
28.4304580688
58.4836273193
44.1308326721
53.5398330688
43.590133667
35.4789428711
28.0491809845
30.3645191193
60.9921836853
33.6329498291
23.6138305664
40.9510536194
52.0411834717
28.0330276489
60.5670623779
32.1583747864
54.2374916077
36.6760101318
41.6056938171
42.3104934692
44.1019592285
45.9039878845
43.1785697937
47.9387207031
45.7677726746
44.6728515625
28.4304580688
58.4836273193
44.1308326721
53.5398330688
43.590133667
35.4789428711
28.0491809845
30.3645191193
60.9921836853
33.6329498291
23.6138305664
40.9510536194
52.0411834717
28.0330276489
60.5670623779
32.1583747864
54.2374916077
36.6760101318
41.6056938171
42.3104934692
44.1019592285
45.9039878845
43.1785697937
47.9387207031
45.7677726746
44.6728515625
28.4304580688
58.4836273193
44.1308326721
53.5398330688
43.590133667
35.4789428711
28.0491809845
30.3645191193
60.9921836853
33.6329498291
23.6138305664
40.9510536194
52.0411834717
24.693157196
57.8660507202
37.4743919373
56.5117416382
32.2337226868
51.4198684692
52.0850715637
52.6137084961
53.321105957
51.019821167
55.3814582825
52.8608551025
49.6265869141
37.6096305847
46.1087036133
41.0412254333
44.6037559509
43.5274200439
33.2952194214
32.7539520264
39.8897323608
49.8602218628
38.3178634644
35.7484130859
36.4141159058
54.3231697083
24.693157196
57.8660507202
37.4743919373
56.5117416382
32.2337226868
51.4198684692
52.0850715637
52.6137084961
53.321105957
51.019821167
55.3814582825
52.8608551025
49.6265869141
37.6096305847
46.1087036133
41.0412254333
44.6037559509
43.5274200439
33.2952194214
32.7539520264
39.8897323608
49.8602218628
38.3178634644
35.7484130859
36.4141159058
54.3231697083
45.4309959412
82.2440185547
55.0157089233
77.2603302002
55.2083206177
42.9944496155
40.6685256958
41.8606681824
42.3043174744
36.5609550476
42.5303077698
37.0001907349
38.0446281433
51.8905487061
74.3839797974
64.3660125732
72.014541626
63.7755737305
55.6669578552
43.5112762451
54.5680389404
78.6951141357
55.5665969849
47.2617988586
57.742477417
75.2219238281
45.4309959412
82.2440185547
55.0157089233
77.2603302002
55.2083206177
42.9944496155
40.6685256958
41.8606681824
42.3043174744
36.5609550476
42.5303077698
37.0001907349
38.0446281433
51.8905487061
74.3839797974
64.3660125732
72.014541626
63.7755737305
55.6669578552
43.5112762451
54.5680389404
78.6951141357
55.5665969849
47.2617988586
57.742477417
75.2219238281
47.4722366333
83.5422973633
54.8931350708
77.4969711304
57.8284835815
40.1709747314
37.7839546204
39.3767623901
40.44789505
34.4603652954
40.6724700928
35.5422782898
37.4610786438
50.9442558289
78.5683059692
66.3398284912
74.8167724609
65.2837524414
57.6084671021
45.1483917236
53.5965690613
82.1624298096
55.3790969849
45.8707313538
59.4629211426
75.3482208252
47.4722366333
83.5422973633
54.8931350708
77.4969711304
57.8284835815
40.1709747314
37.7839546204
39.3767623901
40.44789505
34.4603652954
40.6724700928
35.5422782898
37.4610786438
50.9442558289
78.5683059692
66.3398284912
74.8167724609
65.2837524414
57.6084671021
45.1483917236
53.5965690613
82.1624298096
55.3790969849
45.8707313538
59.4629211426
75.3482208252
44.3016891479
79.7916717529
50.8364524841
73.5070648193
54.8339004517
38.6506996155
36.8213615417
38.6238327026
40.1069450378
34.7322311401
40.8150024414
36.3458747864
37.8633956909
46.6947631836
76.0385284424
62.9954414368
71.6223449707
61.9716720581
54.2788162231
42.6149291992
49.3224487305
79.1929626465
51.3518257141
41.5497779846
56.2359886169
71.2740402222
44.3016891479
79.7916717529
50.8364524841
73.5070648193
54.8339004517
38.6506996155
36.8213615417
38.6238327026
40.1069450378
34.7322311401
40.8150024414
36.3458747864
37.8633956909
46.6947631836
76.0385284424
62.9954414368
71.6223449707
61.9716720581
54.2788162231
42.6149291992
49.3224487305
79.1929626465
51.3518257141
41.5497779846
56.2359886169
71.2740402222
