25.2873859406
24.2267951965
22.0314807892
19.6632919312
18.6963253021
19.1852092743
13.6951370239
14.0479211807
17.6623077393
12.0716209412
9.08652305603
9.662150383
12.0810880661
12.9959936142
12.5911436081
15.2417144775
17.6146755219
18.604013443
19.9831886292
17.37865448
16.5722732544
15.0690565109
11.084862709
10.3353347778
12.11444664
9.36283302307
11.8356361389
14.4377098083
15.480178833
18.0267467499
20.7400836945
17.819355011
16.5305862427
13.4160051346
12.8472557068
11.2701940536
9.19870376587
13.3325462341
11.3093204498
15.2981023788
14.4900245667
18.0143070221
20.8558063507
20.9348564148
24.1488494873
20.5333824158
21.1768856049
24.8677902222
22.741563797
17.525018692
21.5321331024
24.7460250854
19.6937084198
20.4331226349
23.7245635986
24.1314239502
20.6717128754
23.107755661
27.0443611145
25.0584220886
26.7035102844
27.612909317
26.6320590973
26.3213195801
24.1680488586
19.8550186157
20.4713668823
18.6598949432
17.0164852142
16.2138214111
16.6697750092
14.8618793488
18.5740299225
21.1707191467
18.3993148804
17.0636711121
13.2395420074
16.1097736359
10.9577932358
14.2494068146
13.0153570175
14.4642534256
17.1945533752
14.0512151718
17.7232570648
17.3623104095
20.1337776184
18.1517410278
19.795923233
23.7864246368
24.0395088196
21.7256851196
23.5685462952
26.5657329559
25.9820652008
23.7116775513
27.1475849152
29.813337326
31.8772792816
34.4468231201
30.1259880066
29.7917404175
33.8369522095
35.6516227722
35.6208763123
31.4544200897
32.0539779663
35.2371635437
31.3440265656
28.4539432526
31.6143913269
33.2617797852
28.78424263
28.8996620178
32.8302116394
31.6228733063
29.1427135468
30.7824478149
34.8648452759
30.4317512512
30.0327320099
35.6907691956
35.5849189758
32.0367126465
34.9066009521
29.2667255402
31.5524463654
26.8311309814
30.2873001099
26.2443161011
28.050491333
26.0151062012
24.6392936707
23.7486724854
22.0647602081
22.4782028198
19.5395526886
21.1524028778
21.2135238647
21.9724006653
26.0030593872
26.9288730621
23.910741806
24.6592025757
22.1885814667
23.9546546936
21.2910118103
21.3194656372
17.7462215424
20.6580028534
21.2103443146
24.4198970795
23.2556324005
19.5749588013
22.504650116
24.0695133209
27.336774826
29.7810096741
27.59724617
26.7141342163
32.0761795044
34.7221717834
38.0614051819
39.5454788208
37.2012786865
34.8873672485
30.0123004913
32.9282226562
29.8161659241
33.7190322876
33.2430000305
30.230260849
34.2441482544
37.1569671631
40.3365402222
40.3130226135
37.163230896
37.8899765015
41.4081802368
42.7416267395
36.5677223206
38.7656402588
34.3182373047
36.3152046204
35.8260650635
39.005027771
35.2482910156
32.3992233276
36.0473976135
37.2281112671
32.2606086731
32.9460830688
34.6847190857
32.947517395
29.8326892853
33.7298278809
34.6798706055
29.541097641
30.6255493164
34.0030937195
32.9458084106
30.9732837677
28.6069259644
32.0800514221
31.3533802032
32.8218002319
36.966255188
37.0495147705
37.7881088257
39.0435638428
38.7867584229
35.5307273865
40.0027084351
42.0134353638
39.121006012
42.4598197937
45.9184799194
43.9708709717
42.4152908325
47.0604553223
48.3811149597
47.5340766907
43.6500167847
42.9622840881
39.0360069275
42.574634552
42.7966575623
38.8481864929
40.6969261169
40.3635292053
40.2211685181
41.4932022095
45.5035934448
44.528717041
39.5820808411
42.2126235962
44.5886459351
39.9109306335
38.631477356
43.7250328064
42.2250938416
38.9690589905
39.3182907104
44.5860443115
45.1438026428
45.941696167
42.8183937073
45.7095527649
46.490688324
41.2200584412
41.068572998
39.8709030151
35.1896018982
39.0752105713
42.1879463196
37.893913269
36.9144668579
42.0535316467
41.3665733337
37.7569046021
40.8344116211
44.5627174377
42.6626014709
45.2573928833
50.1792945862
28.260351181
27.0413742065
24.1237106323
22.6217765808
22.5296173096
23.6802024841
18.6023216248
19.2912044525
22.944984436
17.4156284332
14.5457658768
12.9959907532
12.5529670715
10.826508522
9.56946563721
10.0654850006
13.1896982193
13.4581947327
14.6514148712
12.7826929092
11.8280849457
12.1070137024
9.467212677
9.40951251984
13.0445671082
13.3535823822
16.6613960266
18.939201355
20.8319759369
22.2150211334
24.07929039
21.2831878662
19.1882362366
16.2051448822
15.6114330292
12.4482154846
11.6102705002
12.9263830185
11.9965076447
15.6337890625
15.4384469986
18.8223628998
21.4953536987
20.1002979279
23.6994552612
19.0435771942
21.5278148651
24.7300510406
21.2692623138
17.799697876
22.3438262939
24.2984638214
18.9668922424
21.0788593292
24.1493587494
23.6905632019
20.6562690735
24.24609375
27.2852191925
24.6329269409
26.7824077606
26.639509201
25.749786377
24.8012275696
22.9163589478
19.0016918182
20.9419956207
19.9010639191
19.2417259216
19.0572471619
19.8082180023
18.8589076996
21.4567241669
25.0319004059
22.4363994598
20.2762317657
16.8726711273
18.3678283691
15.1306915283
15.6382217407
15.9807605743
15.4241313934
17.4828300476
13.9501638412
16.4599781036
16.0166606903
17.9948501587
15.0876722336
15.9087753296
20.4503135681
20.0483131409
17.6249656677
20.6022815704
23.2330741882
22.1822605133
20.2605476379
24.204240799
27.2747039795
28.9061088562
32.0409851074
27.9509449005
27.1764640808
31.3290290833
32.9165344238
33.2056350708
29.0442638397
29.213842392
32.61302948
29.2883853912
25.8790035248
28.9455394745
30.9863986969
26.7532520294
26.3342342377
30.4728050232
29.7621421814
27.2319583893
28.4400291443
32.9912147522
29.2466621399
28.2460021973
33.6719169617
34.1888961792
31.0318527222
33.2403335571
27.5903224945
29.1309967041
24.0603179932
27.2570819855
22.5511379242
24.7262973785
22.3184909821
20.9055805206
19.5050945282
18.531703949
19.3502388
17.0396385193
18.8106079102
19.6415748596
21.0849399567
24.8065605164
24.9930057526
22.4267539978
22.5124549866
20.6385002136
21.6974124908
18.8195209503
18.5331172943
14.3061256409
16.8711242676
16.6677284241
20.0049304962
19.2583007812
14.4237031937
17.2411746979
18.4915161133
22.0836162567
24.8460102081
22.7690162659
22.0405139923
27.3588256836
30.1593437195
33.7472915649
35.3706130981
33.0463027954
30.7553730011
25.6444034576
28.7523460388
25.5209083557
29.3104305267
28.8748073578
26.1182918549
30.2679443359
33.396697998
36.4866981506
36.7550201416
33.4985694885
33.8555831909
37.5603523254
39.1798210144
33.051322937
35.5846405029
31.1034584045
33.4534797668
33.2772598267
36.0806159973
31.997013092
29.3881950378
32.9476356506
33.5585250854
28.735502243
29.8386726379
31.1985836029
29.1832180023
26.3911495209
30.4334926605
30.9207801819
25.7847824097
27.3597145081
30.6366195679
29.3723430634
27.7235126495
24.8463783264
28.2390708923
27.1626358032
28.6423873901
32.7662620544
32.8587837219
33.3587875366
34.6010627747
34.1397590637
30.8691215515
35.3834457397
37.4760704041
34.7493057251
38.2720985413
41.5384521484
39.6624794006
38.3084602356
42.9395599365
44.1533889771
43.5581169128
39.5102005005
39.0384635925
35.0946884155
38.7053565979
39.2533836365
35.2998390198
37.2095069885
37.1359596252
36.9444198608
38.3924980164
42.2219390869
41.5596122742
36.4614028931
38.7015419006
41.3641815186
36.8017959595
35.1905899048
40.1203117371
38.9281158447
35.6309280396
35.642375946
41.1009292603
41.3863716125
42.5883140564
39.6092338562
42.6843414307
43.294670105
37.9840698242
38.1753044128
37.3424568176
32.65417099
36.8864974976
39.7060890198
35.2374229431
34.7751808167
39.840221405
38.8109779358
35.1955604553
38.7522926331
42.195224762
40.043712616
42.8176231384
47.7910919189
26.8851661682
25.3724536896
22.1188983917
21.2478904724
20.6772041321
21.8867530823
18.0736846924
17.9480895996
20.7229614258
15.6702041626
13.1501579285
12.5911445618
11.5657711029
11.2145824432
9.56946468353
8.49042415619
12.9405555725
13.8771944046
14.6129188538
11.118314743
12.043056488
13.1122426987
8.03672504425
9.52499198914
10.4108228683
11.5528469086
14.1120300293
16.4905796051
18.3964576721
19.5736598969
21.1232948303
18.2632579803
15.9720544815
13.0109176636
12.7569122314
9.31544589996
9.94490146637
12.0185031891
12.4932928085
16.7154388428
17.304265976
20.8841762543
23.3129806519
22.0714874268
25.2865581512
20.3164958954
22.186756134
25.021024704
21.3942108154
17.5922107697
21.9784851074
23.6820831299
17.7198371887
19.7059822083
22.7535552979
21.9912071228
18.4856910706
22.3937168121
25.2791213989
22.1507339478
24.0686588287
23.5966300964
22.4868488312
21.4654712677
19.8592567444
15.8470106125
17.9068565369
17.4068870544
16.457572937
16.9532756805
18.3515834808
18.0604629517
20.9741439819
24.5425720215
22.673242569
21.2002983093
17.640712738
18.7600212097
14.6103477478
14.1293992996
13.7258243561
12.3632802963
13.8987483978
9.91618156433
12.3682985306
11.965341568
14.1739339828
11.192782402
12.7401800156
17.2185287476
17.568901062
15.1141576767
17.224105835
20.2995891571
20.096075058
17.7570476532
21.2752227783
24.3122024536
26.1988735199
29.0754909515
24.7006950378
23.9127445221
28.1042098999
29.8000354767
29.9149913788
25.6436882019
26.0493888855
29.4216957092
25.8349208832
22.4566783905
25.7818870544
27.7515888214
23.3362102509
23.2300624847
27.4980583191
26.7109889984
24.2826519012
25.7926177979
30.2439365387
26.5909328461
25.8113002777
31.3349647522
31.7237987518
28.8306694031
31.3856334686
25.6623954773
27.4835662842
22.0561828613
26.0533561707
21.0041370392
22.474697113
19.982301712
18.2262973785
17.5661334991
16.1005268097
16.1524372101
13.3291492462
14.9266242981
15.6723480225
17.2508392334
21.1056079865
21.3330173492
18.6652851105
18.9094142914
17.0941410065
18.6480731964
16.0181903839
16.6239109039
12.1326875687
16.1568088531
15.7870855331
20.0057964325
19.8980827332
14.9977216721
17.1220760345
19.4091758728
22.633764267
24.833782196
22.2846412659
21.692199707
27.6087703705
30.5635299683
33.7132453918
35.639415741
33.6005020142
31.0117874146
25.9409599304
28.3923740387
24.666601181
28.6877059937
27.8351745605
24.5595302582
29.1521129608
32.1539840698
35.4144210815
35.6597862244
32.6285934448
33.25963974
37.1291542053
38.6518592834
32.7261657715
34.8273544312
30.0798149109
31.9097976685
31.3397521973
34.1854133606
30.3606472015
27.4102401733
30.793510437
31.8525028229
26.6950416565
27.2686367035
28.8989562988
27.1142578125
23.7930488586
27.776304245
28.7916164398
23.4218139648
24.4821891785
27.9858894348
27.0156593323
25.0074424744
22.5970859528
26.3726177216
25.7321987152
27.1408424377
31.4802284241
31.636516571
32.6844711304
33.8653411865
33.9377632141
30.6151199341
35.3458213806
37.0937042236
34.0017127991
37.6390457153
41.0565567017
38.7997512817
37.1804656982
42.1245346069
43.2275924683
42.1697235107
38.2187423706
37.4715881348
33.3402404785
36.8777084351
36.9654655457
32.9763526917
34.9367637634
34.5058555603
34.3190765381
35.6245307922
39.6870002747
38.8044204712
33.7303352356
36.4031639099
38.8863449097
34.2368469238
32.8359527588
38.0747680664
36.7244682312
33.4716644287
33.7150497437
39.2736320496
40.1310844421
41.0419769287
37.9973831177
40.927520752
41.4154167175
36.1114273071
35.8668899536
34.9333190918
30.1382312775
34.2274246216
37.155872345
32.5363006592
31.7861766815
37.0094413757
35.9413909912
32.1877632141
35.7006874084
39.226852417
37.0570716858
39.7499694824
44.7679367065
32.3060913086
31.2056808472
28.2136917114
26.9995555878
26.4921379089
27.2112426758
23.6174087524
23.152261734
26.386384964
21.7287063599
18.6963539124
17.6146774292
16.4853076935
14.9569168091
13.1897001266
12.9405527115
11.0561189651
14.1118106842
14.5617113113
14.05717659
14.5589408875
17.0885906219
14.3162050247
14.8264188766
16.5684165955
17.7578449249
19.7877845764
22.7703800201
23.7875995636
24.9448337555
26.7001476288
23.4206485748
22.048915863
19.1807289124
19.2067623138
16.8464317322
16.9651794434
17.9486579895
17.8995189667
21.3157196045
21.3647232056
24.4888286591
27.0073833466
25.3154029846
28.7996616364
23.9348258972
26.7867965698
29.6212329865
25.657579422
22.9578418732
27.3904304504
28.7664604187
23.3020648956
25.730266571
28.6069717407
27.6778030396
24.7099571228
28.6398353577
31.2235546112
28.0860481262
30.0608997345
29.1250152588
28.0099945068
26.6894035339
25.5432033539
22.1193218231
24.4318809509
24.1130771637
23.3353443146
23.7748775482
24.8678741455
24.2597789764
26.8404636383
30.2746829987
27.9656963348
26.0186862946
22.75390625
24.0644226074
20.7702312469
20.6699924469
20.7602024078
19.5103759766
20.6676368713
16.7853412628
18.5227031708
17.2942752838
18.3251361847
15.9226322174
16.0889587402
20.4949359894
19.4064407349
16.6449546814
20.1182899475
22.3740787506
20.7809734344
18.8627719879
22.9093379974
25.7964439392
27.326757431
30.3938808441
26.7919902802
26.2389698029
30.3080234528
32.008846283
32.5774269104
28.5981235504
28.6602516174
32.4382896423
29.6404495239
26.0262641907
29.3579368591
31.6486797333
27.7537574768
27.3766975403
31.6494369507
31.385509491
29.160150528
30.2228736877
34.8388290405
31.8961410522
30.7567100525
35.8226547241
36.6660614014
34.120136261
36.0965538025
30.59034729
31.6743049622
26.2790546417
29.5759277344
24.1163272858
25.950717926
23.0268669128
21.1492538452
19.9827156067
19.9951572418
20.4084129333
18.6553459167
19.5855960846
20.6262264252
21.8758678436
25.1459579468
25.0377101898
23.6327781677
23.5916042328
22.6405677795
23.6770915985
21.1577777863
21.2696113586
16.8619327545
19.5509147644
18.2401714325
21.9405117035
22.1298236847
16.5106620789
17.7345657349
18.6093215942
21.958574295
24.3648853302
22.8006725311
22.9372463226
28.0951061249
31.1889572144
34.7739334106
36.8007316589
34.7606620789
32.4422302246
27.3074073792
30.0488166809
26.3635158539
29.7760429382
28.6444072723
26.3683490753
31.1617717743
34.4202041626
37.3920059204
38.1254348755
35.0080108643
34.9524688721
38.9894485474
40.9167366028
35.1453590393
37.7318305969
33.178653717
35.4692840576
35.3008308411
37.6173286438
33.5065078735
31.0166835785
34.0877685547
34.2012367249
29.5348777771
30.5621204376
31.4447746277
29.2357463837
26.6338310242
30.4198265076
30.2101669312
25.351682663
26.9535713196
29.7667675018
28.2335224152
26.4796085358
23.7272758484
26.9094219208
26.1281814575
27.9820041656
32.268321991
31.7026329041
32.2398490906
33.8276901245
33.5424003601
30.7090454102
35.4560585022
37.136089325
34.7338752747
38.8379364014
41.649181366
39.4321022034
38.4580917358
43.3444595337
44.0316009521
43.5050010681
39.0282325745
38.907043457
34.5190925598
37.6981773376
38.2555007935
34.2540359497
35.7389450073
35.9034538269
36.0303077698
37.6588249207
41.5654182434
41.2901649475
36.1784362793
38.1998138428
41.2591247559
37.044921875
35.0946884155
39.9990348816
39.3671875
36.2126655579
35.7788734436
41.6678733826
42.1237640381
43.6896286011
40.9345588684
44.0347251892
44.2451171875
39.0293426514
39.1954956055
38.7490310669
34.1323051453
38.3573493958
40.8756904602
36.1467971802
35.8594856262
40.8470573425
39.3257675171
35.6010360718
39.4724311829
42.5407180786
39.9868240356
42.5727005005
47.5271492004
34.1700515747
33.3338165283
29.3073444366
28.5103740692
29.1442050934
30.3835430145
25.6054115295
27.2271366119
30.7009544373
24.5288467407
22.3102550507
19.9831943512
20.5592308044
17.5426368713
14.6514120102
14.6129217148
10.0505599976
14.5617103577
13.0111522675
10.3035154343
11.6719655991
15.771686554
14.41456604
15.7828235626
19.6367988586
21.2769069672
24.7932605743
26.9035606384
29.3196163177
30.5318946838
31.5441322327
28.8726959229
26.0441951752
23.1467475891
22.4004631042
18.138677597
18.2190876007
16.5705127716
17.5736236572
20.0125007629
21.0507183075
23.74477005
25.6002483368
22.7267189026
25.9633979797
20.492805481
24.6225280762
26.6967697144
21.6039505005
21.0789241791
25.6458892822
25.6732254028
20.6248092651
24.2973976135
26.8784980774
25.2245407104
23.2642612457
28.1625919342
29.9448108673
26.5550270081
30.0132884979
28.0374488831
27.6684265137
25.3273506165
23.8070659637
20.9477272034
24.9384670258
24.4101524353
25.1752738953
25.1024608612
25.8554573059
25.5840053558
27.1253967285
31.7154178619
29.3001651764
26.6732788086
23.8170681
23.8341331482
22.1178283691
20.3359413147
22.2063941956
20.1413803101
21.6240959167
18.7137508392
18.9125823975
18.8355102539
18.9071235657
14.9922609329
13.1982421875
17.3648223877
14.9399766922
13.5500049591
18.6480903625
19.3260345459
16.7213935852
17.2606430054
21.2997245789
24.8945960999
24.9268608093
29.3673171997
26.4624462128
24.7154769897
28.6803779602
29.5448608398
30.8125343323
27.0393066406
25.9239139557
29.7680206299
28.334897995
23.84998703
26.2751216888
29.2877368927
26.0373153687
24.1450176239
28.4677352905
29.0751552582
26.451166153
26.4300117493
31.9494686127
29.75507164
27.3774719238
32.0126342773
34.0045623779
31.5136184692
32.1462020874
26.7547225952
26.6065216064
21.2974872589
23.5361309052
17.7905006409
20.5553665161
17.5283927917
16.3811836243
13.9176712036
15.1273298264
16.9585361481
16.8664741516
18.7500896454
21.0308856964
23.5349292755
26.2583866119
24.732717514
23.5239696503
21.9879283905
21.4804515839
20.6562252045
17.7300300598
16.7488498688
12.9174795151
13.6644258499
11.4895992279
14.5608282089
15.6015939713
9.78480815887
9.89489269257
10.8169574738
13.9306993484
16.4971580505
14.8747386932
15.0702085495
19.8603630066
22.9832401276
26.6992797852
28.7827129364
26.8411140442
24.5871829987
19.4828281403
22.2790355682
18.7803173065
21.9058208466
21.2288208008
19.515203476
23.8774929047
27.3748607635
30.113866806
31.1526794434
27.8322811127
27.270401001
31.366394043
33.6122512817
27.9499607086
31.0134296417
26.6664485931
29.6747703552
30.2812156677
32.0715141296
27.3491706848
25.5202350616
28.6531562805
27.6773796082
23.5650043488
25.7668991089
25.8907585144
23.1889743805
21.6743888855
25.722234726
24.5817508698
20.0713596344
22.9788169861
25.4926509857
23.5473327637
23.1216754913
18.96326828
21.5383911133
19.701166153
21.2774868011
25.2062778473
25.0584011078
25.1004886627
26.3888549805
25.735376358
22.6809921265
27.288225174
29.2422084808
26.9697914124
31.0264492035
33.7008171082
31.8281917572
31.0679206848
35.6873817444
36.4842033386
36.4839248657
31.9539012909
32.1309089661
28.1064243317
31.6885089874
33.1627960205
29.2766361237
31.1620082855
31.9653530121
31.7405452728
33.7232437134
36.9394454956
37.279750824
31.9043483734
32.8619194031
36.3671531677
32.3204727173
29.753900528
34.0616912842
33.8351554871
30.5520591736
29.5570163727
35.4455947876
35.0641479492
37.2742919922
34.7454338074
38.2070884705
38.374004364
33.109249115
34.2299537659
34.3870773315
29.9059734344
34.9000434875
36.8508834839
32.124622345
33.1658706665
37.7859687805
35.8753356934
32.4179382324
37.1720848083
39.6837120056
36.8642539978
40.0265007019
44.9992294312
30.1977939606
28.8423919678
24.5068969727
24.4023761749
25.1562919617
26.8893508911
22.3105678558
24.1320762634
27.0577888489
20.7169933319
18.982460022
17.3786468506
18.0059642792
15.7511510849
12.7826929092
11.1183195114
7.44497346878
14.0571775436
12.9976272583
10.3035144806
9.51294517517
13.1575679779
10.2809400558
13.0263872147
16.1765785217
17.8255844116
21.2575378418
22.789686203
25.8286838531
26.9192314148
27.3390922546
24.9557495117
21.5301704407
19.0342102051
18.2439002991
13.1327066422
13.8824291229
12.1380176544
14.2671451569
17.2524261475
19.0683269501
22.1407394409
23.812286377
21.2072715759
24.0958824158
18.2923755646
21.5904750824
23.3810844421
18.2751407623
17.1470432281
21.6038093567
21.4739246368
15.7702407837
19.3781070709
21.9366493225
20.0535430908
17.7584285736
22.9502105713
24.5770168304
20.8960437775
24.3605327606
22.3365039825
22.0137500763
19.6679553986
17.9651947021
14.9891395569
19.2388877869
18.9405632019
19.9300880432
20.1198635101
21.241361618
21.5749473572
23.1531143188
27.9632263184
26.1783485413
24.0341796875
21.0199222565
20.5469169617
18.3530349731
15.5200004578
17.3109474182
14.6655988693
16.026884079
13.8369102478
13.441403389
14.3259344101
14.697467804
9.98093700409
8.45057868958
12.7394247055
11.6622066498
10.7431640625
14.796415329
15.9636039734
14.9051761627
15.1349573135
18.6041507721
22.4493942261
22.6634693146
27.0592842102
23.5123901367
21.3351211548
25.3857727051
26.1529941559
27.052154541
23.0460968018
22.1090621948
25.6026611328
23.6408824921
19.2219257355
21.5774784088
24.412771225
20.830121994
18.9750709534
23.3933296204
23.7015228271
20.9335098267
21.2265625
26.7040729523
24.2005748749
22.0098190308
26.9872779846
28.7030239105
26.1759223938
27.2579078674
21.6700515747
22.0840530396
16.4140644073
19.7110786438
13.8987026215
16.015460968
13.1460084915
11.9109735489
10.1468276978
9.89322090149
11.4284296036
11.0375051498
13.650932312
16.0523662567
19.0399150848
21.8798904419
20.3517875671
18.269990921
16.593372345
15.6827917099
14.9048814774
11.8887815475
11.5630807877
7.43455219269
10.0762329102
8.50749111176
12.9370336533
14.1341257095
9.09284210205
9.80121040344
12.9662828445
15.4483251572
17.2245140076
14.3316516876
13.8685646057
19.7688865662
22.7961769104
25.7728996277
27.9476242065
26.2063102722
23.5395774841
18.5871715546
20.6205368042
16.7116699219
20.578168869
19.8602809906
16.8212108612
21.3558273315
24.5686607361
27.6786518097
28.2994098663
25.183883667
25.3963451385
29.4536113739
31.298658371
25.6403484344
28.0294036865
23.3292732239
25.6744060516
25.7746047974
27.9772891998
23.5721225739
21.1662712097
24.4823074341
24.5135059357
19.7259712219
21.3709068298
22.2182312012
19.958240509
17.5416278839
21.8399868011
22.0053482056
16.8258075714
19.1902236938
22.4294128418
21.0863742828
20.3980312347
16.5728225708
19.9084300995
18.4524059296
19.5542888641
23.6845245361
24.2397651672
25.0974521637
25.9767169952
26.0057048798
22.5365695953
27.2053089142
28.9672431946
25.8514614105
29.5554332733
32.8474693298
30.7075309753
29.2078151703
34.0737266541
35.1654434204
34.4288368225
30.4139442444
29.8746318817
25.9573554993
29.8527011871
30.7157421112
26.805393219
29.1898365021
29.3422889709
28.8005409241
30.4698963165
33.89112854
33.6357116699
28.2597579956
29.9390220642
32.8890457153
28.4121704102
26.3658161163
31.1359291077
30.218963623
26.8447055817
26.5318489075
32.2353820801
32.5193367004
34.0234451294
31.2138156891
34.4800186157
34.7983398438
29.4359874725
30.0230026245
29.7800788879
25.0821285248
29.9906101227
32.2782020569
27.5366382599
28.2120304108
33.0537261963
31.4550952911
27.9267921448
32.460773468
35.3317298889
32.8065986633
36.0813446045
41.1214981079
30.1977939606
28.8423919678
24.5068969727
24.4023761749
25.1562919617
26.8893508911
22.3105678558
24.1320762634
27.0577888489
20.7169933319
18.982460022
17.3786468506
18.0059642792
15.7511510849
12.7826929092
11.1183195114
7.44497346878
14.0571775436
12.9976272583
10.3035144806
9.51294517517
13.1575679779
10.2809400558
13.0263872147
16.1765785217
17.8255844116
21.2575378418
22.789686203
25.8286838531
26.9192314148
27.3390922546
24.9557495117
21.5301704407
19.0342102051
18.2439002991
13.1327066422
13.8824291229
12.1380176544
14.2671451569
17.2524261475
19.0683269501
22.1407394409
23.812286377
21.2072715759
24.0958824158
18.2923755646
21.5904750824
23.3810844421
18.2751407623
17.1470432281
21.6038093567
21.4739246368
15.7702407837
19.3781070709
21.9366493225
20.0535430908
17.7584285736
22.9502105713
24.5770168304
20.8960437775
24.3605327606
22.3365039825
22.0137500763
19.6679553986
17.9651947021
14.9891395569
19.2388877869
18.9405632019
19.9300880432
20.1198635101
21.241361618
21.5749473572
23.1531143188
27.9632263184
26.1783485413
24.0341796875
21.0199222565
20.5469169617
18.3530349731
15.5200004578
17.3109474182
14.6655988693
16.026884079
13.8369102478
13.441403389
14.3259344101
14.697467804
9.98093700409
8.45057868958
12.7394247055
11.6622066498
10.7431640625
14.796415329
15.9636039734
14.9051761627
15.1349573135
18.6041507721
22.4493942261
22.6634693146
27.0592842102
23.5123901367
21.3351211548
25.3857727051
26.1529941559
27.052154541
23.0460968018
22.1090621948
25.6026611328
23.6408824921
19.2219257355
21.5774784088
24.412771225
20.830121994
18.9750709534
23.3933296204
23.7015228271
20.9335098267
21.2265625
26.7040729523
24.2005748749
22.0098190308
26.9872779846
28.7030239105
26.1759223938
27.2579078674
21.6700515747
22.0840530396
16.4140644073
19.7110786438
13.8987026215
16.015460968
13.1460084915
11.9109735489
10.1468276978
9.89322090149
11.4284296036
11.0375051498
13.650932312
16.0523662567
19.0399150848
21.8798904419
20.3517875671
18.269990921
16.593372345
15.6827917099
14.9048814774
11.8887815475
11.5630807877
7.43455219269
10.0762329102
8.50749111176
12.9370336533
14.1341257095
9.09284210205
9.80121040344
12.9662828445
15.4483251572
17.2245140076
14.3316516876
13.8685646057
19.7688865662
22.7961769104
25.7728996277
27.9476242065
26.2063102722
23.5395774841
18.5871715546
20.6205368042
16.7116699219
20.578168869
19.8602809906
16.8212108612
21.3558273315
24.5686607361
27.6786518097
28.2994098663
25.183883667
25.3963451385
29.4536113739
31.298658371
25.6403484344
28.0294036865
23.3292732239
25.6744060516
25.7746047974
27.9772891998
23.5721225739
21.1662712097
24.4823074341
24.5135059357
19.7259712219
21.3709068298
22.2182312012
19.958240509
17.5416278839
21.8399868011
22.0053482056
16.8258075714
19.1902236938
22.4294128418
21.0863742828
20.3980312347
16.5728225708
19.9084300995
18.4524059296
19.5542888641
23.6845245361
24.2397651672
25.0974521637
25.9767169952
26.0057048798
22.5365695953
27.2053089142
28.9672431946
25.8514614105
29.5554332733
32.8474693298
30.7075309753
29.2078151703
34.0737266541
35.1654434204
34.4288368225
30.4139442444
29.8746318817
25.9573554993
29.8527011871
30.7157421112
26.805393219
29.1898365021
29.3422889709
28.8005409241
30.4698963165
33.89112854
33.6357116699
28.2597579956
29.9390220642
32.8890457153
28.4121704102
26.3658161163
31.1359291077
30.218963623
26.8447055817
26.5318489075
32.2353820801
32.5193367004
34.0234451294
31.2138156891
34.4800186157
34.7983398438
29.4359874725
30.0230026245
29.7800788879
25.0821285248
29.9906101227
32.2782020569
27.5366382599
28.2120304108
33.0537261963
31.4550952911
27.9267921448
32.460773468
35.3317298889
32.8065986633
36.0813446045
41.1214981079
27.1938037872
26.2933578491
22.9293861389
21.4433689117
22.6275882721
24.3357372284
17.8301734924
20.8587913513
24.4326610565
18.3398475647
16.9639053345
15.0690555573
17.1503238678
15.8704967499
12.1070156097
13.1122426987
12.0254812241
17.0885887146
15.836607933
15.7716903687
13.1575689316
11.1488513947
9.48096656799
10.873456955
16.986410141
16.1521377563
20.0815982819
20.7141056061
23.6979751587
25.1180229187
26.4292602539
24.4728488922
21.7658119202
19.3941326141
17.9610671997
13.1850633621
11.297999382
9.79029941559
8.73221111298
11.3701992035
12.2211732864
15.4856081009
17.5476474762
15.7117481232
19.0852489471
14.1934652328
16.892660141
19.9174194336
16.4441719055
13.5019540787
18.120891571
19.8143138885
15.1560697556
17.6255321503
20.55443573
20.1880626678
18.0135059357
21.6077480316
24.3938121796
22.2614135742
25.4305438995
25.1691398621
25.0234642029
23.7887134552
21.3537254333
17.8291225433
20.3955860138
18.4692516327
19.2223014832
17.8654747009
17.8020801544
16.8289089203
18.3786258698
22.7052688599
20.0602359772
17.4899349213
14.6174383163
14.8313570023
13.5446281433
13.0914077759
15.3205308914
15.1062450409
18.081653595
16.5822715759
17.9501991272
19.2244815826
20.9504432678
17.1023044586
17.152338028
20.9213275909
20.7340087891
19.6067790985
22.5249423981
24.3116779327
23.6816501617
23.2465114594
26.4844913483
29.7840366364
30.5126590729
34.0348243713
30.1506652832
28.4610042572
31.973947525
32.8048629761
32.8539390564
29.2497177124
29.0572547913
31.4968719482
28.6757221222
25.7116012573
27.6548099518
29.4400463104
25.8948955536
24.8346252441
28.3721694946
27.8145198822
25.1668281555
25.8727607727
30.3617267609
26.7846336365
25.3115634918
30.4130172729
31.202091217
27.8505649567
29.4283847809
24.0375213623
25.3371925354
21.0127677917
23.447063446
19.8161659241
22.4255886078
20.8116989136
20.3722820282
18.4873943329
17.0233573914
18.8280448914
17.3178691864
20.1701698303
21.4303359985
23.5963516235
26.5958747864
26.1334648132
23.1162471771
22.3863201141
20.3265781403
20.1194000244
17.0474128723
15.7078046799
12.6819210052
13.6480388641
14.601234436
16.9030208588
15.4720249176
12.2643966675
16.1776313782
17.9857196808
21.2520446777
24.036397934
21.3958187103
19.7893161774
24.8640556335
27.2041301727
30.4805545807
31.7109050751
29.3079032898
27.0666503906
22.3160400391
25.4742927551
22.9482250214
26.8247413635
27.2514381409
24.2698783875
27.2929992676
30.1236248016
33.1273803711
33.0056762695
29.7657966614
30.4474525452
33.690700531
35.0076179504
28.8585205078
31.2996292114
27.1366920471
29.5956516266
29.6773433685
32.5338592529
28.5543727875
26.2225914001
29.9484062195
30.7311172485
26.2530326843
27.6451091766
29.1316680908
27.4040870667
25.0203857422
28.9162712097
29.9657077789
25.1352081299
26.8801937103
30.2284889221
29.3751430511
28.5267658234
25.3295898438
28.4768600464
26.8560676575
27.6438732147
31.19572258
32.2443733215
32.7196502686
33.3269004822
32.7910842896
29.0861778259
33.1117515564
35.5325202942
32.4544181824
35.1682472229
38.8236351013
37.3640365601
35.610874176
39.7880973816
41.5279846191
40.8451766968
37.502696991
36.6420898438
33.49659729
37.4936294556
38.0883789062
34.5162162781
37.0105934143
36.6761054993
35.9603347778
37.1092720032
40.4921379089
39.5294876099
34.7323112488
36.8978004456
39.0351409912
34.4494438171
33.1859703064
37.7350311279
36.1139717102
32.8702392578
33.222869873
37.9514045715
37.9776000977
38.8934249878
35.8976478577
38.9007453918
39.7882118225
34.6370162964
35.0512390137
34.1597442627
29.7798519135
33.985206604
36.6519393921
32.6251907349
32.5031814575
37.1665000916
36.3697662354
33.1571388245
36.518535614
39.8500480652
38.0467376709
40.984085083
45.8524742126
27.1938037872
26.2933578491
22.9293861389
21.4433689117
22.6275882721
24.3357372284
17.8301734924
20.8587913513
24.4326610565
18.3398475647
16.9639053345
15.0690555573
17.1503238678
15.8704967499
12.1070156097
13.1122426987
12.0254812241
17.0885887146
15.836607933
15.7716903687
13.1575689316
11.1488513947
9.48096656799
10.873456955
16.986410141
16.1521377563
20.0815982819
20.7141056061
23.6979751587
25.1180229187
26.4292602539
24.4728488922
21.7658119202
19.3941326141
17.9610671997
13.1850633621
11.297999382
9.79029941559
8.73221111298
11.3701992035
12.2211732864
15.4856081009
17.5476474762
15.7117481232
19.0852489471
14.1934652328
16.892660141
19.9174194336
16.4441719055
13.5019540787
18.120891571
19.8143138885
15.1560697556
17.6255321503
20.55443573
20.1880626678
18.0135059357
21.6077480316
24.3938121796
22.2614135742
25.4305438995
25.1691398621
25.0234642029
23.7887134552
21.3537254333
17.8291225433
20.3955860138
18.4692516327
19.2223014832
17.8654747009
17.8020801544
16.8289089203
18.3786258698
22.7052688599
20.0602359772
17.4899349213
14.6174383163
14.8313570023
13.5446281433
13.0914077759
15.3205308914
15.1062450409
18.081653595
16.5822715759
17.9501991272
19.2244815826
20.9504432678
17.1023044586
17.152338028
20.9213275909
20.7340087891
19.6067790985
22.5249423981
24.3116779327
23.6816501617
23.2465114594
26.4844913483
29.7840366364
30.5126590729
34.0348243713
30.1506652832
28.4610042572
31.973947525
32.8048629761
32.8539390564
29.2497177124
29.0572547913
31.4968719482
28.6757221222
25.7116012573
27.6548099518
29.4400463104
25.8948955536
24.8346252441
28.3721694946
27.8145198822
25.1668281555
25.8727607727
30.3617267609
26.7846336365
25.3115634918
30.4130172729
31.202091217
27.8505649567
29.4283847809
24.0375213623
25.3371925354
21.0127677917
23.447063446
19.8161659241
22.4255886078
20.8116989136
20.3722820282
18.4873943329
17.0233573914
18.8280448914
17.3178691864
20.1701698303
21.4303359985
23.5963516235
26.5958747864
26.1334648132
23.1162471771
22.3863201141
20.3265781403
20.1194000244
17.0474128723
15.7078046799
12.6819210052
13.6480388641
14.601234436
16.9030208588
15.4720249176
12.2643966675
16.1776313782
17.9857196808
21.2520446777
24.036397934
21.3958187103
19.7893161774
24.8640556335
27.2041301727
30.4805545807
31.7109050751
29.3079032898
27.0666503906
22.3160400391
25.4742927551
22.9482250214
26.8247413635
27.2514381409
24.2698783875
27.2929992676
30.1236248016
33.1273803711
33.0056762695
29.7657966614
30.4474525452
33.690700531
35.0076179504
28.8585205078
31.2996292114
27.1366920471
29.5956516266
29.6773433685
32.5338592529
28.5543727875
26.2225914001
29.9484062195
30.7311172485
26.2530326843
27.6451091766
29.1316680908
27.4040870667
25.0203857422
28.9162712097
29.9657077789
25.1352081299
26.8801937103
30.2284889221
29.3751430511
28.5267658234
25.3295898438
28.4768600464
26.8560676575
27.6438732147
31.19572258
32.2443733215
32.7196502686
33.3269004822
32.7910842896
29.0861778259
33.1117515564
35.5325202942
32.4544181824
35.1682472229
38.8236351013
37.3640365601
35.610874176
39.7880973816
41.5279846191
40.8451766968
37.502696991
36.6420898438
33.49659729
37.4936294556
38.0883789062
34.5162162781
37.0105934143
36.6761054993
35.9603347778
37.1092720032
40.4921379089
39.5294876099
34.7323112488
36.8978004456
39.0351409912
34.4494438171
33.1859703064
37.7350311279
36.1139717102
32.8702392578
33.222869873
37.9514045715
37.9776000977
38.8934249878
35.8976478577
38.9007453918
39.7882118225
34.6370162964
35.0512390137
34.1597442627
29.7798519135
33.985206604
36.6519393921
32.6251907349
32.5031814575
37.1665000916
36.3697662354
33.1571388245
36.518535614
39.8500480652
38.0467376709
40.984085083
45.8524742126
27.2254905701
25.5613021851
22.6504497528
22.264509201
20.2333183289
20.9428081512
18.6816997528
17.5396022797
19.0600242615
14.7435979843
11.6563138962
12.1144447327
8.99547672272
11.7089986801
13.0445690155
10.410823822
14.1201429367
16.5684185028
17.6592788696
19.6368026733
16.176574707
17.0797100067
16.9864082336
11.303861618
11.5833940506
9.13318347931
10.8131227493
14.8107471466
15.9497728348
17.7268466949
18.8555335999
15.2594413757
13.3670101166
10.0365123749
10.8426113129
9.62516212463
10.7291250229
15.3039836884
15.3491334915
20.1530723572
20.326374054
24.1653785706
26.8891849518
26.3466491699
29.5391330719
24.8882427216
25.8569889069
28.9250183105
25.8820934296
20.959690094
25.0869731903
27.3615226746
21.2349376678
22.299577713
25.3937187195
24.8982658386
20.7874164581
24.0909996033
27.2095031738
24.0247173309
24.6782226562
24.5153522491
22.7314186096
22.4409046173
21.592382431
17.6541824341
18.3208122253
18.4072685242
16.181728363
17.4877548218
19.4314441681
19.1452922821
22.8850402832
25.8557109833
24.2187519073
23.3029384613
19.3622398376
21.2514953613
15.610373497
16.1775188446
14.0255889893
13.1040678024
13.8615427017
8.96484375
12.8537893295
11.2330980301
14.1568861008
13.6726942062
16.5807743073
20.0216617584
21.457447052
18.8133888245
18.6250419617
22.5568027496
23.4615077972
19.8213481903
22.1839561462
23.9517154694
27.0441112518
28.1119976044
23.535150528
24.0628833771
27.7912540436
30.1506004333
29.6329631805
25.6078720093
27.0882225037
30.1557617188
25.7838001251
23.5108757019
27.3467483521
28.6197414398
24.1024093628
25.3477096558
29.2941150665
28.0272140503
26.2095451355
28.4479179382
31.988363266
28.3228397369
28.4761238098
33.9324302673
33.6038131714
31.1174945831
34.4914627075
28.9399738312
31.4088630676
26.0746021271
30.7015361786
25.8661079407
26.4408760071
24.1811027527
22.1132354736
22.4853496552
20.4946174622
19.4302959442
15.8249635696
16.0492477417
15.3629198074
15.4031496048
19.2292938232
20.7055282593
18.5162410736
20.0846042633
18.3599758148
21.3416481018
19.4975566864
20.9986400604
16.9384269714
21.5518932343
21.4795875549
25.8349285126
25.6273479462
21.0514011383
23.1194095612
25.4730873108
28.5687160492
30.4447593689
27.9269981384
27.4593391418
33.4808616638
36.4501113892
39.3234481812
41.3697547913
39.4610137939
36.7770881653
31.7994403839
33.9185180664
30.0228233337
34.0420761108
32.7709770203
29.2828712463
34.0886230469
36.8244400024
40.1462974548
40.3072395325
37.5907516479
38.4928817749
42.3687973022
43.7212142944
38.0068359375
39.6693153381
34.8262710571
35.9890861511
34.8265609741
37.7650260925
34.5567398071
31.2626152039
34.2444572449
35.9836158752
30.6855983734
30.2529335022
32.2779464722
30.9839630127
27.1044864655
30.4718227386
32.1450576782
26.9804172516
26.8316001892
30.2156085968
29.7535896301
26.8181648254
25.9633388519
29.8519439697
30.0729427338
31.5274944305
35.9138526917
35.7725257874
37.2981643677
38.5951309204
39.1134338379
36.0358047485
40.8190155029
42.1727256775
39.004989624
42.7131156921
46.0977363586
43.4736022949
41.7424545288
46.8900604248
47.7343139648
46.1888465881
42.3620109558
41.4060516357
37.0738220215
40.051322937
39.2628898621
35.4224357605
36.9081573486
35.864566803
36.0371360779
36.9591560364
41.465927124
40.1829833984
35.5835075378
39.0163345337
41.0910339355
36.6121253967
35.7273292542
41.2328262329
39.7480888367
36.7863273621
37.3758621216
42.848739624
44.4861564636
44.9601249695
41.8975601196
44.4685325623
44.7921066284
39.718296051
38.6803359985
37.4669914246
32.7821502686
36.0862007141
39.2293739319
34.6526832581
32.9146957397
38.2200889587
37.2615318298
33.4071502686
36.1735305786
39.8548812866
37.807346344
39.8131942749
44.6663780212
18.494348526
18.9863986969
16.8594932556
12.879986763
16.4946727753
19.3037815094
10.4482698441
16.1494483948
20.5799312592
15.6405496597
16.7513446808
16.1097736359
20.3291416168
21.5141048431
18.3678302765
18.7600212097
19.3204307556
24.0644226074
23.7149658203
23.8341369629
20.5469245911
18.9232406616
14.8313541412
14.0084047318
15.4780550003
21.251493454
16.8992557526
20.080116272
17.6195373535
21.3452835083
22.3284950256
24.5341625214
23.6518936157
21.9924411774
20.7812023163
18.8257141113
14.6825485229
11.2829284668
9.79504680634
7.57253599167
5.63404989243
7.24858236313
8.40758419037
8.46705436707
9.93034362793
11.0334386826
9.79492664337
6.90025520325
10.9783096313
11.9852724075
6.83308649063
8.37439346313
13.2434024811
11.9170675278
11.2061491013
13.903096199
16.1968727112
15.0866212845
15.1878242493
19.61170578
20.4601612091
23.8347587585
26.6379070282
27.3589630127
27.4225482941
23.0544662476
19.1394424438
19.6068115234
14.9911155701
16.2736740112
12.0700521469
9.29342651367
6.64642000198
6.10670518875
9.78089618683
7.08530664444
5.65635204315
5.57376861572
7.17167854309
9.02011013031
11.8328552246
14.9973020554
19.6687450409
20.6039009094
22.7565975189
25.4135475159
28.4392337799
24.3633556366
25.0325431824
28.7643432617
29.3679637909
28.6914196014
31.1738948822
33.4450035095
33.2872810364
32.9364471436
36.2047462463
39.6669960022
40.7121124268
44.1980361938
39.5263290405
37.8247528076
41.558807373
42.3241577148
41.9914627075
37.989982605
37.9425239563
39.7811164856
35.9374961853
33.3727416992
34.6403312683
35.8900260925
31.6915931702
30.3875961304
33.3038139343
31.5960254669
28.2475738525
29.0877380371
33.0131378174
27.1485099792
26.2302722931
31.8184585571
31.4676418304
26.1465511322
28.2434806824
23.197883606
25.7802715302
23.3951320648
24.8013553619
24.0769176483
27.3075084686
27.0568790436
27.6810760498
25.3666629791
22.4054508209
24.9955635071
22.9690723419
27.0258560181
27.6473827362
29.5412197113
33.215877533
33.8020172119
28.6249504089
28.2870864868
24.2651519775
23.8756141663
20.5318336487
18.2601146698
17.5069618225
17.2340335846
20.278842926
21.0495319366
17.8249473572
18.3706569672
23.3141498566
25.5011940002
28.6925773621
31.8639831543
28.5057964325
25.5065822601
30.2644462585
31.7079944611
34.6793289185
34.7413520813
31.8079662323
29.8307971954
25.9060382843
29.4148025513
28.3145160675
32.6647224426
34.5900230408
30.8877906799
32.1561393738
34.4729232788
37.5712585449
36.1716270447
32.7384300232
34.4623069763
36.5577049255
36.8856506348
30.1469192505
32.1714859009
28.7092533112
31.1929531097
31.3670101166
35.4852218628
31.7977218628
29.4835205078
34.3304214478
36.1749000549
31.7065753937
33.4863739014
35.8616600037
34.5005722046
32.0605583191
36.4390792847
38.5911979675
33.3696937561
35.3137054443
39.4164657593
38.8563423157
38.2795066833
34.6422805786
38.054069519
35.7823944092
35.9347305298
39.0487670898
41.3633956909
41.6337623596
41.5881614685
40.6205673218
36.1177406311
39.4804954529
42.7919540405
39.1226119995
40.3129310608
44.9845085144
44.4274597168
41.890914917
45.2332801819
48.2785072327
47.5708351135
45.2475662231
43.693397522
41.6709022522
46.5681266785
47.3586387634
43.8947677612
47.140586853
46.5595741272
45.264755249
46.1498184204
49.1660385132
47.4877471924
42.8348999023
45.1570549011
46.4365196228
41.2084007263
40.618938446
44.9658355713
42.0855407715
38.5819587708
39.8809814453
43.3363227844
42.7040863037
42.6375923157
39.1597900391
41.9721603394
44.0517234802
38.8808135986
39.5539360046
37.6434669495
33.442615509
37.4400062561
40.7683639526
37.8343353271
37.4620666504
41.8956756592
42.5897636414
39.924949646
42.2803535461
46.3828620911
45.7383613586
49.0074577332
53.5537109375
19.5900554657
16.9479846954
12.8586893082
14.7537736893
14.4660005569
17.8924732208
15.0025463104
16.710817337
17.054151535
12.5175800323
13.6001596451
14.4642534256
15.4794359207
17.6825332642
15.4241352081
12.3632822037
14.1970891953
19.5103778839
19.8742408752
20.1413822174
14.6655960083
16.4105415344
15.1062469482
9.73213386536
13.1451120377
13.1040697098
11.669169426
13.1125478745
11.3603773117
16.1232795715
16.5256652832
15.7397813797
14.6453828812
10.7389431
10.8505735397
9.3276424408
4.54455471039
7.10598945618
8.82023620605
11.6495599747
15.1803121567
17.6386108398
20.9583415985
22.2175598145
21.639629364
23.4079780579
18.7751674652
18.1920471191
19.8415126801
17.2661323547
12.6027431488
15.3234758377
16.7490501404
10.8395404816
10.9274282455
13.5832681656
13.0013723373
8.63487052917
12.0794610977
14.9222764969
12.048406601
13.5778417587
14.619887352
14.0453929901
14.2815103531
11.3607950211
6.89085483551
7.17161941528
6.29772520065
6.01335000992
7.1763625145
9.95030212402
12.0353527069
14.4281902313
18.2531604767
18.6430549622
18.7810325623
15.8461465836
14.997300148
10.7765607834
6.84313058853
5.07961559296
5.2264509201
7.99269580841
8.91766452789
12.5594358444
15.7204036713
12.7905263901
15.0139570236
17.365562439
20.0210437775
19.4221687317
19.0365772247
22.1207904816
24.1553535461
22.7647151947
24.3912258148
27.1871299744
28.8685512543
31.1415042877
26.1666469574
24.7195415497
28.0484104156
29.160943985
28.1983509064
24.2672672272
25.1338367462
26.6714267731
21.9545555115
20.1837444305
22.1782493591
22.8841991425
18.2537059784
18.5733890533
21.7303180695
19.6493740082
17.0727844238
19.3837776184
22.6570472717
17.5428028107
17.899187088
23.7866706848
22.9525699615
19.5150661469
23.294965744
17.8272285461
21.2392997742
16.913854599
21.7123165131
18.7270832062
19.1707649231
18.5375976562
18.0367336273
18.2226276398
14.2038288116
14.0312719345
10.6655683517
13.7726402283
13.5146875381
15.3281831741
18.6424808502
19.6234664917
14.1849422455
14.7922763824
10.8012475967
12.7791185379
10.8941822052
12.3893156052
11.0194301605
15.0724515915
16.682849884
20.3836555481
20.0027656555
17.8772697449
20.5296821594
24.3875865936
26.9500770569
28.6240692139
24.719997406
22.9111728668
29.2551746368
31.6510677338
33.6119766235
35.2269096375
33.4417419434
30.5024795532
26.2077922821
27.6644802094
24.4541816711
29.0779857635
29.033082962
24.3630142212
27.6237125397
29.6968917847
33.2376899719
32.3835716248
29.8529167175
31.883190155
35.0657310486
35.6183280945
29.9448261261
30.7281188965
26.0409545898
26.5532493591
25.0878868103
28.88854599
26.1788101196
22.630153656
26.3125801086
29.3597869873
23.9462089539
23.5728874207
26.6353302002
26.036113739
22.044336319
25.7513523102
29.2083034515
23.8202438354
23.8673725128
28.2008666992
28.5185527802
26.8374633789
25.0451545715
29.11536026
28.4079437256
28.6476287842
32.415473938
34.1950950623
35.9724464417
36.1598434448
36.8168449402
32.7534370422
37.0314559937
38.8573951721
34.6039733887
36.9206848145
41.3949928284
39.2667579651
36.4113121033
41.065788269
43.0338096619
40.951839447
38.481262207
36.4594345093
33.4500808716
37.5461387634
36.8003959656
33.3572463989
36.2855110168
34.7016448975
33.6915092468
34.1034393311
37.9157752991
35.7034416199
31.3400859833
35.0199203491
35.9023208618
30.7226219177
30.7684307098
36.0580215454
33.1535606384
30.010269165
31.7692527771
35.9370918274
37.5394935608
36.923625946
33.4596481323
35.7647132874
36.882938385
31.8327121735
30.7263908386
28.698135376
24.1004180908
27.3292884827
30.9739303589
27.2434959412
25.5151519775
30.6268901825
30.8889122009
27.6747722626
29.7349624634
34.0251998901
33.1473503113
35.8382949829
40.4767112732
24.9540786743
22.4982528687
18.816570282
20.0778236389
18.4085083008
20.1617736816
18.7638492584
18.1616954803
18.5038490295
14.3899612427
13.1247463226
14.0512151718
11.9606399536
14.2843227386
13.9501695633
9.91618061066
12.8003396988
16.7853431702
17.7317504883
18.7137489319
13.8369140625
16.1926116943
16.5822677612
10.5598487854
12.7349729538
8.96484470367
10.1606426239
11.1650056839
13.1160182953
15.8283472061
16.8361263275
16.2017726898
13.2833709717
9.69086170197
7.57023000717
8.67945480347
6.34650754929
9.93024921417
13.3790817261
15.2852811813
19.8204784393
21.2064228058
24.952911377
27.0552253723
26.1915588379
28.810131073
23.750749588
24.3806018829
26.5628509521
23.2147827148
18.8478469849
22.4355964661
23.7835884094
17.4153671265
18.4046821594
21.0788879395
19.9548568726
15.6563529968
19.4367904663
21.7947978973
17.9255275726
18.3392238617
17.6273326874
15.6978635788
15.419834137
14.7747564316
11.1029262543
11.9026899338
13.281088829
11.3125686646
13.9538383484
16.8028106689
17.9219551086
21.1531105042
24.5570755005
24.0769786835
23.6695785522
20.0294780731
20.6038990021
15.3066368103
13.3848361969
11.0050258636
7.99269485474
6.85975217819
5.62433767319
5.94314146042
9.57161235809
8.66876220703
12.2428274155
14.8003501892
17.4341602325
15.5965032578
14.171998024
18.2542304993
20.3782196045
17.3120117188
18.8693733215
21.1006526947
23.7750053406
25.2700252533
20.2110710144
19.8047962189
23.5089550018
25.480588913
24.6833248138
20.4810199738
21.9691448212
24.5443496704
19.7405471802
17.631357193
21.226776123
22.2837524414
17.4724063873
18.9266281128
22.7936496735
21.2884979248
19.4955329895
22.0731372833
25.4116287231
21.7710342407
22.1865921021
27.6477069855
27.1827774048
25.0245094299
28.6609172821
23.2598285675
25.9748153687
20.6237297058
25.9209728241
21.2346897125
20.9515342712
19.0694770813
17.1143245697
18.2734737396
15.4877586365
13.6281814575
9.57859706879
9.89491462708
8.91028690338
9.86300182343
13.9182062149
15.2561855316
11.6743078232
13.3695421219
11.2597999573
14.8750867844
13.6885461807
16.2662086487
12.9761066437
18.2944812775
18.3012371063
22.9748287201
23.3903179169
19.3635292053
20.8297195435
24.1739730835
26.7677612305
28.1003093719
24.9427909851
24.3411483765
30.71159935
33.6312484741
35.8690681458
38.0852966309
36.5165786743
33.5699920654
28.8877716064
30.2134437561
26.1205883026
30.3291950226
29.0120410919
24.8832530975
29.6162395477
32.028553009
35.4820556641
35.4379348755
33.0361328125
34.3694381714
38.2003097534
39.3169174194
33.9537200928
35.0257377625
30.069475174
30.5647239685
28.9825820923
32.0173492432
29.2200126648
25.636259079
28.4633827209
30.865234375
25.3499240875
24.3757896423
26.8843631744
26.0156593323
21.6728096008
24.9907093048
27.6428089142
22.3163585663
21.6772651672
25.5534229279
25.6158237457
22.8297576904
22.1026115417
26.3117771149
26.6090183258
27.6168632507
31.9347953796
32.4023323059
34.4275932312
35.3288993835
36.3178596497
32.9867401123
37.7468490601
38.9130630493
35.2009735107
38.6350135803
42.3541870117
39.5599021912
37.342590332
42.587348938
43.6000022888
41.5448722839
38.1910552979
36.7318115234
32.6405715942
35.8689460754
34.7465438843
31.0064468384
33.0310516357
31.5341777802
31.2974338531
31.9540214539
36.4285202026
34.710899353
30.1572322845
34.0099983215
35.6120147705
30.8696899414
30.4185791016
36.0964736938
34.1329536438
31.1930561066
32.2658348083
37.4654884338
39.5801429749
39.5773620605
36.4217758179
38.7873077393
39.1416702271
34.1296157837
32.6898422241
31.247543335
26.5249385834
29.6602897644
32.9780197144
28.4400501251
26.4528160095
31.9009208679
31.1681938171
27.3342380524
29.9638500214
33.8901100159
32.1145439148
34.3458862305
39.24741745
32.1814804077
30.0001392365
25.6535243988
27.4218559265
25.5114498138
26.2757835388
26.8703155518
25.5992679596
25.55427742
21.9436817169
20.340177536
20.1337814331
17.504404068
17.6178779602
17.994852066
14.1739330292
14.4844465256
18.325138092
18.7739429474
18.9071178436
14.697470665
17.9684524536
20.9504508972
16.4468364716
18.0727272034
14.1568851471
17.9276790619
18.5781650543
21.4097251892
23.1159286499
23.9758777618
22.6526908875
19.6966190338
16.5053901672
14.8535833359
16.6738681793
14.4686746597
17.913772583
19.948343277
22.3155975342
26.7129802704
28.17578125
31.8734359741
34.0267486572
32.3638153076
35.1776161194
29.5269737244
31.2924461365
33.027381897
28.6124248505
25.735458374
29.551366806
29.7348041534
23.3047103882
25.2860603333
27.5548191071
25.4091472626
21.7181529999
26.3158950806
27.4389286041
22.5819320679
22.9095745087
19.7986183167
17.4337692261
15.8266954422
17.4739360809
15.6112995148
17.8513374329
20.5207767487
19.3083553314
22.3365039825
25.2340660095
26.5363845825
29.4195766449
33.2153015137
32.6101760864
31.7352848053
28.0454616547
28.4392280579
23.6071815491
21.0385913849
19.5428733826
15.7204036713
13.2190055847
9.57161712646
7.99489498138
4.92958116531
6.02548980713
9.31708049774
10.1692457199
12.7790269852
10.6256656647
6.84432935715
11.3306970596
14.2385835648
10.3005533218
10.4462213516
12.3018465042
15.3286504745
16.5173549652
11.7234992981
11.5842113495
15.5785903931
18.0435161591
17.8301544189
13.5985660553
15.2140207291
18.8899917603
15.2854986191
12.3346271515
17.1474647522
18.8775138855
14.9158496857
16.7558479309
20.9454631805
20.7028999329
19.8330917358
22.0224761963
25.4095726013
24.0762729645
24.0363082886
28.4067401886
28.8468227386
28.3031864166
31.1534194946
26.2562656403
27.8409729004
22.0013370514
27.4485092163
21.5476226807
20.0245265961
17.2252826691
14.0462388992
16.7579154968
15.6510620117
12.1419420242
9.58102226257
6.01848316193
5.7753329277
7.0483789444
9.50855636597
9.15769863129
9.80628871918
11.0210142136
12.4457559586
15.6994047165
15.7152709961
19.0886058807
15.7062950134
21.0271835327
19.429101944
24.4847259521
26.3035869598
21.4726409912
20.7031002045
23.8075084686
25.5026569366
25.6822032928
23.2655124664
24.0967273712
29.9869670868
33.2230682373
35.0739173889
38.0176200867
37.1086616516
34.1375198364
29.6902561188
30.0502758026
25.2027988434
28.5765304565
25.8079071045
22.3948707581
28.2730484009
30.6799526215
33.8377075195
34.6832008362
32.7831878662
33.449344635
37.7868804932
39.393825531
34.9743995667
35.9644165039
30.9800815582
31.1238327026
29.4842834473
31.338350296
28.7336559296
25.3977642059
26.8880329132
28.4760475159
23.3271865845
21.6889438629
23.2800960541
22.3503360748
18.0440216064
20.4257907867
22.1647644043
17.5105342865
15.9209089279
18.9256477356
18.9134635925
15.2253227234
16.0293598175
20.10521698
21.7076301575
23.1945457458
27.7022247314
26.9832649231
29.5846557617
30.9506969452
32.6916503906
30.3066158295
35.2590179443
35.3797302246
32.1493225098
36.5143203735
39.3440589905
35.7662010193
34.1383285522
39.8637275696
39.7787742615
37.5656242371
33.6036720276
32.6216201782
27.6571044922
29.7865886688
28.1924495697
24.3612976074
25.5193824768
24.0853214264
24.5549869537
25.4821662903
30.3636131287
29.3798942566
24.747713089
28.5050735474
30.8167819977
26.8415622711
25.8238067627
31.5994167328
30.7638969421
28.2596759796
28.5517864227
34.5522651672
37.3205986023
37.8957939148
35.270614624
37.5661277771
36.9819374084
32.3161582947
30.6060085297
30.0689258575
25.5966587067
28.6160373688
31.1626472473
25.9597320557
24.3628616333
29.6688194275
27.6383686066
23.4265213013
27.0122203827
30.026506424
27.1620025635
29.0706233978
34.148979187
42.5149383545
40.8310623169
35.8383979797
38.3842887878
35.4665412903
34.7168540955
38.1664543152
36.6864967346
35.4207801819
32.738079071
31.2662181854
29.8133449554
27.4568595886
25.5580024719
27.2747135162
24.3122005463
22.9663772583
25.7964439392
25.3766384125
24.8945884705
22.4493942261
24.8387260437
29.7840309143
27.092508316
27.5633563995
23.9517173767
29.1593894958
29.577331543
32.8548202515
33.8592453003
34.6495437622
32.5563621521
30.1969852448
27.3479366302
26.0996189117
27.8459854126
26.1333656311
29.4174060822
30.71941185
33.1966590881
37.3572731018
38.7760543823
42.3305511475
44.5015640259
42.2751960754
45.1803359985
39.2812652588
41.8438835144
43.2046966553
38.1399803162
36.4457511902
40.3048324585
39.6305580139
33.5054779053
35.998916626
37.8968162537
35.125705719
32.0663757324
36.9471969604
37.1317520142
31.8595180511
32.0215148926
27.3748836517
25.0928459167
22.7364559174
25.9542179108
25.6087245941
28.3021659851
31.5649452209
30.7230033875
33.9372329712
36.854095459
38.2463035583
40.9207763672
44.929107666
44.2301940918
43.0352134705
39.3448677063
39.6669960022
35.1489181519
32.3388137817
31.2536869049
27.1871337891
24.2332992554
21.10064888
18.8456325531
15.916138649
12.3018465042
15.5739126205
16.2099132538
14.2967157364
15.333779335
13.8894872665
9.52827548981
10.2698764801
13.0575408936
9.41745758057
4.98673009872
6.36182975769
5.83524036407
5.08787870407
6.2642288208
8.91068935394
12.0512180328
13.4658060074
11.0664958954
12.1047925949
16.8391933441
16.5768146515
13.8743419647
18.4211177826
20.5543346405
19.0909385681
20.8332042694
24.2355422974
25.4892597198
25.822681427
27.2391738892
30.0530529022
31.2192459106
30.849943161
33.5425643921
34.860534668
35.9497299194
37.8690605164
33.8882369995
34.2885131836
28.7703971863
33.6555023193
27.3680877686
24.7776222229
21.7065315247
18.1841926575
21.8479442596
22.7099723816
18.8723564148
18.6020298004
14.1911802292
14.7588214874
15.2811326981
14.2676954269
11.3904304504
17.0096359253
17.1626758575
20.997587204
23.1517219543
24.1983470917
27.5755805969
24.8009319305
29.1596260071
26.4717788696
31.0309734344
33.9368133545
28.9401760101
26.2226829529
28.3811206818
28.7514915466
27.4030284882
26.4700374603
28.8731250763
33.334690094
36.6091918945
37.8101463318
41.4142723083
41.3584403992
38.6133270264
34.8600120544
34.1031723022
29.0073032379
30.819562912
26.4288101196
24.7412986755
31.0862941742
33.1738891602
35.5919952393
37.505317688
36.4187965393
36.1956520081
40.7827110291
42.8697509766
39.8969917297
40.7170219421
36.1356506348
35.8423156738
34.2769165039
34.5495262146
32.5175094604
29.8976249695
29.5347862244
29.853931427
26.0484657288
23.8006820679
23.7398548126
22.9636535645
19.8292274475
19.9917449951
19.7170391083
17.56980896
14.7711343765
14.8375015259
14.6793289185
9.74308490753
14.2827167511
16.6565189362
20.4158267975
22.4202671051
26.4048156738
23.710647583
26.955537796
28.9552745819
31.682477951
31.0202541351
35.695148468
34.2519111633
32.1161384583
37.3662834167
38.6841087341
34.2153396606
33.6646995544
39.581615448
37.8507804871
35.5642585754
30.9781208038
30.8680667877
25.1029567719
24.8793926239
22.4879436493
19.0157279968
17.9510974884
16.8443470001
18.9328250885
20.291469574
25.3785572052
25.8624324799
21.816286087
24.8402423859
28.0936145782
25.9382820129
24.1825370789
29.3230724335
30.3555202484
28.8540935516
27.9507694244
34.4272689819
37.9000434875
39.2065925598
37.5040245056
39.4954490662
37.6955718994
33.9621696472
32.0393791199
32.7440109253
29.2014446259
31.5964508057
32.8646392822
27.4752388
26.6195869446
30.9344215393
27.3221645355
23.2762756348
27.5849342346
28.8353424072
24.5978679657
25.6207141876
30.463722229
42.5149383545
40.8310623169
35.8383979797
38.3842887878
35.4665412903
34.7168540955
38.1664543152
36.6864967346
35.4207801819
32.738079071
31.2662181854
29.8133449554
27.4568595886
25.5580024719
27.2747135162
24.3122005463
22.9663772583
25.7964439392
25.3766384125
24.8945884705
22.4493942261
24.8387260437
29.7840309143
27.092508316
27.5633563995
23.9517173767
29.1593894958
29.577331543
32.8548202515
33.8592453003
34.6495437622
32.5563621521
30.1969852448
27.3479366302
26.0996189117
27.8459854126
26.1333656311
29.4174060822
30.71941185
33.1966590881
37.3572731018
38.7760543823
42.3305511475
44.5015640259
42.2751960754
45.1803359985
39.2812652588
41.8438835144
43.2046966553
38.1399803162
36.4457511902
40.3048324585
39.6305580139
33.5054779053
35.998916626
37.8968162537
35.125705719
32.0663757324
36.9471969604
37.1317520142
31.8595180511
32.0215148926
27.3748836517
25.0928459167
22.7364559174
25.9542179108
25.6087245941
28.3021659851
31.5649452209
30.7230033875
33.9372329712
36.854095459
38.2463035583
40.9207763672
44.929107666
44.2301940918
43.0352134705
39.3448677063
39.6669960022
35.1489181519
32.3388137817
31.2536869049
27.1871337891
24.2332992554
21.10064888
18.8456325531
15.916138649
12.3018465042
15.5739126205
16.2099132538
14.2967157364
15.333779335
13.8894872665
9.52827548981
10.2698764801
13.0575408936
9.41745758057
4.98673009872
6.36182975769
5.83524036407
5.08787870407
6.2642288208
8.91068935394
12.0512180328
13.4658060074
11.0664958954
12.1047925949
16.8391933441
16.5768146515
13.8743419647
18.4211177826
20.5543346405
19.0909385681
20.8332042694
24.2355422974
25.4892597198
25.822681427
27.2391738892
30.0530529022
31.2192459106
30.849943161
33.5425643921
34.860534668
35.9497299194
37.8690605164
33.8882369995
34.2885131836
28.7703971863
33.6555023193
27.3680877686
24.7776222229
21.7065315247
18.1841926575
21.8479442596
22.7099723816
18.8723564148
18.6020298004
14.1911802292
14.7588214874
15.2811326981
14.2676954269
11.3904304504
17.0096359253
17.1626758575
20.997587204
23.1517219543
24.1983470917
27.5755805969
24.8009319305
29.1596260071
26.4717788696
31.0309734344
33.9368133545
28.9401760101
26.2226829529
28.3811206818
28.7514915466
27.4030284882
26.4700374603
28.8731250763
33.334690094
36.6091918945
37.8101463318
41.4142723083
41.3584403992
38.6133270264
34.8600120544
34.1031723022
29.0073032379
30.819562912
26.4288101196
24.7412986755
31.0862941742
33.1738891602
35.5919952393
37.505317688
36.4187965393
36.1956520081
40.7827110291
42.8697509766
39.8969917297
40.7170219421
36.1356506348
35.8423156738
34.2769165039
34.5495262146
32.5175094604
29.8976249695
29.5347862244
29.853931427
26.0484657288
23.8006820679
23.7398548126
22.9636535645
19.8292274475
19.9917449951
19.7170391083
17.56980896
14.7711343765
14.8375015259
14.6793289185
9.74308490753
14.2827167511
16.6565189362
20.4158267975
22.4202671051
26.4048156738
23.710647583
26.955537796
28.9552745819
31.682477951
31.0202541351
35.695148468
34.2519111633
32.1161384583
37.3662834167
38.6841087341
34.2153396606
33.6646995544
39.581615448
37.8507804871
35.5642585754
30.9781208038
30.8680667877
25.1029567719
24.8793926239
22.4879436493
19.0157279968
17.9510974884
16.8443470001
18.9328250885
20.291469574
25.3785572052
25.8624324799
21.816286087
24.8402423859
28.0936145782
25.9382820129
24.1825370789
29.3230724335
30.3555202484
28.8540935516
27.9507694244
34.4272689819
37.9000434875
39.2065925598
37.5040245056
39.4954490662
37.6955718994
33.9621696472
32.0393791199
32.7440109253
29.2014446259
31.5964508057
32.8646392822
27.4752388
26.6195869446
30.9344215393
27.3221645355
23.2762756348
27.5849342346
28.8353424072
24.5978679657
25.6207141876
30.463722229
31.530714035
28.1871128082
23.8737220764
28.3298225403
29.8905506134
33.0182380676
31.4019908905
34.4049491882
33.298625946
27.7097415924
31.3558311462
30.7824478149
32.5316581726
31.4087810516
28.4400272369
25.7926254272
23.279006958
30.2228736877
29.2576026917
26.4300117493
21.2265663147
25.0369491577
25.8727607727
24.0448665619
27.7424354553
28.4479160309
29.8556976318
31.418094635
29.3083381653
33.6449737549
33.4834289551
30.3135910034
30.7429332733
25.9847068787
27.729883194
27.4346427917
22.1853141785
24.7774505615
22.0350856781
26.5862846375
28.1271152496
32.0529594421
34.4040489197
34.2080001831
31.9364471436
32.277053833
27.343334198
27.8861846924
26.2179489136
22.2941970825
23.4686450958
24.2199077606
20.6848678589
17.9310684204
19.5392913818
18.8653068542
15.1250762939
15.5758628845
19.27069664
16.1432418823
12.0169706345
14.6609382629
9.84676742554
12.1370544434
9.50363349915
9.06878089905
12.9183759689
16.3188610077
18.4863986969
21.5212936401
23.007434845
24.9693183899
28.2354106903
27.9786205292
32.4279747009
34.0725097656
33.9136428833
32.1145706177
29.0877361298
27.9280834198
21.7268733978
23.1618938446
19.3837776184
17.8543319702
22.0731391907
17.6722126007
22.3273220062
22.0224742889
18.6723098755
17.7743091583
15.0118846893
18.0477867126
21.1719341278
20.0293369293
19.1022148132
22.64569664
25.1463031769
24.2069854736
27.2391738892
25.6639633179
29.1970386505
26.1424446106
21.937915802
22.9615306854
21.1797599792
20.6315021515
18.8683223724
17.4235115051
15.8810424805
15.1314926147
13.9984073639
10.551820755
11.0504255295
10.6694488525
6.88237905502
6.16067886353
6.6640753746
4.55963993073
6.55471992493
7.96666955948
5.64400959015
7.14387750626
9.69688987732
10.8480434418
11.2160797119
9.45592498779
9.88160514832
8.37233829498
12.8428897858
12.1716327667
8.03296852112
11.1775569916
13.2948760986
15.300113678
12.3578634262
11.6800613403
14.2672777176
16.7117881775
18.4104881287
21.843328476
21.3971920013
19.0713539124
15.4482555389
11.9968261719
11.930267334
7.76314115524
10.6694469452
12.9525985718
16.5495891571
17.644159317
18.0481624603
19.9561080933
22.4875411987
22.8526554108
21.8618869781
26.5171718597
26.2527008057
25.326883316
20.9963245392
19.7978401184
24.3034420013
25.8352603912
24.6671485901
26.9536132812
27.2384204865
24.0498104095
22.3906288147
19.817237854
17.073638916
20.2452449799
20.0970802307
15.0813531876
16.0279064178
15.8191223145
18.9958667755
17.8132705688
17.5160770416
20.5948734283
23.1592311859
23.0758514404
20.6550636292
18.8284435272
14.7914180756
11.7229537964
8.70212459564
11.2610244751
11.0431661606
7.48916101456
8.66729831696
13.9943294525
9.94588851929
7.86421346664
11.7810745239
13.5780715942
10.9556074142
12.4085741043
18.2790184021
15.5054578781
14.9565858841
18.5607032776
20.4629878998
21.5775241852
19.9091243744
22.5027980804
21.6684131622
19.7447338104
21.3821029663
25.3406181335
28.2318172455
26.7621364594
28.9799556732
25.2269306183
28.2138805389
28.742980957
23.444360733
24.2544384003
28.9880638123
26.4983654022
22.3417644501
26.6334228516
28.7368545532
25.0729408264
24.9526729584
21.3466625214
20.5287818909
24.8077068329
23.6322040558
21.7890300751
26.2168655396
24.0151996613
21.3415050507
20.9122714996
22.7741928101
19.9598579407
16.6446342468
19.9323883057
18.9056949615
13.6700143814
15.3156576157
19.4876403809
15.1290340424
12.5364141464
16.0861816406
18.110874176
21.3694877625
19.2722969055
16.0300865173
17.4983005524
18.226316452
13.966802597
11.7674436569
9.78225898743
5.57564210892
9.44782066345
12.3953437805
9.26896286011
10.1734046936
13.8004083633
14.186920166
12.7182807922
15.2961778641
18.4204349518
18.4314613342
22.2241859436
26.1428890228
32.9285316467
29.3983345032
25.7322044373
30.5746021271
32.8873901367
36.4462356567
34.7678565979
38.2766914368
36.8600578308
31.8274097443
36.1019172668
35.6907730103
37.955947876
37.0621833801
33.6719245911
31.3349571228
28.9676494598
35.8226509094
34.8082427979
32.012638092
26.9872741699
30.3692245483
30.4130172729
29.108171463
32.8939628601
33.932434082
34.7944297791
36.1898345947
33.1419410706
37.698299408
37.2291870117
33.8197860718
34.9241371155
30.3413505554
32.7376327515
32.319190979
27.0846595764
29.3167228699
26.167755127
30.655834198
31.4312477112
35.6401557922
37.5397529602
36.7342185974
34.663848877
34.2127456665
30.0276031494
29.7997055054
27.196554184
24.2756175995
26.1595478058
25.6706314087
21.4783248901
20.6059894562
21.3888225555
19.6353092194
16.2615261078
18.0824012756
20.3083610535
15.9569969177
13.6278104782
16.0528736115
12.7152032852
15.7697591782
14.3965129852
13.3267402649
17.4658050537
19.763338089
21.3984622955
24.9002723694
25.8992118835
27.4407672882
30.9947280884
29.9507827759
34.0059814453
36.3839187622
36.6354942322
35.4475212097
31.8184528351
31.5326137543
25.2249317169
26.9222793579
23.7866687775
22.6130027771
27.6477069855
23.510766983
28.4475841522
28.4067420959
25.120798111
24.257440567
21.6163406372
24.4363746643
27.6927146912
26.5929412842
25.5570278168
28.9656105042
31.7456302643
30.6822223663
33.5425643921
31.7593345642
35.1015968323
32.2171325684
28.0404548645
28.5033664703
26.3254451752
25.5148983002
24.4625453949
23.0596237183
20.448217392
20.0983314514
20.011631012
15.8809871674
15.334856987
16.0385112762
12.9662532806
10.218328476
10.1231470108
9.15251159668
7.14387845993
6.3679728508
8.27945041656
6.37020540237
6.02576112747
8.33379077911
7.17369651794
9.24286842346
9.67060375214
12.0331249237
14.3118028641
16.5199794769
13.3629560471
17.0631465912
19.6386890411
21.0037727356
18.150062561
18.1806697845
20.4983596802
23.1197872162
24.4848308563
27.6156387329
26.9432144165
24.9846172333
21.1064567566
18.1528549194
17.5645103455
13.7111148834
16.1335277557
17.3873634338
21.806810379
21.9164829254
22.9842453003
23.8155727386
25.8685817719
27.5809230804
26.9748096466
31.5110244751
31.0057201385
30.0593700409
25.7277793884
24.067029953
27.6488571167
28.4429416656
26.3890552521
28.0605163574
28.6646251678
25.7385940552
25.205324173
22.1556243896
20.8160686493
23.4606437683
24.2392139435
19.6206874847
18.497220993
17.0404720306
19.6071681976
17.3039455414
17.9822616577
21.855506897
23.1301765442
22.0296611786
20.7952842712
17.6078300476
14.8922672272
10.2454051971
6.31843900681
9.27013111115
11.666888237
9.60369110107
9.80977153778
15.9634037018
13.8452730179
12.3118047714
15.7089624405
18.0694789886
16.6904754639
17.1848087311
23.1059246063
21.2647018433
20.832321167
23.9009246826
26.0258579254
27.606004715
25.9840507507
28.1102333069
26.9570884705
24.5563545227
25.1432590485
29.8923225403
32.608505249
30.5347690582
32.6777114868
28.8420715332
30.9324512482
31.5963726044
26.1552352905
25.388628006
30.4944725037
28.6416149139
23.9729404449
27.0984916687
29.9464073181
25.9450016022
27.4302635193
23.2090339661
24.0904464722
28.3750667572
27.2039394379
26.2127723694
30.8651447296
28.5010585785
25.4155769348
24.4685325623
25.2090015411
21.8428115845
19.9316234589
22.7540798187
20.2530670166
15.6811332703
18.3519573212
21.0924453735
15.6168107986
13.9227790833
18.3339710236
17.7102794647
20.9521980286
17.2293052673
13.9409360886
14.2530956268
16.0073566437
12.9817781448
10.4748973846
7.05186653137
6.29090356827
7.31762695312
10.1520662308
10.3735275269
11.6404104233
12.8269147873
15.0576515198
15.5121355057
16.1235046387
18.8991641998
20.4800300598
24.0743465424
26.9927635193
26.4566192627
23.5968475342
19.7312469482
23.5876197815
26.767583847
30.8769302368
27.2075958252
31.5594615936
31.6368789673
26.0663547516
29.6743583679
29.2667293549
32.1275939941
31.5267105103
27.5903129578
25.6624011993
23.1976737976
30.59034729
29.4969711304
26.7547168732
21.6700534821
24.3653125763
24.0375270844
22.4094600677
26.3928375244
28.9399738312
28.646440506
30.7148265839
27.4157543182
32.4347610474
32.1046180725
29.9732437134
30.5578041077
26.2711410522
27.8861103058
26.7815361023
21.0187702179
22.3312015533
18.4208164215
22.6582641602
22.8406143188
27.135093689
28.7858829498
27.8112983704
25.8747844696
25.314453125
21.3190937042
20.8278846741
18.327129364
15.5280513763
17.4642009735
16.8514595032
12.6730928421
12.1267652512
13.0868015289
11.4754667282
8.00565338135
10.8633460999
13.4473295212
10.185002327
8.56924343109
13.6984491348
12.7273654938
15.7374944687
14.5113515854
10.6592073441
12.7288513184
15.4951543808
15.1905794144
19.3989048004
19.0913848877
19.8606491089
23.0505123138
21.5877933502
26.0182914734
27.9484806061
27.9781475067
27.0795707703
23.1978874207
23.7057247162
17.4710674286
20.1594409943
17.8272266388
18.4167327881
23.2598247528
20.2363929749
25.4048194885
26.2562713623
21.8959884644
21.0752391815
20.4142551422
22.5479259491
25.1252613068
25.5244197845
25.3156242371
27.5571060181
29.9841079712
30.4076519012
33.8882369995
32.7059364319
36.6341209412
33.0215187073
29.1778202057
30.9646987915
29.6268672943
29.1065998077
26.7655639648
25.5203552246
24.6372203827
22.9576835632
21.5323810577
19.1020526886
19.5946083069
18.035528183
14.7345924377
14.7749090195
13.8575897217
10.6799526215
9.45592403412
12.4210672379
9.08590602875
5.77376365662
9.24287319183
10.58273983
6.96794462204
6.3884935379
5.63811826706
7.4867477417
9.60846042633
12.3555612564
12.0133113861
15.1401882172
17.9146137238
17.6465072632
13.9992437363
15.8121299744
17.3159313202
21.3548622131
22.9093093872
26.2647743225
27.0631523132
25.6215000153
20.6085987091
17.8681182861
15.4830379486
11.2465610504
11.3867635727
10.8547229767
15.7371644974
14.9928379059
17.2278118134
17.6672668457
18.5889587402
20.9870796204
21.8150100708
26.2790126801
26.6148910522
26.8591918945
22.2117137909
19.5040912628
23.8033046722
24.6958293915
24.031829834
25.090045929
24.5359306335
21.5683689117
20.1130638123
18.7933578491
17.7392368317
21.5247154236
23.3222370148
18.4393787384
17.4848709106
17.4695987701
20.6074352264
18.1815357208
16.8308868408
20.5779647827
22.099905014
21.2966365814
17.4322814941
15.8455648422
12.2402133942
10.6123399734
9.10366725922
13.735285759
12.4234132767
9.80913448334
13.8197908401
18.1591777802
14.693321228
15.4307346344
18.6059494019
19.34790802
17.6248283386
20.3067989349
24.9407997131
21.5168876648
22.481306076
26.2935142517
27.4054355621
28.6327152252
25.6955070496
28.3606967926
26.3532123566
24.4826431274
25.909318924
30.4326324463
32.277015686
30.5960979462
31.6088676453
27.0580120087
29.5575809479
31.4339618683
26.1623840332
25.7102870941
31.2180480957
30.0450687408
25.8051528931
28.9642658234
32.365852356
29.6937847137
29.8719120026
26.4797420502
26.5350761414
31.5874938965
31.4871921539
29.4744987488
33.9979972839
32.3977241516
29.7468738556
29.6265563965
31.1165122986
28.5321960449
25.2182197571
27.5990066528
26.7627220154
21.6863880157
22.7661685944
26.1272296906
21.5948600769
18.7227249146
21.8845043182
22.8990192413
24.0042743683
21.785030365
18.1105442047
19.9559803009
22.255065918
17.9033985138
17.6615409851
15.2298908234
12.1543445587
15.6992368698
18.6467399597
17.2397174835
18.1670417786
20.9928359985
22.5054664612
21.5239868164
23.2335929871
26.6191501617
27.2176818848
30.959394455
34.6033973694
44.689365387
43.5551109314
39.1480865479
39.9723014832
43.2215805054
45.6198997498
39.8048324585
44.8597831726
47.2557601929
39.6933288574
41.3712921143
38.0614013672
41.6141204834
37.1585197449
33.7472915649
33.7132453918
27.586265564
34.7739295959
32.536895752
26.6992893219
25.7728939056
27.3105735779
30.480556488
31.419506073
33.4751281738
39.3234558105
40.351234436
44.4821090698
43.7175140381
47.9965133667
48.5702133179
47.7618942261
47.1020278931
42.8646240234
41.801399231
40.4103889465
34.2586898804
34.4911155701
29.2431240082
32.0031967163
31.2324638367
34.2918205261
34.9554824829
34.0946235657
30.0952529907
30.3337001801
26.651008606
30.52368927
28.7656421661
23.9267597198
29.3967151642
31.0739021301
26.9631290436
26.8016757965
30.6993026733
30.7226295471
27.9813747406
30.0450439453
34.2915840149
32.8668556213
30.7363376617
36.1154823303
32.927444458
34.9108467102
31.5786037445
29.5058021545
30.0321426392
35.1159095764
34.4200782776
38.0082473755
37.1074066162
37.0329742432
38.08568573
36.7093086243
41.9310188293
41.0029754639
38.5668945312
37.7452926636
34.6793327332
36.6522216797
32.0548782349
36.1563034058
33.6119804382
34.8911552429
35.8690681458
33.2263679504
36.0703849792
35.0739173889
29.8923072815
26.1638889313
26.3096351624
23.4710025787
26.6147460938
31.2806434631
28.1225948334
25.7937545776
31.4960613251
33.458240509
37.8101539612
33.9534683228
40.7213478088
39.4716453552
34.8051071167
36.9264793396
34.7055740356
36.8953742981
34.9716415405
31.2187232971
32.6237945557
34.9244499207
30.7190418243
28.6172714233
31.8610782623
31.7512130737
26.5770759583
28.1273365021
30.6270122528
28.0587673187
24.6671504974
29.9033908844
30.5517635345
25.873052597
26.3890571594
31.0904922485
29.6887073517
25.5391349792
24.0318374634
19.5283870697
19.5610370636
15.454117775
15.7697324753
18.6265888214
19.0434646606
21.7721843719
18.5466594696
21.1108913422
24.6636962891
28.3198356628
31.4339103699
34.9195213318
39.005771637
39.8772468567
36.2401275635
34.6062431335
30.4413776398
30.656036377
25.6462154388
24.2483253479
21.5443840027
23.699546814
19.4634990692
18.4588394165
14.8719940186
17.9099140167
20.4637928009
17.8355960846
18.5238418579
15.4796552658
14.2440719604
13.2398529053
12.5834960938
7.86128807068
5.54100847244
4.61783838272
6.55360651016
5.98760080338
9.50761699677
6.74789571762
10.2793579102
7.43949222565
12.3101005554
14.0572385788
9.46520423889
10.7046422958
10.1789207458
11.7893800735
9.17859268188
5.74252176285
7.39149522781
10.9580974579
9.45684623718
13.0332775116
13.0808134079
17.2704772949
20.9608192444
19.8797626495
15.2599058151
17.9885749817
19.5944900513
14.7712211609
16.6344356537
21.9962882996
19.794506073
17.5503349304
21.2972145081
23.6516132355
21.3437786102
21.1944942474
25.9484462738
26.8335800171
25.3343257904
29.5555019379
23.8049640656
23.1103191376
18.6003627777
16.5302391052
14.8401994705
19.1641712189
17.6110992432
15.0134811401
13.2540073395
9.61764335632
8.20939731598
12.0258188248
9.55685424805
8.07871818542
11.6238412857
13.601518631
12.5725917816
13.0586099625
16.5317058563
18.7045288086
17.3381652832
17.482213974
18.9625434875
23.8463573456
28.1642665863
26.5921821594
30.3676319122
32.2455177307
30.0086936951
31.9152698517
31.2332935333
32.7060279846
28.5244235992
25.5095996857
28.3528652191
25.8269348145
22.8290920258
22.5852870941
22.7833328247
20.2260379791
18.2519454956
20.1572952271
14.8876571655
19.1518592834
18.2870159149
22.2253684998
22.8908748627
19.2400016785
24.3206882477
26.2802658081
24.636177063
29.8998737335
29.3743438721
27.194021225
32.120803833
33.7441711426
32.0782089233
31.2680664062
36.4035835266
36.9117012024
35.0547866821
39.4821777344
43.1546134949
51.9735908508
50.0158691406
44.7951698303
47.6937026978
47.9671440125
48.7178497314
48.5421943665
50.597946167
49.9007263184
44.4309425354
45.799571991
42.5746383667
43.9952735901
39.1085929871
38.7053604126
36.8777084351
31.9171657562
37.6981773376
36.1669616699
31.6885070801
29.8526973724
32.6009788513
37.4936180115
37.2731132507
38.5693969727
40.0513076782
44.0381011963
46.4297447205
47.2584228516
50.3264312744
50.8357315063
47.9702110291
47.4032325745
43.0212478638
42.5889892578
42.7019195557
38.0607910156
40.5220489502
37.8839569092
41.5144996643
43.4698486328
46.3157234192
48.6754760742
49.2528533936
45.6817016602
47.202835083
41.7085762024
45.1382331848
44.3012771606
38.6781578064
41.179271698
43.8434104919
40.3374938965
36.9365463257
40.4627227783
40.8689689636
37.0996742249
37.0087203979
42.1168060303
40.0353507996
35.5052719116
38.1501541138
32.2713394165
32.6531028748
28.8717479706
30.7748947144
32.7151565552
37.3732337952
39.6985282898
41.7304534912
43.478263855
45.3796424866
47.3791427612
47.8380699158
52.9571800232
52.6954803467
50.9396591187
48.4910774231
46.5681228638
45.1566200256
40.1416778564
41.8682136536
37.546131134
35.8223152161
35.8689575195
31.7882289886
32.855014801
29.7865848541
27.8696289062
24.8534889221
21.3827552795
19.796295166
23.115901947
23.8866214752
19.0346908569
19.2416763306
24.2683067322
22.5483627319
24.8793983459
19.503276825
24.99152565
26.5306510925
21.9757518768
21.618806839
18.3520736694
21.6986236572
22.1880645752
17.9237232208
19.1106147766
24.697353363
21.5825271606
19.6469573975
22.8484840393
25.2149829865
22.0881557465
22.9348239899
26.8613567352
26.9533481598
24.8077030182
27.9527702332
32.1776542664
29.3392848969
28.3750686646
32.6816902161
34.9016838074
32.8841896057
31.5874919891
28.5931167603
26.180524826
27.2782077789
23.6029510498
20.9382667542
19.9285812378
19.8301143646
21.7113647461
24.6756649017
23.7077274323
27.5457229614
26.9205760956
29.8871383667
33.0553703308
31.5662326813
26.8311710358
29.2749900818
25.610660553
29.2306499481
26.4150028229
27.8025913239
29.1055469513
29.7212257385
30.005153656
27.1765575409
28.3410129547
32.7398414612
31.020072937
26.3089122772
27.9839763641
25.0838623047
21.127904892
21.1876735687
24.0990962982
24.1377983093
25.7118453979
23.8463630676
27.7009811401
29.8041954041
27.9370574951
27.6038570404
23.8072223663
20.8318767548
18.8538322449
14.7211408615
16.6682224274
18.8914432526
19.1186313629
19.0534095764
22.4799118042
23.3602733612
21.7807826996
25.2183380127
27.5755977631
28.5127868652
28.5748672485
26.4205188751
25.8590488434
26.0885486603
23.0805568695
21.8142814636
22.3899326324
19.3765563965
15.5890254974
17.2400894165
17.5197639465
13.2725954056
12.9257125854
16.0002975464
13.6452274323
8.81715202332
14.1976089478
15.1757965088
11.7797746658
11.3424320221
16.1947898865
15.1124744415
12.1420679092
13.0842218399
11.7399768829
10.3280553818
9.54159164429
13.2483711243
12.3969736099
17.0346240997
18.1915206909
19.9073009491
16.2039833069
14.9418039322
19.0727272034
18.2476062775
13.2470626831
13.8154983521
18.5032024384
15.0638875961
12.8296251297
8.7764339447
9.73857498169
6.1774559021
6.69853210449
7.05552482605
9.20501327515
11.7877292633
10.5200214386
13.1030883789
11.9124259949
16.3276004791
13.1407442093
8.01374053955
13.8052167892
14.8950586319
10.7929344177
10.1785125732
15.1764945984
15.3405237198
11.4081583023
16.4892158508
18.7179088593
21.8705158234
22.3999862671
24.2518768311
21.1566390991
19.6252689362
20.4315567017
23.9929332733
23.2053527832
26.1033420563
24.2503376007
20.6881370544
24.9323654175
25.9034099579
21.3212623596
20.311548233
26.2219810486
24.3515224457
20.2571983337
23.4000930786
26.7450122833
51.2307167053
48.9650154114
43.8031959534
47.3312149048
47.031955719
47.5558280945
48.6894302368
50.1984138489
48.468460083
43.9076004028
45.4499053955
42.796661377
43.639125824
39.3959770203
39.2533836365
36.9654655457
32.8015708923
38.2554969788
36.8693275452
33.1627922058
30.7157344818
33.7932701111
38.0883750916
37.6470603943
39.1406898499
39.2628898621
43.5836257935
45.3350105286
46.1084632874
48.9442481995
49.3513183594
45.8226928711
45.5484809875
41.2047195435
41.3048362732
41.7949256897
37.5637245178
40.4892539978
38.4627990723
42.307723999
44.6784706116
47.6118431091
50.2544250488
50.9533996582
47.6643943787
49.1991958618
43.540222168
46.4582099915
45.6511535645
40.2052879333
42.01820755
44.5467262268
41.198551178
37.4340667725
40.5388908386
40.8645629883
37.0519790649
36.5969390869
41.4939689636
39.2182159424
34.4609413147
36.2283172607
30.0865898132
30.1243305206
26.6022586823
29.3679580688
31.7223396301
35.8478012085
38.8016395569
40.4891624451
42.7843437195
45.0767059326
47.400138855
48.1218910217
53.0147171021
53.1832084656
51.8259849548
49.1941604614
47.3586502075
45.3391151428
40.2073822021
41.3148536682
36.8003921509
34.3910980225
34.7465515137
30.3769779205
31.3793697357
28.1924571991
27.1856555939
24.8560295105
20.56224823
20.3155841827
23.454826355
22.4817810059
18.0086135864
19.9333362579
23.9039268494
20.9643440247
22.4879398346
17.5194911957
21.6735439301
23.3920059204
19.0188674927
17.6059036255
13.9449148178
17.0088005066
18.4148960114
14.6004905701
14.8143033981
20.8947181702
18.8307037354
16.7776298523
19.3141078949
22.3385715485
20.2161960602
20.479385376
24.2903823853
25.1561374664
23.6322021484
25.7158260345
30.4868774414
28.4285507202
27.2039279938
30.9070014954
33.8680076599
32.5889778137
31.4871845245
29.1959152222
26.654510498
28.7935771942
25.0622062683
21.3609924316
20.5738296509
20.0478553772
23.0543746948
25.183965683
23.1967182159
26.6624889374
25.3209552765
27.7670783997
30.5201263428
28.3428401947
23.7287845612
26.7237110138
23.5009021759
27.5851154327
25.5064220428
27.6149501801
29.7625923157
30.3880233765
31.5818252563
28.9538516998
30.866607666
35.1594848633
33.16563797
28.7710189819
31.0971679688
28.7210521698
25.0525875092
24.3910503387
27.0202865601
28.220741272
30.0316448212
28.164264679
32.0161933899
33.9653587341
31.7404899597
30.9945602417
27.1867752075
23.7378101349
22.6876945496
18.4765701294
18.9247341156
21.7547836304
21.696149826
22.1527462006
24.9572067261
26.1263446808
25.4168624878
28.8413791656
30.7177696228
31.5023784637
30.9210186005
28.3747253418
26.834777832
26.1171207428
23.3174057007
23.0389404297
22.8621807098
19.3192367554
17.4076061249
18.1130409241
16.5714836121
13.2776241302
14.1075439453
15.6732234955
12.1201467514
9.90026760101
14.5809278488
13.4808444977
9.70555019379
11.0036849976
14.5928258896
15.6770009995
13.7630262375
16.0140857697
14.9080209732
14.5859146118
14.0263166428
18.3388957977
17.7835845947
22.4277820587
22.9536094666
25.1670837402
21.7749786377
19.7150115967
23.4486751556
23.4366817474
18.4490242004
17.9161815643
22.7679233551
19.8164958954
16.2184467316
13.728553772
13.101269722
9.64006710052
6.69853210449
4.99946165085
7.09344339371
7.13794660568
5.63257646561
7.60213327408
7.03798770905
11.4741306305
9.12036514282
6.08365821838
10.6944580078
12.4394626617
9.66974925995
10.4550886154
14.4240789413
15.2200717926
12.767999649
17.3095092773
21.4383354187
23.1957530975
23.4591674805
24.6133403778
21.2998199463
20.112745285
19.2144794464
22.4216194153
21.8464698792
23.6591339111
21.8776435852
18.2607650757
21.5757083893
22.3667945862
17.4347553253
16.4449882507
21.8852596283
19.6451301575
15.2097473145
17.8003540039
21.1386184692
49.1636276245
46.6674537659
41.7999954224
45.4710769653
46.5012016296
48.0604438782
47.4849891663
50.274974823
48.9906082153
43.4078140259
46.1809234619
43.7250289917
45.5621833801
41.6592979431
40.1203117371
38.0747680664
33.5275535583
39.9990348816
38.4064865112
34.0616950989
31.1359405518
34.4209480286
37.7350273132
37.5887832642
39.8517379761
41.2328300476
44.5114822388
46.6743545532
46.20337677
49.837310791
50.0396270752
46.5484886169
46.7836837769
42.1041221619
42.7077674866
42.6784133911
37.5785293579
40.10779953
36.9300880432
41.0996780396
42.5492019653
46.0547599792
48.2015113831
48.159286499
44.8022232056
45.5274810791
40.3865661621
42.8941879272
41.1594047546
36.1382064819
39.117149353
40.7467308044
36.5437049866
34.1858558655
37.1336021423
36.7337036133
32.8721466064
33.6253967285
38.0291481018
34.9772338867
31.0193538666
33.597869873
27.8536128998
29.0508480072
25.5995159149
27.1841964722
30.2069511414
34.4610595703
36.7879333496
39.4490242004
41.0532150269
42.8685264587
45.4703941345
45.2835693359
50.2345581055
50.8759765625
49.6777610779
47.685760498
44.9658470154
44.1211280823
38.3511810303
40.2757720947
36.0580024719
34.2895355225
36.0964622498
31.5031719208
34.0169525146
31.5994129181
29.1196269989
26.4348640442
22.4358253479
22.4190692902
26.4157962799
26.3691368103
22.1306018829
23.8932132721
28.7948646545
26.8187980652
29.3230781555
24.6770801544
29.4315223694
29.7725524902
24.8134174347
24.0329608917
20.2022857666
22.224401474
22.9991970062
19.1016368866
17.7817459106
23.1216030121
21.2122592926
17.198266983
19.3651657104
22.6244602203
18.9467086792
17.9136543274
21.8694496155
22.2448825836
19.4876403809
21.4160575867
26.4826126099
23.7038898468
21.0924396515
25.6391792297
28.5639839172
25.9132881165
26.1272315979
22.9649429321
22.3648548126
23.0354614258
21.4998035431
18.0016937256
18.953666687
20.2419986725
22.1821727753
23.7179584503
23.0228824615
27.1228313446
27.4533443451
30.1481952667
33.5146789551
31.7680053711
27.4278888702
28.2528362274
24.3115844727
27.2721405029
23.634054184
25.714723587
26.9847640991
29.1981678009
29.037065506
27.2297039032
27.8604755402
32.0184898376
31.819272995
27.9244098663
30.7081565857
28.0440425873
24.5979194641
22.9923553467
24.4839706421
24.9161758423
25.792224884
22.5852947235
25.9556617737
28.3895130157
26.2717113495
26.8014945984
22.0699424744
20.0349445343
18.6881599426
16.5067443848
16.3331108093
16.1123390198
14.5492715836
14.3748416901
16.6174526215
18.8261432648
18.8766117096
21.2229442596
22.4175167084
24.4830932617
22.9458751678
21.4354019165
19.196805954
18.9807300568
15.242275238
15.9144935608
16.9424724579
12.6265668869
10.588807106
13.5048189163
13.1082391739
9.7845287323
11.7276353836
14.8101186752
11.7693119049
11.9847860336
15.9209833145
16.2715682983
14.7545995712
16.1658401489
20.5405273438
19.3563079834
18.0728569031
17.871673584
15.1211080551
12.9416017532
16.2726516724
19.6174659729
17.2367572784
21.315738678
20.6325092316
21.63788414
19.0450534821
15.5959539413
16.898235321
18.1189785004
14.1376066208
11.5545444489
15.4633693695
14.2320098877
9.09841156006
10.4430885315
7.13299274445
8.72080612183
10.1785125732
10.4550895691
11.872420311
16.0182495117
15.7608280182
12.5395679474
12.998875618
10.1923418045
12.1444015503
10.2804536819
6.25962781906
7.44546365738
8.34452056885
6.59695720673
6.21738910675
7.85531425476
6.52606964111
7.84497976303
12.4802789688
13.5028266907
14.2046518326
15.1651754379
11.8457860947
11.4207983017
11.7204856873
15.6926250458
16.4520130157
18.4698543549
15.8645057678
13.7982339859
19.0150108337
18.6565475464
14.9463186264
15.6322488785
20.5577716827
18.5162582397
16.1185398102
19.9545192719
22.6220817566
45.9259986877
42.5931777954
38.1907348633
43.229675293
42.642868042
43.721206665
46.2774085999
47.3685569763
43.5612106323
40.8574371338
43.5396957397
42.6626014709
42.8971595764
41.0719718933
40.043712616
37.0570678711
34.9183883667
39.986831665
38.9905967712
36.8642501831
32.8065986633
36.6273574829
38.0467414856
37.3978118896
39.9551811218
37.8073501587
41.6582298279
42.0288276672
41.4665756226
44.262588501
44.2217025757
39.1989707947
40.1562461853
35.7838859558
37.8160362244
38.8133239746
35.1327018738
38.7082710266
37.5191192627
41.8633842468
44.4645690918
47.8678283691
50.7362823486
51.1916122437
48.7349281311
49.7109031677
44.2787017822
45.4614143372
44.2306594849
39.8635940552
40.509223938
41.9379196167
38.7492523193
35.189414978
36.8211746216
36.4640655518
32.8433189392
32.2050590515
35.8078079224
32.7094268799
28.2502384186
27.9278869629
21.8893432617
21.8011016846
19.5943374634
23.6092834473
27.3033103943
29.6259250641
33.5812454224
34.9741363525
38.037197113
40.8728561401
44.117816925
44.8348655701
48.9398040771
50.5553359985
50.3992881775
47.8972587585
45.738368988
43.1394767761
37.5594177246
37.5843353271
33.147354126
29.6337108612
32.1145591736
27.2291870117
29.4359340668
27.1620159149
27.145860672
26.5532035828
21.4157142639
24.4942207336
27.406375885
23.398065567
21.1962432861
26.1819572449
28.1207275391
24.0295009613
24.5978660583
22.1328334808
23.1261444092
22.8636322021
19.1981239319
16.4050292969
12.9822053909
12.1931362152
14.8930587769
13.7619056702
8.70854091644
13.4369287491
15.4466304779
11.8284778595
10.5704622269
15.4410228729
15.7012729645
13.091799736
15.6354293823
18.4460258484
18.4314670563
16.75507164
22.5792942047
22.7004966736
20.4800338745
22.0943012238
26.7616500854
27.1515731812
27.2176876068
26.8007106781
25.2085952759
28.9605636597
26.6920948029
21.4375324249
22.3473701477
22.1697845459
26.3381538391
25.7285900116
22.5211772919
24.8745517731
23.4060344696
24.2868862152
26.2066345215
22.8690109253
19.6806697845
21.2762737274
19.2161827087
22.8985214233
22.0321044922
25.6752929688
29.1011371613
30.736738205
33.0942840576
31.7857723236
34.4427108765
37.9934959412
36.6493759155
33.7664871216
37.6305732727
36.3832817078
33.746547699
31.1240520477
32.1875343323
35.4130096436
37.184387207
35.0547866821
38.3786087036
39.9110183716
37.0632019043
35.9683456421
32.202041626
28.7684135437
29.7180919647
26.8320407867
24.1190490723
26.4210968018
25.458152771
26.9817390442
27.674571991
29.3255672455
30.8877868652
33.6451034546
34.0687103271
34.451385498
32.2205657959
29.2946853638
25.5100326538
22.628118515
21.0468902588
23.3390483856
21.667301178
17.8283805847
20.9361171722
19.8247356415
14.8785886765
15.7631874084
18.8723316193
17.3245067596
13.2005443573
18.3558044434
19.6160259247
15.5836782455
15.2842998505
19.0229301453
19.5627689362
22.3861503601
23.3291397095
25.4384765625
23.9336719513
24.6312618256
26.3001213074
30.7165565491
29.6904354095
33.8810539246
32.506111145
35.1366157532
33.0207595825
29.0525608063
31.0253677368
33.3089332581
29.0460395813
26.1298866272
30.6511058807
29.8389930725
24.5506343842
24.9172286987
21.6800689697
20.1640357971
20.257194519
15.2097511292
15.9419031143
18.5205287933
14.1106529236
11.8891601562
8.81488895416
10.5428676605
6.0160651207
7.94482517242
13.2497758865
10.0648965836
9.80366516113
13.1848735809
16.1185417175
14.3901014328
15.684258461
17.9321937561
19.4195632935
26.00573349
24.1701908112
23.3322181702
22.7889080048
20.3366527557
19.6458969116
14.9418649673
15.8055725098
16.129234314
14.2850542068
13.4018287659
11.0130395889
10.7235622406
10.4005041122
6.16006946564
6.59773588181
8.14835643768
5.55664920807
5.16423177719
8.97001457214
