41.2305450439
40.025970459
38.0250358582
37.9225082397
36.254322052
35.5385475159
34.6051101685
34.1884918213
34.1513900757
34.4705810547
35.5884246826
35.4285507202
37.0110054016
37.7392425537
31.5154075623
40.8417434692
40.1401939392
33.8712730408
37.6400527954
38.0719261169
36.7099685669
37.3037147522
37.454864502
35.7427711487
36.5197181702
35.0257492065
35.2041549683
35.545841217
35.2918434143
36.7682151794
37.2690238953
40.794216156
41.6993331909
39.9291572571
37.1334762573
37.4261207581
36.7991828918
37.4107513428
37.2364006042
35.4756240845
36.4158477783
35.3156280518
36.6003761292
37.4613456726
35.759223938
37.7871742249
37.5437850952
37.9733314514
39.0332527161
39.505405426
38.2420883179
38.2951011658
39.0483093262
38.3373794556
40.7729644775
39.8645324707
42.2209739685
41.0355072021
38.603767395
38.8887252808
36.9288253784
36.0556907654
35.6520195007
34.6824150085
34.0044250488
34.916229248
35.1409034729
35.543800354
34.0878257751
34.8314552307
33.9782218933
34.4071769714
34.3536262512
33.9459724426
34.07970047
34.7366218567
34.3754501343
34.0825004578
34.4533004761
34.5051994324
33.9524307251
34.2300415039
34.40807724
35.5400505066
36.4424247742
37.81016922
39.579498291
39.4679756165
37.521282196
35.7890510559
35.3598327637
34.4055976868
34.1418190002
34.0099143982
33.9082260132
33.9486503601
34.4129066467
35.5454559326
35.3689804077
34.5805015564
34.6721229553
36.4473609924
36.008354187
35.3483581543
35.9051322937
38.2052001953
37.9315185547
37.0382156372
38.2077522278
39.9698486328
39.6608009338
39.6667480469
41.96509552
44.4973106384
42.3170928955
44.5576629639
42.9498519897
41.1772918701
39.6738548279
41.167224884
39.5818634033
35.7085647583
34.7149963379
34.5897598267
34.3371353149
34.4181556702
36.7711448669
36.864982605
39.4138526917
39.4920539856
38.7197875977
35.6719779968
36.2905578613
35.5858001709
37.2597351074
39.2272987366
38.9420051575
40.7854995728
39.5896835327
38.0729217529
40.1388664246
38.6246414185
39.9615364075
37.5614471436
36.9377822876
37.3951950073
40.4744262695
38.9248733521
15.2178916931
28.3007469177
25.3462429047
24.8673286438
26.1964874268
25.7873191833
24.7732620239
25.1777534485
25.20362854
26.4536266327
27.7892665863
29.4786491394
32.5058021545
32.6773414612
34.2916946411
36.790851593
38.8899421692
39.4925880432
41.9466743469
40.5134506226
37.9074707031
36.3366699219
34.2246780396
32.2154464722
30.5290279388
29.2754421234
26.6563720703
26.7111339569
25.53881073
26.4520626068
25.4095039368
26.3476867676
26.2842521667
29.3066158295
28.7261619568
28.0778713226
27.0838432312
28.5423774719
26.9640827179
28.1016273499
25.7860088348
27.3501777649
26.0289459229
27.6915493011
28.7639522552
26.2992744446
27.3413524628
26.3560352325
27.8458347321
29.3395767212
29.3538303375
29.7724552155
29.5971641541
30.1790714264
30.7786560059
32.2230758667
31.1817169189
34.500087738
35.0223808289
33.3026390076
36.5724830627
35.0942955017
32.6700286865
34.263168335
33.3258247375
33.6085929871
35.5338821411
33.8939285278
33.4331932068
26.2028465271
25.5275173187
24.9397735596
24.7610359192
25.4812831879
25.2406539917
24.9537849426
25.5316886902
26.8476524353
26.8723297119
28.820526123
29.3555812836
30.7948284149
29.8115501404
33.3248825073
31.7988910675
34.9431495667
34.4177513123
37.8968582153
36.427822113
36.0400543213
34.8979301453
31.3203735352
32.7074508667
28.9505729675
29.1659927368
27.4358444214
26.5149917603
27.4493713379
30.1435661316
28.6144104004
26.989938736
29.822227478
30.6693305969
27.9551753998
27.1404075623
30.7296180725
31.2737197876
29.0620136261
29.8394508362
33.101436615
31.9151573181
30.6622409821
33.4033470154
35.8978614807
37.408618927
36.4342308044
40.2285232544
40.1955604553
38.4906806946
39.7437133789
42.5588531494
42.7471504211
38.311340332
39.4066505432
38.14894104
37.5279273987
34.9423484802
38.511554718
37.9924812317
40.0256614685
41.6897125244
42.3728942871
39.902015686
39.8344535828
41.3666000366
43.8261680603
44.6701545715
44.4826126099
44.4628143311
42.8942527771
39.2585906982
41.9834060669
42.4479866028
44.0382499695
42.3430976868
43.0332641602
42.1915245056
43.3668823242
39.8512420654
42.620967865
25.3462371826
25.558889389
22.3880729675
23.5157966614
23.134803772
22.4445266724
22.8784656525
23.148519516
24.3950080872
26.1135559082
28.2914333344
31.3337650299
31.8317070007
33.6136398315
36.2502288818
38.5566902161
39.0930671692
41.5650978088
40.1123580933
37.3290710449
35.7673950195
33.2934684753
31.3800926208
29.2709827423
28.2640628815
25.1849575043
25.2978458405
23.9574756622
24.7910709381
23.8065395355
24.3958263397
24.9940662384
27.4129695892
29.076379776
28.3091335297
26.8891601562
26.0961399078
27.6212425232
26.0859031677
27.3034877777
24.3281936646
26.3881263733
24.6155147552
26.684961319
27.9602031708
24.8595027924
26.2755241394
25.336681366
27.1486473083
28.9126815796
29.0476894379
29.2139701843
29.0641326904
29.7693901062
30.086681366
31.9353427887
30.3210201263
34.1018104553
34.5783462524
32.228843689
35.4496231079
33.6054191589
30.8496646881
32.2846221924
31.1772975922
31.6952400208
33.5931282043
31.8614406586
31.7039966583
23.1397323608
22.6052646637
22.3434391022
22.3243274689
22.8485603333
22.5854988098
22.7625026703
23.4796485901
24.4526424408
24.755941391
26.4645900726
26.8308887482
28.7060966492
27.7879638672
31.6675243378
30.3988380432
33.7428894043
33.6328735352
37.3909187317
35.990688324
35.246925354
33.8420295715
30.0942993164
31.3132953644
27.2770404816
25.0272769928
23.94465065
24.626121521
27.2874584198
25.5384521484
24.191368103
27.291683197
27.8132133484
24.9888134003
24.7491264343
28.3697509766
28.6188602448
26.538022995
27.8826332092
31.0160045624
29.7901420593
29.0307731628
31.9506435394
34.1390113831
36.1047325134
35.4544944763
39.483543396
39.4200668335
37.2490386963
38.45677948
41.13438797
41.3353767395
36.6249656677
38.0458221436
36.42445755
35.9422340393
33.4348220825
37.5828285217
36.9015693665
39.1969528198
40.9524040222
41.4317169189
38.7763214111
38.4829177856
39.9329032898
42.599319458
43.6155662537
43.5160217285
43.7675209045
42.1750602722
38.525428772
41.3176345825
41.5437698364
42.9769821167
41.066986084
41.6061172485
40.5196380615
41.6440238953
38.0068778992
40.6355857849
24.8673267365
22.3880691528
20.7815570831
21.068857193
19.8052082062
18.5631828308
19.0772705078
19.2878475189
20.8531589508
22.7067966461
25.1380577087
28.5024795532
28.9660301208
30.9885730743
33.7041015625
36.1299591064
36.6822471619
39.294254303
37.7566604614
34.8329429626
33.1409606934
30.557767868
28.4075145721
26.1827945709
24.958278656
21.5299282074
21.7063446045
20.2122612
21.3163585663
20.3915843964
21.7149143219
23.242307663
26.4547767639
28.1185874939
26.4577198029
24.2716884613
23.1634712219
24.5652065277
22.8245506287
23.8709220886
20.5289306641
22.8234901428
20.8214149475
23.1260986328
24.6362094879
21.2097797394
22.8798408508
21.980222702
23.8264884949
25.7806663513
26.2516040802
26.1486949921
26.2803554535
27.3719425201
27.8498401642
30.2589530945
28.7341365814
32.8361282349
32.9331626892
30.386384964
33.7315559387
31.646528244
28.6474952698
30.0919570923
28.748916626
29.1823425293
31.2350997925
29.3530673981
29.0891551971
19.6806259155
19.0048122406
18.4989433289
18.4302024841
19.1864109039
18.8285427094
18.8647174835
19.7497730255
21.1216316223
21.2556495667
23.3723297119
23.8507843018
25.8632259369
24.9228649139
29.2320346832
27.953119278
31.6454200745
31.4875087738
35.5527420044
33.9083328247
33.0353736877
31.4616069794
27.3826599121
28.6231594086
24.0726966858
24.1307945251
21.6999778748
20.4529380798
21.3685359955
24.4950962067
22.5834846497
20.8927555084
24.4450721741
25.2635498047
22.0779800415
25.9204158783
26.4939651489
24.4158153534
25.6483135223
29.1735839844
28.3296661377
27.5599861145
30.4298820496
32.9659194946
35.283290863
34.2618103027
38.4208374023
38.1207275391
35.8611335754
36.8763237
39.6740150452
39.7235069275
34.6546974182
36.0255432129
34.3156929016
33.70835495
30.9237289429
35.2862091064
34.5432090759
36.9184913635
38.7943229675
39.356754303
36.6686668396
36.329536438
37.9392852783
40.7246551514
41.7149124146
41.6637802124
41.820526123
40.237361908
36.3786582947
39.4776344299
39.7183570862
41.3366317749
39.3155326843
39.8266487122
38.7543411255
40.0681533813
36.3178672791
39.0331687927
26.1964874268
23.5157966614
21.0688591003
21.312707901
19.3327655792
19.7963829041
19.803609848
20.542098999
21.5048809052
23.9769134521
26.5836467743
29.6813430786
30.6089725494
32.4346237183
35.3264312744
37.9399337769
38.489528656
40.9663200378
39.6465873718
36.662979126
35.1111755371
32.1857719421
30.3776931763
27.7797527313
27.0123214722
23.4419898987
23.4584980011
22.0898113251
22.4541320801
22.006313324
21.611951828
23.6714935303
26.0460414886
28.5502376556
27.4737167358
24.8838768005
24.7012996674
26.2093753815
25.126625061
26.4108390808
22.7432613373
25.4645500183
23.0520858765
25.6377067566
27.3399105072
23.5052242279
25.4965381622
24.6317024231
26.5497512817
28.4973697662
28.6460971832
28.4103775024
28.1345424652
28.8639774323
28.6240367889
30.9651508331
28.558380127
32.9266777039
33.3035469055
30.0757160187
33.2514724731
30.9511089325
27.7442131042
29.114358902
27.9720954895
28.9482746124
31.0064334869
29.3311405182
29.7276821136
19.2263774872
19.0643997192
19.0642318726
19.5145702362
19.8319721222
19.2860050201
20.1741867065
21.3373699188
21.9816055298
22.1943130493
23.6454677582
23.5813045502
25.8141975403
24.657989502
28.9811306
27.9243030548
31.5100212097
31.9757289886
36.0779151917
34.8508071899
33.6607933044
31.9813842773
28.0252475739
29.1733608246
24.50740242
24.7627391815
21.7553462982
20.6374015808
20.8875579834
23.4741821289
21.3269577026
20.2160243988
23.6351261139
23.6416110992
20.6842060089
21.02202034
24.5927066803
24.5461883545
22.5284061432
24.5150814056
27.5728931427
26.4682121277
26.2868289948
29.3214740753
33.9815330505
33.4976158142
37.8463363647
37.7036056519
34.9254608154
36.1112861633
38.6859931946
38.9609642029
33.9490852356
35.8546600342
33.8809509277
33.6844291687
31.347278595
36.1341743469
35.4561500549
38.1399269104
39.8285942078
40.0740814209
37.0056533813
36.6894989014
37.8861351013
40.7717704773
42.0813179016
41.9348754883
42.5697822571
40.8279190063
37.1429176331
39.9084510803
39.8662261963
41.0689315796
38.916595459
39.3778762817
37.978729248
38.9568748474
35.0710487366
37.5401878357
