23.6058635712
21.5685081482
20.6750659943
16.9093875885
17.1130447388
14.1379013062
17.7530059814
16.5397663116
19.7407512665
19.0513381958
20.956199646
24.3896598816
28.7742614746
27.8316287994
21.2092647552
23.8814620972
30.1852531433
24.5140533447
22.4565162659
23.5746212006
21.8032875061
16.6949157715
15.8072681427
12.7429513931
11.440946579
12.1797351837
13.1428346634
15.080701828
16.2940998077
11.6743583679
17.8777694702
18.9054374695
18.9043922424
17.8111534119
13.3265218735
9.29525852203
9.23816871643
14.9017086029
11.7251729965
18.6453514099
18.274269104
16.5738735199
15.5915489197
16.453584671
17.3817157745
17.6941452026
21.79429245
22.5147724152
25.7124214172
25.0152206421
23.9048633575
25.6731052399
26.7398357391
27.4732208252
19.2465019226
22.0439968109
23.8963088989
26.6794242859
25.9399204254
27.0635700226
31.5989990234
29.7954006195
30.5888938904
33.5179252625
34.2884063721
37.7602157593
37.3666877747
34.3265113831
33.7261276245
30.3365001678
27.3463134766
24.3257522583
24.0397567749
24.9550075531
21.6020584106
20.3266487122
20.4747886658
22.2423171997
23.7518730164
23.5697917938
25.0291175842
24.0203590393
23.6259059906
25.0667972565
24.9924373627
38.2308006287
38.4059753418
38.1958351135
34.1927452087
31.8424320221
31.9849414825
27.998342514
28.6539039612
29.5884399414
26.3177909851
28.0086116791
31.2240982056
31.1292171478
30.8441753387
30.9950447083
33.8243103027
33.8192100525
33.0008621216
36.428981781
39.4914741516
38.5215110779
36.4465179443
37.1009559631
40.1916236877
40.0720977783
41.7606773376
42.0392417908
40.9496269226
48.2792739868
42.6977996826
42.1373062134
38.5116653442
40.2559127808
36.4801673889
38.1089744568
35.1307449341
35.5659637451
34.3618278503
31.7492675781
34.2570266724
34.4118652344
36.5114974976
37.3631858826
36.2220153809
38.2482414246
40.7597236633
36.3040351868
38.52602005
44.0485305786
44.8444671631
47.5629882812
44.2286605835
47.1626014709
44.473690033
43.2027397156
45.4237937927
41.7070465088
40.2984085083
42.5713424683
39.7586212158
44.427947998
43.5076446533
40.5640983582
46.0920219421
26.4576034546
37.7715682983
55.8324813843
35.9354972839
39.0816268921
40.5533065796
42.6004333496
40.2176437378
43.6681632996
39.3383865356
40.424156189
43.1810646057
42.4608612061
43.7247428894
42.2773094177
43.1132011414
45.5740203857
40.6941223145
39.9765625
37.536190033
39.9779281616
35.5814552307
35.8473548889
41.3993682861
40.461566925
36.4144172668
38.9755783081
40.4650688171
35.1981315613
33.0207138062
42.8316040039
38.5751876831
33.6679496765
35.2422409058
38.3385543823
36.8027839661
37.1688995361
37.110042572
41.6864128113
41.6731987
37.5144309998
35.5138931274
34.6005706787
30.0990772247
31.4919128418
31.9604797363
30.5529956818
28.368730545
30.5528049469
31.2345275879
32.1692733765
33.3975410461
34.4791374207
35.5155754089
37.0607261658
41.1758728027
42.0944061279
44.6380462646
43.7677688599
48.5492362976
46.6678199768
53.0049934387
52.2416610718
48.0393638611
45.7521858215
47.0611877441
42.1137466431
44.2886581421
39.3012695312
39.908164978
38.5830001831
35.7420425415
32.7464637756
30.9233970642
29.269657135
26.9392223358
27.615732193
24.7128772736
28.7632808685
29.1279392242
20.8987197876
22.9729194641
34.0845451355
30.588973999
30.4391155243
32.1061401367
28.3800582886
25.9870109558
29.2793235779
27.5992183685
23.9643535614
24.1860923767
26.8759479523
24.1097126007
22.1546497345
26.041437149
25.7842960358
22.0908050537
21.6903190613
25.3583183289
25.4229030609
22.0752239227
23.5350799561
28.4322814941
28.1776599884
31.7884025574
32.4236106873
30.0435066223
30.1853885651
31.4679641724
34.4945983887
32.2435417175
31.6129379272
35.18800354
29.6751079559
30.1167087555
35.8081359863
34.1669807434
30.7318553925
33.5886192322
34.8218193054
30.867515564
28.488735199
31.2602462769
31.042388916
30.1539096832
28.78997612
25.5132083893
23.885389328
21.2464141846
18.7300796509
18.4167957306
15.4273586273
16.9192714691
14.1028699875
15.8365812302
15.5185194016
16.9415931702
17.6582431793
20.7608375549
18.2696075439
15.1093797684
17.5475826263
17.8965263367
13.516957283
12.4190273285
15.4982156754
14.5879945755
10.9046468735
12.842924118
17.4668426514
13.9648571014
12.1259403229
17.2178115845
17.561340332
16.5261287689
14.9831981659
12.692656517
12.9001951218
8.92657661438
11.9024810791
13.6977033615
14.1604251862
18.6183567047
16.9206943512
14.6051483154
12.7963571548
9.60661125183
8.47354888916
8.42651176453
10.1208362579
14.5816631317
13.298661232
18.3546676636
21.272562027
25.3750228882
25.3518791199
19.8585643768
22.5315303802
28.5635662079
24.5583992004
24.2087936401
24.1615581512
23.9932460785
17.135509491
18.6840114594
14.0359983444
13.6697864532
9.71812057495
12.079826355
9.11695194244
12.8408479691
12.8230857849
25.9741668701
26.4437732697
27.0660839081
25.9384975433
21.7512760162
18.4793720245
15.5915498734
16.0272312164
16.8559303284
12.0730276108
13.46342659
10.3590011597
10.2341909409
8.25736045837
11.7789268494
11.5139341354
11.4110250473
12.3835706711
14.3651304245
12.7313623428
12.1053247452
13.3249425888
14.9645795822
15.3548870087
9.29358005524
10.8565855026
13.9498977661
14.9219913483
16.967924118
17.6511554718
21.1476478577
20.5722045898
22.2627239227
24.1494503021
24.4096641541
28.2142944336
28.6086101532
25.6698989868
25.6412410736
22.1667079926
19.2826881409
15.1063280106
17.846364975
18.1852588654
18.2628669739
18.0123176575
18.6388187408
19.145942688
19.5174980164
18.3969135284
17.7274990082
17.497341156
17.2920455933
15.7476654053
15.1833715439
27.2721328735
27.0499401093
26.0978126526
24.0816078186
20.3834514618
20.5362529755
17.1469211578
18.5111103058
18.3539352417
15.8372888565
16.7737922668
20.3307056427
19.750837326
18.9978160858
19.4332027435
23.5032730103
21.6553859711
21.203874588
25.4629421234
27.9323444366
26.6163711548
24.6311302185
27.043844223
28.7512493134
28.1916542053
30.751783371
32.306930542
30.9821853638
37.4717674255
31.5088596344
31.27942276
28.7254695892
30.8722743988
27.5851135254
28.9663028717
26.3095550537
28.5662727356
27.5594863892
26.186788559
30.1807022095
31.6061267853
33.3642654419
33.7436714172
31.558052063
33.2161140442
33.1443595886
28.5911521912
29.8005847931
35.7871360779
35.8231887817
39.7218399048
36.3438453674
39.3084945679
38.5810089111
37.9813652039
39.3205947876
36.61769104
33.7302207947
36.8425140381
34.8648872375
38.9410934448
38.1816673279
35.4663238525
40.3455162048
25.4269962311
29.4549713135
45.2850074768
31.5901660919
32.5939712524
34.2170677185
36.5011749268
32.9124603271
36.692653656
32.9601821899
32.7922897339
34.0469894409
33.001209259
33.6627998352
33.3435630798
32.3037109375
34.7616348267
29.0216312408
28.4020023346
27.0474853516
29.0544433594
24.7041873932
25.3142185211
30.6918621063
30.1763134003
26.3249969482
29.6497783661
31.7911281586
26.197467804
25.73985672
34.4826622009
31.5681362152
26.0284976959
28.9219837189
33.0297737122
30.107421875
31.2848167419
33.3598556519
35.9688529968
36.4094581604
34.144443512
30.8942871094
30.6362609863
23.6306781769
26.9291496277
28.7103099823
25.4473648071
23.110994339
23.5878829956
24.3632507324
22.5969619751
23.8345508575
25.9447078705
26.8138961792
26.457654953
31.0738964081
31.5892906189
34.878528595
33.7352714539
38.1154670715
36.1382751465
42.7138595581
42.6069526672
38.7057304382
36.2661552429
37.1621284485
33.8383407593
34.6348838806
29.608549118
31.2196617126
28.4806251526
26.8754558563
22.7088298798
23.0375080109
19.5543289185
21.0139980316
20.479467392
19.7912998199
23.9829673767
25.0266475677
20.0905380249
22.6297683716
33.7023353577
30.7092552185
31.0235042572
31.0781841278
27.0137577057
26.831735611
29.2794723511
26.0329265594
22.5828647614
25.234746933
26.1968898773
21.7852935791
21.9724979401
26.7839260101
24.0742588043
20.156627655
22.481798172
25.141992569
23.187078476
21.5222225189
25.1308879852
27.2390727997
28.8135814667
31.9356174469
32.4649581909
28.6075782776
29.3738441467
28.398393631
32.7035446167
31.586025238
29.205406189
31.5174350739
25.3688201904
26.634016037
31.7498416901
28.5233249664
24.7689990997
28.9425888062
28.3440914154
24.0245628357
23.3891849518
26.4229984283
25.7628650665
24.5271511078
22.0515594482
17.4442501068
17.3558616638
13.5201005936
13.0372896194
10.1711273193
10.3789682388
11.6234693527
11.6016626358
14.709728241
14.7811965942
18.2185249329
21.287481308
23.0677394867
19.8361988068
20.4663505554
22.5578155518
20.1170158386
15.9791612625
18.4826202393
19.1200008392
15.5199995041
14.3014173508
18.8113269806
18.2163982391
14.8982477188
17.237651825
20.7908115387
18.1889419556
16.3337688446
19.2757740021
15.7975549698
19.2809772491
17.6949138641
16.799539566
20.3719825745
20.0804862976
21.5334415436
18.9896831512
20.0388412476
16.4280357361
16.0760536194
15.0915002823
16.1482753754
16.3212337494
18.7297935486
19.297000885
23.4558639526
24.1804885864
28.2521896362
27.1196689606
21.4586105347
27.0249938965
30.2638320923
25.0906944275
27.1526317596
28.3230228424
28.1078605652
23.9850330353
23.2090816498
20.8218040466
23.1530990601
20.2843723297
24.4578495026
21.8431529999
26.1612968445
24.5432281494
29.6334171295
31.9061069489
32.511089325
29.9230518341
27.3202533722
21.5534381866
21.6020526886
19.5046768188
23.4245414734
17.6523456573
20.9487266541
21.019733429
22.1181507111
18.2628746033
18.0365333557
21.9136180878
23.2615737915
23.5722026825
23.6301021576
22.2893161774
23.3111782074
24.2673816681
23.0158596039
23.1948699951
26.0675296783
20.2814846039
18.7369060516
20.4688625336
23.1242923737
24.8725700378
22.1591873169
26.5722408295
26.9971790314
26.6992969513
27.5890369415
28.7882652283
32.2919502258
32.1673126221
27.6655158997
24.8999671936
23.3282585144
17.431476593
16.5476665497
14.7747869492
16.1430797577
14.3987932205
14.8537015915
15.2730865479
20.2522468567
18.3075866699
19.9421272278
14.9293231964
16.4863853455
19.4831314087
18.8792705536
32.4186515808
32.4699325562
32.4082221985
31.9818019867
26.6817951202
26.0876808167
25.557346344
25.0170822144
24.5144538879
18.9932441711
20.903591156
22.4322891235
22.2123298645
25.5567131042
24.0929851532
27.0557231903
27.7058162689
27.964214325
30.0262374878
31.5096340179
33.1584510803
31.1226425171
30.5699520111
33.0583152771
34.8790664673
36.5248069763
38.0275001526
35.5209083557
40.1570281982
34.1551856995
33.108341217
30.1950683594
30.3684883118
26.8550033569
27.1067619324
23.4447746277
24.1089992523
21.3992290497
19.6043395996
20.7306404114
23.0986156464
25.0766963959
25.8357772827
24.5150699615
26.4134178162
28.5172328949
23.4287414551
25.277217865
31.5754585266
31.4581203461
36.4442062378
30.8070449829
34.9690322876
34.0534667969
32.5379180908
33.2233848572
29.1949310303
27.1127548218
29.3790836334
28.5124931335
32.2437133789
32.4129867554
30.7386436462
36.9528541565
36.4509468079
39.491191864
53.4138793945
28.5138263702
29.5337581635
29.6278514862
32.0449028015
27.7671394348
32.7687149048
29.9471111298
28.8301944733
30.6677722931
30.2723407745
32.3635826111
33.516784668
33.6088371277
36.1403579712
30.989692688
32.4359436035
29.0940685272
30.1157245636
25.8691139221
27.5964546204
30.5535850525
29.6202449799
26.0477600098
29.4479522705
29.9300327301
25.1806716919
22.6720848083
32.1471977234
25.6116161346
21.3675327301
24.3262939453
28.1340808868
25.0097866058
26.2091464996
28.0858669281
29.8351097107
29.4421138763
27.6379547119
25.7367362976
24.0558052063
18.7630119324
21.4941196442
20.4919204712
19.6680431366
15.7162218094
19.912727356
21.0167770386
20.4255886078
22.8244915009
26.8603038788
26.0250453949
28.0595493317
31.4647712708
34.2180404663
37.1980209351
37.9696311951
42.1852798462
40.6303100586
47.7792549133
48.0768508911
44.6587600708
40.8071861267
40.2929229736
37.2976379395
36.7448768616
32.0137634277
32.3761901855
30.0089130402
26.2521152496
23.3469810486
21.7912654877
19.2828445435
17.8375530243
16.2930259705
13.4468860626
17.3229064941
19.1177082062
10.2739448547
13.7745313644
22.4979228973
19.5532360077
19.6625766754
19.7810554504
15.8665094376
15.6761817932
18.3249492645
15.2382574081
11.7100505829
15.0628957748
16.6709804535
13.3517150879
14.2763252258
18.6016464233
17.6077442169
15.3429460526
18.1913318634
20.8317279816
20.2033042908
20.5722904205
23.062128067
26.2132797241
25.1637573242
27.6537647247
26.0367088318
22.679271698
21.6583366394
21.9324321747
24.6138000488
22.1036987305
19.4511432648
21.9343891144
16.5205802917
18.4530735016
23.940946579
21.1799526215
18.8082714081
23.1160030365
24.2318916321
21.0587081909
19.3667449951
23.4647407532
24.3804931641
25.0855617523
22.6212940216
21.3000125885
17.2284221649
14.7729616165
11.7048015594
11.3508195877
9.92333316803
10.459728241
13.3175611496
16.0611629486
18.8953933716
20.0486412048
22.2422180176
21.7229881287
17.7820072174
19.1196937561
18.5626010895
14.1802406311
14.2402830124
16.083240509
12.8321285248
10.3241300583
13.3814611435
15.0627145767
10.4969081879
12.046037674
16.6008415222
15.1196870804
14.6164979935
17.2789325714
19.9259548187
19.9396095276
23.5855312347
23.3635025024
25.6676139832
29.2877120972
30.5686626434
28.0755004883
25.8422374725
25.214389801
21.677236557
19.4649982452
16.3790302277
14.7137985229
14.3579959869
13.2220649719
13.3820085526
17.3922214508
18.2043857574
21.7524242401
20.8670902252
15.8497600555
20.5115509033
23.7673168182
22.0272884369
22.4419517517
23.2922840118
23.4946594238
20.331495285
20.7217216492
18.2768726349
21.5160236359
19.9241447449
23.6698436737
22.0885486603
25.6823158264
25.9069061279
28.9940834045
29.8816070557
31.6876125336
29.6529102325
27.2632846832
24.4679660797
23.5697975159
23.1448326111
26.623922348
21.951757431
25.1200180054
22.8142490387
22.6274871826
18.3969097137
15.3743267059
17.3369941711
19.2360801697
20.0301055908
19.8220176697
19.2454013824
21.5934066772
22.0862846375
22.3401222229
23.4957466125
25.3703765869
21.951292038
21.0473079681
22.6510562897
25.3766803741
27.831079483
25.8288955688
29.6459827423
30.1555957794
31.6770362854
31.3343276978
31.8882541656
36.5154724121
36.8130187988
33.8629798889
31.3260917664
28.0632266998
24.5317974091
21.4389095306
21.7771759033
20.2058086395
18.3075866699
17.9366760254
13.761888504
14.5132827759
16.2218589783
16.0206336975
15.3292036057
16.1165084839
15.6000928879
17.4801750183
29.6844158173
28.8327407837
30.7740535736
29.3756465912
24.1514263153
22.8824901581
21.9664916992
21.0604686737
21.5118865967
19.9375686646
21.2910442352
23.4763832092
22.5967464447
24.2064151764
25.6161632538
28.288444519
27.5676593781
28.754863739
31.795003891
32.1411399841
32.6981925964
32.3616485596
32.934425354
33.4484291077
36.0135040283
37.7782173157
38.7239456177
38.4519042969
42.9060630798
36.2930870056
35.7232894897
32.2229957581
34.487739563
29.0925102234
30.846113205
26.1682949066
28.3789329529
25.0389080048
25.2375869751
25.8236160278
27.9877719879
32.0254974365
31.0830631256
29.8266086578
30.5847415924
31.3449440002
25.3792247772
28.6041698456
33.477596283
33.6729850769
38.2266616821
33.2806663513
36.1953010559
35.338634491
35.3080101013
36.7057762146
34.4263801575
33.1315727234
35.5194396973
34.9880981445
39.0878944397
39.8955345154
38.0127830505
43.8655281067
30.0446357727
31.9916248322
48.3230934143
36.0071563721
35.4643707275
36.7078475952
38.7766494751
33.7437744141
37.9623832703
35.0539779663
32.8047142029
34.0813560486
34.0818099976
34.6442070007
35.4945144653
34.59141922
37.0564575195
30.9160690308
31.3945522308
28.2506828308
31.0188694
26.8726139069
25.9018859863
29.9319210052
29.8955249786
25.4726409912
27.8840789795
29.7461185455
25.0446491241
21.7730617523
31.3804531097
27.1930904388
22.2875843048
23.4124679565
28.2396583557
26.0617618561
25.9988555908
28.151971817
30.4926834106
31.6148452759
28.9406528473
28.1135311127
24.5417690277
19.6700019836
22.6430912018
23.5166301727
23.4990558624
22.0981483459
23.8868522644
26.0372753143
23.4916687012
27.072889328
30.4121227264
29.9983043671
31.6035633087
36.4012107849
37.9684028625
41.6732292175
40.9285202026
44.5912322998
43.3187179565
49.9904327393
51.2187538147
47.4994277954
45.2296447754
45.1332397461
41.6798248291
40.9160881042
37.3430099487
37.3909263611
33.5294151306
31.3287715912
27.5029506683
26.7847213745
23.1597709656
23.1153945923
18.8327255249
18.9374771118
20.9470920563
21.8901863098
16.2812328339
16.9303359985
28.8054866791
26.0480594635
27.5797157288
27.7944202423
23.2108478546
24.3859291077
28.1422195435
24.9625835419
21.5641098022
25.5172157288
27.4818553925
24.0262413025
25.2388801575
29.5960273743
28.3752346039
25.6812419891
28.6082649231
31.4342899323
30.2625179291
30.1001911163
33.0316352844
35.9803314209
35.7399635315
38.4151039124
37.0580215454
33.4847068787
32.6194877625
32.3081665039
35.2313270569
32.717590332
29.4169178009
30.779384613
25.6690177917
28.5292263031
33.6011619568
29.6120414734
27.5540390015
32.8111534119
32.8421707153
29.4204502106
28.8219242096
32.9368896484
33.4045333862
33.510471344
30.5811023712
27.7064743042
25.2640686035
21.6042804718
19.4550189972
15.7496290207
14.2485866547
11.0375766754
12.0170307159
12.4052772522
14.6187505722
16.1440162659
19.2865982056
18.5504169464
15.4661188126
19.2138442993
19.9542427063
16.5192203522
15.3618249893
19.4793453217
18.705663681
15.887544632
18.1584758759
22.0703239441
20.3999958038
20.25897789
24.1670398712
24.6700973511
24.3491306305
25.5180702209
28.0325069427
26.4500865936
29.836435318
27.9673614502
29.4144382477
32.6510810852
32.4385795593
27.2822284698
29.0780334473
29.2644557953
31.9521369934
30.0647106171
33.6700248718
31.3716888428
33.8742866516
37.8884849548
37.791053772
42.6369743347
43.1547698975
45.6862220764
46.5440559387
44.6392784119
47.1568450928
50.2312240601
47.4339904785
50.3680419922
48.3243255615
49.3275642395
43.100025177
44.1528587341
41.7762947083
40.864276886
35.9353752136
37.8052864075
31.9264431
35.5254592896
37.0594596863
52.7165565491
53.2976264954
51.4597091675
49.9601860046
46.7990112305
43.6010818481
40.9496154785
40.5481796265
37.0745048523
35.5109901428
29.8778209686
30.8628158569
34.1077461243
30.9821834564
33.7764816284
37.9281196594
36.2204170227
33.1467018127
31.1786003113
29.1280975342
25.024684906
28.5352649689
28.5477313995
23.4736042023
24.2067565918
26.0734882355
24.6151027679
23.7292995453
19.6085510254
24.0127620697
22.8773918152
19.2774620056
19.5728435516
21.0790214539
20.3114318848
16.4614295959
18.4079589844
20.4269790649
18.9932003021
22.2821979523
24.7668323517
23.8030509949
24.8672714233
29.9569625854
32.7167167664
35.5209007263
37.4871292114
40.4574165344
38.6420822144
38.7645797729
38.4519042969
35.7613182068
34.270160675
32.4980506897
32.3672904968
30.9153785706
27.8062763214
27.6897010803
21.2559642792
27.6118450165
24.9295539856
26.8195762634
28.6572399139
30.6766586304
27.7378139496
25.3408412933
25.3213615417
23.533952713
22.6731681824
24.515630722
19.6065292358
21.1213855743
18.8404483795
17.9330158234
17.1947250366
16.8984355927
18.2275009155
14.5420379639
13.1275081635
14.569683075
13.9722709656
13.84907341
16.8023414612
14.5090761185
13.1820602417
16.3344917297
19.8145618439
21.3436908722
24.9955654144
25.2982215881
27.9833450317
31.6215724945
33.096988678
34.0156707764
39.1046676636
42.1164741516
40.0869064331
40.695350647
36.5421600342
38.0498771667
33.2541046143
32.3580436707
28.6101646423
33.6597061157
31.7265758514
36.8478088379
35.7456893921
38.0516967773
42.2943534851
41.9655532837
39.7829208374
39.134059906
33.1138839722
36.6033096313
36.1596755981
36.1342048645
34.8090133667
32.0029640198
34.2729873657
49.4526100159
41.1333885193
41.3216094971
32.2834701538
30.5760498047
30.7444648743
32.3334083557
29.7678871155
32.9282646179
31.769235611
30.3554000854
27.7207298279
24.5424137115
25.099981308
24.6959953308
22.3349266052
21.937543869
20.4674377441
22.4903335571
24.1400299072
22.541009903
22.4970283508
26.7509078979
27.0641536713
27.2390213013
28.4602355957
32.4074478149
32.5333404541
31.1497802734
34.3449668884
36.8184776306
35.5586051941
33.5748291016
38.6691932678
41.0771102905
37.8044166565
40.523021698
44.0746688843
43.1335525513
42.0623245239
45.4349784851
39.8037376404
43.1463661194
35.0353431702
39.3356437683
41.0618553162
35.7630119324
33.3143043518
31.1480998993
29.5267105103
24.4781703949
22.8974266052
23.4551887512
20.8654880524
15.8032360077
15.7014865875
13.6665897369
14.2460069656
14.7909088135
17.0204544067
17.1827163696
22.0443267822
23.4369773865
22.2799720764
18.4596672058
16.8197994232
17.8030166626
17.5916824341
14.3043308258
19.8798599243
19.1467208862
22.3874835968
21.218378067
26.4309635162
23.8937702179
31.5993022919
32.5091171265
34.248840332
36.9285011292
38.1824951172
39.3698272705
42.1451377869
46.3199386597
45.2053947449
44.8389511108
42.3652267456
40.6635665894
42.4004249573
41.2228775024
37.817199707
37.1940116882
40.0749702454
37.3973083496
33.7746696472
35.8493118286
38.6332626343
33.5695457458
32.3643035889
35.6667861938
34.8917007446
31.3138580322
32.9878883362
36.7346611023
33.1484794617
37.0311012268
37.7275047302
38.6947555542
34.6856002808
36.8731307983
32.496055603
37.0076408386
39.4365386963
36.4999923706
36.0927276611
32.64478302
32.828338623
33.1506385803
30.1224250793
27.8887004852
29.7601108551
25.3842391968
24.2756500244
27.5672073364
27.3752231598
25.9601688385
24.8755474091
23.2235279083
22.3989315033
25.5213279724
25.9610958099
29.4373550415
29.2016048431
32.9065322876
34.2773094177
37.3773193359
40.5972251892
41.6930885315
44.7385787964
48.0167732239
48.2734107971
44.7708816528
46.5858573914
47.3398323059
43.2888641357
41.4152450562
43.6143341064
41.8832397461
38.4515724182
38.8486862183
41.4700698853
37.0279884338
35.6844558716
38.440826416
39.470741272
34.9120750427
33.0170440674
37.7245178223
35.7589492798
39.5061721802
40.7433929443
38.5959320068
42.1407051086
42.8674201965
38.2715606689
36.9655303955
37.548740387
36.311416626
34.0650939941
33.9551811218
30.618429184
31.5697898865
31.4280567169
31.0147075653
34.8485031128
34.012348175
34.4622993469
34.689907074
33.8702163696
37.0774993896
36.7742881775
37.6633605957
40.3339500427
40.9376716614
41.7715187073
39.404209137
40.068107605
38.7788047791
41.2255744934
38.4513015747
41.8484916687
37.8209533691
42.0551109314
44.0120887756
48.9483833313
50.0594558716
50.6548194885
48.3158378601
46.6343841553
44.1958084106
42.8315925598
42.299533844
42.4480285645
39.6696357727
38.1132736206
37.0727767944
38.8593788147
34.4826545715
31.9965400696
35.1686553955
35.6151809692
33.9052238464
31.6337280273
28.0966396332
29.8527622223
32.6868629456
32.162902832
30.4331741333
32.7493515015
34.0194892883
31.0223712921
31.0983581543
31.7711906433
36.3905754089
32.5300865173
33.2842979431
35.5907859802
36.924659729
34.1906013489
33.902130127
38.088470459
38.5714797974
36.0875396729
32.9121284485
32.6735801697
29.3083324432
29.0972080231
31.0606555939
31.2458267212
32.147190094
34.2223243713
31.5617408752
28.9300518036
32.1276054382
31.3804607391
30.3121585846
27.6512565613
24.4785079956
25.7010269165
27.9159088135
27.2705440521
27.1028957367
29.2286720276
32.1679840088
26.3084716797
24.3450222015
28.2271347046
27.3492298126
25.9710216522
25.4106082916
26.5327224731
24.2387828827
22.7325344086
27.9962482452
27.4733791351
27.8141078949
27.7131614685
30.5284080505
31.4073867798
28.6893787384
32.3578681946
32.7726554871
32.6655464172
31.8209629059
34.9801445007
36.8214683533
38.5672416687
36.81848526
37.6972465515
31.8080177307
30.9279003143
28.9152832031
29.471529007
25.1699523926
25.9473648071
21.1905269623
25.6303920746
21.7060985565
26.2852745056
25.3908290863
29.927274704
33.4354896545
29.7873001099
27.9893703461
25.7612686157
23.4382095337
18.2916584015
19.7013530731
22.3572406769
20.7332782745
26.9094085693
22.1757545471
24.198425293
27.202960968
28.5006427765
28.0152759552
28.4799098969
27.2056427002
30.565366745
33.3633995056
34.896686554
37.7578964233
37.2935714722
41.9885673523
46.873210907
39.5467643738
47.5808143616
39.3156471252
35.2162818909
34.8902015686
35.6328315735
28.9986820221
32.4938774109
30.2983474731
26.7959976196
24.3909225464
26.1871109009
25.4610977173
29.1927814484
28.0832290649
29.2606658936
24.8953380585
27.9182910919
24.8779697418
23.9274845123
22.4019165039
21.9418544769
19.9243087769
21.2809486389
19.6520767212
19.2804031372
19.0055732727
17.8405799866
16.5892868042
16.8405342102
17.0136890411
17.5753192902
20.2577857971
20.1458969116
21.7695083618
23.7948074341
22.9599075317
25.5916481018
28.0733013153
27.176486969
25.3841094971
21.7092685699
28.5241527557
28.0554904938
26.7587852478
26.4951839447
25.8731899261
27.1650180817
21.7644176483
25.5790500641
30.3498764038
28.9389705658
29.6182842255
32.3746643066
35.1886672974
38.3353233337
39.6023445129
41.5457191467
41.2439308167
47.0455589294
49.3718566895
47.1587524414
44.4133987427
42.4651107788
41.5384597778
38.4742012024
36.4368438721
36.3105010986
31.89727211
31.1664180756
28.3447761536
29.8318481445
25.9661102295
29.8572158813
24.809633255
28.2973957062
28.761007309
31.3799858093
31.0734939575
30.9514427185
33.1535263062
33.1694602966
35.0182685852
32.5147438049
30.3740081787
34.7184410095
35.637966156
32.2856292725
31.9168682098
36.6536598206
35.92811203
33.4400062561
36.7228355408
39.4676513672
37.1021614075
36.5482177734
40.6983528137
41.4935798645
39.4130210876
41.7793273926
44.991733551
45.0780677795
45.4159660339
46.5200767517
44.2346725464
40.523651123
39.5738220215
37.2177581787
39.3668823242
38.3665733337
33.6137008667
31.3166751862
29.5958957672
33.1629104614
34.7420082092
29.5013980865
30.2623348236
35.4606208801
33.6923294067
32.55727005
34.4660415649
37.7403297424
38.5430297852
39.4681167603
36.34009552
35.3577079773
33.762676239
31.8992271423
32.2557296753
29.6052303314
31.5940952301
29.6750583649
32.8801002502
33.4490509033
35.2389907837
36.4949913025
39.4167060852
37.121295929
35.1096382141
39.6292572021
39.1326599121
34.9899177551
36.0037918091
39.5061721802
36.9784011841
34.6018981934
37.5812797546
40.3084182739
35.4779434204
36.9115028381
41.4526977539
40.0187339783
38.4864578247
39.8704795837
43.9308204651
42.9685058594
47.061794281
46.6371154785
47.2563514709
50.9864578247
51.1648139954
37.6521492004
40.1756095886
40.0033950806
43.6327819824
41.6901016235
45.9727325439
43.5063056946
46.4765052795
49.9408493042
50.0594406128
54.3964500427
54.7994842529
56.7844581604
58.0382003784
57.4527931213
58.9725379944
61.8574829102
60.1160736084
62.8480415344
59.3573455811
60.9634437561
54.8605422974
55.9793395996
53.9039268494
52.4591407776
47.5812721252
48.7128257751
43.1129570007
45.8276062012
48.2660598755
64.9539871216
64.6758346558
62.0042495728
60.8920440674
58.0241012573
55.9536132812
53.0049934387
52.5803604126
47.4919891357
47.4940910339
40.3956489563
41.4083099365
44.3264312744
42.7138519287
45.831577301
49.434261322
47.2611999512
43.1621589661
41.778503418
40.2155075073
35.6329078674
38.5148849487
38.7501106262
34.6458587646
33.5837593079
37.1902542114
36.2178611755
35.6189689636
30.3889541626
34.2622489929
34.2045135498
29.9196777344
29.5157871246
30.7313213348
30.8845729828
27.2970371246
25.8050136566
28.3294334412
28.168094635
33.2234077454
35.9999504089
36.4198760986
37.2368087769
42.3289833069
44.0541915894
47.7792434692
50.0393943787
53.5171585083
51.966835022
50.5327758789
49.9904327393
46.7508888245
46.6996040344
45.709487915
44.4835891724
42.5859184265
37.2923545837
37.3856239319
30.5406284332
36.930141449
36.0094680786
38.0599136353
39.1945724487
41.3379058838
38.7581787109
37.8628387451
37.2738189697
35.4973869324
35.4360923767
35.4150466919
31.4749107361
33.4563560486
30.0707187653
28.6752433777
28.6932201385
28.6739349365
27.4333057404
24.3421554565
25.1636314392
24.8958740234
21.4234790802
21.4547939301
24.500711441
22.0443344116
22.0813007355
24.9016475677
27.4215393066
32.2396888733
32.8861351013
37.7555389404
36.4571418762
40.6221618652
43.7697296143
46.173286438
46.9961585999
52.7633972168
55.3027954102
51.8781852722
53.5274238586
49.3779830933
50.9168243408
45.2321662903
45.6536140442
41.629447937
45.6564674377
44.0876731873
47.3892707825
48.2666893005
48.8638191223
53.8583450317
53.7673072815
51.4143943787
51.5725288391
45.5237388611
48.6817398071
47.6909332275
47.0596199036
44.6155548096
42.2000350952
42.07554245
58.2549629211
46.6978797913
39.7728500366
42.2956848145
40.5602493286
40.5334625244
42.4580574036
41.4146156311
43.0421943665
43.4115791321
42.3119735718
39.4186134338
36.1729888916
35.9052124023
36.2657051086
33.0623321533
32.3884391785
32.1255455017
32.9643669128
35.7029457092
34.4257469177
34.986076355
38.7978782654
38.8671836853
38.614151001
40.5010490417
43.8946800232
44.7702484131
43.5973320007
47.5945625305
47.0455551147
48.7556838989
47.006729126
51.9880714417
54.1348838806
50.9845314026
53.3528022766
57.3112030029
56.1674728394
54.104057312
58.2605895996
51.7218894958
56.1700057983
48.3665962219
50.7364959717
53.8296089172
48.0874061584
46.5262107849
43.2847518921
42.0527763367
37.8934745789
35.5144767761
35.8453063965
33.4231071472
28.1168861389
26.7530460358
23.1850376129
20.9776535034
20.0560321808
17.3547763824
14.5283002853
14.261464119
17.7938861847
17.1208152771
17.450296402
22.3126468658
23.6382656097
23.1426181793
29.4097366333
29.6111240387
33.5324668884
33.187953949
38.5674324036
36.2569198608
44.3595466614
45.4341392517
47.2556343079
48.9730529785
49.0752754211
53.0645484924
55.9603843689
60.0590133667
58.9958229065
58.4390106201
55.868637085
54.3687362671
55.955165863
54.3750419617
51.1083183289
50.6071090698
53.1864624023
50.137348175
46.6233673096
48.4619560242
50.9429321289
45.5816764832
44.5046195984
47.4140281677
46.0566520691
42.3447952271
43.8640480042
47.4252929688
42.4443130493
47.3315124512
47.551399231
49.4106063843
45.746471405
48.5817756653
43.9105987549
48.4282264709
51.6888809204
49.2200241089
48.8569259644
45.6911087036
45.289100647
44.8963012695
42.6869354248
40.3845825195
41.0635986328
36.5547370911
35.965297699
39.1893997192
37.777381897
35.8023796082
34.1333732605
33.5773582458
32.9974632263
37.2892608643
38.2533187866
42.1116790771
42.1051712036
45.9243278503
47.4874191284
50.3844947815
53.6238555908
54.3436050415
57.6316680908
60.9901542664
61.5359344482
58.1269454956
59.839302063
60.8351707458
56.8795280457
54.6604423523
56.8227958679
55.2859077454
51.7521247864
51.8176307678
54.4611167908
50.1319923401
48.4422035217
50.8343544006
52.1751213074
47.2064056396
44.6862869263
49.3974494934
47.3408622742
50.8641777039
52.4855194092
49.7517471313
53.0419273376
53.6686134338
23.8991966248
25.7685871124
27.5098762512
29.9315567017
29.1181430817
32.6015625
31.1251659393
32.8879547119
37.3866271973
37.5655784607
42.517288208
42.5628967285
45.6023139954
46.0994796753
43.3209838867
46.8420944214
49.7439842224
45.5144042969
49.19789505
47.8085479736
48.8112373352
42.9193305969
43.5252075195
41.1192359924
40.8944816589
35.8403892517
38.6048316956
32.695186615
37.0691261292
37.7050018311
51.1538314819
52.3630218506
50.9896697998
49.1832618713
46.2392883301
41.7365837097
39.9081611633
38.7173728943
36.8878440857
33.9879951477
29.7082424164
31.1344642639
34.6478614807
31.2196502686
33.7530059814
38.3745651245
37.3269691467
34.7546882629
33.2433891296
30.7122554779
27.7953052521
30.965171814
30.065864563
25.1777572632
27.5891189575
26.8712692261
24.5211105347
23.6069259644
21.2602233887
24.3729000092
21.4304580688
19.7683639526
20.6427974701
18.9231185913
18.028678894
17.3423137665
18.0553874969
17.1523342133
14.5717067719
15.443157196
20.5907669067
18.7200164795
22.202501297
25.8007316589
30.4604415894
32.3762016296
35.0560150146
37.8520126343
35.8966026306
37.5831871033
37.3909225464
35.2581634521
32.0795211792
30.649471283
32.3673286438
30.5426559448
31.8950023651
32.4320716858
27.4953250885
32.2219200134
28.3976745605
29.6791915894
31.4944934845
32.602180481
29.9231719971
24.8964767456
25.5131511688
23.620136261
23.3245925903
27.0087566376
20.9142055511
22.5481700897
23.2207679749
22.1629981995
20.3424892426
21.8218402863
25.1690330505
21.0041618347
19.3803825378
22.7590293884
22.9991512299
22.9054412842
25.9572296143
19.8798599243
20.7929344177
18.4302482605
17.6342697144
20.0034332275
18.0653514862
22.5417346954
22.167383194
24.8676795959
26.8142566681
28.9312362671
28.7033176422
33.3740081787
36.4462890625
33.9629058838
34.6323242188
30.3187065125
32.7357215881
29.2059402466
28.5797290802
25.1427173615
30.5393886566
29.0459117889
34.3706207275
31.965631485
36.1493453979
38.8082351685
37.5595321655
34.9508094788
33.3701629639
26.8667392731
29.6325035095
28.9636268616
28.4844360352
27.398431778
23.6041870117
27.0537643433
50.9432067871
45.6949691772
49.6069793701
24.5797939301
24.0356655121
23.8169956207
24.9416446686
23.517162323
27.6482791901
26.8724899292
25.1739330292
24.4471893311
20.7238540649
24.0583095551
24.3470115662
24.1211929321
24.9553718567
24.2725334167
26.9127521515
27.4593696594
24.3684673309
23.0727939606
28.5912208557
28.3145370483
27.4479885101
28.3781738281
32.5655937195
31.4433670044
29.8613929749
32.2781028748
36.3105010986
32.1447525024
30.5608501434
35.958946228
38.0063667297
34.5412750244
37.8027954102
40.8191986084
39.6829948425
38.3663406372
41.3899612427
36.4288673401
39.4971961975
32.2312698364
36.783454895
37.1756057739
32.0584373474
28.4172534943
27.7016792297
25.0781879425
21.3132171631
18.9739971161
20.4184341431
16.0652141571
13.8247718811
12.4322776794
14.9685707092
17.6650218964
20.3732414246
23.8345298767
23.7319965363
29.4097194672
29.4751739502
27.6608009338
21.8698673248
19.6449298859
19.3793125153
16.6799240112
12.549366951
15.614112854
16.6544952393
18.3283004761
21.5751533508
21.5070533752
27.4910163879
29.4660396576
30.2720623016
33.9864807129
36.2493476868
34.998714447
37.8979682922
39.9407501221
39.1464042664
38.3283081055
35.5980873108
34.7224731445
36.3553085327
34.229850769
31.207069397
31.4232997894
33.8457221985
30.4552288055
27.5928726196
29.931344986
31.8416519165
26.8255310059
26.7677440643
30.131155014
28.625328064
25.2614822388
28.2086238861
31.4991016388
27.5801448822
30.6223773956
30.6621360779
30.9568881989
27.1347885132
29.169626236
24.4773464203
28.592798233
31.5232391357
28.8171463013
28.2693195343
25.6511192322
25.1957645416
24.4955215454
22.2190303802
20.4609928131
21.2446289062
16.6155643463
16.8826751709
20.5214309692
19.8701114655
19.1493644714
19.4063529968
17.8537998199
19.6742610931
20.9510803223
22.6694698334
25.8850479126
26.880361557
30.400062561
31.9792118073
35.5536689758
38.8767318726
40.5933113098
43.1427955627
46.1027145386
45.9468536377
42.2611808777
43.9179534912
44.0119285583
39.7254219055
38.7681350708
40.550491333
38.0120811462
35.0606880188
36.0590324402
37.746547699
32.4218215942
32.1118621826
35.1279258728
34.7215156555
30.3897781372
29.6429214478
34.3469848633
33.6196784973
37.485534668
39.3455352783
38.4220542908
42.1213264465
43.5072135925
21.4935264587
20.817035675
24.9919643402
24.369474411
24.9261054993
26.6987609863
26.4355697632
26.7952423096
30.7344379425
31.403842926
36.4165496826
35.806854248
39.3274307251
38.5937690735
34.1201858521
40.1998786926
41.8700790405
36.056842804
40.7080421448
41.9411773682
42.1172027588
37.701171875
37.074596405
35.1148986816
37.0450973511
32.4431495667
37.2221984863
31.9058456421
37.5820732117
36.2591209412
43.4812698364
46.667766571
46.3305397034
43.3548927307
41.0414962769
34.1219482422
34.1669807434
31.8628005981
33.7215194702
28.4755840302
27.8771305084
29.8892612457
33.2575073242
28.5233249664
29.2270774841
34.7363586426
35.3749847412
34.1078109741
32.9976272583
29.2501163483
29.3865795135
32.3191337585
29.8777732849
26.7036838531
31.2891254425
26.8903141022
23.2809085846
23.2252941132
24.570526123
27.1951332092
21.8132781982
24.6403617859
26.1516513824
23.356754303
23.0326805115
24.63073349
27.0960159302
25.8872871399
19.682970047
14.4269008636
18.6405467987
11.5449848175
16.8904380798
15.9018545151
22.9374465942
21.1799545288
25.3845329285
26.4319057465
23.9819946289
30.264339447
29.6120414734
29.6265525818
22.7541694641
21.5867958069
26.9302501678
25.7829666138
34.0867843628
34.8429412842
33.0724449158
36.2214698792
29.6742858887
29.400188446
31.8680152893
31.3204479218
29.2013473511
21.0402793884
23.2505912781
21.2863388062
21.1870517731
28.3484287262
22.7605171204
24.4122085571
27.3610172272
27.6727809906
26.6327419281
27.3998470306
32.8307342529
29.3894138336
26.7602939606
30.1966781616
32.8915786743
33.5452690125
35.8431816101
30.1224269867
32.0038223267
26.9331531525
24.653470993
23.3155994415
19.2847652435
19.2313938141
16.9877128601
15.8395862579
14.2293176651
14.3625621796
11.6527090073
14.7625427246
17.9979248047
16.0561676025
16.4171333313
12.5166902542
16.8750038147
18.1097640991
16.2281570435
15.911315918
21.4019870758
20.9433250427
27.2552604675
20.440820694
27.0563583374
27.2830677032
24.5923194885
21.973110199
17.2152099609
12.2237596512
13.537320137
12.7084960938
14.7439508438
15.7135448456
14.827996254
21.7964305878
51.3310852051
50.2580604553
61.2703018188
16.3765888214
15.9852924347
13.0066661835
15.2516851425
11.142624855
18.375333786
17.7650871277
15.6902990341
18.1498241425
17.1477622986
22.6943321228
25.3569583893
27.2142047882
29.0915470123
26.6573524475
30.7962837219
27.986207962
24.6840496063
21.7734146118
26.8792686462
25.8155403137
24.502281189
23.6157264709
27.7765102386
24.9217643738
22.236579895
22.0213680267
29.5013904572
19.6921272278
18.3374767303
23.4359359741
25.1763782501
21.2190799713
24.8641738892
27.0276088715
25.5572490692
23.988483429
26.4822616577
23.6707611084
24.8541183472
19.7054615021
25.2446422577
21.7302093506
18.6689186096
12.4465150833
16.7030315399
13.7593994141
14.0150461197
13.5832653046
20.2008705139
16.7536411285
19.7930965424
19.9839763641
25.9600906372
28.1436672211
31.9729061127
35.9433097839
35.0776939392
42.6869316101
42.9170570374
40.6608848572
34.0139122009
31.2713661194
30.1681957245
27.4372501373
23.0030879974
22.2190341949
22.0247917175
15.9430389404
17.113861084
14.8637428284
16.0125045776
16.7235393524
18.1718826294
17.1076068878
21.5249500275
25.9122009277
19.7999248505
22.2754707336
19.7002220154
19.6054267883
18.4236316681
15.0425443649
15.6152172089
17.8380947113
14.5694923401
11.9493532181
14.1554689407
16.5656490326
12.6528863907
11.9107551575
15.4299879074
15.9577569962
12.8831310272
15.1690177917
18.9413642883
17.7343215942
16.2424736023
20.8014240265
22.9079380035
22.012758255
20.9326915741
20.7600002289
17.6176147461
14.2086076736
13.2253713608
10.1002130508
11.7497444153
12.6478528976
8.46865272522
6.92685890198
6.21419858932
6.79795408249
6.34748506546
5.21968984604
7.91669654846
8.61007022858
9.66516399384
10.3997936249
13.0069389343
15.3876562119
18.356760025
16.2984867096
19.5256195068
15.1230554581
16.7354030609
17.1696052551
19.2618522644
21.3577976227
22.2929229736
26.6524505615
29.531206131
32.7475280762
33.8919677734
36.1925697327
34.5459938049
30.7087078094
32.7144622803
31.1244277954
26.2266597748
27.9007549286
29.2210044861
24.818025589
23.1844081879
26.1210823059
26.1079120636
19.0528144836
21.8353309631
25.8864135742
22.0487060547
19.7900733948
22.6262550354
26.5832767487
28.0881690979
32.110168457
34.1365127563
36.0102233887
40.1102828979
42.5361366272
9.16142463684
12.6163492203
16.7902679443
19.6173439026
21.0318393707
24.9891166687
26.0726966858
27.6338596344
33.3848419189
33.9040145874
38.9805374146
39.3786468506
43.8186073303
43.8308753967
38.9822998047
43.6885528564
47.7078895569
39.9703330994
44.3005981445
43.7559814453
44.0899353027
37.4170799255
37.3471641541
34.4546852112
33.828327179
27.9958629608
31.3655509949
25.9240932465
30.047170639
28.3542900085
42.9363059998
45.1614227295
43.4217720032
41.4809684753
38.1186408997
31.2980289459
30.1539039612
28.3014221191
27.2947177887
23.2121620178
19.9525566101
23.4232807159
27.6426849365
24.5271568298
28.85222435
34.1163063049
33.3793067932
31.8455104828
31.4608840942
29.7989730835
26.5782604218
28.723690033
27.2758598328
23.6114425659
26.0576171875
20.6191120148
18.9363174438
19.4690551758
18.0087890625
18.4292964935
16.0058689117
18.7095355988
17.483543396
12.5995874405
17.6321525574
18.790222168
17.1606693268
17.4925460815
10.0662136078
12.6248893738
15.8708600998
12.5985221863
16.7188072205
18.6094989777
25.5794658661
25.0855636597
27.9186172485
32.1573143005
30.4442806244
33.4766197205
33.5104637146
32.5562515259
28.1926937103
27.5004024506
30.9297294617
28.142993927
35.9867782593
37.2638473511
32.245716095
34.718296051
30.8944511414
32.2290725708
31.8746547699
32.9184684753
31.059841156
22.5944461823
24.6721916199
24.6806774139
25.0498313904
28.2049827576
22.0624389648
25.581993103
26.3907356262
24.0897216797
24.2881565094
27.9186077118
29.5221805573
24.0235862732
23.6900653839
28.2684745789
26.9876537323
27.5414466858
30.9655265808
24.8755455017
29.0717792511
26.2569789886
25.6496257782
26.2738342285
23.7766914368
26.6997737885
25.1487083435
26.6805438995
26.9251823425
28.3679466248
25.61951828
30.4030399323
32.670539856
29.578912735
32.2027893066
28.6689319611
32.3122825623
31.8866405487
30.0808868408
28.1194286346
34.9467926025
34.029499054
38.8512802124
35.2597618103
40.0222167969
40.9057998657
38.4562721252
36.9764862061
32.6817474365
26.7284202576
29.3584671021
27.1254501343
28.0577716827
25.1141662598
22.0200195312
26.1293849945
48.6632652283
48.5118865967
55.5374984741
17.6093559265
21.8174495697
22.3951072693
25.2676181793
24.6618022919
29.4403419495
27.6965484619
28.319858551
29.5215778351
26.6459350586
30.4547100067
31.0067501068
31.1493587494
33.0375518799
30.7532615662
32.5132293701
32.1459236145
29.4905948639
25.9647026062
32.5935630798
34.1348724365
32.4632034302
31.6854190826
36.2688713074
35.683921814
32.0596199036
33.0921821594
39.4681243896
33.9288787842
30.962141037
36.3929977417
38.863368988
34.8482170105
38.0670547485
40.3583106995
40.5471801758
38.5848617554
39.85389328
34.2828407288
37.7962760925
30.5426025391
33.9412345886
33.7291755676
28.7784175873
23.8190898895
25.4231243134
23.0792217255
22.4673042297
20.4248371124
22.8048858643
20.5999164581
19.7862300873
19.9132976532
21.8698120117
23.6578006744
24.9834270477
29.6357936859
27.6852970123
34.1333732605
32.3896064758
30.0468139648
23.2942829132
23.4947452545
22.3065509796
22.4493541718
16.3222618103
19.4063549042
20.7850570679
17.946182251
18.3825416565
19.2885398865
19.9894523621
22.9177398682
26.686548233
24.8793354034
30.2197628021
32.4305801392
27.4377613068
31.2957839966
34.1685523987
32.5080032349
30.6703796387
29.0614070892
28.1473350525
27.6284484863
25.2436084747
22.9775695801
22.7035713196
23.1296806335
19.8097515106
17.1179962158
17.5455131531
19.1889381409
13.8811779022
13.3148393631
15.0714006424
12.9272060394
9.41349506378
11.6160306931
14.7264280319
9.81562423706
14.1304235458
14.8567295074
17.0959072113
13.3895816803
16.9704627991
13.322142601
18.4619579315
21.49559021
20.9209423065
23.1676273346
19.1838626862
16.6263332367
18.0962772369
18.356760025
14.4018859863
12.8391857147
11.6614923477
9.49122238159
9.1594953537
6.5409860611
3.80443811417
4.15574836731
8.59363269806
9.09538173676
13.0164175034
15.8190870285
19.6476860046
22.1704692841
25.4053344727
28.5156669617
32.7193984985
34.8180427551
37.1573295593
39.5645065308
40.0507965088
35.787071228
35.734249115
35.674331665
31.7699356079
30.4625701904
30.8202724457
28.2394046783
25.7748947144
25.8178596497
26.134103775
21.4612464905
20.3655261993
22.0461959839
21.8131885529
16.7197036743
15.2985105515
19.5840187073
19.9294319153
23.4530601501
26.8236446381
26.5111789703
30.3022251129
33.1654434204
