5.80802059174
5.89495134354
6.29228305817
6.70676326752
6.36250162125
6.91096925735
5.46331930161
5.56698226929
8.59110355377
11.1279821396
13.8141756058
17.3231468201
19.2860088348
19.6168041229
21.2656974792
23.9142684937
24.9730396271
27.6908111572
24.0454273224
21.6227264404
19.0472126007
18.2823104858
15.1734008789
14.7252702713
10.431886673
9.02855110168
6.00496959686
5.93791389465
6.47480297089
8.95833778381
10.1721134186
10.6983070374
12.6320695877
11.4311590195
14.0701627731
12.3320741653
17.8149795532
16.7543106079
19.4954051971
21.6725387573
22.0889186859
25.3900299072
28.0268344879
29.8181419373
28.6532230377
31.4466152191
26.7720756531
24.719171524
25.725233078
28.7265262604
26.7243328094
23.5190868378
25.5173530579
29.2394294739
23.077671051
21.1407184601
24.7673892975
26.5628986359
22.3188400269
21.2099685669
26.5559921265
25.7259902954
23.7825031281
27.2394924164
25.9685573578
27.7354564667
25.0403003693
21.2706394196
18.504989624
17.1095638275
13.5336065292
12.0953874588
14.4405269623
11.315279007
16.9031181335
14.9289340973
19.3346443176
19.9634037018
16.2833099365
16.9614009857
12.8236122131
15.6863260269
12.0470199585
16.1756763458
17.1654262543
16.8696918488
20.3999614716
21.4937324524
26.1503181458
27.5686473846
31.4848556519
33.2209701538
30.3160495758
32.1493453979
35.3869895935
35.2432632446
34.7297477722
37.1803131104
39.9886550903
42.8011932373
41.1573448181
40.5223770142
38.4388999939
39.8360176086
42.6866531372
40.1897468567
35.8531494141
38.8397293091
40.4094314575
35.2120704651
32.7218513489
37.3272476196
36.8933525085
31.6685829163
32.7809677124
36.4358596802
33.2978591919
31.0469036102
33.8596191406
34.9375839233
30.6142501831
31.7301692963
35.8964920044
35.3005104065
31.9878997803
33.5878562927
32.0552902222
34.8682327271
30.9131660461
34.6182098389
32.1229934692
33.3337097168
32.5003395081
32.6390113831
30.6393871307
28.2281589508
29.1016216278
24.51171875
26.3752365112
24.3088588715
24.7678947449
25.5715827942
28.9375591278
27.0921573639
28.6519985199
24.6979751587
27.7436923981
25.2354869843
25.648273468
26.1789474487
27.3440361023
30.9731788635
30.2527809143
34.373550415
33.6508140564
37.2864151001
40.1253242493
42.8116073608
45.2882080078
43.3883476257
42.136013031
44.0649681091
40.0131797791
37.6844940186
42.9484710693
39.7762145996
37.915309906
37.3860588074
36.8083724976
41.788482666
40.8458976746
38.3885307312
41.7188949585
43.8855743408
47.4341812134
46.321018219
44.0067863464
46.9038352966
50.7911071777
48.8446121216
48.0474128723
48.9672393799
47.4578742981
41.6133918762
41.2188873291
39.7947921753
42.0808105469
40.1102256775
36.7220726013
40.314907074
43.6309547424
38.3448867798
37.5576324463
41.3635749817
41.140411377
37.31772995
41.4729576111
42.7608108521
39.4685325623
38.3905181885
43.1867866516
44.1729049683
41.0455245972
44.9472389221
42.6240158081
45.2681884766
45.9710350037
45.0391616821
45.2146072388
46.3238449097
47.5629577637
47.0177536011
51.6823997498
49.8954048157
46.6856498718
50.7081413269
54.3692016602
49.9006195068
49.829990387
54.1743431091
55.0756072998
52.6677513123
52.6430740356
56.0506515503
57.9288139343
56.457660675
60.2387619019
60.6790313721
61.3464241028
57.3891830444
53.6376457214
57.3547058105
57.070274353
56.2559547424
59.6700325012
58.1878013611
54.2500534058
53.5594062805
52.688243866
57.6239814758
58.2792625427
62.4230384827
61.8960914612
58.0428466797
60.2167282104
62.4234809875
58.8595924377
60.3623886108
56.6762313843
56.4148788452
57.2109260559
52.1863975525
54.573184967
55.6092376709
50.8082275391
48.6012153625
51.3708534241
48.9122695923
48.2347869873
49.7852516174
53.6297111511
49.6586303711
47.5455284119
51.7815437317
50.0111999512
45.5166816711
46.2982826233
49.6490325928
48.45287323
43.7749290466
46.8045578003
50.5307846069
51.6632270813
51.3770294189
47.8654251099
49.5979423523
51.6356086731
46.1156158447
44.9463386536
42.4767112732
39.2260665894
40.6944122314
43.6704559326
42.3447799683
39.7857894897
44.5753898621
46.3799514771
47.9979667664
44.4439468384
41.7662162781
46.7563018799
44.2021446228
39.757358551
38.0722007751
32.4131469727
34.6743392944
31.4550933838
31.2401485443
31.2897033691
27.7944221497
31.5974788666
21.5565547943
22.1277046204
21.5594921112
20.3308982849
21.6984786987
18.7338542938
24.0166873932
24.0454311371
19.7392635345
22.2582511902
17.8005065918
19.7605953217
17.571472168
13.4671125412
12.695731163
9.30811691284
7.60715436935
4.6516251564
4.9886598587
4.66543722153
8.07581615448
8.84155368805
12.5116033554
17.1279163361
17.8602905273
23.2809715271
23.471578598
25.9178466797
28.3378925323
26.7979354858
25.5255908966
22.2534999847
20.446811676
16.9672031403
13.1904811859
12.4871902466
7.24829101562
9.49217033386
7.98507738113
11.4844417572
12.6488618851
13.6599473953
10.9482870102
13.3597612381
15.6756057739
15.927482605
13.8184547424
12.6024370193
9.67284393311
11.5551261902
8.2759475708
9.34320926666
13.125213623
13.7026414871
9.94616222382
13.1729097366
16.3662853241
16.3615665436
14.9923849106
18.7911529541
21.1300430298
19.3688220978
22.917093277
23.425037384
23.9953651428
22.2499828339
18.6492786407
15.3366975784
18.8332004547
15.2855577469
18.2469062805
17.5276126862
15.6393852234
16.4234218597
17.2859992981
17.8633480072
19.4392871857
16.419260025
14.1114034653
11.7423171997
13.0039539337
10.7026472092
14.7213106155
12.5915498734
17.6092567444
17.5136165619
17.4441795349
20.4148578644
19.4278450012
16.4903030396
20.0069065094
19.1242294312
18.8405017853
23.9354953766
23.4901218414
23.2293243408
26.0955696106
28.1417808533
30.2207298279
33.9622383118
33.3010787964
31.4665851593
29.2061061859
32.5186386108
34.2351417542
33.9698905945
29.3059921265
29.3872470856
32.5740203857
29.0202560425
25.221780777
27.0387783051
29.9598579407
25.5794448853
22.5849533081
26.2641010284
26.8251991272
22.3830890656
22.1361789703
25.4938716888
24.0555419922
21.1878681183
23.5484848022
26.5155849457
24.3120918274
23.0214824677
19.5216197968
19.0856895447
14.8554191589
15.7787017822
12.8389902115
16.7973842621
14.5574445724
17.3579597473
14.256565094
12.313331604
16.782371521
15.9044914246
20.5586948395
22.9865322113
25.7773780823
27.8402442932
26.5969638824
23.8508548737
21.5202045441
18.9696922302
16.9996128082
12.5989542007
8.74493980408
12.5367622375
8.77197933197
10.9536247253
13.5519742966
17.9037876129
19.7476081848
23.3435306549
26.1795024872
29.8983821869
30.6168994904
27.1228408813
25.3022766113
25.0045223236
21.900056839
17.4098110199
20.9194431305
17.2073841095
16.5950584412
16.562664032
15.6818990707
20.0563983917
20.9245204926
19.5671024323
20.4282035828
23.9451694489
27.2920570374
26.6011333466
23.0260028839
25.197473526
29.3225021362
27.3510227203
27.527305603
29.3018302917
28.9349403381
22.605173111
24.5127487183
24.6028995514
25.4756069183
22.1586933136
20.5601634979
25.184217453
25.5417022705
21.1439762115
23.1709747314
25.81549263
24.3075904846
22.2967243195
28.3596839905
27.9151573181
24.1537303925
26.1891689301
30.5603141785
29.8795948029
28.2301826477
28.9294090271
25.051612854
27.5686473846
26.8000507355
25.2420864105
23.9887542725
24.4879322052
24.9521560669
24.2366065979
29.0674304962
28.1070919037
25.4494380951
29.1852169037
32.7086715698
29.5269870758
29.865278244
33.584072113
34.9092636108
34.0747756958
34.1826972961
36.6358985901
37.6051826477
36.3848571777
40.5939445496
41.1094703674
42.8324661255
38.98021698
34.4403495789
38.7743339539
37.2866020203
35.9032325745
38.7433128357
37.2858276367
33.3279838562
31.7720432281
30.2651081085
35.9044418335
35.7424430847
40.1695098877
39.3953971863
36.0360832214
38.5786933899
41.3879966736
38.2737617493
41.1547355652
38.9043312073
38.7885246277
41.2501106262
36.4508552551
39.8535804749
39.9165687561
34.5895729065
34.1088066101
37.4709281921
36.6269760132
35.9316329956
38.9114875793
42.1144828796
39.1186943054
35.4898147583
38.4771003723
37.0607299805
32.9865188599
31.6305484772
34.4843330383
34.4102478027
28.9757709503
29.9342403412
33.7935523987
32.8260650635
33.8637542725
30.4779720306
33.6076469421
35.981086731
29.6709728241
31.4683132172
30.1119308472
28.0477676392
31.3613777161
33.3066215515
31.9265460968
31.6846218109
36.2326850891
36.2601203918
39.0450134277
34.9030685425
33.6861114502
40.3565711975
38.6652793884
34.8980522156
34.814125061
30.8663101196
31.7519359589
30.8129711151
28.4418621063
30.6185035706
25.2432842255
27.5395393372
19.1037445068
19.6567268372
19.0742149353
18.0496444702
19.4762859344
16.1151313782
21.1233596802
21.6227264404
17.3442554474
19.1908073425
14.4941511154
16.8888511658
14.79408741
10.2353525162
10.6852626801
6.95552110672
5.45467233658
4.31667566299
6.59936237335
4.66543626785
4.30080699921
6.59110164642
9.28074169159
14.9171190262
15.4946918488
20.8725147247
21.4528198242
23.2733783722
26.2151451111
25.1610221863
23.7555904388
20.9825267792
18.9822998047
15.4501590729
11.9273691177
10.2730293274
6.55098676682
6.38902378082
6.68706846237
8.96651554108
11.5096149445
12.2228078842
10.5334997177
13.6054935455
15.3798189163
16.7818260193
14.2113895416
13.3493700027
11.0320711136
14.0071134567
11.0108032227
11.10871315
14.9885854721
16.5825576782
12.1306190491
14.5242338181
18.3616161346
18.8560066223
16.8154888153
20.0485305786
23.2127437592
21.5227718353
24.3968677521
25.297618866
25.4789733887
24.0948104858
20.5700874329
16.6700954437
19.5171031952
15.8769264221
18.0048027039
16.9026432037
15.1999759674
14.9138479233
16.4492454529
16.0111732483
17.761680603
14.3014087677
11.5530290604
10.6052465439
10.7573280334
10.2572345734
13.8293914795
12.6439981461
17.7139072418
16.6648845673
17.557970047
20.0018939972
19.6032752991
17.3314208984
21.5012264252
20.4143295288
19.2724342346
24.7001533508
24.7522296906
23.907333374
26.4176063538
28.888376236
30.8588199615
34.5213241577
34.0805549622
32.5494346619
30.5635929108
33.8254737854
36.0486068726
35.526927948
30.7031421661
31.2830867767
34.6160125732
30.7797832489
26.8250293732
29.452753067
32.1989402771
27.4566001892
24.9925022125
28.9772949219
29.1262340546
24.9162559509
25.1087703705
28.3555641174
26.5083808899
24.1008663177
26.774105072
29.4212417603
26.9845218658
25.9857845306
22.6577548981
22.5916347504
18.1523399353
19.4216480255
16.2164344788
19.9234409332
17.258026123
19.4788322449
16.1079826355
14.7493438721
18.8034038544
17.0331916809
21.3136844635
23.3777046204
25.6869392395
28.0980243683
27.5001049042
24.8858375549
23.1158752441
20.3973770142
19.3653106689
14.8500413895
11.575668335
15.3366613388
12.0976171494
14.5620946884
16.9404525757
21.3062915802
22.9560546875
26.7386398315
29.59009552
33.2946128845
34.1558532715
30.7515125275
28.7685832977
28.6245441437
25.5062770844
20.973367691
24.4934921265
20.6400356293
20.2575435638
20.0829162598
18.8136634827
23.105134964
23.4874629974
22.5221405029
23.8452987671
27.5187835693
30.8678264618
30.3017311096
26.6933879852
28.6780662537
32.9231987
31.008348465
31.2667541504
33.0051841736
32.6714286804
26.3594608307
28.1896514893
28.1414279938
29.0676383972
25.784954071
23.9948253632
28.5034427643
28.9201068878
24.3689365387
26.1167621613
28.7843093872
27.2096805573
24.9079666138
30.9116516113
30.3983669281
26.3478908539
28.194978714
32.6064109802
31.8752613068
29.7129039764
30.9269962311
27.3593711853
30.2682476044
29.71118927
27.7018432617
26.5972328186
26.8291091919
27.7172374725
27.3834972382
32.1093559265
30.8690223694
28.4964904785
32.4590301514
35.7596817017
32.2568016052
33.0714035034
36.8623733521
37.7899131775
37.0677757263
37.4133987427
39.9296112061
40.9755325317
39.9040336609
44.1860427856
44.8171005249
46.4776992798
42.5783195496
38.132686615
42.523273468
41.0422210693
39.5875778198
42.40832901
40.9912834167
37.0205574036
35.3778457642
33.7469482422
39.445728302
39.0946426392
43.5846252441
42.640247345
39.3661079407
41.7383232117
44.6891860962
41.3487510681
44.2991333008
42.1161575317
41.7057304382
44.1070556641
39.3835792542
42.4846954346
42.4867172241
37.2760009766
36.5711250305
39.7455635071
38.7304649353
38.3177032471
41.301815033
44.7818756104
41.7363052368
38.1449813843
41.2115898132
40.0189552307
35.8938522339
34.57472229
37.6480979919
37.6404495239
32.1480331421
33.1911811829
37.286113739
36.3425102234
37.5405654907
34.1673469543
37.2823104858
39.5801734924
33.2042999268
34.7585487366
33.3681602478
31.0950279236
34.3510513306
36.3515739441
34.8342018127
34.3327026367
38.9772720337
39.0503463745
41.685760498
37.3341712952
36.0853729248
42.6106987
40.6211776733
36.7826004028
36.318572998
32.0181427002
32.827129364
31.32970047
28.9397640228
30.5614891052
25.097038269
27.1320571899
16.4766178131
17.3454933167
17.0679206848
16.2261581421
17.8701725006
14.2292413712
18.7514591217
18.2823085785
13.7120103836
14.7786779404
10.6827726364
11.4330606461
9.37254905701
6.79928731918
5.39846849442
4.25860309601
7.07746076584
7.99533081055
11.6007328033
8.84155082703
6.59110164642
4.89706993103
5.55030918121
8.90959644318
10.1475143433
15.5873298645
16.9032707214
18.9554347992
21.9692726135
20.3938827515
18.3820018768
16.0000095367
13.2491865158
10.3043336868
7.03297281265
6.63580656052
6.49800491333
8.04114437103
10.610619545
13.3898668289
16.1826534271
17.6477489471
16.7866573334
19.815700531
21.1844882965
22.7417201996
19.612991333
17.9836654663
16.1321277618
18.5686683655
15.0647621155
14.497964859
18.3996315002
19.6656761169
13.4224710464
15.8025522232
19.773557663
19.8014431
16.2297477722
19.8303470612
23.2286205292
20.573551178
22.1803836823
22.7256240845
22.0863609314
20.9863376617
18.2500705719
13.8089056015
16.3189735413
14.172451973
14.9747257233
15.2754573822
15.1606521606
14.6058425903
18.3032302856
17.6426124573
20.6786365509
17.8139057159
13.7735261917
12.9111204147
10.6540155411
9.84541225433
11.1018238068
9.67417240143
13.266828537
10.839553833
12.360581398
14.1951370239
14.6234512329
13.5065431595
18.1490497589
17.7945251465
15.6347770691
20.3494567871
21.4822177887
20.6311435699
22.1646633148
24.8220939636
27.0509395599
30.5493335724
29.8486499786
28.6251125336
26.7506523132
29.6770019531
32.4557876587
31.4414367676
26.5159091949
27.9111843109
31.2202777863
26.9879302979
22.9853305817
26.849899292
29.2009563446
24.0147819519
22.547296524
27.0350055695
26.5651607513
23.0799427032
24.1083869934
27.2128143311
25.1684150696
23.6703777313
26.7727012634
29.0873355865
26.7393131256
27.0558280945
23.3601875305
23.9142303467
18.5186653137
21.4655475616
17.1065673828
19.5367088318
16.7550563812
17.5393314362
14.4664793015
13.4191179276
16.1248149872
13.0456171036
16.5752182007
18.1325569153
19.9389286041
22.6715335846
22.659910202
20.3091049194
19.3748416901
16.7601337433
17.3448219299
13.0620679855
11.6413974762
15.4306335449
14.4267406464
17.1224346161
18.8790912628
23.9963607788
25.0879669189
28.3524036407
31.6660003662
35.0589790344
36.4070854187
33.1612510681
32.1072807312
32.1875953674
28.6076011658
24.7501354218
28.0783843994
24.6155090332
23.0230770111
21.8703155518
20.1870307922
24.8243961334
23.8549289703
22.5491085052
25.7515296936
28.9453239441
32.410118103
32.1496620178
29.0939064026
30.9916229248
35.4674568176
34.1463279724
34.1327323914
36.358417511
35.5220947266
28.7823314667
29.698059082
28.8414287567
29.74933815
26.832277298
24.2523384094
28.1426124573
29.2369861603
24.1658229828
24.8784694672
27.7417106628
26.430803299
23.3080558777
28.8278083801
28.6411857605
24.5233726501
25.4060783386
29.9664077759
29.6765155792
26.8749237061
29.3287391663
26.4483947754
29.6289196014
29.8535022736
27.9483642578
27.7568855286
28.4818553925
30.0214195251
30.14153862
34.5434112549
32.472240448
29.850320816
34.2513046265
37.4215507507
32.9418182373
33.8627204895
38.0972518921
38.4399490356
37.0404663086
37.6021003723
40.5990219116
42.2047424316
41.2866249084
45.573059082
46.6219825745
47.588432312
43.5005645752
39.6713066101
44.1376457214
43.2618713379
41.6885032654
44.8648262024
43.8661613464
39.7266464233
38.7278900146
36.9902458191
42.0296974182
41.957321167
46.2973022461
45.2067985535
41.620388031
43.4795417786
46.233745575
42.3717765808
44.7043457031
42.0613555908
41.2597732544
43.0635147095
38.3454437256
40.8739204407
41.1135597229
36.1296043396
34.73179245
37.6373329163
36.0904846191
35.9002151489
38.6432304382
42.5576057434
39.3333091736
35.9937095642
39.3802719116
38.4579277039
34.2270240784
33.2990608215
36.8138542175
36.7895622253
31.3186969757
32.9201965332
37.4863014221
37.2116584778
38.538608551
35.270614624
38.222454071
40.0135002136
33.5532493591
34.099647522
32.7351608276
29.9508781433
33.2434043884
35.0509986877
33.139831543
32.1571540833
36.853515625
36.9748954773
39.2309684753
34.592502594
33.2527618408
39.396648407
36.9399909973
33.0510559082
32.0363464355
27.4016017914
28.0757408142
26.0103607178
23.7289981842
24.9163131714
19.539358139
21.8689861298
12.5006866455
12.5648813248
12.009139061
10.2106809616
10.5010452271
10.7312936783
15.6060533524
14.440527916
12.2964229584
18.4127159119
16.5523414612
20.0983791351
21.0649662018
20.0011634827
19.1372928619
18.6129760742
19.5374011993
18.3483867645
19.2333602905
15.6393823624
15.1999759674
15.4274749756
15.160651207
15.3798017502
17.975315094
15.248957634
18.4091491699
15.1966018677
18.5604801178
18.4089260101
17.5809707642
18.7018947601
15.0541963577
16.7616786957
13.0233516693
12.099978447
10.8415737152
10.5214586258
12.1996488571
10.8356723785
16.2159061432
13.4171514511
18.2481555939
19.6277160645
20.1034832001
19.3320007324
20.2546291351
15.6324005127
12.4521188736
13.727599144
15.6223506927
14.4359741211
10.6474924088
11.7014799118
15.6769428253
11.0266256332
7.54685354233
11.0357198715
13.6186695099
11.0540771484
9.19333267212
14.6068077087
15.2110261917
15.9740524292
19.9482917786
20.5475025177
21.512468338
17.0000553131
14.0727205276
12.678237915
7.63118600845
8.654088974
4.65625429153
5.00767421722
6.97756624222
9.57022094727
13.4113988876
14.5353546143
11.7246322632
7.22315740585
8.04852581024
6.32392501831
7.02531099319
9.95429515839
14.1255102158
17.3818969727
18.5218086243
22.2652950287
24.9537830353
24.1777172089
27.2474308014
29.0970916748
27.9926681519
30.3664226532
32.0540885925
32.9709472656
34.0457420349
35.7829971313
38.8417358398
42.2558784485
40.3047637939
38.6509094238
35.6905708313
37.6725082397
39.0590438843
37.432220459
33.1409912109
34.5439872742
35.8345375061
31.1847648621
28.8110809326
30.9895153046
31.0181293488
26.5164546967
25.7883148193
28.5217914581
26.274274826
22.4978580475
24.2834892273
25.3309078217
21.0841579437
20.9056034088
24.7901535034
24.3424110413
20.7603244781
20.7668838501
19.862449646
22.6494789124
20.2699832916
22.77227211
22.3588981628
24.2141685486
24.7759666443
26.5410175323
24.715883255
20.8054065704
22.9593677521
20.0597400665
24.0826244354
23.5040035248
26.1801357269
26.2991294861
27.3286113739
24.458770752
24.0147380829
19.529291153
19.6678218842
17.1490192413
16.393371582
15.3823642731
15.8048305511
19.4751014709
17.820476532
21.0097408295
20.12657547
24.3157920837
26.7010364532
29.6364841461
31.8403091431
30.0367012024
28.2522296906
30.5244636536
26.6328964233
24.7598323822
30.8623752594
28.0442523956
26.4273948669
26.9862308502
27.6894664764
32.5697364807
33.2548751831
30.0470790863
31.450712204
33.2071838379
36.6421508789
34.7872276306
32.4794311523
36.0524673462
39.2485160828
36.5963821411
35.5596046448
35.6730728149
34.2379226685
29.0917472839
28.9824314117
28.2645816803
31.0107135773
29.0138969421
26.2069587708
30.5750217438
33.9466819763
29.2110862732
29.3074035645
33.2996482849
33.2398071289
30.2814807892
34.9647674561
36.3888702393
33.6596374512
33.4321556091
38.3683738708
39.2430839539
37.4596405029
39.6635856628
36.2332725525
37.9274635315
37.7616043091
37.7688446045
37.1498031616
38.4685249329
38.4668769836
36.7971076965
41.7965316772
41.2001037598
37.5527305603
40.6791381836
44.9202880859
41.8112754822
40.5501899719
44.4060173035
46.6598014832
44.3664398193
43.5650863647
46.5446205139
47.8599967957
45.8375358582
49.3118629456
48.9951896667
50.3289680481
46.6690711975
42.2323265076
45.5407905579
44.89295578
44.5513801575
47.7377433777
45.7144088745
42.0642127991
41.173374176
40.9414024353
46.101940155
47.1064605713
51.1049613953
51.188457489
47.4144744873
50.3696403503
52.3030853271
49.7181625366
51.4225883484
47.7749786377
48.561882019
49.8685073853
44.5360107422
48.1097488403
49.1856002808
43.863861084
42.5437049866
46.0282173157
44.2410469055
42.6738967896
44.4035682678
47.3318481445
43.4230079651
41.0310974121
45.0543060303
42.3555030823
37.8534469604
38.5302047729
41.0887756348
39.5033340454
34.940662384
37.730556488
40.4206886292
41.3023262024
40.1326522827
36.411529541
37.9719772339
40.7376365662
35.6114120483
35.3757133484
32.5652046204
29.977180481
31.2466602325
34.7454490662
34.1769294739
32.2820167542
37.1529197693
39.1407661438
41.5049324036
38.6521835327
35.84167099
41.8171424866
40.3383140564
35.7686958313
35.4869613647
30.5088043213
33.3039665222
31.828289032
31.2283859253
33.2604560852
28.9220180511
33.3200378418
55.3532371521
56.273109436
56.1536521912
54.7294883728
56.1887817383
53.9618759155
59.0019569397
56.676235199
52.42628479
54.7679634094
51.738483429
49.9170074463
47.0341949463
45.8457756042
41.8967819214
41.2928924561
41.1570472717
38.9849700928
37.8798904419
38.9043312073
42.116153717
44.5092277527
42.0613555908
46.7869873047
45.8348312378
48.4519805908
52.6447982788
53.0968017578
57.2277183533
57.9342651367
53.8159828186
52.0388031006
48.5739555359
46.5595474243
45.8571853638
43.1578521729
46.061580658
41.9723930359
47.2596588135
45.6044311523
49.8471870422
49.9535369873
50.9923553467
46.5895614624
47.3548774719
50.69090271
47.6020507812
48.0004386902
46.0708236694
42.9421463013
39.720741272
37.9257240295
40.8083381653
41.9194869995
36.635887146
37.6795921326
41.6729393005
40.3532485962
36.66746521
37.8027687073
42.7895965576
39.1293258667
35.8570518494
39.1388092041
34.316734314
35.4930152893
31.8543834686
33.7105903625
36.1244850159
40.5904045105
41.9527626038
45.1308174133
48.0293807983
47.7749786377
50.9375648499
51.930355072
54.6262817383
56.6182518005
54.6125488281
52.183391571
47.9489974976
49.2063865662
43.8242340088
45.5386047363
41.0464248657
40.4211616516
41.7043647766
37.7003555298
39.2638168335
34.757774353
31.7388629913
27.5151500702
27.7688083649
32.1245307922
30.6696186066
26.7143249512
29.8820934296
32.396194458
29.7421150208
30.2193965912
31.5536670685
30.2517185211
27.5700969696
26.1013355255
27.4412136078
23.7808818817
27.3805675507
28.0846061707
23.3286991119
24.1701850891
27.6178646088
27.7798595428
22.2062206268
26.358215332
29.0627880096
25.4758377075
23.5922164917
28.9322280884
28.8376102448
25.5918712616
27.5075187683
32.6057662964
29.8944034576
26.6080436707
31.1581630707
34.0414619446
34.1395301819
30.8161334991
27.564617157
27.8427066803
27.3258476257
26.7126693726
24.0061321259
25.6444530487
25.3653678894
28.34907341
29.2488574982
27.9724235535
32.9010810852
33.1350860596
36.6303596497
39.2403068542
39.3433227539
33.9505958557
33.5728263855
29.9846382141
33.2170944214
29.5580558777
31.7405509949
32.6583633423
32.7347450256
33.7631797791
30.7654914856
31.6798496246
32.2744102478
33.5451622009
30.154050827
31.7098140717
31.9580020905
30.8917369843
28.5626964569
32.7722930908
29.8559150696
29.7474822998
30.6630496979
26.1261405945
28.9129199982
25.6061401367
23.3476886749
23.8806056976
21.2416057587
20.8458652496
20.1017189026
20.3334884644
16.8907337189
14.7105064392
17.6228790283
20.5634746552
18.506072998
18.0967273712
22.4009780884
22.1573200226
27.1098480225
26.1498355865
24.2686481476
23.4488544464
22.8448085785
18.9316864014
20.1772041321
22.0918121338
18.2723407745
14.3131122589
18.8776035309
19.5830020905
15.6189565659
16.096622467
19.9762229919
17.4521255493
16.1734752655
20.0842075348
21.7042617798
19.2316379547
18.8326358795
23.6823387146
18.9973258972
18.4378566742
13.999420166
13.7039270401
18.5118427277
19.954750061
23.0651073456
21.9182128906
21.6423683167
19.5001411438
18.4435520172
16.6979999542
14.9433689117
15.03835392
14.9654750824
10.8452186584
10.4532623291
11.3511343002
7.43480348587
5.82318735123
6.00228071213
9.17590332031
10.1343975067
11.4588804245
15.7316331863
12.593378067
9.86600017548
13.7213058472
16.1069774628
18.1422538757
15.6718292236
18.1753883362
21.4804515839
19.6477336884
23.215637207
21.9096450806
17.8390045166
20.0521602631
19.9529037476
19.5283126831
16.263376236
14.5247402191
12.8488378525
10.7919158936
6.35344743729
6.21143054962
7.98173093796
7.82895421982
11.2256965637
11.3770961761
10.1357574463
13.5995349884
15.2982301712
18.0272808075
16.1454124451
17.8908557892
16.3969497681
17.9856090546
15.3965730667
12.669298172
13.2092981339
15.4207267761
12.1179838181
9.55045032501
13.2004766464
14.4502925873
10.5501012802
10.5632400513
9.59474468231
14.2025518417
16.5298423767
18.6230182648
15.6177902222
14.9419898987
17.0928821564
20.8110637665
22.6638088226
25.854888916
22.076915741
20.9776077271
24.9529914856
23.7246227264
19.4777202606
21.3926887512
20.4284744263
23.3983802795
26.0029602051
27.3755073547
28.4487915039
31.1501331329
33.8828468323
32.4731140137
36.2957267761
34.6110191345
38.5584373474
37.3270187378
38.0262565613
46.9989318848
48.0104370117
48.1481895447
46.8449554443
48.2497749329
46.3726882935
50.7546310425
47.5455322266
43.7805290222
46.0098381042
44.1025238037
41.4110298157
39.3316726685
39.8622741699
35.1252708435
35.9674491882
37.3578147888
35.79529953
36.0123062134
35.4898223877
38.144985199
39.5625114441
35.9937057495
40.2146568298
37.2148361206
39.6459350586
42.7886199951
43.1433410645
47.4981422424
47.4819259644
42.9090843201
41.1470413208
38.1431083679
36.4170455933
36.7602958679
35.0619392395
38.7679443359
36.3423728943
42.1427116394
41.3954353333
46.4652824402
46.7152900696
48.7951965332
45.356136322
46.644317627
49.4146766663
47.2228660583
46.0776519775
43.309967041
40.6030769348
38.0346603394
35.4074478149
37.117729187
38.6298751831
34.2341842651
32.7531890869
36.2495651245
35.3198509216
31.562084198
30.966091156
35.7771835327
32.5872535706
28.3326034546
29.6279964447
24.1282062531
24.2840137482
21.1328964233
24.7824897766
27.5448322296
31.0541763306
34.111289978
36.1055488586
40.0832328796
41.0310897827
44.0776634216
46.5069847107
49.0542182922
52.1114196777
50.6218032837
47.2265281677
42.8850059509
42.9641685486
37.4600982666
37.5367774963
33.2416000366
30.6368618011
32.104839325
27.8839702606
28.9045143127
25.5212306976
24.0234603882
19.0129184723
21.9111862183
25.1845378876
20.8515758514
18.9999542236
23.4528999329
23.973903656
20.7103881836
22.4749526978
23.5526218414
20.3792877197
17.6912899017
15.2582502365
14.8663339615
9.99870300293
13.0699825287
14.9501161575
10.753698349
9.66247940063
13.9566717148
15.777680397
10.5205812454
13.394238472
16.9206104279
15.5801944733
13.671336174
17.8194961548
19.829202652
18.5022029877
19.6202507019
24.2356929779
23.5118808746
21.6160316467
24.8204212189
27.5410881042
30.0226459503
26.3557033539
25.0821380615
23.5747413635
26.1244506836
23.9463043213
19.5113239288
21.672504425
19.5383243561
23.4364814758
23.6225166321
20.0973472595
24.0123844147
22.6425304413
24.9477233887
27.0725650787
26.3040161133
21.0225505829
21.4776515961
19.0956993103
23.1770591736
21.5445594788
24.8754711151
27.7224960327
27.2081375122
30.5346450806
28.8798389435
28.7174339294
31.0025653839
31.1483669281
28.0676574707
30.8196697235
31.0125789642
31.7784175873
29.8158969879
34.4228172302
33.1976737976
31.0476455688
32.0994758606
30.4336967468
31.8857555389
26.9770965576
23.7426586151
23.9147129059
24.2488155365
21.6590881348
18.8023052216
23.2720832825
20.3425502777
20.7232913971
22.4060173035
24.8947372437
24.9261131287
26.5689468384
29.3756084442
28.1718273163
32.5953521729
30.3198928833
26.266752243
23.5057888031
20.7326221466
18.3831977844
19.9738559723
18.8423519135
14.3121004105
15.4736719131
15.9957036972
13.0424757004
10.7377462387
13.1999368668
13.6939020157
7.62617826462
10.2384643555
14.8202314377
12.4343347549
10.3761396408
13.5355157852
17.0711460114
16.8580532074
17.3524703979
14.3835992813
16.9728412628
21.2521514893
24.1828536987
27.9825515747
28.3680744171
28.2874984741
28.5146789551
25.8507156372
22.4134597778
23.7690982819
25.5593490601
21.6613788605
18.5438098907
21.6526737213
21.6493206024
15.7511749268
15.145570755
18.9168205261
22.6553153992
22.2899475098
24.2213439941
27.1257553101
23.8015270233
20.4072265625
22.3573665619
25.0295696259
27.8435745239
26.2331981659
29.9283084869
31.903181076
28.9317951202
32.2477455139
31.1832790375
29.5655765533
31.9925060272
33.2440795898
32.8351402283
28.6930007935
27.9439296722
27.3096580505
23.917547226
20.6862163544
15.3965702057
15.36469841
12.7020683289
8.99036502838
10.1741819382
13.3452796936
11.0507268906
8.75377845764
10.8908472061
9.66721820831
5.57908964157
5.2549996376
6.86347913742
4.82746839523
5.37384986877
5.16439819336
5.46872377396
6.32145404816
8.08932304382
9.47277355194
9.94415664673
11.5374383926
14.4217329025
17.8755168915
19.549331665
19.8244438171
20.9892845154
18.1123256683
15.6883449554
12.4604234695
15.318274498
15.0056018829
18.1387557983
14.0551242828
11.1938791275
13.7745246887
12.602560997
7.91301250458
8.77442836761
5.79371595383
9.54642486572
11.7437667847
12.2477016449
13.5843267441
16.2065887451
19.7886829376
18.3344936371
22.7312583923
22.0432376862
26.2184257507
26.3197097778
28.2317867279
38.3874168396
39.1811141968
39.1677970886
37.5471878052
38.6401176453
37.6282730103
42.4090003967
39.2260665894
35.8619728088
39.9225387573
37.9254798889
36.924621582
35.6089172363
35.4488601685
30.9786624908
31.2064762115
32.2222099304
29.7996635437
29.3589172363
28.0477657318
31.0950317383
33.067527771
29.950881958
34.0871505737
32.4572639465
33.4968986511
36.9326705933
35.6910743713
40.5996437073
39.7798461914
35.5231285095
34.9150009155
30.883808136
30.6018981934
29.7796878815
27.9586639404
31.1918239594
28.0339565277
34.1735877991
32.2709503174
38.3306236267
36.9040031433
39.9532585144
37.1348190308
37.5190048218
39.6345329285
37.0304260254
35.5092353821
32.3038864136
30.3161315918
27.1761894226
25.3460235596
26.3325901031
26.7565364838
22.5530891418
22.0787467957
24.4637794495
22.3872928619
18.6813144684
19.3003864288
23.0434379578
18.8506355286
15.5695800781
17.7367401123
13.1740369797
15.262843132
12.8019809723
14.3632602692
18.4643650055
21.2846279144
23.4520378113
26.2870140076
29.5193748474
29.977180481
33.8371658325
35.1433448792
38.6013298035
41.4213104248
40.9459152222
38.071105957
32.7378768921
33.9012565613
27.8012390137
28.2978096008
24.5282897949
22.9335689545
26.9753322601
22.8612155914
26.109752655
24.5868835449
22.4836769104
19.1244297028
23.1288795471
25.9397888184
23.3630428314
22.6381549835
27.1115875244
28.3221321106
26.5529689789
29.5697021484
32.0391693115
28.6283397675
25.7185611725
21.8668785095
22.4497623444
19.3341026306
19.7329826355
18.8432445526
16.4728279114
14.7940778732
14.5063610077
15.715382576
9.99306106567
9.86401367188
12.1100492477
9.57792854309
5.34033060074
8.48203849792
8.41602516174
6.56033420563
5.60034799576
10.7637052536
9.94328308105
7.82959651947
10.0748386383
13.1078481674
15.673043251
12.9476232529
13.1073474884
13.8161230087
16.5960502625
17.1925582886
13.0575666428
18.1231441498
18.3419208527
21.2550773621
18.2765846252
16.0267219543
19.3509559631
20.635181427
21.9756641388
25.6364955902
23.8200626373
19.569890976
18.1176948547
15.1687898636
16.401594162
12.8834095001
17.035577774
19.7354335785
16.7442913055
20.9430351257
19.8709964752
17.5849914551
18.9453525543
17.8819904327
14.5715999603
17.4185314178
17.5386657715
19.351266861
18.0053634644
22.5830249786
23.0322666168
19.9716415405
22.4343795776
23.6884250641
24.9096736908
19.7622356415
18.1391277313
20.4458427429
22.727016449
22.6037483215
17.4719581604
19.7908535004
16.5306472778
18.3202095032
17.1507225037
19.379283905
22.2352485657
23.5509567261
23.8793296814
21.5709285736
24.0514240265
20.935338974
16.9423942566
12.6338100433
8.98998832703
9.8148393631
12.0834522247
9.71560668945
7.06574869156
13.6421051025
12.2794151306
9.4282283783
11.9123716354
14.8827800751
14.2074604034
13.4106063843
17.0025348663
19.1348571777
17.3008747101
19.7407569885
22.3430080414
24.3212585449
24.4885673523
22.094367981
19.8564491272
20.5047931671
24.8950366974
26.004486084
29.630777359
28.6486873627
26.5858650208
29.0550785065
28.2548732758
23.4538383484
24.5309886932
28.5518951416
26.1004943848
21.4213218689
24.7575798035
27.819475174
22.806848526
20.4252109528
23.8756332397
26.2665367126
23.9229698181
25.9152183533
26.3674964905
25.113822937
21.6670398712
20.1804103851
22.4068202972
24.5388126373
24.3760585785
28.3762683868
28.2934894562
25.06848526
27.702413559
28.0236358643
28.6206855774
31.71833992
33.7641601562
34.5277366638
30.0531406403
31.8023777008
31.4981060028
29.6089324951
28.1542243958
22.6638069153
25.0564785004
24.5226745605
19.3163509369
23.5090446472
25.9304180145
21.502872467
20.5064086914
24.1279315948
22.8831214905
19.128490448
19.3618526459
19.961315155
16.3116512299
15.0055980682
18.7350082397
14.1776628494
10.4218854904
13.3619356155
14.0275335312
10.9963693619
9.24587917328
13.7472686768
14.2864732742
18.3568325043
15.890996933
13.6693744659
13.811009407
14.0137453079
10.834610939
6.71089792252
4.1147236824
5.38182258606
5.56216621399
5.33790636063
6.36875295639
9.33347034454
10.8252983093
13.8289489746
13.554517746
11.1237468719
16.9771289825
18.1258182526
15.4917097092
18.5776042938
18.9840641022
20.8010158539
24.1635723114
24.0922431946
28.8522624969
27.2082633972
31.366645813
40.0096588135
40.7200164795
40.7276077271
39.0515670776
39.9734611511
39.4566459656
44.0796966553
40.6944160461
37.7494468689
42.2688789368
40.585647583
39.8417282104
38.9202384949
38.9402618408
34.5388565063
34.8618888855
35.9393310547
33.4478111267
32.9246711731
31.361371994
34.3510513306
36.2932891846
33.2434005737
37.1127281189
35.4166374207
36.003288269
39.0754623413
37.2873191833
42.3459358215
40.9516143799
36.7206916809
36.5832328796
32.5109367371
32.8658561707
32.0733604431
30.5990886688
33.7410774231
30.8097839355
36.9026107788
34.7810668945
41.0826416016
39.0864562988
42.513217926
40.0225410461
40.077747345
41.8687477112
39.1370544434
37.4792938232
34.118106842
32.5638999939
29.2784080505
27.8913574219
28.4347381592
28.2813339233
24.3777198792
24.3227157593
25.8985652924
23.2253456116
19.811712265
20.8239746094
23.4732551575
18.7140235901
16.3964252472
17.8496303558
14.0042076111
16.3781013489
15.0061225891
16.3637657166
20.8423042297
22.6473426819
24.934545517
27.5875339508
30.7024803162
31.2466678619
35.332775116
36.3454475403
40.1350059509
42.9499473572
43.0037879944
40.2705307007
34.6872177124
36.0451202393
29.9310436249
30.1597690582
26.8563594818
25.0622882843
29.7771224976
25.8456993103
29.2432098389
28.4264812469
26.6633529663
23.5104141235
27.77094841
30.3351783752
27.4549045563
27.1886425018
31.698299408
32.6148262024
30.8092021942
33.944480896
36.2701873779
32.6126365662
29.8110256195
25.9207134247
26.0079193115
22.6097640991
22.6311798096
22.2363510132
20.2909870148
17.6399459839
17.3792476654
19.3290081024
13.9335136414
11.9212112427
14.8402338028
13.4981012344
9.04607200623
10.0374279022
10.7620277405
9.91877174377
6.71756982803
10.8661336899
11.3226099014
9.42232608795
8.74721717834
12.3519554138
15.430264473
14.2987699509
15.3964776993
17.2580432892
19.7748012543
21.2904243469
17.4876480103
22.6888256073
23.0027351379
25.7637405396
22.4071865082
20.2279777527
22.9344673157
24.1740207672
24.7660045624
28.363079071
25.8944587708
22.2188129425
20.8504142761
18.5593528748
19.2505340576
16.2754001617
20.4802894592
23.200750351
19.4692020416
23.9082260132
23.1200866699
20.0963096619
20.6272830963
18.7505321503
15.0803594589
17.1877479553
16.321308136
18.694442749
18.5049343109
23.3049125671
24.5338249207
21.5735244751
24.9426937103
26.8293972015
28.2434024811
23.3303318024
22.2836456299
24.9234199524
27.2248058319
27.414812088
22.2405414581
23.9915218353
20.4799461365
21.9719219208
20.2926483154
22.8437080383
26.0160484314
26.6973571777
26.6548843384
24.0021877289
25.5605201721
22.1558456421
19.3832778931
14.6096916199
11.2889509201
13.0488634109
15.7725515366
13.7402620316
11.5409145355
17.9952602386
17.0268955231
14.2835388184
16.6812171936
19.7172966003
19.0464820862
17.7775592804
21.641336441
23.9477901459
21.7849349976
24.0611209869
26.9266471863
28.9058456421
29.2390899658
26.9729499817
24.5680980682
25.131357193
29.7053489685
30.6950473785
34.2826194763
33.0380020142
30.6303825378
33.1097259521
32.7064056396
27.9055480957
28.5063266754
32.6008071899
30.6258506775
25.5911960602
28.5095825195
31.9797592163
26.8796787262
24.1548690796
27.3356800079
29.5341567993
26.8975753784
28.2184944153
28.0595588684
26.7239589691
23.8027553558
22.514295578
23.7601032257
26.2376499176
26.7207221985
30.552728653
30.1905841827
27.4183292389
30.2013664246
31.0975875854
31.4394607544
34.8991355896
36.6215705872
37.8044433594
33.4376411438
35.3887786865
34.6676864624
33.3439292908
31.5185203552
25.8548965454
28.7397460938
27.8011817932
22.8901100159
26.9820041656
29.682050705
25.6270103455
24.6209468842
28.0374088287
26.6847019196
22.7051773071
22.1746959686
22.0747280121
18.3873233795
18.1387557983
21.7954006195
16.6922569275
13.6303911209
17.3152389526
17.2518825531
13.5004577637
13.3835000992
17.7717189789
16.9786968231
21.54712677
17.8363227844
15.8573493958
14.6198253632
15.0664262772
13.7948760986
9.24418449402
5.96551084518
5.3818230629
5.27060222626
7.28390359879
7.09358024597
8.95793628693
12.2249412537
14.713010788
16.1082744598
13.1164855957
17.6845188141
19.5232543945
16.9825382233
20.2956295013
20.8596134186
23.3293647766
26.7289180756
27.2633972168
31.9567432404
30.6818714142
35.2161560059
43.0164604187
43.807472229
43.848072052
42.2348213196
43.2815704346
42.4454116821
47.0745697021
43.6704521179
40.4996643066
44.5432739258
42.7819404602
41.5451850891
40.3159790039
40.4327926636
35.8562545776
36.2747879028
37.3844299316
35.010887146
34.5510940552
33.3066177368
36.3515701294
38.2683372498
35.050994873
39.1207313538
37.0785636902
38.1398849487
41.2607307434
39.951499939
44.9290885925
43.7981071472
39.3940200806
38.8750495911
35.0023727417
34.8716697693
34.3720855713
32.8070640564
36.1629600525
33.2212944031
39.379360199
37.4910125732
43.584602356
42.0587844849
45.1660308838
42.3307189941
42.6172561646
44.71301651
41.9530563354
40.5285873413
37.3012962341
35.4077186584
32.1169967651
30.4727077484
31.4283275604
31.6243629456
27.3557300568
27.1998214722
29.3456878662
26.9816226959
23.3586559296
24.1153430939
27.390504837
22.8471107483
19.9868488312
21.4306201935
16.843000412
18.6867580414
16.7146015167
18.9651069641
23.2467021942
25.5641956329
28.1513366699
30.7108669281
34.1128158569
34.7454414368
38.6681175232
39.965763092
43.5438919067
46.3980255127
46.0859794617
43.2105331421
37.8180770874
38.9510421753
32.8472518921
33.0805053711
29.425573349
27.3413391113
31.4008407593
27.2340965271
30.1335163116
28.6434497833
26.8522453308
23.0183029175
27.1153125763
30.0254211426
26.6503715515
25.9501132965
30.6292228699
31.4999580383
29.2469005585
32.1168518066
34.1443328857
30.5019454956
27.6658229828
23.9790706635
23.835723877
19.7872047424
20.4113883972
20.7688179016
18.1583995819
15.2300157547
16.3027057648
18.6339759827
12.3770675659
11.0415868759
15.1345596313
13.711057663
8.85697174072
11.3930311203
12.9472293854
11.6310415268
9.62968921661
14.5116386414
14.5404605865
12.0964479446
12.9705677032
16.5579586029
19.3311882019
17.5023365021
17.656452179
18.9969482422
21.3554267883
22.2103939056
17.9742698669
22.8293056488
22.6469211578
25.866733551
23.2685279846
20.6329650879
23.9134502411
24.5132427216
25.5241565704
28.8579444885
26.6007289886
22.3279075623
21.4427070618
19.0118217468
20.7430496216
17.8837890625
22.1628246307
24.9814796448
21.9403858185
26.1467952728
24.9362373352
22.593454361
23.3514289856
22.0446586609
18.1207809448
20.2466869354
19.3990783691
21.1202831268
20.5789089203
25.7338809967
26.210811615
23.6522159576
26.7464542389
27.4778423309
29.2146778107
24.1718196869
22.5930538177
24.8894138336
26.5518913269
26.2853832245
21.4276294708
23.5579891205
19.6475944519
20.6417541504
19.6612815857
22.7304019928
25.1966648102
25.7541408539
26.5596103668
24.0888385773
26.4297561646
23.178691864
20.4273891449
15.8568248749
12.5431680679
12.8541297913
15.9289340973
14.3598432541
10.6231050491
16.3861999512
16.286447525
13.2898988724
14.5726623535
17.8745307922
17.7498588562
15.1334590912
19.0474090576
22.1463413239
19.8868293762
21.2679195404
24.2566623688
26.7846279144
26.7846183777
25.0146541595
22.1142807007
22.9669303894
27.9128437042
29.2948493958
33.0520782471
31.9544296265
29.8976230621
31.7164916992
31.0002326965
26.3794384003
26.7936439514
30.4586429596
28.3822154999
23.2555656433
26.031747818
29.1235027313
23.6737651825
20.9607048035
24.2082328796
26.7232437134
24.3708324432
25.5045337677
25.9231739044
23.8332366943
20.8976745605
20.6746311188
21.918756485
24.9031467438
25.0708580017
28.9474449158
29.243391037
26.5435371399
29.8111114502
30.4248752594
29.8861083984
33.400390625
34.7922058105
35.8121414185
31.4548587799
32.851020813
31.847026825
30.3803920746
27.9510250092
22.0769138336
24.9333877563
23.5413475037
18.8960494995
22.7696228027
25.6608123779
22.0443210602
21.0655384064
24.2551021576
23.0670948029
18.8976650238
18.0593681335
17.4788417816
14.0161800385
14.0551242828
17.4367980957
12.1511240005
9.70317840576
13.7809963226
13.2997808456
9.44313716888
10.6589994431
14.926281929
13.9768924713
19.0696773529
15.9323501587
14.7634887695
13.6285419464
12.7051095963
11.9046115875
6.23251390457
4.9475312233
5.56216669083
5.27060174942
4.00720500946
6.02859926224
5.69762372971
7.93964862823
10.5566053391
12.5702629089
10.4020671844
14.4759807587
16.7870845795
15.2085256577
18.909040451
20.6355628967
22.3237857819
26.2730922699
26.6618080139
31.3991603851
30.5528450012
34.5836372375
38.5905799866
39.6260108948
40.0863990784
39.0586013794
40.267036438
38.9868164062
42.1420173645
38.0721969604
35.2959632874
37.203666687
36.9396705627
33.5232200623
32.8703651428
35.4588012695
30.5290622711
33.0049667358
35.9530754089
35.3178138733
36.938457489
34.814125061
36.3185768127
36.3639602661
32.0363464355
34.9187927246
29.7071456909
31.4579658508
32.8204040527
32.9650154114
37.245426178
36.2853050232
31.4478702545
29.8597621918
27.8379402161
26.7717037201
28.5549240112
28.5485477448
32.7156562805
32.8411712646
38.3363494873
38.7841186523
44.1384735107
44.5431556702
47.5324745178
45.5364151001
47.2531204224
49.1228942871
48.1641616821
45.501373291
42.1861763
40.3016204834
38.9259033203
35.8091011047
35.8997840881
37.72498703
35.139339447
30.9744968414
33.2312049866
33.1335754395
30.1245574951
27.3251686096
31.0460357666
29.366361618
24.7196712494
22.8291358948
17.9829711914
15.9930181503
14.9357843399
20.0446605682
22.2129878998
23.4276371002
28.2749786377
28.2079429626
33.0980949402
35.4869651794
37.916103363
41.9073944092
43.9289665222
47.9649772644
47.1650009155
42.9842071533
39.0807228088
37.6767463684
32.8559532166
30.762670517
27.5015983582
22.5751056671
24.0397357941
20.485660553
20.497095108
20.174030304
21.3892669678
17.8529777527
22.8769721985
23.5015716553
16.9793376923
19.4884796143
23.5573234558
21.4186267853
19.0213298798
22.1820278168
23.0740833282
18.4965782166
17.0538215637
14.2556686401
11.5081214905
10.303899765
7.00152015686
8.76876735687
10.8366374969
7.74858903885
6.55641031265
10.7699832916
12.0207643509
9.37743663788
10.4376163483
14.5114965439
14.8764791489
13.4644041061
17.5672073364
19.7651348114
19.6853218079
21.2625408173
23.3197822571
24.1584758759
24.7988128662
26.0737380981
30.6861991882
27.3924312592
28.5802612305
25.4071960449
30.3802127838
27.1801242828
22.8735809326
24.6031112671
21.4506416321
24.571144104
23.6837978363
18.9325828552
19.4113330841
16.124792099
15.2011461258
16.0003108978
13.5358457565
10.08132267
12.1186494827
13.5366888046
17.0712985992
19.4810657501
22.8446235657
27.1723213196
26.2255496979
31.2287883759
31.4798736572
30.3546695709
34.0276641846
33.1246871948
31.4537582397
34.8587226868
35.2934837341
37.5663032532
36.0504302979
39.8665771484
40.2055931091
36.6353149414
37.3152122498
38.3894500732
38.3999290466
33.237575531
30.0970001221
29.8607978821
32.6119384766
29.2919082642
25.6899585724
31.9071025848
30.3230648041
32.2658233643
32.8331375122
34.1465110779
35.5734214783
38.2945175171
39.6846389771
38.135017395
41.5849266052
38.807964325
33.569694519
30.2292823792
26.6178855896
26.5682640076
27.4961833954
24.1234951019
21.7969379425
25.9422264099
23.0514087677
18.6125125885
20.0700817108
22.1693515778
19.0748996735
15.9168815613
19.4559116364
20.8412380219
15.6978549957
17.1549015045
21.1458015442
20.7305850983
25.0160999298
25.6162433624
25.3237476349
28.253490448
30.7028255463
33.6427383423
37.0809555054
38.3660354614
38.3520278931
40.1956100464
37.0663948059
33.2328338623
36.1167259216
38.6711807251
33.4753189087
31.5362606049
35.629322052
35.451839447
30.1256561279
29.9065761566
34.0141487122
37.5703697205
36.7716789246
39.1267433167
41.2489280701
38.5568237305
35.0014839172
35.3981742859
38.1931266785
40.7232894897
39.5766906738
43.5834960938
44.5576095581
41.0757522583
43.6392440796
42.7171516418
42.9607810974
45.2001419067
47.3380737305
46.8905792236
42.4775848389
42.4027671814
42.4692687988
38.6240577698
36.3410682678
31.1501274109
30.6356601715
28.1871852875
24.5169334412
24.6713905334
27.3590679169
24.9331245422
21.1547260284
22.5006847382
18.924659729
17.2844047546
15.9575510025
19.5340881348
15.7708444595
16.2065887451
20.5334072113
19.6058254242
16.9956092834
19.9428958893
22.8544483185
21.9192085266
20.501739502
24.4446468353
27.7073822021
31.5111522675
31.7624912262
30.5001544952
31.138010025
29.6664924622
26.3737373352
21.5240478516
21.4520606995
18.5776042938
20.295633316
18.9090423584
16.0281333923
13.9272089005
15.221496582
15.2973594666
14.3873929977
11.5421190262
9.87139415741
10.6801280975
6.9875292778
4.5213932991
6.08045339584
6.02967596054
10.2466869354
12.3381509781
16.0076904297
18.0872993469
22.0694541931
31.7860183716
32.9711303711
33.3781394958
33.0798530579
34.6955871582
31.6160507202
33.9747390747
31.5974788666
28.0151863098
26.1775856018
25.2974224091
20.2444419861
18.1453762054
21.3300361633
17.6937236786
20.820854187
24.2988452911
25.7752017975
28.9454708099
27.5395450592
27.1320610046
25.6432113647
21.8689842224
23.5952014923
18.1615257263
21.9472846985
23.7080936432
27.082025528
29.0596637726
31.2223091125
27.8223743439
24.184343338
23.9995365143
19.8648986816
21.9766921997
21.6235122681
24.7353153229
26.369884491
29.3215694427
31.973859787
34.4981803894
37.7832260132
38.9157218933
37.1418380737
40.3210067749
42.4045448303
43.2031135559
40.6681594849
38.5860023499
36.2046089172
36.9695396423
33.0194854736
33.4422149658
36.9828529358
35.8444290161
29.9103336334
33.1354598999
35.6436691284
33.7020835876
29.5874443054
34.3120307922
35.619808197
30.7992858887
30.3140945435
27.3947658539
24.8696250916
23.1063289642
25.2674274445
23.1781196594
25.7516269684
28.4184684753
27.6205425262
31.3431282043
33.3200302124
33.4323806763
38.4755783081
38.1610832214
41.8939208984
39.3130760193
34.8722457886
33.8102340698
30.7141361237
28.6414260864
27.0000991821
24.1726531982
21.3745594025
16.6361579895
15.9122657776
12.0986423492
9.52249526978
12.832485199
13.8040161133
14.0589561462
10.8326711655
9.02390193939
12.207821846
10.8024635315
6.82664251328
9.17213439941
10.4828777313
12.1144857407
11.589217186
12.5654420853
13.5208072662
14.984621048
20.1397190094
18.900554657
15.306350708
18.2618198395
22.343957901
19.6741790771
16.2905921936
22.6304035187
25.2472076416
21.3075942993
22.2993907928
26.7815723419
26.8699550629
26.9808712006
28.4539203644
31.3278770447
31.5485172272
31.4522590637
33.380355835
36.1446495056
35.680267334
38.383934021
33.7207527161
33.7972068787
27.7733211517
32.2006988525
26.0397014618
24.6833553314
21.5668449402
17.7339057922
17.928527832
20.4806346893
18.0202980042
16.3187961578
12.5489387512
14.0982427597
12.1766843796
16.4618778229
15.5404243469
16.5236606598
17.575012207
19.8084564209
23.0004634857
22.1169166565
24.4180183411
27.4939117432
29.5573749542
30.396276474
32.0490074158
37.3587493896
38.1595916748
38.8486175537
42.7461891174
45.0360374451
46.5320205688
43.3722000122
44.9620628357
44.1649703979
40.6861610413
38.1304130554
38.5858535767
36.6806411743
33.2048110962
29.6710605621
26.746219635
29.6666545868
24.9152107239
24.6401195526
31.7046756744
33.4513587952
36.0576820374
37.6357803345
36.3415489197
36.4649620056
41.0516624451
42.2665634155
42.2208099365
46.4245300293
44.9853363037
38.0375671387
37.4024124146
35.054813385
34.301448822
32.6679840088
29.7405529022
30.1296024323
30.7063846588
26.4760456085
24.8594379425
25.7369022369
24.7623100281
21.1986408234
23.0095920563
22.3384914398
19.1460781097
17.4919548035
19.6909313202
19.9258899689
15.3432998657
21.2813892365
22.258556366
25.7826976776
28.4109554291
26.4533920288
29.1248416901
30.7383098602
34.1103782654
36.1217422485
38.2305755615
33.7577171326
31.8137989044
36.6889877319
38.1544151306
31.4094009399
33.5826148987
38.114364624
35.6353263855
33.1455574036
35.1094665527
38.7142410278
41.7287101746
42.1145019531
46.1403045654
49.0287361145
47.7710494995
43.6047706604
42.5761375427
47.1347732544
47.7911109924
45.4012832642
48.9466209412
49.836151123
45.6955757141
46.4402961731
43.9238510132
46.2127418518
46.3263015747
49.7301483154
47.7831497192
44.0263938904
43.5087738037
45.6728057861
40.2919998169
40.7583198547
38.0262756348
35.1425209045
35.1756896973
32.0354499817
31.4376296997
31.7176532745
28.8933067322
25.7570934296
26.506811142
23.8964500427
25.7666683197
28.0215778351
33.1811904907
30.8824577332
28.2317867279
31.00730896
32.628162384
29.658744812
28.654668808
33.0394973755
34.2951316833
29.9489135742
31.4304428101
37.2775039673
37.929058075
41.0240211487
39.145904541
41.9797782898
41.4444313049
35.4977378845
34.0735931396
34.4001350403
31.3666477203
35.21616745
34.5836372375
31.2261562347
30.3853225708
33.4415206909
31.8638763428
32.4495315552
26.6878013611
27.1503543854
30.6351356506
26.6617927551
24.7668247223
22.0694541931
19.5249958038
16.5518283844
13.7579078674
10.4351787567
8.63562774658
6.58704423904
