101.642051697
79.1627655029
81.2122879028
88.5093917847
108.430755615
80.0807113647
101.84059906
85.908996582
80.9743270874
84.1028289795
110.126106262
85.8948287964
92.2857894897
99.5921630859
84.1085205078
102.077095032
83.0825424194
72.9304733276
84.8984832764
100.719017029
88.3116836548
93.2690963745
80.3801574707
91.4027481079
78.7482223511
117.018844604
92.9409179688
88.3260269165
106.459449768
126.96723938
93.4943313599
120.067581177
104.111534119
94.7606430054
102.128692627
126.859275818
98.5494995117
108.482971191
115.715126038
93.3365020752
120.253868103
92.8969192505
88.3110351562
101.042381287
119.480308533
105.973327637
108.978256226
96.8402633667
105.148292542
86.8057861328
119.39969635
96.9234924316
96.9122238159
109.097808838
129.450805664
98.6658859253
121.561378479
106.522712708
99.3531723022
105.759681702
128.203155518
103.732551575
111.962852478
118.314460754
101.069892883
121.990875244
98.5373916626
92.2612075806
105.163970947
120.399291992
108.992370605
112.38507843
101.405723572
108.612213135
95.7436599731
122.349403381
97.3507080078
95.4981384277
110.879356384
132.63722229
98.7340316772
124.628318787
108.174804688
99.7003631592
106.870254517
131.854629517
104.209121704
113.920394897
121.192573547
100.370376587
125.061737061
97.9778289795
92.6175308228
106.218078613
123.417160034
110.661224365
114.436660767
101.965782166
110.176345825
94.2795562744
120.792579651
94.8965454102
95.6058502197
108.949989319
131.371887207
96.7696762085
122.988449097
106.148544312
97.5876541138
105.070846558
130.288757324
102.777877808
112.273338318
119.647315979
99.8640594482
123.470291138
97.4168014526
89.4161453247
104.298171997
121.736694336
108.774291992
112.808738708
99.9748382568
108.530044556
94.0745697021
126.476493835
101.446296692
99.7085037231
114.943305969
136.675491333
102.353881836
129.002716064
112.337486267
103.501617432
110.610527039
136.166473389
108.122787476
117.736763
125.199005127
104.283576965
129.340484619
102.789360046
96.2865524292
109.782012939
128.032989502
114.587158203
118.313232422
105.263496399
114.391639709
98.1557540894
120.93221283
101.894104004
102.01965332
112.706359863
131.663482666
103.249046326
123.599449158
110.673873901
103.780410767
109.991317749
129.215042114
107.275527954
114.930862427
120.529968262
105.276443481
124.101669312
103.025390625
98.6388320923
109.041000366
122.705726624
112.562179565
115.139198303
106.002746582
110.901832581
100.936180115
129.431716919
106.509880066
108.901046753
114.129188538
135.864959717
107.29964447
128.717483521
110.867034912
108.168540955
109.484260559
137.908416748
113.412826538
119.410049438
127.222190857
111.678001404
129.136901855
111.204925537
99.7867889404
111.342697144
126.941085815
114.228462219
120.574417114
106.395240784
119.024230957
106.225952148
129.910385132
109.887649536
110.757240295
116.431976318
134.039596558
109.769218445
129.182876587
114.312980652
110.868629456
111.557731628
138.042358398
115.154052734
119.93208313
127.22807312
113.108131409
129.092880249
113.789657593
103.646842957
113.069374084
128.574859619
116.036682129
121.189888
108.578308105
120.938774109
107.965042114
116.06111145
93.1415252686
97.9301528931
100.800544739
124.170066833
95.0360717773
114.843704224
97.4974822998
95.4560089111
97.3509368896
123.988571167
101.123725891
106.993965149
114.391593933
100.683799744
115.653343201
98.2313461304
87.0090789795
99.1586151123
112.353805542
101.281051636
107.995140076
94.7683258057
105.531295776
95.761680603
