98.3652954102
73.6231155396
31.4762268066
42.1729812622
30.9346866608
34.4495697021
33.3195724487
28.8331298828
33.2101860046
38.6955680847
34.145362854
35.4463157654
36.9799995422
39.0789489746
39.0067710876
37.0633926392
39.8786277771
44.0933380127
47.5366706848
44.6265678406
43.835609436
43.0507926941
46.2630805969
42.0817565918
40.2306671143
41.7026367188
52.1313896179
40.0477790833
51.9550590515
44.6688957214
38.7862892151
44.2617797852
43.8920021057
43.3265686035
49.9910774231
42.2586326599
42.3767738342
44.4911079407
38.1812400818
31.8787059784
39.3653526306
38.4555664062
37.2586517334
37.8074188232
33.7828636169
30.6956005096
31.114233017
24.3195800781
25.3849849701
25.351266861
29.2766208649
22.4891529083
24.1320343018
24.4005126953
25.9034118652
28.6007118225
38.2441902161
28.8330249786
30.9299907684
30.8789424896
32.6576347351
35.5677680969
35.2062339783
36.4865112305
35.7976951599
41.1243019104
41.8915023804
46.3760452271
46.7894363403
46.0430717468
42.5789985657
42.659954071
40.3209571838
38.226764679
35.1485443115
39.2894096375
41.7076644897
36.882434845
38.6900215149
32.613861084
32.0352935791
33.4775810242
35.2363128662
38.3227767944
43.4700164795
38.1601219177
47.2849731445
45.5541267395
43.908367157
46.7214698792
42.6632385254
45.4415206909
47.945526123
50.0274963379
46.1515808105
58.1681938171
47.1419563293
53.9546089172
54.5398445129
47.2964096069
48.9135665894
44.2878341675
45.1391677856
44.3533477783
42.0441818237
52.6646385193
47.9484443665
42.1080932617
38.8978881836
50.2569046021
44.5556259155
47.9524116516
40.35414505
44.8603057861
47.9551506042
49.8585662842
60.2910270691
54.9595336914
56.3596153259
48.6923370361
51.2412261963
48.1624298096
46.1866760254
48.153591156
52.0279998779
52.0598869324
50.9758377075
53.7007484436
58.4245491028
52.544418335
59.117603302
50.5599021912
50.5455474854
47.289981842
46.0399131775
48.1908073425
49.7441558838
45.4939079285
45.3761291504
52.8375816345
50.5673561096
46.0105514526
49.3460464478
55.0405731201
51.4462547302
49.4930610657
52.6357765198
51.0687904358
53.8681030273
51.2059173584
49.6002883911
48.6019821167
45.6797523499
50.0161590576
48.2562332153
44.3463935852
48.3212852478
51.7199516296
52.7202186584
51.5298423767
46.5588874817
53.878692627
49.2202415466
46.4217262268
50.7716941833
40.8485679626
43.8237724304
45.6314201355
43.7448234558
37.4624671936
48.3590354919
43.7078819275
44.0711593628
45.4815673828
42.6528434753
47.1786384583
47.9950523376
51.6287651062
50.6176338196
46.0037498474
45.8504829407
40.0341110229
42.8790779114
41.3329391479
40.6757278442
39.7937469482
42.9820137024
38.87059021
42.3289337158
40.9851875305
41.4299468994
31.4949417114
37.0468711853
31.2071781158
28.9318065643
33.4691162109
31.090051651
28.7388305664
26.6514453888
31.3734054565
31.0972728729
37.3272590637
36.3121109009
35.3870811462
39.537612915
33.2409210205
40.8823661804
41.2634620667
34.8179512024
37.9093322754
43.0439414978
46.1543426514
38.534122467
43.6314430237
47.1239891052
45.6081314087
43.4326972961
40.4117889404
42.1283454895
43.0767173767
40.4339675903
35.5751800537
38.9022865295
37.4217262268
43.9473457336
41.7425842285
48.7202644348
41.2898864746
41.1715507507
37.0573806763
35.8193206787
35.8358917236
39.5149345398
37.0045204163
32.4803390503
36.0948944092
34.6224479675
32.2474937439
30.9991970062
33.0723648071
31.5042190552
29.4106483459
24.8254871368
25.0603599548
19.7951145172
23.053237915
21.9935665131
19.489988327
21.9754543304
22.0088405609
20.6809463501
24.8839988708
24.9472484589
27.3184986115
30.1184616089
30.0158081055
34.4280128479
38.2163047791
36.4565734863
41.1931343079
40.5280952454
36.1090507507
37.5772094727
37.1631126404
32.6515846252
31.4398097992
27.1248893738
28.9388084412
29.9329967499
26.7215270996
24.2223644257
20.5746307373
23.1611709595
19.8768920898
15.7630205154
17.3865375519
14.1574296951
16.6114940643
15.2071399689
14.7332315445
17.6743526459
20.3347244263
21.6784305573
26.5898189545
27.2214565277
30.0102062225
114.974998474
87.4206924438
47.7833366394
56.6742324829
46.9495811462
50.6484107971
45.8119277954
42.1192855835
49.1409111023
51.4174766541
45.30519104
48.826210022
51.8961486816
50.4317169189
49.6130256653
49.9232711792
53.3426361084
54.4800415039
58.3876724243
51.664478302
51.5808105469
47.3344268799
49.7014846802
44.1946411133
38.3020172119
42.7610244751
55.8689460754
44.4658470154
58.7342376709
51.2260017395
47.2552146912
52.0492973328
51.1906356812
47.4615821838
57.8695907593
50.4924964905
49.9397010803
53.9472885132
46.4791183472
41.8214759827
50.1221961975
46.4732437134
46.1874542236
48.0913200378
45.8899269104
40.0043067932
41.8283805847
37.0976524353
40.8179779053
43.7936210632
48.1657295227
39.6209716797
38.2267684937
37.6441574097
31.6897029877
32.8221626282
31.3733615875
41.1880340576
31.8350467682
30.5687274933
25.9532642365
27.9495010376
31.7588653564
28.5043449402
23.627702713
27.2907772064
32.0945243835
27.6974773407
35.6301994324
32.7637825012
31.2364845276
25.2819061279
31.6651725769
25.0814971924
24.768573761
30.2624473572
30.7784252167
27.5650196075
36.3026199341
28.9704227448
27.1727371216
31.3808460236
28.0715007782
30.8729038239
39.7309303284
31.3955020905
40.169883728
37.7613563538
31.5099201202
38.9778327942
34.9815330505
34.1786956787
36.6690101624
43.3997879028
37.2591896057
50.1407623291
33.7271347046
41.7161750793
39.8945465088
32.3050842285
32.1049423218
30.7985401154
34.1523857117
28.850320816
29.9789123535
42.1281166077
36.1143264771
30.8836784363
30.9881057739
41.1667633057
29.3845043182
37.4250984192
31.3328838348
32.5438423157
33.1456222534
38.2281150818
50.4835166931
43.1194496155
40.8807296753
32.1550102234
37.4184799194
30.4059619904
28.3519859314
29.1913394928
35.369846344
33.8239974976
33.1236839294
38.7050743103
46.2096862793
36.7348976135
47.9845695496
39.911655426
39.6111488342
38.751991272
38.6910247803
38.8499794006
40.7297477722
39.7915153503
40.2335090637
46.3401145935
46.7599258423
43.8594856262
45.3863372803
51.4424514771
48.1028442383
47.740272522
52.4120674133
47.6828994751
52.4332809448
46.4864044189
46.7197532654
45.1530532837
40.7195701599
44.987575531
42.268989563
37.2686767578
38.6465988159
44.2777252197
40.6137580872
40.3620414734
38.156867981
44.2220840454
37.4099082947
37.0978889465
43.4831542969
35.4565010071
38.5493087769
40.8245162964
43.1522216797
34.8512992859
46.2355613708
41.2005081177
43.4600753784
44.7952423096
41.2767372131
48.9454345703
49.9264755249
55.8167228699
55.3455657959
49.5148696899
51.0446586609
41.9403038025
45.9348754883
43.3204727173
43.5182762146
41.6188278198
43.4390335083
41.4266052246
41.3809585571
43.7941246033
47.2079086304
37.5042877197
46.4851989746
41.4583854675
36.2698936462
40.0349998474
39.0103340149
38.428768158
32.1349220276
35.394733429
38.7308921814
44.3657608032
39.2104187012
35.7339248657
45.698299408
35.2780075073
39.8380470276
43.3982048035
38.8235855103
36.2104682922
41.1369857788
47.7538795471
37.6878585815
40.0547981262
46.0521736145
47.4977149963
44.8701324463
45.1954460144
47.6401138306
49.65625
47.8145217896
41.6660842896
44.3714332581
43.7357902527
48.7317047119
47.3357696533
53.7081947327
44.799118042
48.7346763611
42.7970199585
44.5682601929
41.5769996643
48.0193481445
45.9848861694
42.3594551086
48.8741531372
48.4384231567
46.9758720398
45.6627998352
48.9933357239
49.2863502502
46.4742279053
41.9538650513
44.1081352234
39.6464385986
43.581363678
41.1280174255
39.4606208801
39.5702514648
36.5661697388
34.4558143616
36.040512085
31.3138008118
33.3448944092
30.9416866302
30.9379997253
29.718870163
34.1449737549
30.1324748993
32.7664756775
29.3974933624
26.3374023438
24.2527675629
26.0971183777
25.3426895142
22.4752540588
22.5265140533
24.4896316528
26.6446933746
26.5409221649
30.2065029144
30.2670650482
34.5372657776
35.4935569763
32.5191841125
36.7136421204
34.4423370361
37.5715522766
35.6011581421
32.3706321716
33.7881889343
32.0012321472
31.9695777893
31.589838028
28.0980930328
30.5328216553
117.68901825
93.2979354858
50.5369911194
58.4036178589
48.4071807861
50.9966278076
46.0622596741
41.0984039307
48.0383987427
50.1224212646
42.7357215881
45.1948547363
48.2088813782
45.4585494995
44.1029014587
44.0642127991
47.1162719727
48.3799133301
51.7517738342
43.6655693054
41.6412391663
37.4532012939
38.4375648499
33.2407264709
26.7838592529
31.7863826752
45.7200737
34.1708679199
49.8121109009
42.4008598328
39.2947692871
44.5375976562
45.0054664612
41.2068786621
53.7589988708
47.0750732422
48.8460006714
54.1789474487
48.4309310913
44.2159118652
54.3846435547
52.5451011658
52.1714935303
55.9260787964
52.0164451599
46.8174629211
46.3934173584
42.8405303955
43.2836151123
46.7312583923
49.2815055847
40.8136634827
42.6632347107
42.0095939636
37.6825332642
41.8649215698
40.9269332886
48.5593299866
38.8952827454
41.3552436829
37.5928878784
35.3397789001
40.7815208435
40.9303894043
33.7004127502
34.8369255066
42.7621192932
41.1768875122
45.0678901672
42.8798599243
37.5544052124
34.9679412842
37.7443847656
33.3579483032
34.9815254211
35.3693199158
39.0339202881
42.8844985962
41.1767539978
44.6053695679
36.7640419006
31.6489009857
33.6601295471
28.6866798401
31.8504428864
34.7011985779
24.8604278564
37.2043876648
31.8436794281
25.6528549194
29.1399612427
26.7652416229
27.6927528381
31.4035186768
26.5758152008
42.0234184265
26.66938591
35.4686164856
36.4550323486
29.6153087616
34.0403785706
30.4332141876
36.9240455627
30.7486419678
29.9556560516
42.8101997375
36.761516571
33.068687439
33.2646903992
47.6102828979
35.2048835754
40.478061676
37.577129364
41.6535835266
40.8003883362
41.1371421814
53.4976387024
47.3599281311
43.3451156616
34.8056793213
40.861289978
35.3415641785
34.79870224
38.4250106812
43.1839637756
43.7680168152
40.8079872131
49.0416145325
55.0472488403
44.1680870056
53.8766822815
45.8530006409
47.9541702271
44.5162010193
47.0700340271
48.7291221619
47.9739227295
47.7631950378
49.7579917908
55.5123214722
54.1048240662
51.9754714966
55.0514945984
60.0065498352
55.5182609558
55.3417053223
58.4069290161
53.5322113037
55.5740585327
50.6323242188
51.9667205811
48.3480453491
44.978603363
46.65467453
43.2620658875
34.2885398865
38.2192802429
41.188205719
38.8690452576
38.7955818176
33.2413024902
38.1298141479
33.5204772949
33.0214118958
37.3428649902
29.3285446167
33.6929397583
38.5902786255
40.1563301086
35.7117843628
45.7848167419
41.9253616333
46.5411567688
48.0212936401
47.1289672852
53.5287094116
55.8212013245
61.491771698
61.7409248352
57.9955825806
57.6530342102
49.2125701904
51.3979415894
48.093421936
45.3166427612
43.0769271851
41.3292198181
39.4691772461
35.9425354004
38.9180755615
43.7289810181
33.2365913391
43.0914344788
39.8965034485
34.4023513794
40.0147323608
38.234588623
39.7815971375
35.3575744629
36.8577728271
41.6850509644
49.4147529602
44.5781555176
40.0502319336
51.5602874756
44.1949234009
47.5671310425
50.8399391174
47.6192359924
46.8568840027
50.2324485779
56.4539413452
49.8015861511
51.73878479
55.5496063232
57.3543701172
54.2798500061
53.6788749695
55.2031593323
55.3750534058
52.0747642517
44.9470024109
46.7106246948
43.6329193115
47.3050193787
44.2151412964
49.6106681824
38.3038406372
43.4252128601
36.0307884216
38.4151344299
33.1772727966
39.7575035095
38.5703544617
36.8550224304
42.4427490234
43.0342941284
42.6955413818
42.3402748108
44.464466095
47.074306488
45.3781814575
39.0897331238
41.7018699646
39.5793113708
44.92993927
43.1364822388
43.3851203918
44.887840271
41.5272865295
41.6795158386
45.148349762
41.6212730408
45.4943466187
43.9661216736
45.3008766174
45.3906517029
49.1760101318
44.9243774414
47.4879150391
43.9044113159
39.3356552124
38.9965553284
42.0553398132
39.7824440002
38.804977417
37.3320236206
40.2367362976
41.5604438782
39.4471855164
42.5558433533
40.3272438049
44.9055519104
43.6340942383
39.153553009
42.8420143127
39.1834831238
39.8942642212
37.6757736206
33.8786468506
32.7001609802
29.9340419769
28.0766391754
24.4407024384
21.1107349396
20.6387805939
120.454162598
92.844909668
47.5052223206
56.0602340698
46.5174293518
49.2116928101
43.1555099487
40.0112037659
47.587562561
49.2450485229
41.5868797302
46.1336517334
49.0494346619
45.8979492188
45.6195831299
46.4958763123
49.2274055481
49.8871116638
54.217376709
46.5615196228
46.4766540527
41.4735298157
44.4670600891
39.3065414429
33.1448554993
39.3585090637
53.3972892761
41.3033294678
55.965461731
47.1349334717
42.8203163147
46.8867835999
45.8142623901
40.4145851135
52.7460136414
45.4504585266
45.0938491821
51.0546989441
43.0882873535
39.6817016602
49.325920105
46.4133110046
45.5266876221
49.8690757751
46.8176231384
41.6746444702
42.1226921082
39.2785720825
41.3713188171
45.2003364563
49.1360015869
40.9528503418
42.1080856323
40.5264968872
36.6454925537
37.9230804443
38.2007102966
46.3365402222
34.9161300659
36.0454368591
32.9305839539
30.2773532867
33.8760261536
33.9264068604
27.6776313782
26.9355640411
34.0507354736
33.4405441284
37.3004493713
36.3801994324
32.1513595581
31.5189247131
37.1854972839
33.5112609863
30.8836917877
32.6637115479
39.2016372681
41.8555297852
38.2920837402
44.398765564
35.7660140991
33.4663543701
34.1286430359
27.983171463
35.3148345947
41.0325164795
29.9763565063
41.8854904175
39.5137329102
33.2247619629
39.6607818604
33.0686798096
33.4051437378
36.0721473694
40.8694458008
33.3160057068
47.880317688
30.4652462006
41.3954162598
39.9916229248
31.2487411499
35.8510398865
34.8954277039
37.6013679504
29.4630908966
27.917137146
38.6444244385
29.9510993958
25.3502674103
39.2182197571
25.3842411041
30.9453773499
27.5458393097
31.4071331024
30.9463787079
31.8305454254
46.2996292114
39.668056488
37.2276115417
28.8736534119
36.7158279419
31.7114696503
31.4769420624
34.6747016907
37.778717041
36.5895385742
32.9759559631
40.7456054688
47.0162887573
35.4483451843
45.8051986694
36.1056213379
37.8933563232
34.5096130371
37.3647918701
38.3147659302
37.5334281921
37.7458076477
39.8031845093
45.6057357788
44.4641723633
42.3728256226
45.1871566772
50.2963180542
45.6243476868
45.7648048401
49.3324737549
44.0696868896
47.11095047
41.252117157
43.038772583
39.7142677307
36.0127105713
38.6512413025
35.6473846436
28.5399284363
30.9790687561
36.2013778687
33.2380638123
33.2789459229
30.0962963104
37.4585838318
31.4606323242
30.0236473083
39.5389137268
29.8077526093
31.7771015167
33.7940139771
37.5206565857
29.8424930573
40.1251754761
34.7675590515
38.9316215515
40.0624504089
38.233455658
45.3490447998
47.4751396179
53.7973060608
53.7539825439
49.5465202332
49.8953704834
40.7125854492
43.8252639771
40.7591247559
38.6998214722
37.2160835266
36.6071548462
36.2548141479
34.1230278015
38.3043212891
43.8272781372
34.6758460999
43.7527885437
40.9337844849
35.9322357178
39.1528205872
36.6931304932
38.0942497253
33.1386680603
33.2618141174
37.5607223511
45.4200401306
39.2681045532
33.1791229248
45.9319267273
37.3955459595
39.7859077454
43.4352645874
40.2456474304
38.6412239075
41.4744148254
48.765914917
40.8456573486
42.424331665
46.6408119202
49.1069869995
45.3866424561
45.6564445496
48.1372756958
49.0494346619
45.664855957
39.0909233093
40.785118103
39.6495399475
43.4642372131
42.058380127
48.7012062073
38.869468689
44.0059356689
38.1567726135
41.2249298096
38.0465736389
45.3133659363
44.6103744507
41.0532073975
46.6989402771
47.5651473999
46.4481773376
44.6113548279
47.4866371155
49.5508880615
46.54322052
40.0361328125
43.1295280457
40.1371803284
43.8808326721
41.1639709473
41.1796150208
41.0847587585
37.1526451111
36.8267555237
38.9863739014
34.7199783325
38.3732147217
35.6074447632
37.5742645264
36.5315055847
39.4102020264
35.0438346863
36.7909927368
33.1078147888
28.8090190887
28.673160553
32.2838134766
30.5818538666
31.0800876617
30.6750240326
33.4735717773
33.6252555847
32.0009307861
36.398059845
35.0736923218
39.305557251
39.318069458
36.0451850891
40.1523284912
37.5430908203
39.4235725403
38.3205680847
35.2669181824
34.9487457275
34.0890617371
31.9540176392
31.362405777
27.1666755676
27.7510890961
118.907943726
90.6152191162
57.6319389343
65.1880569458
56.8214759827
59.3223724365
53.9231338501
51.1599464417
57.7812995911
58.7232017517
52.4659423828
56.461479187
59.1016349792
56.4607849121
56.0315818787
56.1576385498
58.9774208069
59.4407501221
62.9011116028
56.219959259
55.7087173462
51.1791763306
53.4477767944
48.5963745117
42.7933921814
48.1054763794
60.923374176
49.9307632446
64.1358261108
56.7731819153
52.5882644653
56.7812690735
56.2947158813
51.5380935669
62.5152778625
56.6283035278
56.4945297241
61.5508003235
54.3874702454
51.1569824219
59.328453064
56.9494781494
55.8745079041
59.3880767822
56.9131698608
52.266456604
52.5166015625
49.3926696777
51.5588226318
54.4101448059
58.4565925598
50.6646690369
51.2412223816
50.2046127319
46.2790641785
47.8587493896
47.048160553
55.1468048096
45.070980072
45.6085624695
41.9398384094
41.4568061829
44.4461135864
43.1543083191
37.8645057678
38.5702133179
43.4441833496
41.0133552551
44.3771820068
44.1561660767
39.6065750122
37.5185661316
44.3085517883
38.9256896973
37.4184799194
41.1711044312
45.8901519775
47.6763420105
45.4999427795
51.0481109619
44.2904167175
41.4858360291
44.1259689331
39.3621330261
43.1777000427
48.7834587097
39.1027946472
48.0943832397
45.4966201782
37.0499839783
44.8920860291
40.8612823486
38.9194526672
40.2292480469
46.2642555237
39.2930488586
50.9850845337
35.0038490295
43.3351249695
40.549156189
34.3284759521
37.4464950562
39.1098327637
42.6704216003
34.3050956726
36.9533157349
45.81016922
38.1849441528
36.7158317566
38.8344345093
48.7214202881
33.0360641479
41.1836967468
39.2575569153
39.8155326843
37.1163825989
39.9918823242
50.7364845276
43.1209716797
37.8902778625
31.3531112671
30.9284343719
34.3379096985
35.7861938477
37.4749221802
37.4169044495
35.0657730103
43.3137550354
49.8478088379
37.8064613342
49.964515686
42.7644271851
45.6120567322
44.0520248413
46.8301010132
46.2975883484
45.7403564453
47.1855354309
48.573135376
53.5047454834
52.9294128418
51.4944763184
53.485370636
58.1418075562
54.1395111084
54.8004837036
58.5334854126
53.3852577209
56.9570884705
50.7275543213
53.0193748474
50.0133857727
46.9305496216
49.0523681641
46.5167427063
40.0492591858
39.7314300537
44.3917198181
38.7372245789
40.2172203064
38.7611160278
43.6969032288
36.7115325928
39.5823936462
48.0951805115
40.9815063477
43.1279563904
46.1128082275
49.4529762268
42.9184341431
51.4057769775
46.3465003967
49.9618148804
51.1321640015
49.3188056946
56.0935134888
57.0636405945
63.4385795593
63.2164154053
58.5580978394
59.9441299438
50.710105896
54.1747894287
51.7256393433
50.2233352661
49.2840805054
48.8488540649
48.5863189697
46.2147903442
49.5755958557
54.0475158691
45.5833129883
54.7771530151
50.155166626
46.5025100708
49.1107711792
47.9220581055
48.9999847412
44.5426292419
45.0863838196
49.0198516846
55.7870941162
50.2334442139
45.5594482422
56.1123008728
47.8902511597
50.6144676208
53.9076461792
50.6707000732
48.3381080627
51.2408485413
57.5338287354
49.7945480347
50.9671859741
55.3037414551
56.5331344604
54.6819763184
55.4867630005
57.9808273315
58.2756500244
56.4217071533
50.9254837036
52.1426849365
51.6936378479
54.8899536133
53.6531944275
58.7817192078
49.9483184814
54.2025413513
49.3036575317
51.5353851318
48.5131645203
54.506526947
53.5939025879
50.9694519043
55.8814468384
56.2347717285
55.2273139954
54.3087730408
56.5234603882
58.240322113
56.2147789001
50.8510971069
53.0321731567
50.1891288757
53.8088760376
51.7992248535
51.2189445496
51.5282707214
48.5069351196
47.6742286682
49.4070358276
45.4659423828
47.9928627014
45.4408531189
46.4222297668
44.843170166
47.7917900085
43.8544425964
44.9491958618
41.2125053406
38.6656494141
37.1229934692
40.2849082947
40.1193237305
39.4158439636
39.8567237854
41.7651519775
42.6526298523
42.123878479
45.8355293274
45.2795715332
48.9448013306
49.2133979797
46.3824729919
49.7921829224
47.5349578857
49.3237953186
47.7851715088
45.0346565247
45.2070388794
43.6028175354
42.6526031494
41.2676696777
38.0468215942
38.7013931274
124.415473938
95.5867996216
55.5216636658
63.9582366943
54.5676803589
57.4982528687
51.6454467773
48.4388694763
55.7808990479
57.5002403259
50.2259941101
54.3701286316
57.3364639282
54.4275932312
53.7927284241
54.4131469727
57.43227005
58.0220909119
61.8094940186
54.1026229858
53.5126152039
48.5133285522
50.5738868713
45.3576393127
38.6668052673
44.6451911926
58.3922691345
47.0268783569
62.19008255
54.1336555481
50.4498672485
54.6990776062
54.0707244873
48.6873092651
60.9530258179
54.1398887634
53.8361778259
59.4066696167
51.6781539917
48.1394844055
57.1532249451
53.8906173706
53.1067428589
56.656085968
54.2000007629
48.8175086975
49.8059120178
46.2188873291
48.9616928101
52.471206665
56.4892921448
47.9722938538
48.1624412537
47.0554656982
41.950466156
43.4950218201
42.5789718628
51.4628677368
41.1738014221
40.986000061
36.8482246399
36.3933563232
39.8597259521
37.9620742798
31.5573749542
33.2716369629
38.4523010254
34.9628639221
39.7564125061
38.2343902588
33.3128623962
30.2738857269
38.5332717896
31.7765979767
30.4059562683
35.3807373047
40.4813308716
42.0202713013
39.6725654602
47.1658325195
39.3361625671
36.2142333984
39.3555030823
33.5844154358
37.5074424744
44.298614502
34.0295753479
43.0955200195
40.0249557495
30.4915752411
39.5397415161
35.3415565491
32.8536071777
34.4639282227
41.7469215393
34.3320808411
46.8464202881
29.0720291138
37.7019767761
34.2169036865
27.3999843597
29.4602108002
32.1712226868
36.8936347961
27.063835144
31.0542049408
41.3228607178
33.4627914429
31.7114696503
33.6828079224
44.5827980042
27.6586685181
36.6603126526
34.2347755432
34.6763000488
31.9975528717
35.7418670654
47.8557662964
39.4865531921
33.8005828857
26.009683609
30.9284362793
26.4383296967
27.4045276642
31.0743255615
31.2779464722
29.1050701141
38.0526046753
45.7972717285
32.9272422791
46.6547622681
38.7661132812
41.0520172119
39.7870483398
42.4621353149
41.646030426
41.4157981873
43.1993598938
44.4341850281
49.4368896484
49.4295845032
47.8884925842
49.5833892822
54.5286598206
50.5130615234
51.4604415894
55.2835540771
49.8508834839
53.6762733459
46.9820480347
49.3989982605
46.5192298889
43.0810203552
45.6720428467
43.1774368286
35.8656806946
35.7833709717
40.9561271667
34.7254371643
36.1248970032
34.9155807495
39.715877533
32.2000274658
34.9295005798
43.5556221008
36.4233360291
38.8843688965
42.0956497192
46.0214614868
38.5913925171
48.3058738708
42.9295654297
46.688659668
47.6604270935
45.3690643311
52.7263946533
54.1692123413
60.7074127197
60.508808136
55.6276702881
56.938129425
47.5005950928
51.3353233337
48.6134910583
47.045665741
45.7531433105
45.27085495
44.997882843
42.4696083069
46.5326271057
51.6089477539
42.3076477051
51.8995475769
48.0118942261
42.8889312744
46.3793182373
44.9136199951
45.7693405151
40.2610588074
41.5342674255
45.6448860168
52.6504211426
46.6944007874
41.4203834534
53.2257804871
43.8437461853
46.5609512329
50.3019256592
46.861831665
44.1413421631
47.3324890137
54.5949440002
45.5417251587
46.7668685913
51.7996444702
54.065788269
51.1620903015
52.3251686096
54.9286384583
56.3364944458
53.629901886
47.4973144531
49.102394104
48.4924430847
52.1665916443
50.817653656
56.7660369873
47.0048599243
52.2085723877
46.0760650635
48.9789123535
45.1691818237
51.9424972534
50.8632011414
47.9339103699
53.914768219
54.3709411621
53.3961601257
52.0462112427
54.9389038086
56.612613678
54.0153198242
48.3523406982
51.0692138672
47.6929321289
51.7836494446
49.2565879822
48.6005058289
48.64453125
45.0518226624
43.951713562
45.633895874
40.9554901123
43.6107559204
40.4569129944
41.4229354858
39.2443847656
42.4831619263
38.1876449585
39.215713501
35.1261863708
32.6621894836
30.5977306366
33.9464988708
34.1499977112
33.0426177979
33.8846473694
35.8945770264
37.0333786011
36.7843360901
41.2243423462
40.9130783081
45.100769043
45.7813987732
42.6570625305
46.8098068237
44.2808799744
46.5945243835
44.8639297485
41.4893760681
41.7518081665
39.7516784668
38.6067657471
36.7997360229
32.8701171875
33.7342948914
120.170333862
99.0584259033
62.3895988464
68.6750717163
62.0547409058
64.4705963135
59.2034187317
57.6211204529
63.8526153564
65.2285461426
58.7844390869
63.0709686279
65.582611084
62.7651481628
62.9654579163
63.9850654602
66.1602249146
66.3591690063
69.8776016235
64.2227935791
64.6213302612
60.1958656311
63.0290031433
58.8922080994
54.053188324
59.0586776733
70.5519943237
60.7245254517
72.293586731
65.2567443848
61.3151245117
64.0550079346
62.344367981
57.6201400757
67.1210708618
61.4974517822
60.0011672974
65.0565032959
57.2769699097
55.5012664795
62.1113433838
59.4847373962
58.1228027344
62.0759239197
60.3963737488
56.3965339661
57.1833496094
55.8244400024
58.1589584351
61.0860061646
65.0072174072
58.641456604
59.1175994873
57.5702095032
54.7320785522
54.3203392029
54.80651474
62.0934410095
52.3082046509
52.0100784302
49.878818512
48.9435043335
49.6690444946
49.147819519
46.0671615601
45.0145530701
47.245967865
47.1793670654
50.9789276123
52.1126060486
49.6262817383
49.0491867065
55.3438034058
51.5817832947
47.9845733643
50.8047294617
56.2317428589
57.4285430908
54.2551956177
59.9146156311
53.8986587524
52.7770690918
53.4106941223
49.5538063049
54.8127975464
59.8884162903
51.3773384094
60.1190719604
58.4378738403
52.64402771
58.5678100586
53.8766708374
53.1595649719
55.184299469
59.4376182556
53.1070327759
63.6674804688
49.8466110229
57.9445037842
55.7046928406
49.6810836792
52.4124794006
53.3091278076
55.5501594543
48.4940261841
48.7281188965
55.6649475098
47.9310798645
45.8051986694
45.7394332886
53.4301757812
40.022026062
45.463809967
42.333782196
41.3315696716
39.573764801
41.5160598755
51.8800582886
47.2588157654
46.519203186
43.8582420349
49.964515686
46.654750824
47.8167419434
48.7536277771
49.0419769287
45.0061187744
42.9203796387
46.7505912781
50.3164405823
40.4584159851
41.5750617981
44.3690910339
44.0125846863
47.2192115784
45.256942749
43.7910804749
47.299533844
48.4579963684
51.4742240906
51.7049560547
51.2536239624
52.422252655
56.192363739
53.0194244385
54.3785591125
57.453792572
52.5538139343
55.8226737976
49.9562416077
52.400352478
50.2925338745
48.1230583191
51.0289878845
50.4909896851
45.967956543
45.4867362976
50.5198783875
45.8342895508
48.3923492432
48.2586860657
53.943157196
49.0297851562
49.7309188843
58.7976913452
51.2631454468
52.0222549438
52.6788330078
55.6175498962
48.7495651245
55.1657295227
49.4028434753
52.2889442444
52.0830917358
50.050075531
55.9938545227
56.989906311
63.0187797546
62.7665023804
59.3995475769
60.3024177551
52.4286575317
55.8509979248
54.16147995
52.917678833
53.0846786499
52.9443016052
54.2039451599
52.8366661072
56.7624702454
61.1654205322
54.6438980103
61.5191688538
59.3335075378
55.5676422119
57.484703064
55.1336975098
56.1136169434
52.1716575623
51.7710723877
54.4651756287
60.4330863953
54.9813423157
49.2064056396
59.4214401245
52.1060333252
52.9208831787
55.8586196899
53.1097640991
51.0606651306
51.8510055542
58.151386261
51.8343887329
51.8326835632
55.2506942749
58.4836082458
55.3561210632
56.9319229126
59.4127197266
60.8157081604
58.498046875
54.278629303
55.3278312683
56.0096282959
58.4478340149
58.4785804749
63.8067588806
57.1521224976
61.160118103
57.4009895325
59.9099884033
57.8360671997
63.9066848755
63.3284950256
60.2549705505
64.6408691406
65.2894744873
64.0944137573
62.5013771057
64.9164733887
66.3573532104
63.5460090637
58.5030937195
61.0673599243
58.2494506836
60.6274681091
58.07006073
57.8184928894
56.9542617798
53.6144790649
52.9170455933
53.6267204285
49.6871147156
52.0900344849
48.6904602051
50.5366744995
48.19348526
49.5321006775
45.8585128784
45.6243934631
42.1480293274
40.5305137634
39.8348846436
43.261516571
43.6078834534
45.0085906982
46.0901947021
47.795715332
47.1563224792
46.8324584961
51.1877555847
51.0511856079
54.0724563599
55.0355033875
53.2141456604
56.6149711609
55.1052856445
57.1830062866
56.638053894
54.4977455139
54.6896286011
54.4003105164
52.8868026733
52.9717445374
49.6274681091
50.2745933533
125.869979858
100.632354736
47.853012085
57.7768783569
50.1239967346
51.0985565186
44.9297027588
45.8776054382
52.4105415344
55.8487739563
47.0254707336
53.6097679138
54.7539863586
51.9679107666
53.8868370056
55.0357551575
56.2698364258
57.942741394
61.9759712219
57.3805160522
58.1508293152
54.4317398071
58.8664550781
54.8157310486
51.0193328857
56.6981964111
68.8266906738
57.0608558655
69.893951416
59.9249305725
54.6301956177
56.3645706177
54.2930908203
47.5051383972
57.2450942993
49.7087516785
45.3798599243
52.3533935547
40.3571357727
40.23620224
46.2929077148
42.8940086365
38.8438529968
45.1471977234
44.3524246216
43.006526947
44.7443885803
44.3192901611
46.8899726868
50.2757949829
55.3060150146
49.6035346985
50.5673675537
49.4877433777
47.8131980896
44.5253486633
47.9328041077
56.5893554688
44.3316345215
43.4824790955
43.3759384155
42.863319397
40.9347686768
41.1862258911
42.5236473083
38.6813964844
40.1164093018
43.2377433777
48.3963241577
51.008014679
50.5246353149
49.4881668091
54.6286621094
51.4705123901
46.759929657
47.9484214783
55.1723060608
56.5696220398
50.8468704224
58.5514335632
49.7985496521
50.9610824585
50.3301124573
46.2909584045
53.8741912842
59.4587860107
50.4841461182
60.3379592896
59.2790870667
54.9189758301
60.7081718445
54.1048088074
54.7169723511
58.0977935791
60.4999046326
53.6068077087
66.5176086426
52.2362098694
62.1887283325
60.3882408142
51.9073181152
56.0382766724
55.6086196899
55.8679084778
49.9875831604
48.9216842651
58.05443573
48.1012268066
44.464176178
40.6701431274
51.9766731262
40.0634613037
42.8006515503
35.1086196899
36.6297035217
39.9768981934
39.6181526184
54.2871170044
49.0463218689
49.6622848511
46.2392616272
52.9294128418
49.4295768738
50.2656440735
50.7338905334
51.3118476868
47.7150802612
45.5072021484
47.2560920715
51.398059845
42.6132659912
51.7049636841
38.1351051331
38.5747451782
35.1114730835
36.5779304504
32.8163108826
30.3144207001
30.4896850586
30.3306274414
33.5179328918
28.4490833282
31.0467472076
33.7797775269
29.3193321228
31.2352294922
33.8381576538
31.2018737793
35.5312767029
31.2428722382
33.5834541321
35.6101226807
37.2764625549
43.5464096069
46.5765342712
40.4395256042
42.749332428
46.9181480408
45.1538047791
48.2733306885
46.1359405518
54.7772064209
49.705783844
48.6072387695
58.9706420898
48.1563262939
48.6034164429
48.4437637329
50.3714561462
40.8084182739
48.7959594727
38.7652130127
38.9860305786
35.4080314636
31.6313247681
34.681804657
34.838092804
41.6112480164
40.4946670532
38.1574211121
39.1005210876
32.3095626831
38.3043251038
39.0185623169
36.686882019
40.6912269592
41.7326889038
44.5716133118
46.0431480408
49.3044433594
54.547668457
47.5716743469
53.3252296448
52.5893478394
49.161365509
50.3834152222
45.5374679565
46.9501991272
43.7499275208
42.3090744019
42.5619125366
50.5219917297
45.0961685181
37.6770057678
46.4144592285
39.7150268555
40.4895210266
40.4256515503
37.2930717468
37.6598472595
36.1377754211
42.4637413025
34.6955451965
35.5087547302
36.048412323
40.0364112854
34.5075950623
37.4499092102
41.8435897827
45.3241729736
40.0169754028
38.7178001404
39.206905365
43.0954742432
46.6490516663
48.3410301208
56.7148361206
50.0530853271
52.9609794617
50.0644035339
53.4053001404
52.7007713318
58.836479187
58.9448852539
54.2885093689
57.849811554
59.5976257324
57.8486404419
54.1907196045
56.6953048706
58.5518531799
54.8488769531
47.0976371765
50.2693099976
47.4560546875
47.425453186
43.9499740601
44.3940429688
41.4729194641
37.8879966736
37.7382202148
36.7945365906
33.8436698914
36.2436561584
32.435798645
36.0642127991
34.1503601074
32.3993835449
30.1425571442
28.974067688
28.316904068
27.1224079132
29.8850784302
31.6382350922
30.659828186
35.455165863
36.1661949158
37.6683883667
34.4368934631
33.538394928
37.7810630798
37.7092018127
39.2409706116
40.865020752
40.9008140564
43.9091033936
43.7677955627
46.0944519043
47.458190918
46.534614563
46.670879364
48.7777748108
46.3008575439
48.9018096924
45.5082817078
46.2233657837
125.687133789
103.335006714
52.01329422
62.1286621094
54.8542556763
55.5515899658
50.0956306458
51.5379180908
57.2196464539
61.120136261
52.854347229
59.1657905579
59.9664421082
57.7644042969
59.5306739807
61.1254615784
62.186920166
63.8756103516
67.794128418
63.5294075012
64.566696167
60.9804573059
64.9406509399
61.2958221436
57.5789375305
62.9251708984
73.9534759521
63.5414962769
75.2833023071
65.6458587646
61.0709152222
62.4668769836
60.2812232971
53.7213287354
62.6138381958
55.0606651306
50.4185295105
56.8252906799
45.1512336731
45.2305335999
50.3341178894
46.4483070374
42.377368927
47.7087936401
47.7213020325
47.1499786377
49.5244979858
48.9309501648
52.1491546631
55.2270545959
59.8089904785
54.9657592773
55.0405769348
54.3246612549
52.5075721741
48.689163208
52.4146537781
60.4474487305
49.4760971069
47.769821167
48.2065391541
48.1043243408
46.0979423523
45.581413269
47.7335777283
44.3630332947
44.9427490234
47.5961990356
53.2935714722
55.4132423401
55.6596450806
54.3625411987
59.2660369873
56.362159729
51.4424514771
52.8755874634
60.0534667969
60.8375473022
54.8940963745
63.413848877
54.8633270264
56.378868103
55.8918647766
51.9188270569
59.0830078125
64.7751159668
56.672290802
65.0171966553
64.4063796997
60.8824882507
66.4893722534
60.0065498352
60.360622406
64.0023269653
66.4452285767
59.8382759094
71.6083831787
58.29063797
67.6919708252
65.7475662231
57.4072914124
61.1616516113
61.2098999023
60.9853134155
55.3168716431
54.6603775024
63.2133865356
53.4331321716
50.2963180542
46.3960151672
56.6885299683
45.5249900818
48.2425918579
40.8294181824
41.7085227966
44.9469528198
45.2989006042
59.0686645508
53.5231513977
54.3654556274
51.5131874084
58.1418075562
54.5286560059
55.3648223877
55.1939506531
55.9989967346
52.0176963806
50.1129951477
50.6950111389
54.6080093384
47.1930770874
56.1923599243
43.3713760376
43.20362854
40.6643791199
41.6041755676
36.7639045715
35.3017730713
35.9792785645
34.4443969727
36.2821922302
33.7797775269
32.1774635315
32.2646369934
30.9259643555
33.1871604919
35.8154716492
35.2517280579
39.604221344
36.0656318665
38.8517532349
41.5317993164
43.2836761475
49.3698234558
52.5468597412
46.8719596863
48.6341705322
52.8545875549
50.8058052063
53.6894836426
52.4916801453
60.5116577148
55.77394104
54.2889137268
64.1154556274
54.4736404419
54.3891296387
54.1895370483
56.3683128357
46.7343101501
54.5554847717
45.0478630066
44.7776870728
40.8604698181
36.7882194519
38.6054725647
38.3306236267
43.7848587036
42.0842094421
39.7582893372
41.5430870056
36.2974472046
42.7175102234
44.1012306213
42.3942260742
46.2225456238
47.6940460205
50.2831954956
52.324962616
55.5214576721
60.0272903442
53.7371139526
58.8126831055
58.2632446289
54.8612823486
55.9973564148
51.5229988098
52.2662773132
49.057888031
48.2590026855
47.7316627502
54.7724304199
50.2419509888
43.3049316406
50.7054443359
44.0348320007
45.1416549683
44.3811988831
41.0262641907
41.4818878174
40.1154022217
45.5929908752
37.0481834412
37.8572731018
38.4309616089
41.8661994934
36.5372276306
40.0038871765
44.7656745911
49.1977005005
44.0882987976
43.5698661804
44.2739562988
48.4982070923
52.2433433533
54.1367301941
62.1987075806
56.3174819946
59.2677612305
56.080368042
59.5430221558
59.0518455505
64.6952209473
64.6257247925
60.0304679871
63.8200073242
65.3217315674
63.8645019531
59.6233177185
62.5362052917
63.580280304
59.9046936035
52.9091529846
55.945224762
52.8740577698
52.3182411194
48.8030204773
48.9463348389
45.6004219055
42.3877906799
41.8663597107
40.137046814
37.5073204041
39.0210800171
35.2264823914
38.4993095398
36.276512146
33.5478553772
32.3047561646
30.3131542206
30.7530250549
31.105632782
33.5780220032
34.4005088806
34.1436309814
38.8918418884
39.9808540344
40.9121894836
37.4770736694
37.2263336182
41.053894043
41.6036071777
42.4820861816
44.6679039001
45.3922309875
48.1639900208
48.5348510742
51.1614875793
52.6999320984
52.0202674866
52.4874610901
54.743183136
52.4982681274
55.3446502686
51.9606628418
52.8782844543
113.242752075
89.2326126099
41.965549469
50.1320610046
40.8876037598
41.743473053
36.3939361572
32.9641532898
39.8023757935
42.493347168
33.3432998657
37.4762954712
39.8087120056
36.3804283142
36.2904243469
37.0042686462
39.1704559326
40.8926811218
43.8459281921
38.3394165039
37.6616134644
33.976600647
38.2347450256
34.1703338623
31.6890983582
36.7062759399
49.5005645752
36.3893623352
49.4912452698
39.4818305969
34.3394851685
36.9882469177
36.7033805847
32.1529846191
43.4701652527
36.7993659973
38.3476791382
44.8782539368
38.644618988
35.3025512695
45.6493835449
45.3196983337
43.6071434021
49.1504745483
44.5123443604
41.6317520142
40.1358757019
38.4483299255
37.2426605225
41.0429077148
43.7380027771
37.0652160645
40.9851989746
39.9464187622
39.0166549683
41.1021728516
42.5202827454
49.6602134705
38.2161636353
41.7268753052
40.284954071
37.0748710632
40.1001930237
42.1989555359
39.0606231689
36.1944389343
43.6387710571
45.3540534973
47.9371910095
48.8679046631
45.7193222046
44.8704490662
46.5093193054
44.5605125427
43.7941169739
41.7923469543
47.0108604431
50.7795677185
47.4423713684
49.8955993652
41.5407485962
40.1166687012
38.5783653259
35.1613311768
42.3041801453
45.0649223328
36.0371589661
48.6271514893
46.2248802185
42.8564147949
45.7468223572
38.9180603027
42.7082023621
44.8912277222
45.2096977234
39.8393592834
54.2188606262
41.3453102112
51.0015411377
51.5043411255
43.5826225281
48.8266105652
45.3408241272
47.176410675
43.0242118835
39.7166023254
50.4369163513
42.9523200989
38.3043251038
34.4015235901
50.3320617676
40.7046890259
42.4041290283
37.4025535583
43.4747161865
44.9632568359
42.7591972351
55.9701118469
51.1535110474
50.5957832336
43.9197273254
49.575592041
46.532623291
46.0546951294
49.0555686951
51.227809906
51.6379547119
48.4155578613
54.010887146
58.6976547241
49.1543617249
56.7624702454
46.3309020996
48.8701133728
43.2979469299
45.680316925
48.1534309387
46.3565330505
44.8519287109
46.5829048157
53.1151580811
49.3044471741
46.7045211792
51.0272254944
55.5214538574
50.3407783508
49.8625068665
51.2670135498
48.1607398987
48.421245575
45.4565238953
46.8605270386
42.849155426
41.3945846558
43.5132484436
42.1932029724
32.792755127
39.8372573853
41.5042381287
43.1005249023
43.8001785278
36.7540855408
45.1882667542
41.7971763611
39.1378250122
46.7054100037
33.8830604553
35.6231803894
37.64818573
35.4963226318
31.8968868256
41.2279396057
36.1860198975
40.0516548157
41.1963920593
41.3218460083
45.5922546387
48.2102775574
53.3502197266
53.266746521
51.1751899719
49.5882568359
42.8064422607
44.4715118408
41.6236305237
36.3429908752
35.4749183655
32.9438858032
30.9656467438
29.58253479
36.2067260742
29.1195659637
36.4747200012
36.4622573853
33.2267532349
36.1834487915
31.471414566
34.9460372925
33.5714912415
31.7189712524
35.0605506897
45.2262496948
40.5733070374
35.1050682068
45.4201469421
41.0680618286
44.1945075989
45.8289604187
42.713092804
44.4811134338
46.6033554077
51.8147773743
46.6546897888
49.2984733582
51.0153923035
52.3968238831
48.5902023315
47.1661949158
48.8509864807
48.4658966064
42.8315582275
36.6364097595
37.5698890686
34.2185134888
37.5716781616
34.3447799683
40.867351532
30.7005138397
34.5114707947
29.8111991882
33.8087806702
31.8540172577
38.5860862732
39.1957778931
35.5706100464
38.5014533997
40.9876670837
39.920841217
37.4690628052
39.1878814697
42.9775314331
40.5903167725
32.1377334595
35.5212974548
34.5745201111
37.6574287415
35.5428276062
37.2930908203
37.8628501892
34.4118385315
36.2168426514
39.5924568176
37.6899108887
42.2255783081
41.4733161926
44.1042861938
45.429523468
47.7115440369
44.2827682495
46.9566383362
44.6261558533
39.3736686707
41.309967041
43.9216270447
40.150138855
41.6891365051
39.3962097168
42.4577865601
41.8586349487
38.5276679993
40.8867492676
37.6940345764
41.0769424438
39.0932540894
35.696434021
38.4271850586
35.7112045288
35.5267295837
35.5193710327
33.5636749268
31.5091285706
32.5407600403
28.808177948
29.8770275116
27.421207428
26.3231163025
