15.204293251
16.4601840973
17.8033847809
17.9754142761
20.9348144531
21.1123695374
23.4048862457
23.7394714355
20.2684001923
18.8720798492
15.0627737045
12.5452098846
10.0737457275
9.61882209778
10.6100234985
7.34853029251
5.72186803818
4.97863197327
6.65671634674
9.25283622742
11.3290758133
10.6295967102
10.6879673004
15.4172496796
16.4950637817
20.2997112274
23.1573448181
22.6652984619
22.727684021
24.4429988861
21.01014328
19.9773464203
19.9200687408
19.0246353149
18.3607387543
19.7128639221
16.1664505005
16.537853241
12.0659942627
18.3598709106
15.1195068359
18.6837310791
14.8128452301
15.3157510757
13.9538602829
15.0759830475
15.1139173508
14.9251880646
18.1188983917
17.598192215
21.5731086731
19.9246292114
21.3040428162
19.9565315247
21.3272571564
19.5819664001
15.4443492889
17.1971302032
18.3866958618
13.2400884628
12.414812088
16.0076332092
15.2850761414
11.7681798935
13.0294914246
16.8871612549
15.1723737717
12.7166442871
15.7962150574
19.0799884796
20.3566589355
24.0166835785
24.8114490509
25.7198448181
21.3672599792
18.7156028748
17.407459259
11.8819522858
10.8793888092
7.62555599213
5.39632320404
5.89862966537
6.77877473831
6.44916820526
9.18468761444
13.0296764374
13.2273511887
11.0962781906
10.259847641
10.735833168
9.76574230194
14.094209671
17.8786315918
19.4369506836
21.8882274628
25.0411815643
27.2841281891
26.3028926849
28.1420898438
31.0595741272
33.4163246155
32.1438331604
33.2189826965
35.9344596863
37.6120452881
44.4466705322
41.1229324341
40.2815551758
42.1716346741
43.4917755127
40.8499412537
38.1314163208
38.5963973999
39.4330062866
36.2532997131
33.2082901001
34.7340049744
34.2727012634
30.5755825043
29.8218822479
32.1312828064
29.9364376068
27.4735603333
29.5390605927
31.5268497467
25.0942001343
26.2466278076
31.8364505768
29.6234111786
26.2569351196
29.2456569672
24.5857276917
28.5976600647
26.2914390564
29.0114688873
28.5900058746
30.1377696991
30.4502658844
30.8464241028
29.5452136993
26.1434631348
27.002286911
24.2400588989
27.5193958282
25.4949512482
28.5631484985
31.1517105103
32.9686012268
35.1748847961
31.7206630707
32.3193626404
27.7646465302
27.8433914185
24.0232334137
24.1281509399
21.2349128723
22.1358413696
20.9639358521
22.2276153564
26.0575370789
23.5405578613
20.3489360809
23.9887771606
26.5823440552
22.2595367432
23.4364719391
29.9572105408
33.0322761536
36.7388763428
35.8871192932
31.6754074097
33.9881858826
33.2722892761
37.7077140808
38.8978424072
35.0587921143
36.6347618103
38.8237190247
42.4834403992
40.3905105591
37.7103652954
40.5784912109
43.0041847229
41.6524772644
36.8402366638
37.8542251587
33.5072364807
34.9284057617
34.0351219177
37.9035720825
34.6572990417
32.1182785034
36.7170791626
39.6860694885
34.7464942932
35.0972290039
38.4286346436
37.7716331482
34.557849884
38.4076766968
41.8171653748
36.5257072449
37.0878868103
41.2943077087
41.5885276794
40.4142379761
38.0121002197
42.1765365601
39.2574310303
39.8390159607
43.2459564209
45.6023902893
47.3288993835
46.4382400513
44.2577476501
40.6844329834
45.137752533
47.4234886169
44.0226631165
44.2668647766
48.653263092
48.5678596497
45.5957984924
47.6276435852
51.1601028442
50.1574478149
48.7572898865
47.2461128235
45.3105697632
49.5104255676
48.7035140991
45.8883895874
48.6113128662
49.5684432983
47.508731842
47.8861923218
49.5126609802
48.1042251587
44.5372047424
47.5122261047
49.077911377
42.968875885
42.9610748291
46.3244514465
45.0952796936
41.0469017029
43.0142669678
46.0880088806
46.7242012024
46.2433280945
42.2411346436
44.7144203186
46.3974342346
41.498500824
40.8423690796
38.3754043579
34.4330291748
37.5315628052
41.005859375
38.4098892212
36.6965332031
41.6674461365
43.872543335
39.6181221008
40.4597663879
47.1440887451
44.62292099
42.7953987122
46.1184425354
49.2623252869
50.6638374329
52.5021858215
47.7699203491
46.4519882202
50.1740455627
49.1805610657
49.2222213745
45.7422103882
47.4765930176
48.9427947998
45.8447952271
49.3322639465
21.2202987671
21.9770183563
24.502954483
24.2736740112
27.7348804474
27.6909770966
30.5953330994
31.3368396759
28.2200660706
26.6684322357
22.6231479645
20.0796165466
16.8073425293
17.6484909058
18.9467639923
14.7436885834
12.8272571564
9.25283813477
7.58382415771
6.51246261597
7.1466884613
7.84622812271
5.95269203186
9.33472728729
9.98372173309
14.4054985046
17.6840953827
17.277381897
18.6686344147
21.9022655487
18.917514801
16.7771320343
15.2243700027
15.5881681442
13.1917991638
15.5133218765
12.3379812241
12.5131044388
10.6465206146
16.5253391266
14.8956604004
17.2335891724
13.2435102463
13.7261896133
10.8177709579
13.6162748337
11.575302124
12.7690429688
14.7578439713
13.0255250931
17.7216358185
17.9610176086
20.6898059845
20.9146633148
22.7915935516
19.4649200439
16.1141986847
19.9800243378
20.3173484802
14.1797380447
16.5490703583
20.3973922729
17.8625049591
16.246421814
18.8756008148
21.8330249786
19.499130249
18.6682090759
22.6237392426
24.3460273743
26.1418781281
28.574924469
28.2955551147
28.9011421204
25.046995163
21.1766052246
21.1907653809
15.9752473831
13.8853158951
11.5802526474
9.66527462006
5.90474414825
9.36323833466
8.66477966309
5.7805929184
8.60040187836
7.86343193054
9.84417533875
6.87700796127
11.6097345352
10.4430685043
15.1595087051
19.1785831451
18.3131103516
21.5700855255
23.2809658051
25.8003425598
25.002784729
26.9084587097
30.8414936066
32.2910003662
30.1990528107
31.9346961975
34.9776649475
35.5651702881
43.0473976135
39.5744476318
39.4609222412
42.0596618652
44.0384063721
41.856338501
38.4241981506
39.1490631104
40.9935836792
37.8276824951
34.4454078674
36.731136322
36.8631095886
32.9379501343
32.2562446594
35.4534568787
33.8016891479
31.3873004913
33.4134483337
36.2596282959
30.438495636
30.9981975555
36.9325218201
35.4353141785
32.3785820007
35.312625885
29.5073394775
33.0099639893
29.3900318146
32.3296470642
30.2968769073
32.3481903076
31.4737968445
31.0858821869
29.4865837097
26.9350662231
27.7391910553
24.482793808
27.3510761261
25.6252307892
27.8077964783
29.5850086212
32.0939674377
34.8201408386
32.1088600159
32.3792953491
29.0938129425
29.3731136322
25.9895954132
26.6708068848
22.7364196777
23.4598827362
23.9655818939
24.1472454071
28.2280273438
26.9854736328
22.9356098175
26.3040771484
30.042722702
27.2500076294
26.7940273285
30.4189567566
33.5173377991
37.173034668
35.5363578796
31.4491214752
34.9049568176
34.3093605042
38.6382637024
39.2811012268
36.0030975342
38.6049423218
41.4666061401
45.0977630615
43.7055168152
40.575302124
42.6558685303
45.5888633728
44.9951171875
40.246547699
41.7784385681
37.1968650818
39.3852310181
38.5965461731
42.0918693542
38.1456108093
35.5882720947
40.091091156
42.1409034729
37.0289077759
37.582698822
40.3886413574
39.0989494324
35.876285553
39.9628334045
42.2246932983
36.771282196
37.6201782227
41.9501686096
41.2175559998
39.6445770264
37.0494117737
41.0776138306
38.4450416565
39.7774238586
43.6358070374
44.9607810974
46.3281974792
46.1398200989
43.7915496826
40.6839561462
45.5262145996
47.3124008179
44.6390419006
45.4455337524
49.5355491638
49.4916992188
47.2274360657
49.5609779358
52.8630867004
52.0132102966
50.2283172607
48.9530143738
46.1232757568
50.040927887
49.3322563171
46.1674194336
47.9942932129
49.4385108948
48.1974639893
48.9799156189
51.1454963684
50.1125526428
46.237827301
49.0231361389
51.3814277649
45.5066986084
44.8180351257
48.6386604309
48.1716041565
43.9027175903
45.0786247253
49.2068748474
49.7828521729
50.0121002197
46.2715072632
49.1548347473
50.3833465576
45.1449737549
44.7498092651
42.9585113525
38.4269676208
42.0764427185
45.2261734009
41.9150276184
40.4114570618
45.7041511536
47.2839698792
42.3399658203
43.5665740967
50.179069519
46.8839683533
45.0010795593
48.8005828857
51.2395477295
52.2490844727
53.847240448
49.1231155396
47.5685653687
50.8054695129
49.553024292
48.9113006592
45.1939430237
46.4389076233
47.1387214661
43.4781265259
46.9956092834
31.890001297
30.3903846741
32.7771263123
29.4272232056
33.1317253113
31.2141056061
34.9078330994
37.0350952148
35.451423645
34.696559906
30.809431076
30.1157436371
27.3773002625
29.7535839081
29.3402481079
24.5095157623
23.475479126
22.6653060913
19.9017772675
21.1238536835
17.2773838043
21.0612220764
19.2636985779
14.7690820694
12.2541131973
8.7285528183
7.66734552383
5.1250667572
4.29291915894
14.5113649368
16.3459300995
11.6399564743
8.52861118317
6.63613462448
5.65867233276
6.83636283875
9.54436302185
12.8953046799
16.3430404663
18.1825885773
16.8594093323
13.8377637863
11.7101888657
10.1450071335
9.39849853516
12.1849308014
11.4759654999
16.2912845612
16.0170211792
18.4656028748
19.5520763397
21.4236545563
24.2681102753
27.3886470795
26.3039989471
21.873374939
22.6432323456
25.8974227905
22.9101409912
18.3144702911
23.5914669037
24.9052429199
19.3020706177
21.155166626
24.9858589172
24.4938678741
21.1981525421
23.4851093292
27.7046432495
25.6357955933
28.0219497681
27.149023056
25.3348560333
24.5757312775
22.8299655914
18.3298358917
21.3631877899
19.2828273773
18.0120658875
18.4868850708
19.3508472443
18.0512676239
20.8431739807
23.6783809662
19.7744998932
19.2126598358
15.2223730087
18.9344673157
13.8043603897
15.2719268799
14.9171438217
14.3984012604
16.0761356354
11.711602211
13.5274305344
12.1126537323
13.608751297
13.0557975769
14.6332731247
19.3680038452
19.4455184937
16.01329422
18.5145282745
21.579914093
20.7999134064
29.0656032562
25.3755187988
26.0949306488
29.5977878571
32.2589416504
31.4054775238
27.072183609
27.7860279083
31.2409877777
28.8589019775
24.9826107025
28.2415122986
29.7779006958
26.0291728973
25.4549674988
29.7681541443
29.5903015137
27.7500839233
29.3690128326
33.4107284546
30.0552005768
29.4748649597
35.0203208923
35.1892204285
33.5346946716
36.291179657
29.3908309937
31.5316810608
25.7606620789
29.6174144745
24.2728710175
25.8489360809
22.8734798431
20.7714500427
19.898935318
19.2248802185
18.9300041199
15.7853050232
17.0667572021
17.2472000122
17.3296661377
17.077205658
20.6265602112
24.0705928802
23.1305274963
21.93085289
21.6058158875
21.6536712646
20.2497291565
21.7331581116
17.5232868195
18.4800758362
21.8707637787
21.7280426025
25.0720748901
26.190032959
23.3987255096
25.7266845703
29.8815822601
30.5053920746
29.4345474243
27.218875885
28.8866920471
31.3435573578
28.3914756775
25.0600242615
28.8642940521
27.2772636414
30.8731403351
29.6808567047
27.2197132111
32.176574707
35.5200271606
39.0571327209
39.2203330994
36.1750984192
36.7603530884
40.789390564
41.9237098694
37.6972999573
39.3110046387
34.6348991394
36.9915161133
35.8618583679
38.106338501
33.8113708496
31.0711936951
34.3703651428
34.9861183167
29.9772472382
30.1379680634
31.7538070679
29.767080307
26.541229248
30.3209533691
30.6805286407
25.5494747162
26.3781509399
30.4094657898
28.2364883423
26.0736484528
23.6880378723
27.3628940582
26.1777687073
28.4725990295
32.9775390625
32.4012794495
33.8399162292
34.8859710693
33.4105262756
31.5680332184
37.1167449951
37.1228904724
35.2135353088
37.6530723572
40.9625892639
39.6982841492
38.8670425415
42.1234359741
44.4556846619
43.2957572937
40.8633270264
39.7580604553
35.2979202271
38.2453193665
37.4112663269
33.8096008301
34.1360435486
36.1095466614
36.1992645264
37.5638618469
40.5002746582
40.1847877502
36.0860671997
38.5385284424
41.9737930298
37.0266494751
35.3364334106
39.7887878418
40.6690826416
36.618270874
36.4444007874
42.2536354065
43.5006408691
44.9071617126
41.8580589294
45.1329116821
44.982925415
39.6649436951
39.2529563904
38.9697647095
33.7858924866
37.9629402161
40.0764350891
35.6853637695
34.7955856323
40.1469764709
40.2638397217
34.5069007874
36.5725021362
42.2926025391
37.7801704407
36.203868866
40.6705703735
41.4206466675
41.8794250488
42.7518348694
38.2630195618
36.6854438782
38.9663124084
37.0846672058
35.4686126709
31.5781440735
32.0218772888
31.8280124664
27.653383255
31.0771484375
23.6545677185
21.4823913574
24.5599746704
22.1658191681
25.7486495972
25.5745563507
29.3501167297
30.8356628418
29.5907363892
27.9518737793
24.3083724976
23.4619464874
20.6189613342
24.218536377
24.3745880127
19.7831802368
21.694272995
19.9773426056
19.474905014
21.4115791321
16.7771263123
23.0590515137
22.0325527191
17.2336597443
17.8935413361
14.0241689682
16.837392807
15.8228998184
11.6399564743
10.9358892441
5.46995973587
5.10899543762
4.7578625679
7.02257633209
9.25493907928
15.04296875
15.7644424438
19.5914306641
20.2075843811
24.8858299255
21.6092567444
20.2189922333
15.8949642181
12.4854784012
10.1033687592
6.8343501091
5.67078447342
7.5624666214
6.57405853271
11.6459312439
10.6673498154
11.1503448486
13.2937002182
16.8700294495
15.1547412872
10.7550106049
12.9570550919
15.776263237
12.5342979431
9.88849163055
15.3603515625
16.3515548706
11.8657503128
14.966586113
18.2919044495
17.9389190674
16.8704376221
19.4828128815
23.1353168488
21.5343074799
26.2127895355
25.956609726
26.3446292877
24.3199825287
20.9554519653
17.4449996948
21.1536426544
17.4597415924
18.4881153107
16.6544303894
16.0823307037
15.0869131088
15.3914728165
19.6000423431
16.228351593
14.3391017914
10.9484643936
12.4006071091
11.3545160294
11.1250915527
14.3597564697
13.8184328079
17.9742622375
16.7485847473
17.0402011871
18.542339325
18.7543010712
16.4876480103
15.7354335785
20.2562904358
19.2031726837
18.2512435913
22.4231071472
23.8176021576
22.5907726288
35.1177597046
31.0938510895
30.5409393311
33.5578651428
34.842540741
34.6720314026
30.7893714905
29.8400306702
32.7402267456
31.3864555359
26.2965869904
28.2724094391
30.7437267303
26.7795219421
24.270904541
28.1321659088
28.3756275177
25.4198055267
26.0688610077
30.7410144806
26.8732070923
24.9844779968
30.4655532837
31.3995628357
28.7715473175
30.350976944
23.1374435425
24.5964889526
19.7602386475
21.8685779572
17.9630699158
21.3483428955
19.2726821899
18.9796257019
15.9210119247
15.2601308823
17.7942085266
16.3723964691
20.2591304779
21.6993541718
23.2055721283
23.7310771942
26.9804840088
30.2206096649
28.4537982941
26.5177173615
24.5283508301
22.9154548645
20.757276535
19.1774425507
14.5552616119
12.9282245636
15.9829473495
13.2267456055
16.5189914703
17.8900623322
13.9163293839
15.6584281921
20.3702697754
21.5017261505
18.9477558136
16.5870132446
18.984375
22.1426849365
19.7755565643
16.0231971741
20.3536186218
20.0631160736
23.9079093933
24.3625774384
22.2354335785
25.2513904572
28.8906440735
32.0975494385
31.8108081818
28.1604251862
28.9745368958
32.4105224609
33.0429954529
28.779209137
31.0014190674
26.5386581421
30.0660514832
30.0209274292
32.5087242126
27.4142055511
25.6657352448
29.8849334717
29.800409317
25.2189617157
27.3852481842
28.6753845215
26.3258323669
24.4466381073
28.9376068115
29.0553722382
23.96068573
26.6042385101
30.9938964844
28.5316181183
27.7775859833
23.9147758484
27.2083053589
23.4803924561
25.1968097687
28.9212493896
29.8061733246
30.4696216583
30.4434432983
27.7130222321
24.931350708
29.8958473206
31.3948974609
29.4649848938
30.5755558014
34.2535362244
34.6367950439
33.0638999939
35.4212722778
38.4543647766
38.0916213989
36.0679092407
35.3941993713
32.2789535522
36.2270278931
36.3602142334
33.5067596436
35.3281898499
37.7747573853
36.6334953308
38.3067855835
40.2506370544
40.0470199585
35.7643699646
36.9308547974
40.5726089478
35.2775535583
33.1508483887
36.789894104
37.5980529785
32.8116188049
32.5825538635
37.5795593262
37.368221283
38.7130050659
35.7459831238
39.2472381592
39.987613678
34.5183143616
35.4790725708
35.2896270752
30.4743900299
35.5485610962
37.6174468994
33.4793281555
33.7316398621
39.0564422607
38.8579139709
34.3602027893
37.2935180664
42.6993904114
38.6145439148
37.9886131287
42.4095954895
43.1965332031
44.6102790833
45.0050621033
40.1098022461
39.6495628357
42.5161437988
39.8170890808
38.7997741699
34.762550354
34.9293670654
36.0791511536
31.4224376678
34.9105567932
23.5331401825
22.4017810822
24.4835414886
21.5879173279
25.2996368408
23.7831954956
27.2992458344
29.0672893524
27.0324840546
26.1507892609
22.1553821564
21.2588043213
18.6151485443
20.7031364441
20.2807502747
15.4875020981
14.6673841476
13.9538574219
11.6518383026
13.6762857437
10.8177700043
15.3577375412
13.2226400375
8.71498012543
9.51806926727
7.30963897705
9.99366950989
10.8991594315
9.39849948883
9.17180919647
14.5357818604
13.8374786377
10.1033687592
8.6621055603
6.00510072708
5.90881109238
7.88704824448
6.63872385025
10.2557134628
10.4234008789
15.0952959061
11.8892679214
11.2589483261
6.58541870117
4.45249319077
6.01855897903
6.60314464569
10.9408779144
12.6537094116
14.9373254776
17.2821617126
17.467924118
19.8684215546
21.6668720245
20.9041538239
17.1119041443
16.3364582062
19.1131687164
16.9491996765
11.2390460968
15.640838623
17.4682502747
12.4262332916
12.9322605133
16.6942405701
17.1906452179
13.858250618
15.2373714447
19.6116313934
18.8001327515
21.2551269531
21.8312587738
21.0783557892
20.7515773773
17.5570030212
13.0924062729
15.0357351303
11.3039445877
10.2615146637
9.63371181488
10.3544483185
9.74287891388
12.5244235992
15.7723779678
13.0322742462
13.7980632782
10.1986427307
11.9655056
6.42083406448
6.79505825043
6.37937498093
7.4630446434
11.2261924744
9.57892417908
12.0097570419
13.7167015076
15.7003316879
14.603682518
16.4243164062
20.4615287781
21.9305057526
19.7463626862
21.5767784119
24.4930973053
25.2196998596
33.2065963745
29.5606307983
29.2803859711
32.006313324
33.9439125061
32.2442893982
28.5611553192
29.0230674744
31.2856044769
28.5030708313
24.6592273712
27.1923313141
27.9906463623
23.9632892609
23.1026515961
26.8323707581
25.8267936707
23.5007171631
25.3960571289
28.9305515289
24.2078857422
24.1274013519
30.0683460236
29.4386978149
27.0886650085
30.0409526825
23.4541912079
26.4606761932
21.5932655334
25.4105262756
21.7594871521
23.4174041748
21.8510494232
20.9564800262
19.7892494202
17.4356803894
17.7744121552
14.4269933701
17.3423728943
16.5131778717
18.4950847626
19.9912223816
22.7809104919
25.7718811035
23.3626670837
22.8626976013
20.1232852936
19.9882926941
17.1465568542
17.9368572235
13.6238985062
14.7996759415
16.5941944122
17.2043113708
21.2021579742
20.8728961945
17.7484169006
20.9550628662
24.7712039948
23.7336578369
23.5533237457
24.771188736
27.1187019348
30.2563743591
28.1887130737
24.1561603546
27.3488941193
25.9416923523
30.1869792938
30.0986747742
26.7280464172
30.3547687531
33.3033332825
37.0712471008
36.2634124756
33.2863044739
34.9347991943
38.4412117004
38.5809249878
33.9411811829
35.3174667358
30.5411891937
32.5738067627
31.4619579315
34.4580535889
30.4064350128
27.5625743866
31.6181964874
33.336933136
28.0838527679
28.354516983
30.8780517578
29.4567070007
26.0437660217
30.1064014435
32.0637741089
26.5983943939
27.3719043732
31.7113685608
30.7783870697
29.1477050781
26.6155128479
30.7218074799
28.5106620789
29.9153785706
34.0377616882
35.0221405029
36.7237968445
36.7469215393
34.9457321167
32.1343307495
37.3882102966
38.4741821289
35.6684074402
37.1747627258
41.1165847778
40.285533905
38.3800125122
41.2068557739
44.1403923035
42.9798812866
40.9670906067
39.6221961975
36.2547836304
39.9377975464
39.1019821167
35.8229026794
37.512260437
38.9988098145
37.908706665
38.8351135254
41.1659545898
40.3291091919
36.3376579285
39.0815010071
41.7306175232
36.0692100525
35.102230072
39.1763801575
39.1214637756
34.9037666321
35.7333335876
40.4828262329
41.5342597961
42.1637992859
38.6111602783
41.6642684937
42.254360199
36.9347953796
36.4096870422
35.2294082642
30.3008918762
34.2995758057
37.0420532227
33.2206039429
32.0049438477
37.4430084229
38.4114379883
33.1513557434
34.853931427
41.1655197144
37.4188537598
35.7544708252
39.8824501038
41.7109260559
42.7083778381
43.9991035461
39.2395324707
37.8446617126
40.9433708191
39.3688697815
38.611618042
34.8219490051
35.9725456238
36.8160705566
33.1797180176
36.7002067566
20.7005729675
18.8026771545
21.1272010803
18.1506652832
21.8401927948
20.9944915771
24.6835823059
26.3163528442
24.7557182312
23.5174465179
19.710647583
19.0958366394
16.5612564087
19.5940341949
19.2033176422
14.5610790253
15.9392557144
15.0759868622
14.3216323853
16.8462352753
13.616276741
19.3458766937
17.6346511841
13.2415876389
14.8944244385
12.1279249191
15.1024971008
15.0527524948
12.1849308014
10.9841575623
10.449754715
9.33557605743
6.83434915543
7.9079990387
6.4546713829
8.80555820465
12.5598316193
12.0846891403
15.7906103134
15.2241277695
20.2931098938
16.3980369568
15.7571640015
11.1104383469
7.83517026901
6.01855945587
5.1129899025
7.96003484726
9.7359790802
13.6159381866
14.6110458374
13.8670110703
15.5868873596
17.6480312347
15.9436197281
12.3930559158
12.6685142517
14.723526001
11.860200882
7.35012149811
12.1580886841
13.2439422607
8.09018325806
10.1152629852
13.781162262
13.7017698288
11.6496543884
13.8492574692
17.8004684448
16.610162735
20.6272029877
20.9764194489
21.3684196472
19.9753608704
16.2161922455
12.5012931824
15.4585647583
11.4434671402
12.4770240784
10.6935739517
10.7556695938
10.8606185913
11.7125444412
16.2467155457
13.918554306
13.7816877365
10.4394483566
10.5887365341
7.79352855682
5.70467948914
8.60621070862
8.2208442688
12.8156032562
12.6658878326
13.3895931244
15.9718523026
16.8397693634
14.8532476425
15.2739782333
19.1659088135
19.9127960205
18.8336658478
21.5950527191
23.5724067688
23.9518547058
34.145488739
30.3099136353
29.4848766327
32.0672874451
33.3444900513
32.2584953308
28.7165088654
28.2443408966
30.4298439026
28.4039745331
23.8315830231
25.7518634796
27.3183708191
23.2619419098
21.2814102173
24.8787593842
24.3795032501
21.5022659302
22.7437019348
26.8110713959
22.2398967743
21.1749801636
27.0076351166
27.088514328
24.408121109
26.6523780823
19.7040309906
22.1776027679
17.5043392181
20.6084632874
17.3250141144
19.7979869843
18.5066013336
18.3818893433
16.2911777496
14.0445165634
15.7830123901
13.6083526611
17.6812610626
18.0720405579
20.3338241577
21.7563877106
24.5287570953
27.4836139679
25.0269832611
23.8039989471
20.7520904541
19.5476818085
16.7251262665
15.6645154953
11.108997345
10.7857465744
12.7276859283
12.0134458542
16.0087509155
15.9739837646
12.5023670197
15.4681243896
19.5008354187
19.1211166382
18.3452129364
19.2249526978
21.6574001312
24.9278697968
23.1135120392
18.9890823364
22.1475448608
21.1193408966
25.4231719971
25.91198349
22.7118854523
25.6270999908
28.7156162262
32.3345298767
31.46251297
28.246421814
29.9007453918
33.2418632507
33.3128929138
28.6975975037
30.3207836151
25.6203842163
28.2033824921
27.5904045105
30.5534057617
26.0680828094
23.6879348755
28.069316864
29.2956352234
24.2651519775
25.5174160004
27.7160491943
26.0649776459
23.3433246613
27.7051105499
29.3346366882
23.9650173187
25.6421928406
30.092048645
28.8555908203
27.8802394867
24.6813621521
28.5413227081
25.3389072418
26.4901218414
30.274389267
31.8020706177
33.2145195007
32.8255653381
30.6310062408
27.5094547272
32.5313262939
34.098941803
31.2745456696
32.3315887451
36.3749504089
36.1071586609
33.9711532593
36.4818725586
39.6306381226
38.7798271179
36.9070625305
35.7671127319
32.9033088684
36.9517364502
36.5645523071
33.6267471313
35.8951721191
37.6662139893
36.1098709106
37.2657737732
39.1652145386
38.4864044189
34.3882789612
36.4188079834
39.2868041992
33.5878944397
32.2766227722
35.9962501526
36.0640106201
31.50989151
32.1699562073
36.6847114563
37.1247024536
37.8403434753
34.4032859802
37.6121711731
38.4734573364
33.0792045593
33.2500076294
32.333984375
27.5301628113
32.093296051
34.6409187317
30.8176612854
30.3486461639
35.7421340942
36.308681488
31.6552295685
33.9739379883
39.9170150757
36.2417259216
35.1722793579
39.3504104614
40.9167938232
42.3488922119
43.2585144043
38.338508606
37.5650100708
40.8134880066
38.708404541
38.1347885132
34.2663192749
35.1616363525
36.581905365
32.6694717407
36.1925926208
21.1366405487
19.7358455658
22.7533569336
20.8929233551
24.622209549
24.4578056335
28.0862388611
29.3866424561
27.5023651123
25.8478908539
21.8974590302
20.5262775421
17.3990364075
20.4783859253
20.8854198456
16.076259613
17.2367973328
15.1139183044
14.4305830002
16.1486644745
11.575302124
17.8514995575
16.9488162994
12.289522171
13.672416687
10.3461275101
14.2301511765
14.593963623
11.4759654999
11.5736303329
10.6337041855
8.48446369171
5.67078495026
5.74489879608
7.10921096802
7.45893478394
12.9937591553
12.438123703
15.7786636353
15.7257051468
21.0379695892
17.8536319733
17.4572868347
12.6768894196
9.95595264435
6.60314464569
5.11299228668
5.38333559036
6.53141212463
9.70777320862
11.1897821426
11.3777961731
13.986079216
16.3942947388
15.9004364014
11.6313295364
11.503446579
14.9917840958
12.9182567596
7.80172634125
13.1908769608
15.3661651611
11.1026573181
12.6509160995
16.1590328217
17.0023441315
15.3207416534
16.9578552246
20.9925136566
20.4633178711
24.4084377289
25.0868587494
25.3194770813
24.143901825
20.3674926758
16.4856739044
19.1077041626
14.5428915024
14.8312892914
12.5710992813
11.624835968
10.0404863358
11.0598163605
14.8217182159
11.4000511169
10.3760223389
6.7337346077
8.42652320862
6.3679561615
7.61451864243
10.2979192734
11.4511394501
16.1708393097
15.1288042068
16.5688457489
18.4229221344
19.5796318054
17.7719745636
18.1970977783
22.5587825775
22.6823368073
21.2577571869
24.4514770508
26.549577713
26.1899032593
36.8610877991
32.9764404297
32.5177116394
35.3825836182
36.9037895203
35.945728302
32.1927680969
31.8449420929
34.328742981
32.2672653198
27.6968231201
29.8001194
31.4234657288
27.3540477753
25.4493999481
29.1347255707
28.6490440369
25.7754058838
26.982711792
31.0799312592
26.348941803
25.300365448
31.131778717
31.188709259
28.3149757385
30.4379425049
23.5041675568
25.8677768707
21.388130188
23.9617118835
20.8233947754
23.6898651123
22.15650177
21.8708133698
19.4253444672
17.7454319
19.6133289337
17.309431076
21.0732288361
21.3386325836
23.2612419128
24.3575458527
27.4098815918
30.5366706848
28.3141345978
27.1370391846
24.4819202423
23.493062973
20.7174663544
19.881067276
15.2502565384
14.6430664062
16.6487121582
15.1346721649
19.0139064789
19.194770813
14.9390611649
17.6491107941
22.0949611664
21.6205654144
19.8903694153
20.3169460297
23.0813598633
26.5096340179
24.5137767792
20.5345020294
24.4079761505
23.9314422607
28.0700035095
28.6446399689
25.9210224152
28.747127533
32.0712356567
35.5069274902
34.7307281494
31.2687606812
32.6758079529
35.9241905212
36.03282547
31.4968357086
33.4404716492
28.8427829742
31.858127594
31.5081577301
34.4574050903
29.7523708344
27.6176109314
32.0606422424
32.8965682983
28.0132846832
29.5494251251
31.5184669495
29.6145591736
27.1205768585
31.5326061249
32.6200332642
27.3010063171
29.2192573547
33.6662254333
31.9488754272
30.8767490387
27.5008678436
31.1708145142
27.8641338348
29.3604259491
33.1508026123
34.3110237122
35.3190727234
35.1680679321
32.6175804138
29.6405124664
34.564868927
36.2168579102
33.8913040161
34.8544120789
38.7519416809
38.9351882935
37.0167045593
39.3750686646
42.5477485657
41.9664230347
40.0469894409
39.1045722961
36.1329689026
40.1218185425
39.908744812
36.9257049561
38.8412017822
40.8783340454
39.6225013733
40.9427223206
42.9569587708
42.4114456177
38.246963501
40.0742225647
43.2057609558
37.6051101685
36.0552062988
39.7844352722
40.0620880127
35.4207992554
35.8030281067
40.4544944763
40.5664863586
41.4498252869
38.1289405823
41.4207420349
42.3710327148
36.9363670349
37.3673553467
36.5397529602
31.7502002716
36.384765625
38.9039535522
35.0328102112
34.6241836548
40.0294952393
40.5084152222
35.8049888611
38.1519584656
44.082901001
40.2740516663
39.1816253662
43.425113678
44.8575363159
46.1706542969
47.0198783875
42.1261940002
41.2743873596
44.351234436
42.1698036194
41.3334312439
37.3807868958
38.012928009
39.0674247742
34.7978744507
38.3361625671
12.4937782288
11.1104888916
15.3212146759
16.4901790619
19.5321884155
22.111738205
25.1480770111
25.1494064331
23.266866684
20.367433548
17.0597076416
14.8807945251
11.7488584518
15.7741928101
17.5016422272
14.2487535477
18.4819545746
15.4443464279
17.786699295
19.4646072388
16.1141967773
22.3758964539
22.533821106
19.3262119293
22.6092376709
20.375005722
24.8930625916
25.7670955658
22.6432361603
22.2627315521
15.5196399689
10.4735651016
12.9570531845
15.4988183975
17.473903656
18.3946857452
23.7113628387
22.2891674042
24.9330120087
22.8940086365
29.2798347473
25.4348659515
26.4830207825
21.4810333252
19.0532360077
16.3364582062
12.6685142517
11.5034446716
6.88976573944
8.69999217987
10.0243635178
10.3923721313
6.67759513855
6.55798244476
6.22821521759
7.41133260727
5.78099536896
5.80170488358
7.37234306335
6.95638227463
7.57761907578
10.490020752
11.3802719116
11.8638038635
12.9205760956
15.3952789307
16.8856868744
17.3627548218
19.7953662872
21.0992584229
26.1938171387
28.0935249329
30.1750736237
28.6281166077
23.8332004547
21.6558170319
23.542175293
18.134979248
19.9915943146
16.0855903625
13.3758716583
12.5663881302
9.44422912598
13.0912103653
12.2599010468
10.6394224167
11.1283779144
7.33753681183
12.6715040207
12.1957292557
16.3943443298
17.9518203735
23.1667404175
24.2243213654
24.9404296875
28.0459289551
28.7371826172
26.47240448
26.0148677826
29.4654750824
29.3533115387
29.4381828308
32.8694038391
34.0405387878
33.7956466675
45.7707481384
41.8729667664
40.6886787415
43.0096893311
43.579990387
42.7888526917
39.6428565979
38.4365844727
40.1072006226
38.6187133789
33.8207702637
34.7713356018
36.5087661743
32.6356735229
29.751373291
32.4131889343
31.8889541626
28.4164409637
28.8798751831
32.6449890137
27.3371677399
25.7113819122
30.9091835022
31.0691337585
27.195854187
28.0834007263
22.1219596863
24.0605945587
22.0096378326
22.2183208466
22.3272151947
26.0236434937
26.0226154327
27.2883892059
23.9626140594
22.0927314758
25.3828659058
24.4058036804
29.0108604431
29.5180091858
32.1867675781
33.7758483887
36.4154701233
39.2015800476
36.4295310974
35.1888999939
31.427614212
29.6935501099
26.5102653503
23.7429389954
20.1297626495
18.0425128937
17.9154930115
14.8502616882
17.8859539032
16.942697525
11.9309673309
13.8782615662
17.6776752472
15.8903312683
12.7846136093
17.1837081909
20.7811088562
24.7639560699
24.2132167816
20.489938736
23.6045398712
24.5943698883
28.5221195221
30.7880744934
28.3649997711
28.5727577209
31.5313072205
34.4144134521
32.7507705688
29.1048564911
31.1701164246
33.1975631714
32.1500549316
27.723279953
29.9997520447
26.0925998688
29.7312488556
30.4569721222
33.7819061279
29.0259532928
27.9995059967
33.0350227356
33.7681922913
29.6984939575
32.525100708
34.4228248596
32.7060623169
31.3347301483
35.7814216614
37.1442947388
32.3072814941
35.0073242188
39.3649291992
37.9547042847
37.8257217407
33.9565544128
37.2001914978
32.511844635
33.2052764893
35.9084663391
38.4278869629
38.8927574158
37.7208633423
34.3483963013
30.6637535095
34.328414917
37.4888763428
35.0862617493
34.4267883301
38.5465354919
40.2552986145
37.4957809448
38.6912727356
42.4927787781
42.6104545593
41.3220748901
40.6714859009
39.3278236389
43.9238052368
44.3420448303
42.0989875793
45.1087646484
47.1905021667
44.9767150879
46.2697639465
47.3868865967
46.7634811401
42.7686653137
43.7674407959
46.5690155029
40.8243980408
39.3693656921
42.1256599426
41.9456367493
37.0648918152
37.7913627625
41.0006942749
39.7981414795
40.167514801
36.8925056458
40.0134506226
42.0587158203
36.9090309143
38.3357048035
37.1876754761
33.2899703979
38.0352096558
40.6316833496
37.5201835632
37.77784729
42.776348114
43.379535675
40.0324211121
42.5942993164
48.2170982361
45.1518974304
44.6439170837
48.5099334717
50.2805557251
52.2578086853
52.9438858032
47.9356575012
47.7892570496
51.295539856
48.8459663391
48.5823287964
44.7410316467
45.362361908
47.2547340393
43.0049324036
46.4600830078
24.3049564362
22.7117824554
21.9287166595
16.5367603302
18.9609069824
14.4902667999
17.0592212677
19.8376636505
18.6878414154
19.9376716614
17.3208408356
19.0192985535
19.073392868
19.6580410004
16.5938873291
14.4894199371
13.6526136398
17.407459259
16.1224193573
19.577173233
21.1907653809
23.3380851746
19.8499088287
18.4410114288
20.450548172
20.6072978973
21.1373062134
21.5220184326
21.3631896973
19.0019855499
23.3347663879
23.2143859863
21.1536426544
21.7307109833
17.2489433289
19.4704818726
17.2987670898
15.91310215
17.9651031494
15.2754240036
17.6231021881
12.7723836899
13.2317705154
12.1495351791
11.9355745316
15.0357351303
15.4585666656
19.1077060699
21.4164619446
24.2234973907
27.3439445496
29.1699829102
27.431936264
28.0942459106
28.3764801025
25.9304122925
24.4720439911
23.542175293
23.0356845856
20.8685741425
17.6750411987
18.109249115
17.2557048798
13.9224643707
12.5299339294
14.2321662903
12.6595191956
8.32051181793
8.88742828369
11.0540313721
9.01622772217
7.48247718811
8.28703403473
8.18315505981
9.49981021881
6.97517108917
5.81900024414
6.46645021439
8.30451107025
10.6188497543
14.074048996
17.719455719
18.8982715607
22.5030479431
23.140827179
25.375
22.9204025269
21.5739536285
17.728471756
12.983212471
11.3505973816
8.39309597015
6.54240179062
11.3102302551
10.7514009476
15.0836629868
16.217502594
15.6728506088
17.9427623749
18.4188785553
22.8353538513
22.0812492371
20.8932094574
23.3269462585
27.1784954071
30.6020736694
27.8011608124
26.147102356
27.0072345734
27.843416214
24.642780304
22.7556285858
23.3718986511
23.2135334015
19.8492012024
17.7350292206
18.9592151642
17.6114215851
14.2606048584
14.7180643082
16.5499458313
13.8993015289
12.5103702545
15.4868869781
16.7467136383
11.80164814
14.1188201904
19.2636013031
16.9232349396
15.6838102341
19.9131774902
15.7734327316
19.7671642303
16.4903850555
21.5050544739
19.6170768738
18.4400806427
19.1389446259
19.1728115082
20.3063831329
16.1572952271
14.6320466995
12.3116292953
14.3396854401
12.0913858414
15.8117084503
19.1440010071
19.588218689
20.8926105499
16.9411392212
17.6822280884
12.2036743164
12.4383163452
9.04154491425
10.953245163
10.7602920532
14.1340637207
12.6406936646
17.627866745
20.4831771851
18.2227172852
18.7171459198
22.0001354218
23.0810623169
20.7755527496
24.3435955048
28.6404361725
30.1057758331
32.6141014099
31.6877212524
27.8326435089
28.2641105652
25.5870285034
29.6574935913
29.5729827881
24.8695812225
27.6373825073
28.8624248505
32.914276123
31.2610263824
29.806558609
32.6619186401
35.7246246338
35.1071624756
30.580078125
30.3591976166
25.9467372894
25.2978076935
22.8368358612
26.0990219116
24.2485904694
20.5602035522
23.7625408173
27.9869174957
22.9097728729
21.000213623
24.9821357727
25.3954181671
21.1745586395
23.9758625031
28.9173316956
24.152217865
22.9574508667
26.554107666
28.5393066406
27.3026428223
26.296541214
30.6370487213
29.2690143585
29.089302063
32.4795379639
34.9382858276
37.9012832642
36.9542388916
36.4277687073
33.3144760132
38.0481834412
39.0902442932
34.7347297668
36.0404624939
40.2395057678
38.0601425171
35.2079162598
38.1166534424
40.9006958008
38.7808189392
37.305721283
35.1509513855
32.9083786011
36.4940223694
34.8203201294
32.029964447
35.0495834351
34.9784736633
32.5812263489
32.3064804077
33.9318237305
32.1466827393
29.0221405029
33.0471229553
33.718460083
27.7578430176
28.7293987274
32.2978286743
30.6410446167
27.4961566925
30.1373214722
33.2276802063
35.6769981384
35.0253715515
30.9633750916
33.0554733276
33.594379425
29.0860805511
26.8077507019
24.294675827
20.1152095795
22.3018283844
25.7369823456
23.093744278
20.4934368134
25.490655899
27.9641132355
23.2591133118
23.5700740814
30.3692245483
28.0374565125
25.9425373077
29.1072444916
32.4831695557
33.8986129761
35.9762649536
31.4376144409
30.0414485931
33.9955329895
33.4975090027
34.1718711853
31.2321605682
33.7481193542
35.8602485657
34.2108726501
37.3300323486
15.227891922
15.2134170532
16.6841602325
15.4279947281
18.7957801819
18.4583892822
21.2972488403
22.1532917023
19.2332782745
17.957113266
13.8763790131
12.1828842163
9.69192409515
10.8407735825
10.7890453339
6.26883172989
6.35369920731
5.3963227272
5.97031784058
9.05166530609
9.6652765274
13.4561357498
11.8847150803
10.0663375854
14.4377841949
14.5457811356
18.1893978119
20.3368701935
19.3508453369
18.8899383545
20.2788982391
17.3183841705
16.0823307037
16.3952102661
14.9818115234
15.1387434006
16.7250976562
13.6905765533
15.1571760178
11.2926187515
17.6948871613
13.6332807541
16.2104644775
11.8335599899
11.445142746
10.3544464111
10.7556676865
11.6248340607
12.0044641495
15.3310709
16.2228317261
19.4619808197
17.7061958313
19.0143108368
18.4264144897
18.6448230743
16.5991001129
13.375872612
14.8572978973
14.9305925369
9.55452537537
9.76683235168
12.7289037704
10.9114589691
7.76485776901
10.1094055176
13.1566009521
11.0595502853
9.53211784363
13.393239975
15.5763540268
17.7339191437
20.6680393219
21.5383434296
21.8727989197
17.4133052826
14.511384964
14.0740470886
8.17146015167
8.16271305084
4.11480712891
4.80020809174
5.87215471268
8.95373535156
9.91751194
12.7756299973
11.7159376144
9.58501529694
7.58069324493
6.23135232925
6.15749788284
9.81733512878
14.1311426163
15.8599786758
17.8453273773
21.2371425629
23.1635398865
21.9423694611
23.5475788116
26.468875885
28.7205867767
27.6055450439
28.8692131042
31.3923091888
33.0338058472
40.4682655334
37.0319404602
36.0625076294
38.009223938
39.2246017456
36.8789710999
34.0417060852
34.2500228882
35.2628250122
32.3351707458
28.9297580719
30.4615020752
30.4108657837
26.5810413361
25.5223579407
28.0712528229
26.1875457764
23.5495548248
25.4982910156
27.9659461975
21.7857208252
22.4758796692
28.2677955627
26.5534648895
23.2822666168
26.2243595123
20.8690910339
24.7366886139
21.9136047363
24.8984050751
23.9791431427
25.5702762604
25.72315979
26.1088657379
24.7842178345
21.3917102814
22.3579025269
19.7274570465
23.2818813324
21.728302002
24.831653595
27.3271999359
29.2738494873
31.610212326
28.2386493683
28.4259529114
23.947681427
23.674369812
19.9246120453
19.6942653656
16.55493927
17.4094009399
16.5152072906
17.7984428406
21.7285404205
19.4778842926
16.3746414185
20.1070404053
22.8897895813
19.2684612274
20.389623642
26.0931529999
28.9815425873
32.5765571594
31.6037597656
27.3694858551
29.6299781799
28.7127857208
33.1670951843
34.2180137634
30.3707294464
32.1842727661
34.47914505
38.1971130371
36.3110084534
33.5783042908
36.2960395813
38.9399681091
37.8694381714
33.0336112976
34.0885162354
29.5897827148
31.1354637146
30.2144203186
33.9505119324
30.4800930023
27.8733863831
32.4720726013
35.2283477783
30.2175006866
30.6731567383
33.8716468811
33.1044387817
29.9246425629
33.8700752258
37.1009216309
31.7980213165
32.5078659058
36.770690918
36.9076156616
35.8213768005
33.3118782043
37.4523048401
34.4983673096
35.0732116699
38.525680542
40.838634491
42.6054153442
41.7369728088
39.6514587402
36.1263999939
40.7027015686
42.8281478882
39.4026870728
39.8214454651
44.1822357178
43.9402008057
41.0661201477
43.2344284058
46.686920166
45.6417922974
44.1624107361
42.6723136902
40.6023330688
44.7939109802
44.035030365
41.2221679688
43.97473526
45.0283737183
42.9643592834
43.460899353
45.0964736938
43.8033218384
40.1311302185
42.9566650391
44.7231178284
38.6447486877
38.4384803772
41.8657264709
40.8406791687
36.6848831177
38.4823913574
41.8072280884
42.4899177551
42.2129974365
38.2724151611
40.9034118652
42.3954696655
37.3710365295
36.819934845
34.641166687
30.4625320435
33.9148979187
37.230884552
34.3608436584
32.8955078125
38.01902771
39.8935585022
35.5593948364
36.7423286438
43.3085365295
40.5630073547
38.9184417725
42.4406089783
45.280330658
46.7524108887
48.3927497864
43.5874061584
42.4316711426
46.1262168884
44.8899917603
44.8883247375
41.3445930481
42.978061676
44.5630455017
41.3933639526
44.8800468445
14.9807901382
14.8764629364
18.4304637909
18.9978103638
22.4025497437
23.8008708954
26.8964138031
27.2398509979
24.6924610138
22.2919960022
18.4221038818
15.8018035889
12.1665487289
15.0524044037
16.8370800018
12.7222175598
14.8605442047
11.0962791443
12.5225229263
13.6765727997
9.84417247772
16.1137962341
16.4043579102
13.2037744522
16.5539417267
14.8088932037
19.6204204559
21.2893810272
18.934469223
19.2841815948
16.7337207794
12.4130706787
12.4006052017
13.1294784546
14.7427835464
14.3301620483
19.1480293274
17.1340713501
19.2371940613
17.2997150421
23.715839386
20.4640808105
21.8877983093
16.9046707153
15.2321214676
11.9655056
10.5887355804
8.42652225494
6.17269134521
8.60566997528
8.33417415619
11.4254465103
9.93288898468
11.9044647217
11.9146251678
13.8391160965
10.9549369812
7.33753728867
11.4470119476
12.2986392975
7.59712123871
9.82253932953
13.7612495422
12.586233139
11.974691391
14.1223917007
17.1069431305
16.6940383911
16.6241264343
20.0244159698
21.5874576569
25.4486694336
27.6158084869
28.7296695709
28.0233154297
23.4562702179
20.3199672699
21.5739612579
15.813583374
16.2435932159
12.4711618423
9.58501529694
7.1496758461
5.88180589676
8.61822032928
6.60988855362
6.19937562943
6.07094049454
7.28560209274
9.37648391724
12.1534662247
15.1982421875
20.3965339661
20.6719436646
22.4532966614
25.0946159363
26.5524291992
24.7948684692
25.3346576691
29.1976642609
29.7252883911
28.8000354767
31.6685771942
33.6841392517
33.7299690247
44.1217041016
40.318813324
39.5858840942
42.1034126282
43.3032188416
41.9420928955
38.5828514099
38.1714630127
39.9990081787
37.7770500183
33.4435653687
35.03332901
36.151599884
32.1439628601
30.1368083954
33.1546821594
32.1414985657
29.0375423431
30.2272644043
33.7069091797
28.0313854218
27.3460197449
33.0403671265
32.4702758789
28.8748664856
30.7444629669
24.6565990448
27.4125652313
24.4675121307
26.0708560944
25.017414093
28.0502128601
27.5683403015
28.0584545135
25.407087326
23.1791572571
25.4458217621
23.3632068634
27.4312419891
27.0726718903
29.6027126312
31.2720527649
33.9718284607
36.8273582458
34.0503044128
33.3598022461
29.7405986786
28.7960624695
25.425113678
24.0897750854
20.0525436401
19.214017868
19.5109405518
17.9531536102
21.6878299713
20.623418808
15.8945541382
18.7257137299
22.6192264557
20.2871608734
18.5408535004
22.4102096558
25.7911205292
29.6453437805
28.4930477142
24.525220871
27.9515151978
28.1737098694
32.358215332
33.850944519
31.0087604523
32.4294776917
35.4128341675
38.6784896851
37.1607894897
33.7078514099
35.7597618103
38.2566261292
37.4519615173
32.8489532471
34.8021697998
30.5195999146
33.5317115784
33.5535507202
36.9953308105
32.5231742859
30.741979599
35.6203765869
36.932636261
32.2988815308
34.1422805786
36.4640312195
34.8784484863
32.6264610291
37.0227775574
38.7503089905
33.5291595459
35.4844093323
39.9264793396
38.7292137146
37.948348999
34.5354881287
38.1863746643
34.3435554504
35.388999939
38.6941604614
40.6457176208
41.5011482239
40.8039169312
37.8539390564
34.4233665466
38.7079162598
41.226650238
38.7183074951
38.7718696594
42.8902435303
43.8122024536
41.292427063
43.0398216248
46.6254463196
46.3125534058
44.767364502
43.8401603699
41.7588691711
46.0937271118
46.0263900757
43.330783844
45.8227005005
47.6873321533
45.9032516479
47.0154800415
48.6240844727
47.834438324
43.8235054016
45.6078338623
48.2860488892
42.4230690002
41.2538528442
44.5437202454
44.2696151733
39.590297699
40.4921417236
44.2066993713
43.8021812439
44.1402168274
40.6333808899
43.6896247864
45.3643951416
40.1083869934
40.7322807312
39.303237915
35.0259437561
39.3904151917
42.2601470947
38.9825744629
38.4756202698
43.6997451782
44.7114295959
40.587562561
42.6386909485
48.7577209473
45.5213890076
44.4214744568
48.3355789185
50.3768882751
51.9552116394
53.016784668
48.0690765381
47.3207054138
50.7370605469
48.741065979
48.2807502747
44.4221725464
45.2887878418
46.6692008972
42.5631065369
46.1021842957
34.2040519714
32.2364807129
33.0668792725
27.8255443573
30.9710769653
27.0802249908
30.3664131165
33.29246521
32.4148750305
32.9477157593
29.702293396
30.4773864746
29.0273075104
30.7199649811
28.7582645416
24.8679256439
23.2798690796
25.0411758423
22.0353393555
24.4035778046
23.2809619904
25.7313632965
22.3690910339
19.2790794373
17.6923084259
16.4332771301
13.8661680222
11.5591993332
12.1126537323
9.66835594177
19.9576034546
22.5363006592
18.542339325
17.3650093079
12.3048191071
14.1229362488
9.57562446594
12.0295219421
14.900302887
17.0666847229
16.5374717712
14.3599805832
9.73048877716
11.0411024094
10.3589315414
13.7167043686
15.9718503952
18.4229221344
22.9483375549
23.9878673553
27.4996643066
28.5583992004
28.9043807983
30.7312812805
33.1069259644
30.5877227783
27.2972450256
28.0459308624
29.4547119141
25.9031639099
22.0917167664
25.8943786621
25.6258640289
19.9228420258
21.2693386078
24.5917568207
22.5406074524
18.2684516907
20.8610630035
24.2412872314
20.7634315491
21.2336292267
18.8809967041
15.6963176727
15.4065351486
15.8505535126
12.2892541885
15.0836629868
16.5354766846
15.7190341949
18.4421234131
21.2371406555
22.3727531433
24.9956741333
28.5265483856
26.3933753967
27.2202453613
23.4040431976
25.0946159363
19.4710178375
17.4368476868
15.809469223
12.4320430756
9.76238536835
6.20829248428
5.1615023613
3.89866876602
5.6729850769
9.80062103271
12.0016908646
15.244052887
11.8440589905
10.3245363235
14.4394378662
16.9848308563
19.9577331543
16.6215591431
16.7090415955
19.4632072449
22.2549171448
20.2924251556
16.3100471497
18.0225772858
20.7623634338
17.6175785065
14.8930521011
18.5562725067
19.0519332886
15.7024173737
16.7848243713
20.7933502197
20.3271102905
19.6595954895
21.8656005859
24.9503765106
22.9293823242
23.2579536438
28.0600795746
27.8177108765
27.4944610596
30.8783378601
25.1065406799
27.4472351074
21.6708889008
26.8962631226
21.3410015106
20.5425949097
18.0011501312
15.3189735413
17.1750030518
15.4572238922
12.353676796
8.72600269318
6.94049739838
5.96510219574
5.69535207748
6.61054468155
9.42569732666
12.6618919373
11.2736091614
10.5382642746
10.4600543976
11.5994310379
11.4163942337
15.1647109985
13.0953321457
16.2398071289
18.8201999664
21.4876670837
24.2082061768
24.6746997833
24.2375736237
26.7164096832
29.368560791
29.8694877625
31.016210556
30.0473747253
30.8656272888
32.6829566956
30.2317523956
26.9879703522
28.8161258698
25.7473564148
29.1953372955
27.2322273254
23.6576633453
29.2187290192
31.5385570526
35.3942375183
35.4798355103
33.5272064209
34.5700683594
38.742401123
39.8546867371
35.7534675598
36.2768745422
31.712184906
32.290222168
30.0611400604
31.9909343719
29.0821228027
25.5259552002
27.7020874023
29.701751709
24.5615978241
22.572681427
24.9369239807
24.0793304443
19.6098766327
22.3703613281
24.6225337982
19.7232685089
18.2951316833
21.8916282654
21.7601699829
19.0765342712
18.5326938629
22.8610439301
23.4150466919
24.7870025635
29.2947387695
29.1598262787
32.016658783
32.7352828979
32.7352676392
30.968963623
36.5488243103
35.8953208923
32.792175293
35.7826156616
39.1575546265
36.16040802
35.0873222351
38.9054145813
40.8032073975
38.6351928711
36.2850570679
34.4747962952
29.9255161285
32.4012947083
30.5204734802
26.7622795105
27.4453811646
28.1201572418
27.8799858093
28.4260749817
31.5435600281
30.7013816833
27.0316333771
30.8894615173
33.2497406006
28.3516349792
27.7767276764
32.464214325
32.6989822388
29.5642261505
30.2416477203
35.7402954102
38.5026016235
39.3953437805
36.1778068542
38.9143409729
38.1122627258
33.2974090576
31.4225234985
30.8560390472
25.8117446899
28.8599967957
30.9584236145
26.7811489105
24.9589195251
30.0529193878
30.6447086334
24.3790359497
25.6492576599
31.5704402924
27.2798995972
25.0899276733
29.3649082184
30.6039848328
30.8743171692
32.3155860901
27.9668121338
25.8671607971
28.4717159271
27.4346351624
26.445558548
22.9614143372
24.6632595062
25.0829048157
22.7274436951
25.9556789398
46.1767158508
43.0023193359
43.8260383606
37.9031410217
40.3299217224
36.5869636536
39.6919555664
42.8612518311
43.5862388611
44.17445755
41.7656669617
43.3702278137
42.2838401794
45.018573761
42.886882782
39.3654098511
39.6684532166
41.1941413879
39.0679969788
41.7041549683
39.3638076782
43.1574630737
40.1889686584
36.3586921692
34.6490745544
32.0330352783
29.6371822357
25.7057037354
24.4002361298
21.6715373993
25.1492366791
30.1003265381
27.5671443939
27.821767807
24.6026802063
27.7246074677
26.0411777496
29.4325809479
32.6687316895
35.1767883301
34.8172264099
32.6504135132
28.0430755615
28.7449016571
26.6735210419
28.9651012421
28.2843818665
30.7335987091
34.2444381714
33.9588394165
38.7829017639
37.4179344177
37.9121360779
38.8387451172
42.3275337219
38.1811485291
35.5754013062
38.6756629944
39.1124992371
34.4135551453
33.6277313232
37.5962867737
35.6811637878
30.6408176422
33.8044395447
36.5434875488
32.7463722229
30.4004821777
34.2124557495
36.4175453186
31.2407932281
33.1281051636
28.5705070496
26.5939865112
23.8473129272
26.189573288
25.1004219055
29.2589130402
31.5741329193
32.5298156738
34.4065322876
36.7050361633
37.9001960754
39.3284072876
43.8445205688
41.2892303467
40.7080574036
36.7838516235
38.2778739929
34.3070755005
31.583574295
32.0303916931
27.7132263184
25.6185836792
23.897064209
20.7134418488
18.6052494049
15.3202791214
15.3751840591
13.6599607468
11.9818153381
10.4793567657
9.9539232254
9.46380329132
7.04193925858
6.62646484375
12.0972576141
9.0533657074
9.01530075073
12.0473299026
13.8020601273
16.8401985168
13.3844718933
12.0517282486
16.9124774933
18.2245502472
15.3566007614
17.6251926422
21.2971496582
20.2622280121
19.8841838837
22.9680118561
25.3687286377
25.420879364
25.4306278229
29.1188602448
30.9104804993
29.2379169464
31.4303207397
33.8307571411
34.8090858459
36.4168548584
31.4100666046
30.9925117493
25.6458435059
29.1495552063
22.5594005585
21.0915660858
17.3821811676
14.1699619293
17.0620422363
19.1507434845
16.8390426636
18.0713367462
15.6179351807
19.6174983978
17.3071537018
14.6719179153
15.6973781586
17.2166957855
19.3442363739
15.4449987411
19.7395839691
18.4357376099
21.4578590393
22.3670005798
22.2746925354
23.1697425842
26.6658172607
27.5060920715
27.6102924347
30.2783260345
31.5651950836
31.863117218
33.5341796875
37.2405586243
37.4207687378
31.6836051941
30.3461322784
29.8696136475
27.1483459473
26.340013504
26.7434749603
23.3154373169
24.0281257629
19.8868637085
19.066608429
25.5056781769
27.4704208374
29.9927806854
32.1837768555
31.0149383545
29.8278160095
34.3059425354
37.2956809998
34.9108314514
35.3697624207
32.1603431702
32.8368339539
31.1366233826
30.724281311
28.1975669861
26.0181751251
25.5444393158
24.4546260834
21.7313709259
20.3014316559
19.1701412201
17.5873832703
15.8011779785
16.1944408417
13.5079250336
12.2531642914
11.4690904617
12.3184566498
8.55785179138
6.15939617157
7.44973421097
8.50203800201
13.226401329
15.0209741592
18.766576767
15.6243467331
18.7927780151
21.003900528
23.0865707397
23.7484550476
28.4891319275
25.339263916
23.6025733948
28.2319469452
29.7882022858
25.1644954681
26.4361038208
30.7601585388
30.8779830933
28.5477828979
25.7148017883
24.4848499298
18.452419281
18.6255054474
16.9228858948
13.2233076096
11.2437372208
13.3669490814
15.3168945312
17.3809547424
20.8838653564
21.8380851746
18.4247055054
19.9449539185
24.1094551086
22.032207489
19.409040451
23.7552814484
26.3755893707
24.2746677399
22.3493843079
29.0547657013
31.9706325531
34.3814086914
32.9377822876
35.6755981445
33.2753143311
29.4901790619
28.5794563293
30.656873703
26.592918396
29.7825870514
29.5256938934
24.9985218048
25.6330089569
29.0880565643
26.7008209229
21.7859783173
24.905040741
27.1810302734
21.8406352997
21.9078121185
26.2394065857
23.7799491882
23.8581733704
22.9465045929
19.4157352448
19.0450439453
19.5872173309
16.1002540588
13.5365085602
9.92573547363
8.79226112366
9.34160518646
6.38800191879
9.03161621094
38.3352508545
35.5403747559
34.2024765015
27.4192752838
28.5712528229
23.0395774841
24.7321357727
28.2836589813
29.5665817261
31.6961021423
30.5316143036
33.4857597351
34.1550636292
35.4160766602
31.9551277161
30.4915790558
30.5793094635
34.2727127075
32.8539581299
36.2182502747
36.8631095886
39.3724441528
35.6578369141
33.6227684021
34.021030426
33.2413902283
31.8944530487
30.0557632446
29.7779006958
26.3916988373
30.1410694122
32.6299552917
30.743724823
31.81432724
26.9190540314
30.3946685791
27.2606334686
28.2891101837
30.7795562744
30.2413463593
30.0436153412
26.5095844269
24.0963745117
25.2915859222
24.3169746399
27.9906463623
27.3183784485
31.4234733582
34.1191215515
35.9077301025
40.4467811584
40.6267700195
39.1433982849
39.2304954529
40.5695266724
36.2918930054
35.307094574
36.5087661743
35.0921325684
31.4593639374
30.6448783875
31.7423038483
28.9311714172
25.6086483002
26.554145813
27.7381916046
23.6211681366
21.2085323334
23.6218204498
23.7977409363
18.8238544464
17.523223877
12.2912883759
11.0606060028
9.08406543732
13.9294748306
16.3475189209
17.6114196777
22.6777687073
24.5605354309
27.1694698334
30.4108753204
33.7352676392
34.6136207581
38.9442634583
38.8496170044
40.1110916138
36.9659538269
36.151599884
32.3847923279
27.4307365417
26.9038696289
22.2370452881
18.1715393066
20.843793869
17.2015399933
19.0519371033
17.2634410858
17.3583774567
18.032327652
13.8944063187
19.1096553802
19.8604164124
16.0572338104
16.1606273651
22.0423316956
20.2616615295
18.8480148315
15.7337856293
14.0635108948
13.0477256775
9.87296295166
10.6682577133
10.3859491348
7.52911376953
5.86939525604
7.00862264633
5.79427814484
5.09954404831
7.9703001976
7.14852905273
7.47707366943
10.1370000839
11.5115098953
11.4991416931
14.8266296387
15.5991210938
16.303768158
16.5376091003
19.1982116699
21.8996047974
20.0703601837
21.1584510803
18.2071170807
23.0233287811
19.8761768341
15.4344520569
16.1073265076
15.5698575974
19.7706127167
17.5154056549
13.7409801483
14.9432821274
13.3199863434
14.1067848206
15.2779054642
17.0964221954
15.1586065292
14.2189216614
12.1700754166
11.5090322495
9.56489849091
8.67658901215
11.6470937729
13.1840906143
16.9079360962
19.7585830688
19.4936656952
24.2088603973
24.4723396301
23.999294281
27.3401699066
28.7688274384
28.2369194031
29.1440067291
32.8179283142
33.4100646973
32.8612098694
33.4208488464
32.5839385986
30.2641010284
28.5848007202
24.4744644165
26.6131038666
24.7379798889
20.5133857727
24.1516590118
23.853219986
27.3569278717
27.0311069489
27.4305019379
29.2286090851
32.5860557556
33.2908973694
30.2274036407
28.819480896
25.6482257843
22.9782676697
19.3985710144
20.0900726318
20.6166286469
16.956407547
16.0190944672
20.4765434265
16.9694709778
11.4829053879
14.9885349274
17.1460399628
12.9611053467
12.0665407181
18.5527496338
16.4115142822
12.3160037994
13.2946844101
18.1842784882
17.4734687805
19.0886898041
22.3664703369
23.5606365204
22.2650413513
24.7273387909
26.7780036926
30.9133987427
30.0641136169
31.8302364349
30.0558643341
34.1537971497
33.3658676147
28.6474666595
31.2118587494
34.3479766846
29.6614112854
27.6690368652
31.3744697571
32.6267242432
29.2469654083
27.7707633972
25.0480098724
22.5290489197
24.4948959351
21.6491146088
19.3512096405
22.611076355
20.8992004395
17.9703731537
16.6132278442
18.1209278107
15.9237966537
13.7236471176
19.1728019714
18.5627212524
13.5795326233
16.0887527466
19.6183185577
17.9094219208
16.9516773224
19.8292007446
22.8516540527
27.6261520386
27.2528476715
24.1558876038
25.5162086487
23.86287117
20.7061786652
16.4505996704
15.5166358948
12.0961904526
12.2406206131
13.797958374
10.735657692
7.63037252426
11.793170929
13.1947183609
7.39340639114
7.6450958252
13.8571748734
11.1697025299
9.12050437927
12.676856041
15.4450931549
17.1817359924
19.1270084381
14.8189983368
13.9085264206
18.2004051208
18.0390853882
19.9038486481
18.2697429657
21.6292896271
24.8651065826
25.6287994385
27.624584198
29.6389579773
25.9228038788
25.6198329926
19.4145851135
20.8932590485
17.8028831482
20.621427536
23.4438285828
25.0661525726
25.5964717865
24.2548904419
26.8247928619
26.9812316895
29.8584270477
27.3648452759
25.3566818237
28.1446971893
30.1377773285
30.0593452454
33.5851860046
32.3481941223
37.1142425537
34.3414268494
30.9481639862
32.1948547363
29.9036254883
30.4496688843
28.4023303986
25.8489322662
22.3242683411
19.086566925
21.4399738312
21.3483428955
24.1017837524
20.9430789948
25.4005069733
25.9846553802
27.0616817474
30.7947998047
30.0264759064
32.787021637
28.1822605133
26.1432933807
24.3589439392
21.4376983643
23.4174022675
19.7979888916
23.6898670197
24.7943897247
25.9626579285
31.2365341187
29.8993244171
27.8682918549
27.0824432373
28.8420028687
23.6806221008
23.4140853882
26.0236434937
23.9384441376
19.7222042084
21.4286880493
22.6996421814
19.0240364075
16.5229911804
19.3224010468
20.3376750946
15.53860569
15.7323560715
19.4748516083
19.8493251801
14.5794887543
18.8354969025
15.2563610077
17.4759750366
12.9819440842
12.5488395691
14.3937253952
18.4400806427
19.990442276
23.4817523956
23.7887802124
25.5702762604
28.371805191
27.7544059753
33.0092773438
32.4819259644
32.4154014587
29.6045398712
28.0502090454
26.564031601
21.255777359
23.4623394012
18.8986759186
18.6591358185
21.2036361694
17.4845504761
20.5425987244
18.1898899078
15.8914384842
13.6101198196
11.6609764099
13.0981483459
16.1681690216
17.2988147736
15.6533555984
18.336151123
27.7100124359
24.5751895905
21.5940895081
22.1822376251
20.7680664062
21.2770767212
19.5671272278
16.3678684235
16.958650589
17.937959671
12.8828363419
11.6292314529
15.4344491959
13.1172876358
8.39996528625
10.1291294098
12.5623550415
10.0663137436
8.15203094482
13.4233322144
14.1294431686
10.3620119095
12.7932748795
16.1518859863
15.9480485916
16.3491325378
11.4488945007
10.2345905304
5.96509552002
9.26129817963
5.30149793625
4.728910923
7.96642065048
8.76378250122
7.23420238495
8.51972675323
12.471206665
15.2471961975
18.5113697052
20.4589424133
21.6365623474
22.4743766785
23.8901119232
21.9226341248
19.1597099304
16.5413761139
12.6771497726
12.8978919983
8.13817405701
10.3743171692
9.49339580536
9.97877120972
11.556186676
10.303062439
11.3923225403
15.2233486176
15.1826429367
14.6560869217
18.0384998322
19.9393959045
18.6125602722
17.7666568756
18.3997344971
17.9833869934
15.7403059006
13.5676965714
9.69760894775
12.5917358398
12.3976306915
7.77063322067
10.3476028442
11.6014194489
15.6241979599
15.2928161621
13.8913803101
15.6696586609
19.3666477203
20.2443275452
16.6450328827
16.52876091
12.6402587891
12.9228439331
11.5064744949
12.7677965164
9.05397319794
6.35481548309
9.04531478882
10.5372915268
5.4128613472
7.21765565872
8.89733409882
8.42180728912
7.0109872818
10.6533985138
13.7936153412
10.1921081543
12.1701173782
15.5914344788
16.0947971344
17.3307209015
14.824757576
17.6647815704
14.5593919754
12.8552322388
15.1206588745
18.9476318359
21.7395172119
19.8752174377
19.7067623138
16.7407245636
20.8971805573
21.7141895294
16.8951778412
18.3501987457
22.3457679749
20.0274982452
17.0695991516
20.1934871674
22.8192691803
20.9038829803
19.3474845886
17.6018943787
15.9870128632
20.3758277893
20.0007743835
18.2819957733
22.8773994446
23.8728866577
20.3695774078
21.33020401
21.7663345337
21.1445884705
17.3371620178
18.4074687958
20.7230815887
15.1144342422
13.846534729
16.7708110809
16.7114124298
12.036895752
13.2549591064
17.3005752563
18.855134964
19.5385780334
16.3617153168
19.5463581085
19.4286804199
14.2198848724
14.4656133652
15.0599870682
10.5272293091
16.1011695862
17.220993042
13.1353311539
15.1070661545
19.6202430725
18.624414444
15.8265752792
19.8164367676
23.7880115509
20.6115722656
21.4444732666
25.2552814484
25.8896465302
28.4836158752
28.4555454254
23.5765647888
24.7072372437
28.297662735
25.3911495209
26.1791992188
23.1222515106
24.2808666229
27.9940700531
25.7995071411
28.4684715271
19.135219574
15.1695699692
15.2844181061
10.5010814667
12.2511377335
12.3366508484
15.442358017
16.9532699585
17.9071464539
17.0177230835
15.5771150589
17.607378006
17.7439498901
21.197429657
19.5611000061
17.9734287262
22.6046733856
23.5405540466
24.9340858459
28.3116950989
26.9854698181
32.3601036072
30.4377384186
27.2501125336
29.8882808685
27.6825828552
30.054769516
29.2338466644
26.190032959
23.4542751312
16.7890129089
16.2096138
17.8900623322
21.5004196167
19.9152679443
23.777179718
26.3739585876
26.1564884186
29.6941223145
27.6478290558
32.3632774353
27.3320960999
26.9737243652
23.4772529602
20.4220466614
20.8728942871
15.973985672
19.1947727203
18.135219574
19.8858089447
24.524679184
23.3297424316
20.0710659027
18.4061603546
18.9451732635
13.834482193
15.048869133
16.9426956177
13.629026413
10.3359880447
13.8966417313
13.3689222336
9.10495662689
9.68486785889
12.099322319
11.9560480118
8.04322433472
11.4635486603
14.2335691452
14.2861127853
11.5792798996
18.0119037628
17.6337623596
21.1911182404
17.8722133636
14.0695590973
15.167304039
18.2227191925
16.6826496124
20.81681633
19.1508674622
19.4778842926
22.1938915253
20.0987586975
25.3187427521
25.6018409729
25.4121494293
23.7158298492
20.6234169006
21.4911346436
16.193359375
19.8761367798
17.0521125793
19.6105365753
22.757686615
20.6034812927
24.6747016907
23.6443748474
21.0197677612
19.3882865906
20.015422821
20.7872257233
22.9662666321
25.2951660156
24.8516368866
26.3120880127
37.3088569641
33.8180541992
31.3354225159
32.434009552
31.5308532715
31.2627468109
29.2554626465
26.7977294922
27.2916870117
27.146030426
22.3056602478
21.5955028534
23.9992904663
20.9395103455
16.8119716644
18.1935539246
18.6882152557
15.0182666779
14.0366029739
18.1429481506
15.0161800385
11.3245544434
15.3225345612
17.2572441101
14.2251186371
13.8607826233
7.54537916183
7.67922496796
6.67005681992
6.41455173492
8.68338012695
11.3923215866
13.5249414444
16.4895915985
14.2192001343
11.7279911041
15.3394193649
17.1113014221
21.6273803711
23.5156059265
26.4227561951
28.2333850861
29.7499542236
31.6675510406
28.861114502
26.9176387787
22.8359603882
19.6903400421
17.6097679138
12.3169431686
11.8973312378
9.04413127899
6.77220964432
5.23746871948
4.85126686096
5.69684934616
6.01224803925
5.47432804108
7.38210296631
9.20299339294
13.0143918991
14.1819257736
16.7915840149
17.381193161
14.0880680084
13.0803985596
12.2835197449
16.2107887268
18.7125396729
15.2389249802
14.0855970383
15.9281682968
19.2929649353
17.2067604065
14.3572788239
17.5204696655
19.7722473145
18.6952857971
13.8873109818
15.0079545975
10.5731687546
13.2714805603
13.8429498672
17.0006599426
12.4404888153
11.5143604279
16.5690574646
17.9746608734
14.2103261948
17.4337654114
19.3265991211
18.4897613525
17.8346366882
21.661397934
24.1963291168
20.2731456757
22.8582115173
26.5997829437
26.5042476654
27.4477481842
24.0924282074
27.0192775726
22.3699684143
21.4000606537
23.1594161987
27.3170661926
28.8066711426
26.5459938049
24.4278869629
20.3663825989
23.752696991
26.7032165527
22.6267433167
21.8878536224
26.429353714
26.8287506104
23.1538696289
24.5813064575
28.342798233
27.7320899963
26.8056488037
25.688331604
25.4926586151
30.2981357574
30.6058349609
29.1212596893
33.5144844055
34.9051589966
31.5007610321
32.4544754028
32.6382217407
31.8713169098
28.2803382874
28.9325618744
30.9843482971
25.3144721985
24.2915382385
26.3142585754
25.6346511841
20.8686885834
22.3180179596
24.5535812378
23.9009113312
23.8326625824
20.2958164215
23.3987865448
25.2889308929
20.241361618
21.7513580322
20.9332427979
17.4794120789
22.573097229
24.6627998352
21.8555870056
23.1623973846
27.5956954956
27.7106304169
25.647983551
28.7757892609
33.4056053162
30.9565792084
31.3577251434
34.8188056946
36.3751029968
39.0198783875
39.3501930237
34.4624900818
35.2829627991
39.0855102539
36.4391326904
37.1103744507
33.8202819824
34.8326454163
38.1000213623
35.0463371277
38.079662323
16.3388023376
12.587469101
14.1383266449
10.9877614975
13.6252632141
14.7547187805
18.0936985016
19.126701355
19.0351924896
17.3321170807
14.9982023239
15.8120594025
14.9137153625
18.8733482361
18.1084823608
15.6678686142
20.4593887329
20.3489379883
21.9103736877
24.9804286957
22.9356136322
28.7603378296
27.3001232147
23.8522148132
26.6126842499
24.1839294434
27.1777095795
26.6948776245
23.3987255096
21.2172298431
13.6289920807
11.7957162857
13.9163293839
17.6618785858
17.0507888794
20.4355239868
24.0645217896
23.6194343567
27.1305561066
25.1906604767
30.5083904266
25.6993160248
25.6013355255
21.4459705353
18.2660770416
17.7484169006
12.5023670197
14.9390659332
13.1972198486
14.9267120361
19.400680542
18.2602157593
14.9317941666
13.4919090271
14.2581186295
9.55380153656
10.054646492
11.9309673309
9.31861782074
5.67564821243
9.3481798172
9.63091182709
6.58456754684
6.88189220428
9.75153160095
10.3782815933
8.32151889801
11.3287220001
13.7687578201
14.9649000168
13.5747356415
19.8889465332
20.2673225403
23.2296772003
20.432390213
16.0974655151
15.6942586899
18.7171497345
15.6215028763
19.2909488678
16.8424854279
16.3746376038
18.322183609
16.0048522949
21.2288455963
21.0720252991
20.4989795685
18.9775352478
15.8945484161
17.4863739014
12.949719429
17.3012542725
15.5047664642
19.2919387817
21.7137794495
20.4132175446
24.2375736237
23.7162494659
21.0571594238
19.6787242889
21.580198288
21.8442077637
23.2973937988
26.271194458
26.3972034454
27.0959243774
38.9098739624
35.1901702881
33.1764297485
34.8208084106
34.4967079163
34.1303749084
31.5860233307
29.5364360809
30.6288509369
30.0096817017
25.0099143982
25.0402946472
27.3401679993
23.8642597198
20.1215438843
22.2217216492
22.3928718567
18.7349624634
18.3728523254
22.5201530457
18.4827327728
15.5593194962
20.210401535
21.5035095215
18.1012649536
18.2971248627
11.8085794449
12.8344259262
10.9561309814
10.9518499374
11.7285146713
15.2233495712
16.1866264343
18.4411563873
15.4512453079
13.2113437653
17.0399971008
17.7603816986
22.5702037811
24.1423358917
26.9783878326
28.6692237854
30.7017745972
33.0303649902
30.2601089478
28.4344501495
24.5036811829
21.777967453
19.2301006317
14.7737703323
12.5963773727
9.55832290649
8.44930839539
4.93752479553
7.13866424561
5.69684934616
4.89707517624
7.68362379074
8.25144958496
7.49938869476
11.638794899
14.0146884918
17.4353942871
17.4752616882
13.6902675629
14.6389122009
14.6692972183
18.7773342133
21.2134990692
18.1950206757
17.7698345184
20.3011779785
23.4658737183
21.6839981079
18.3465652466
20.9196987152
23.2152366638
22.2839336395
17.5612564087
19.3446216583
15.064116478
18.417219162
19.0943069458
22.2297458649
17.4521827698
16.5089206696
21.5229282379
22.4358711243
18.492477417
21.6527175903
23.4519100189
22.101896286
21.168170929
25.3714008331
27.2623405457
22.8650436401
25.664648056
29.7330474854
28.9587783813
29.4995193481
25.7963485718
28.8793201447
24.0612411499
23.8290500641
26.0675182343
29.5360069275
30.6050643921
28.7829856873
26.0916538239
22.0893764496
25.7640895844
28.8113365173
25.4064407349
24.7595539093
29.1841220856
30.1209278107
26.8751449585
28.2639293671
32.046295166
31.751914978
30.619102478
29.7314128876
28.9505615234
33.7028007507
34.0949172974
32.2752227783
36.1137657166
37.8551177979
34.9501037598
36.1110191345
36.7046966553
36.0535926819
32.2383346558
32.9614372253
35.44506073
29.7691345215
28.4418754578
30.8219299316
30.473690033
25.6106262207
26.6157093048
29.4240131378
28.5134315491
28.754201889
25.3865833282
28.5644054413
30.4400348663
25.3035984039
26.8481636047
26.0180130005
22.28332901
27.3390674591
29.577085495
26.5298957825
27.4679698944
32.1917800903
32.388130188
29.7286300659
32.7390670776
37.7412185669
34.9404830933
35.0201377869
38.7243881226
40.2549743652
42.6377677917
43.0440292358
38.078578949
38.550491333
42.2175216675
39.5554351807
39.8144264221
36.25233078
37.056312561
39.8219795227
36.217212677
39.4499778748
39.9770927429
36.2263755798
37.2722816467
31.9606933594
33.9756393433
31.6825122833
34.7932357788
37.4230384827
38.729019165
38.6531715393
36.7189292908
38.4092636108
37.4897117615
40.9981498718
39.2428894043
36.0934906006
38.3736953735
39.2574310303
38.4467430115
41.4226264954
38.4450569153
43.7159843445
41.2773590088
36.9393005371
36.5848731995
33.2247695923
32.7854919434
29.3145580292
26.1777706146
23.0804710388
19.2814445496
24.0304851532
23.4803924561
25.5746078491
23.7092285156
27.7965373993
28.9954605103
31.6865062714
35.6979675293
36.9917106628
38.9310569763
35.4248428345
31.8436965942
30.4737377167
27.2253475189
28.5106620789
25.3389034271
27.8641338348
29.6754055023
29.1020450592
34.5592803955
31.8787899017
31.4992237091
31.3382968903
34.831829071
29.9038295746
28.3722877502
32.511844635
31.9401721954
27.1242256165
28.6940326691
32.0503120422
29.3357887268
25.6332473755
29.6021614075
31.6615581512
27.5349521637
27.1458187103
31.2986392975
32.8643035889
27.7887439728
31.8966217041
27.8527412415
28.1950206757
24.0540103912
24.6281642914
24.3637638092
29.2690124512
30.2700366974
32.6605606079
33.0750732422
34.4983711243
35.8372612
35.841053009
40.9769287109
38.7688217163
37.4474067688
34.0674285889
34.3435630798
32.5086517334
29.0124340057
31.3184928894
27.0286026001
26.9067401886
26.669752121
23.1429519653
23.4150485992
20.085559845
18.1107273102
14.1321306229
13.2016239166
8.56218624115
12.5448389053
15.9635810852
12.3172540665
10.0085439682
24.3001270294
21.1043491364
19.2014293671
21.0528450012
20.1917057037
23.6407604218
20.9418010712
17.1488494873
20.6187572479
23.1097507477
18.1029033661
18.3847846985
23.5606403351
21.9284076691
18.6500091553
21.3220901489
24.5298137665
23.1504249573
21.6725616455
26.5057125092
28.042345047
24.6413421631
26.3991260529
30.1784191132
30.2881546021
30.3828334808
25.2275390625
23.2740287781
18.8625888824
20.1140213013
14.245882988
14.5593919754
11.2553806305
10.535943985
10.4139652252
14.1495914459
15.1600799561
18.4215278625
19.3035907745
24.0583133698
23.7506275177
22.5864715576
24.2699375153
26.1898822784
26.4637680054
22.3735027313
23.5697383881
20.3687648773
22.1247749329
19.7058811188
19.5188827515
18.0511608124
21.401556015
20.0762290955
18.6468391418
22.3699703217
24.0612430573
22.9131355286
24.0752830505
29.3037776947
28.4450149536
20.9694042206
18.753162384
17.4909515381
15.151632309
15.4191074371
14.8774261475
12.0764980316
11.7023601532
7.73556280136
8.95122814178
14.3930263519
17.0205955505
18.981136322
21.6023387909
19.789598465
17.7969169617
22.2531299591
25.611076355
23.6838645935
24.8024520874
22.1485176086
24.2428073883
23.9426288605
23.2335281372
19.4129886627
18.8242950439
18.9809684753
15.4866724014
13.8334589005
16.0183467865
13.3312692642
10.0416631699
11.7253284454
13.7151699066
8.62144565582
7.87671136856
12.3088102341
14.3033418655
9.33105278015
11.4615182877
7.22200012207
6.81733465195
4.29153680801
8.06479930878
6.91859865189
9.22313499451
9.88632774353
10.7174873352
10.9092435837
15.7002363205
13.4386806488
11.4351186752
15.7686214447
17.6816234589
14.6438512802
15.4634752274
19.3255558014
20.2048435211
18.9759063721
16.1576881409
15.8554067612
10.8261222839
13.6655902863
14.5883569717
12.6051054001
14.7020149231
18.0738220215
17.0174312592
19.8903179169
21.2747516632
22.5746517181
18.6073703766
16.9780654907
22.3053531647
19.5636615753
15.3724050522
18.4960842133
21.73204422
18.0641918182
14.9531707764
21.6102161407
22.3310546875
25.3913574219
24.3911781311
27.7480106354
26.1931877136
21.9326171875
23.4590778351
26.2408027649
22.554019928
27.3363800049
26.8184547424
22.3512058258
25.0204563141
28.5783596039
25.4467163086
22.5295734406
27.1429672241
29.0824871063
24.4554824829
26.0620288849
30.3021278381
28.1400623322
29.8768615723
28.2989749908
24.1211109161
25.6693611145
27.3694038391
22.8642101288
21.8368015289
18.4962615967
17.0501613617
19.9564113617
16.1680259705
18.3834991455
33.6021614075
30.2256374359
28.3953666687
21.8658752441
21.8855895996
17.4630050659
18.5863666534
21.7011604309
24.3036956787
26.1539001465
26.0801563263
29.6144714355
30.9628429413
32.7657699585
29.4331054688
28.9150066376
31.2021808624
34.4330329895
34.4666366577
38.1414680481
38.4269638062
42.1277923584
38.9502983093
36.5794334412
38.1869468689
36.8208656311
37.0037841797
35.3938598633
33.7858924866
30.222278595
28.9668006897
30.6738739014
30.4743938446
32.9264411926
29.0709877014
33.2024307251
32.3413696289
32.8705711365
35.9454498291
34.3587493896
36.2811012268
31.6773357391
30.261713028
29.533864975
27.5659503937
30.300901413
27.530172348
31.7501964569
32.8133087158
34.6589431763
39.5321083069
38.8713188171
36.3718910217
35.3328552246
36.1035995483
31.1197795868
31.6417121887
33.2899589539
30.4123306274
27.0641422272
28.5483436584
28.3137569427
24.3086242676
23.0604877472
24.3236675262
24.2439651489
19.5372390747
19.712141037
22.1773071289
20.8714160919
16.0097827911
17.4261035919
13.3007125854
16.3308029175
12.7398538589
14.303311348
18.3140830994
20.1152114868
23.6043491364
27.0867843628
28.1161003113
30.4625377655
34.1387481689
33.5233650208
38.3617858887
38.9247436523
39.7200965881
37.2070045471
35.0259437561
33.2983589172
27.5093688965
28.7178821564
24.2312641144
22.4078769684
26.2110958099
22.4821338654
25.8117446899
23.7919616699
22.421546936
21.3939571381
17.8544178009
21.1938781738
23.854675293
22.656703949
21.2122364044
25.6555213928
29.7459163666
27.6990070343
24.1639633179
22.944524765
20.4199523926
19.7380924225
20.2532119751
17.4919261932
15.0658531189
16.3165054321
14.1186571121
10.7226018906
12.0961885452
12.1408653259
9.45220851898
6.14798545837
8.25937175751
8.14928722382
5.71297979355
6.30425977707
11.1121253967
9.23227882385
6.67171239853
10.0886764526
12.5423545837
12.9029493332
12.765630722
11.9876613617
12.1131544113
14.8072967529
14.7626657486
10.5272302628
13.9780893326
16.1282310486
18.4623165131
16.2996368408
15.418431282
18.5319194794
19.8047332764
21.7090759277
23.9065799713
25.7535057068
25.0736446381
25.0945625305
22.743303299
21.131313324
17.8501091003
14.8651266098
15.820110321
12.6213378906
17.0441074371
17.7545909882
16.0270786285
19.7153549194
18.3796386719
17.4794101715
22.28332901
22.6251544952
20.3480033875
21.9205989838
25.9547615051
27.4382324219
26.5229415894
26.8022518158
27.2445831299
25.3659992218
22.110244751
18.6058959961
20.2756996155
20.1213760376
15.9864578247
16.3710460663
14.7579803467
18.0677337646
16.6729507446
17.7821731567
20.5387115479
22.9190196991
22.7942466736
20.0617160797
17.9976806641
15.6485652924
11.8540153503
8.23801994324
8.99746894836
10.5626945496
7.8095126152
6.5198636055
12.4917440414
10.2793521881
7.44609069824
10.6379404068
13.4109191895
11.9780483246
11.8074026108
17.9953727722
16.6107654572
15.6582784653
17.0042324066
20.6572990417
21.9193191528
21.5116920471
23.9798469543
22.5540142059
20.0492687225
20.8475341797
25.1946239471
28.6327724457
26.3123130798
27.35820961
24.7899246216
27.6442298889
28.254529953
22.9393043518
23.8598327637
27.3656616211
23.9628162384
20.4695606232
23.1165542603
25.1359500885
22.2631549835
21.6502132416
19.086561203
19.3804836273
22.7337112427
21.3845005035
20.6153068542
25.8024406433
25.0494384766
20.5104084015
19.8898124695
19.1373538971
17.3345718384
15.2076778412
17.6559352875
16.8649082184
11.2060642242
13.3021841049
14.7693738937
11.9728651047
9.70848369598
13.9848985672
14.5629110336
18.2056999207
16.9351730347
13.2746429443
14.7011451721
14.265124321
10.7838354111
7.39006233215
5.80793190002
6.03060770035
7.77045297623
5.77862501144
7.38704204559
10.5931749344
11.1831502914
10.6248540878
13.3085403442
16.8130016327
15.8079404831
16.7968940735
19.0761051178
21.1261882782
24.284204483
24.9044914246
20.6398696899
22.060344696
26.1852245331
24.5227375031
26.7194824219
24.9276428223
27.1736469269
31.4265213013
31.0917778015
33.1599655151
49.8003044128
46.9386901855
45.1613883972
38.3948249817
38.8715248108
33.3023757935
34.0993003845
37.5277633667
39.4291419983
42.0260658264
41.5185546875
44.8126792908
45.8561058044
46.867893219
43.1829910278
42.2322120667
42.116985321
46.118434906
44.6075248718
47.8799057007
48.8005943298
50.8831558228
47.0347595215
45.2914733887
45.3222045898
44.6940574646
42.7274208069
40.5653572083
40.6705703735
37.33644104
41.2823562622
44.2502479553
42.4095916748
43.4115562439
38.5234947205
41.9267082214
38.2261657715
39.5735321045
41.7133750916
41.4907302856
40.2574195862
37.3899459839
34.7880935669
36.7846260071
36.1029853821
39.8824501038
39.3504066467
43.4251213074
46.1930885315
47.8346214294
52.4977264404
52.4531097412
51.0232505798
50.9501304626
52.3453826904
47.7658615112
47.0428924561
48.509929657
46.8073997498
43.1202964783
42.7280654907
43.6566009521
40.5471343994
37.583656311
38.5398597717
39.4099273682
35.1663894653
33.1332206726
35.2791290283
34.8508644104
30.1029262543
27.9960803986
23.0871715546
21.7901725769
20.8024997711
25.7432346344
28.4180450439
29.1072368622
34.5870780945
36.240562439
39.1059951782
42.4405937195
45.8318519592
46.7521209717
50.9917106628
50.9920692444
52.2802848816
49.0697212219
48.3355789185
44.4706573486
39.5947341919
38.8937911987
34.2704849243
29.8727264404
32.0846633911
28.555267334
29.3649024963
27.3342037201
27.9505996704
28.3120555878
23.5172023773
27.7781295776
28.7714805603
24.2577056885
23.3928451538
29.0539779663
21.7877178192
22.5605697632
19.5559711456
15.7089138031
13.1977853775
10.9440698624
15.3129425049
15.3349323273
10.8265314102
12.2327003479
16.5002880096
14.7133464813
12.676858902
16.5007972717
19.1245555878
16.877166748
17.7150726318
21.0083789825
21.3617515564
19.4134998322
24.8185577393
25.6858444214
23.8679332733
24.418838501
28.2611713409
30.1117248535
30.2967224121
30.4875564575
28.7623691559
32.6251411438
30.0100307465
25.2552814484
25.9604625702
25.3030548096
29.7963008881
28.5358982086
24.8747711182
26.4586429596
23.8380908966
24.6859092712
24.6158599854
25.4558334351
22.5306892395
20.1442546844
20.0052051544
19.7492141724
20.3122253418
20.167766571
23.4856834412
24.9656982422
28.8709411621
31.3694629669
31.109703064
35.5093383789
35.0066375732
34.8188018799
38.7243881226
39.6548614502
38.4230079651
39.7860336304
43.685256958
43.6252861023
42.3966026306
42.1039009094
41.5040626526
40.0015029907
37.5160598755
33.3490982056
34.2098922729
31.7602424622
28.6056842804
31.650844574
30.2625789642
32.712387085
32.9727973938
34.6420021057
35.8472633362
38.7081985474
39.7859916687
37.8824958801
35.7786483765
33.8432998657
30.1343994141
26.5686321259
25.6215286255
28.1553001404
25.4584217072
22.2765026093
26.1029758453
24.7933273315
19.2064208984
20.7894153595
23.7144641876
21.1770782471
17.6863002777
23.0550937653
23.607378006
18.9643802643
16.6025505066
22.6133499146
22.3027133942
25.7266960144
27.4263954163
30.3021240234
28.5808925629
29.7692661285
31.191904068
35.5802345276
34.8586082458
37.9818305969
37.166519165
40.3070335388
38.5277671814
34.1206665039
36.9655990601
39.0530128479
33.1291007996
31.9537372589
35.5104293823
35.4557762146
31.4480457306
30.4245681763
27.6088161469
25.7440624237
25.6314220428
21.975484848
20.9934444427
23.3756370544
19.7102088928
17.146812439
14.024315834
14.6498003006
11.9253435135
13.4111185074
19.0622386932
15.7509412766
14.7487096786
18.6837730408
20.4909420013
18.4710655212
20.8575401306
23.4406681061
24.737071991
30.7575759888
30.1710033417
28.2773628235
28.3175067902
25.3559055328
24.6098327637
19.5271091461
19.5583362579
19.0761089325
16.0589447021
15.2713975906
14.9139595032
12.6510305405
11.0874996185
11.8213806152
9.83145332336
6.8952870369
6.18923854828
6.71578979492
5.32056331635
6.29433870316
7.81112337112
10.7904415131
9.47385120392
9.01028347015
12.3019485474
14.3967370987
17.8107910156
18.9191589355
22.5116081238
25.8008422852
28.9891796112
29.5985889435
53.9708328247
50.7307128906
50.4965858459
43.8822631836
45.5220222473
40.7846069336
43.0316123962
46.4900245667
47.8968276978
49.3996391296
47.7544708252
50.186580658
49.9455566406
52.0880317688
49.1954727173
46.5724868774
46.557434082
49.2222290039
47.0902481079
50.0089950562
48.9112968445
51.9188842773
48.4298782349
45.3783416748
43.9658164978
42.1560211182
39.385559082
35.8536071777
35.4686164856
32.4884109497
36.6017494202
41.1458969116
38.7997779846
39.2548217773
35.2038383484
38.4449958801
35.3968772888
38.3139152527
41.0188941956
42.8768463135
41.4695396423
39.3572998047
35.0491371155
36.8755264282
35.4644165039
38.6116256714
38.1347885132
41.3334388733
44.7749404907
45.140209198
50.0597114563
49.0556106567
48.9208908081
49.4447135925
52.3328132629
47.7353630066
45.8505363464
48.5823287964
48.1370735168
43.5608177185
43.0529823303
46.0162124634
43.4145126343
38.9809989929
41.4760627747
43.577671051
39.2538337708
36.9154167175
40.3150444031
41.5049819946
36.0340805054
36.2495536804
30.9532184601
28.7602005005
26.5532188416
30.6785545349
31.2081012726
34.1718673706
38.232131958
39.3734970093
41.9691238403
44.8883247375
46.9835205078
48.3733062744
52.9103736877
51.1865577698
51.2962226868
47.4647598267
48.2807502747
44.0529708862
40.4211845398
40.2664108276
35.5222244263
31.965057373
31.5417728424
27.973323822
26.4455509186
23.4204120636
24.1475963593
23.3566246033
19.3441925049
20.5667705536
20.9638442993
17.4801082611
15.2324171066
18.347360611
10.506983757
11.7869377136
10.0841655731
8.01888084412
7.35265874863
11.7476348877
12.1847963333
11.3804740906
13.1967802048
16.1585617065
17.1106185913
17.7194652557
19.9038467407
21.4156455994
22.6109886169
23.5300998688
25.9880638123
27.685464859
27.5831546783
29.2277946472
33.2551460266
32.3887557983
32.5101509094
34.7262535095
37.2162055969
38.7631416321
35.876537323
35.2524719238
31.2582511902
34.8624000549
29.5402641296
26.1791992188
24.1088924408
21.7509937286
25.972234726
27.0710029602
23.7261276245
25.4229297638
21.9388313293
24.8862037659
22.664642334
20.8473320007
19.3246173859
18.3182373047
20.9944038391
18.2690982819
22.8290500641
22.1474494934
26.1910152435
27.645772934
29.5712394714
31.2353668213
33.4128913879
35.7549285889
35.2417449951
37.1103782654
39.8144340515
40.1377868652
40.4504165649
43.7871170044
45.4303855896
41.149433136
39.3835754395
38.396900177
36.5565109253
35.9908370972
34.7655639648
30.7909736633
30.7794361115
26.6732578278
25.5225658417
30.7394924164
30.9974021912
33.0357170105
35.1879920959
35.6193962097
34.7654762268
38.6604347229
41.492729187
39.8351173401
39.1040725708
36.7731590271
35.484085083
33.0008239746
31.6099014282
31.4436454773
29.2304725647
26.6472454071
26.7495346069
25.4535636902
21.8221549988
20.7042503357
21.2808322906
19.6700725555
16.8506507874
16.4787712097
18.1023006439
14.4261226654
11.2288961411
12.8721675873
11.7011499405
16.4754314423
16.262670517
21.8367977142
21.6731872559
23.5571479797
21.4092311859
25.4114818573
26.7605628967
30.4793739319
31.3879032135
34.9645462036
31.3379535675
28.8775615692
33.3620834351
34.3235549927
27.9822330475
29.2961921692
33.5816574097
32.6135787964
29.1631526947
26.9375801086
25.0560760498
20.1516799927
18.0617351532
14.4494810104
12.0741796494
9.66579246521
6.33320808411
9.56112575531
9.48143577576
13.4077377319
14.269949913
13.409535408
16.3786678314
18.0461044312
18.6316623688
18.0461883545
21.2944107056
23.2756328583
23.8775367737
22.857213974
27.8063335419
32.5594482422
34.2998847961
33.3810539246
34.9321327209
31.4239711761
29.4446525574
26.8937320709
29.190700531
26.7194805145
27.493768692
26.1741638184
22.9665164948
23.1445140839
24.3434467316
21.6440296173
17.9315071106
19.6801204681
19.1691150665
14.5552959442
15.0522022247
17.8107891083
13.5563993454
12.5442495346
10.9282932281
9.49596118927
9.37850761414
7.62235355377
4.30145454407
4.63240194321
6.5051984787
8.93821144104
13.4643325806
12.7690486908
51.0033607483
47.8148078918
48.7823562622
42.9292030334
45.3677062988
41.681854248
44.7826309204
47.9543762207
48.714389801
49.2666664124
46.8292770386
48.3585014343
47.1545562744
49.9572219849
47.9094276428
44.275718689
44.4730262756
45.8448028564
43.5871162415
46.0681495667
43.4781417847
47.2100753784
44.3343811035
40.441242218
38.3552780151
35.647895813
32.9565010071
28.8275623322
27.6533870697
25.2871379852
28.8276748657
33.9905281067
31.4224338531
31.4328079224
28.6006908417
31.4113006592
29.7517776489
33.378704071
36.466960907
39.4021644592
38.702671051
36.929851532
32.1463623047
33.0458068848
31.0665531158
33.1797218323
32.6694831848
34.7978744507
38.3766288757
37.7887382507
42.4939193726
40.9306106567
41.7690200806
42.8013038635
46.5337867737
42.453578949
39.7125740051
43.0049362183
43.6483612061
38.9090538025
38.1472969055
42.343334198
40.5158538818
35.4269981384
38.6974754333
41.5134468079
37.7533073425
35.4272232056
39.2542419434
41.5288925171
36.3394737244
38.1852035522
33.5588264465
31.4237251282
28.7916736603
31.2575721741
30.0896816254
34.2108764648
36.4890899658
37.2612762451
39.162197113
41.3933601379
42.339225769
43.8784484863
48.3054237366
45.4742736816
44.6880989075
40.7167701721
42.5630950928
38.5437507629
36.2003288269
36.6133499146
32.4440498352
30.3737487793
28.252986908
25.3185558319
22.7274417877
19.6353626251
19.8931713104
18.2282142639
16.8507766724
14.8000097275
14.085849762
13.8544120789
11.5910234451
9.86123657227
12.8395023346
11.0526046753
11.9058465958
14.4967489243
16.1948184967
19.9073734283
16.923822403
15.8199005127
20.5104904175
22.1864318848
19.9550285339
22.0590667725
25.6287956238
24.9659576416
24.7581558228
27.6410808563
30.1531658173
30.3671302795
30.2777633667
33.8436126709
35.9243431091
34.215461731
36.1507072449
38.7018241882
39.8093414307
41.3012962341
36.3702583313
35.7464637756
30.4910430908
33.7295074463
27.1361236572
25.7995033264
22.0690479279
18.9358291626
21.5134525299
23.9542198181
21.8045291901
22.9530792236
20.3424758911
24.1353855133
21.4621009827
18.4377384186
19.3458137512
20.5787143707
23.2956466675
19.609331131
24.4021129608
23.3212509155
26.4216403961
27.4120426178
27.2409286499
27.9901313782
31.6189727783
32.1642608643
32.1336975098
35.0463371277
36.217212677
36.3348655701
38.0771560669
42.0602073669
41.9412727356
35.4430809021
33.9041595459
33.0942001343
30.2427921295
29.9115257263
30.4315624237
27.2465648651
27.4278736115
23.0551681519
23.0607242584
29.3119506836
31.220872879
33.3411369324
35.9186820984
34.8551521301
33.1920700073
37.5989532471
40.9319458008
38.8987693787
39.4258041382
36.4751472473
37.2369689941
35.6517906189
34.9072761536
32.5101013184
30.5845031738
29.7527351379
28.133184433
26.0102462769
24.6806545258
23.0568675995
21.4646530151
20.2661361694
20.1296081543
16.4747886658
16.4167633057
15.7051677704
15.5300292969
11.5491380692
9.63495826721
11.4614400864
10.6265916824
16.1680259705
18.1176548004
21.2408657074
17.0067176819
19.6316184998
22.5441799164
24.998840332
26.4193782806
30.7395477295
26.9311523438
26.0450992584
30.8855724335
31.7867298126
27.023765564
29.0728549957
33.312461853
32.881816864
30.6622047424
27.799829483
26.8499622345
20.7409687042
19.7864704132
18.2101364136
14.9434871674
10.8635559082
13.332783699
16.8011569977
19.048084259
22.6094684601
24.031867981
21.1705760956
22.0603618622
26.3559818268
25.3315544128
22.5451889038
26.4865684509
29.5548648834
27.9229640961
25.5183467865
32.1578674316
35.0250244141
37.7327880859
36.7101287842
39.3566131592
36.6530570984
33.2417526245
32.4611473083
34.8848075867
31.0917739868
34.0559501648
33.4420700073
29.0725135803
29.8606128693
32.8663368225
30.1033973694
25.562877655
28.5536708832
29.9893512726
24.7016506195
24.9921779633
28.9891796112
25.7285804749
25.3441925049
23.9274044037
21.2449703217
20.9814300537
20.4231624603
16.8313865662
13.4643297195
10.7416954041
7.94717788696
6.23083305359
3.86838030815
