65.1633987427
85.6948013306
102.862693787
75.2540969849
89.8195953369
80.3781051636
37.2910194397
40.3074531555
39.772605896
32.9403495789
34.0707130432
30.7030982971
28.9629611969
25.2049713135
29.0380210876
26.3202400208
23.160785675
24.449344635
24.1975688934
23.2044906616
24.9634609222
27.5680065155
33.8016777039
36.8674545288
37.6565475464
34.6731109619
31.8180007935
35.2744560242
24.4705600739
27.9628505707
21.7395935059
23.6455478668
33.3547401428
27.5972938538
27.7581615448
26.4674606323
33.1957550049
29.0212860107
32.3998641968
28.2520980835
30.2450485229
29.9989624023
19.2658920288
17.0392112732
20.8619651794
19.0910873413
23.0814819336
25.2631072998
26.8049983978
29.4598922729
32.7495727539
32.0872192383
35.4002418518
31.9417648315
36.1229629517
35.0579605103
29.1810874939
31.3166637421
35.9276618958
33.0617370605
30.3143196106
32.9015007019
34.3389701843
30.6329517365
30.4823074341
34.7023429871
33.0603141785
34.1012229919
35.2841453552
34.7337913513
33.9029426575
31.7747325897
27.4499492645
27.8826522827
26.6074142456
24.7944755554
23.9418067932
24.478521347
22.2651576996
26.458820343
27.1905231476
24.2881946564
26.1348896027
23.5976905823
25.1167564392
19.3165779114
22.1420860291
20.8275413513
22.4998073578
25.182723999
21.9600391388
25.1311283112
25.532579422
28.1905002594
25.9408969879
27.3101768494
31.2130661011
31.1307239532
29.0796070099
31.4597091675
33.8730316162
32.953792572
31.3899497986
34.710269928
37.5249557495
39.0591316223
41.6920013428
37.6792869568
37.5340538025
41.2363357544
42.6342887878
42.2726898193
38.7594871521
39.1505622864
41.9076881409
38.1789894104
36.2726249695
38.6239852905
39.9249572754
36.1588783264
35.7335472107
39.2943267822
38.5399742126
36.0342826843
37.2233848572
41.453704834
37.6058883667
36.6277961731
41.869342804
42.2033348083
39.4748382568
41.0364494324
35.4453582764
37.0558624268
32.9157981873
34.283706665
31.6555099487
34.1554527283
32.4321937561
31.4939174652
30.0602321625
28.8742752075
29.9562015533
27.2577705383
28.9764823914
29.6553916931
31.0654506683
34.6394958496
34.9080848694
32.0708618164
32.4025611877
30.0636367798
31.0680961609
28.1942596436
26.881313324
30.2221183777
31.1211280823
27.8727550507
31.422712326
33.4883918762
28.9898643494
29.1297988892
32.9682312012
32.2339782715
34.5664710999
36.4455947876
38.8273582458
39.3185920715
41.9949798584
40.4730949402
43.3101844788
42.060295105
39.50989151
35.0968017578
37.7650413513
35.0892753601
38.6553649902
38.7788276672
35.8175544739
39.1719360352
41.8422813416
44.6646652222
44.6936607361
41.6833229065
42.2625236511
45.2954902649
46.3756141663
40.568031311
43.0436248779
38.9781112671
41.2372245789
40.9838638306
44.0663909912
40.3553504944
38.0993652344
41.5421104431
42.2891540527
37.9947891235
39.0668334961
40.3094406128
38.5998268127
36.1628570557
39.7955474854
40.1394577026
35.7884750366
37.1598091125
40.0866012573
38.9115486145
37.7569160461
35.0937347412
37.750869751
36.7857971191
38.2314147949
41.7298316956
41.661403656
42.8919143677
43.3417129517
42.9056816101
39.9356040955
43.6863212585
45.581161499
43.6901054382
46.5358963013
49.4420547485
47.975353241
46.6554412842
50.745639801
52.6152648926
51.7404594421
47.7727241516
47.3637390137
43.9886131287
47.0347099304
47.6927986145
44.2006568909
45.333316803
45.5869445801
45.4228668213
46.5585746765
50.8865966797
49.9389457703
45.094871521
47.1288719177
49.6129837036
45.8832015991
43.9935112
48.2211799622
47.2795753479
44.2498092651
44.2801055908
48.8437080383
49.1280632019
50.2306785583
47.4077301025
50.2093315125
51.0399703979
46.1367645264
46.4859313965
45.5920066833
41.2218551636
44.9761657715
47.6718215942
43.7839660645
42.7928276062
47.3669166565
46.6413078308
43.2827682495
44.4774665833
48.4525794983
46.6017112732
43.7963638306
48.0868759155
50.391204834
57.1689224243
77.8494110107
94.4738769531
65.6908721924
84.1590576172
69.5415039062
39.0059623718
43.1025695801
42.2831687927
34.8496856689
36.5647964478
33.6558876038
32.7273216248
27.9197998047
33.3980255127
30.5543785095
27.1782054901
28.553812027
24.9634513855
24.7887687683
19.1848773956
20.2150363922
25.0419120789
27.7374973297
29.5409660339
27.0291290283
26.0890693665
29.4306297302
17.7669048309
21.9758167267
18.5811901093
22.1596240997
33.7853775024
30.3295078278
31.5106773376
30.7271671295
37.4533348083
32.6827507019
34.6945533752
30.0060462952
30.5758609772
30.500289917
18.9292240143
17.4620456696
17.9903278351
16.9033908844
20.4402961731
20.082490921
23.4677238464
26.3245544434
29.8124446869
30.0782470703
34.3220443726
32.2205238342
36.5091171265
33.800113678
28.7594966888
32.2419052124
36.0188674927
31.8661270142
30.4636726379
33.5775413513
33.9869651794
29.8176727295
31.7740802765
35.4989051819
32.429649353
34.6977462769
34.1587600708
33.7708892822
31.7237453461
29.9075775146
25.6827163696
28.406496048
27.1819114685
26.8675346375
26.1086215973
26.6014308929
25.0612316132
28.6220970154
30.7633609772
26.5009651184
26.5217857361
22.8485183716
25.2221279144
20.8688297272
21.8032894135
22.6627845764
22.2700119019
24.7975540161
20.57081604
22.5407066345
22.7004871368
24.0092449188
20.3666343689
20.2587013245
24.9187259674
23.2132396698
20.9521560669
25.4592876434
27.0178260803
24.5345134735
23.8275966644
28.2362365723
31.8535366058
32.4924507141
36.4472427368
32.9883728027
32.1945762634
36.4197006226
37.7087898254
38.1645736694
34.3031196594
33.8332099915
37.5624275208
34.8540992737
31.5932769775
34.1617393494
36.430316925
32.9459953308
31.5362186432
35.7197952271
35.9638175964
33.2803916931
33.6730728149
38.9961776733
36.2335777283
34.0710983276
39.0484428406
40.8297996521
38.3276824951
38.7811775208
33.0758514404
33.4049911499
28.5566253662
28.8236274719
25.8138065338
28.5333404541
25.8711490631
24.6140651703
22.5310516357
23.0278701782
24.5219898224
22.7301044464
24.5824337006
26.5110778809
29.147518158
32.2202911377
31.1137638092
29.3767204285
28.6583919525
27.4745578766
27.4361495972
24.2773246765
22.705657959
27.5971221924
27.7660369873
24.0951309204
27.0274066925
30.4089317322
26.7227725983
25.2804374695
28.7283477783
26.917011261
27.9369544983
30.9303321838
33.3950958252
32.2768859863
34.6277885437
32.4002456665
35.3074951172
34.4190368652
31.9481258392
27.131275177
30.2320365906
27.3119983673
30.4237823486
30.3920955658
28.1720695496
32.0716362
35.2860069275
37.9387130737
38.6845932007
35.4007034302
35.0694961548
38.6054496765
40.4013290405
34.5072212219
37.8315544128
33.6373023987
36.7293281555
37.0776405334
39.4813079834
34.9880981445
33.2267341614
36.4680023193
35.8790092468
31.8487472534
33.7798423767
34.0850944519
31.6088104248
29.890171051
33.8227233887
32.688331604
28.4550914764
30.8730869293
33.4261817932
31.4429836273
30.872045517
27.0618648529
29.3874778748
27.9019584656
29.7838764191
33.4833221436
32.8155326843
33.5726737976
34.3153419495
33.4480781555
30.8314113617
34.655960083
36.6021347046
35.3827209473
38.9143600464
41.3623580933
39.8441810608
39.1802177429
43.3939437866
45.0434417725
44.701625824
39.9758453369
40.2615394592
36.4466018677
39.5969009399
41.0929946899
37.2575263977
38.3967857361
39.3915710449
39.3255348206
41.0822372437
45.4960975647
45.0702133179
39.6979141235
40.8842201233
44.3735389709
40.8237533569
37.8795433044
41.9541778564
41.8454589844
38.6284446716
37.7385864258
43.0617790222
42.6800994873
44.8468551636
42.2602996826
45.5997581482
46.0592346191
40.9126739502
42.0212669373
41.9325027466
37.3857498169
42.0318450928
44.1827354431
39.7377471924
39.8873138428
44.5629348755
42.9975585938
39.1827888489
41.7452201843
45.3506240845
42.7073974609
40.6768035889
45.5379562378
47.1506996155
57.9704055786
77.556312561
93.8777999878
67.6326599121
84.2902755737
71.5777053833
40.0788612366
44.2168159485
42.6628837585
35.6247520447
37.9817504883
35.064453125
35.1864242554
31.0722064972
35.8887825012
32.5186271667
28.8673534393
30.4037647247
27.5680122375
26.6204967499
20.9373817444
20.2150382996
26.5610351562
29.7293243408
31.8894176483
29.5945911407
28.0690612793
31.870765686
21.8511295319
23.0380706787
21.4350452423
22.4474983215
34.0587730408
31.0433998108
31.9155845642
32.3977088928
38.0139846802
32.9114151001
34.9124183655
29.8301773071
29.8717918396
30.1134338379
18.5106697083
18.7456474304
19.5697021484
20.4034576416
23.5263900757
24.1441745758
28.1450500488
29.9412307739
33.4177131653
32.8090400696
37.0485496521
34.9058380127
38.7368659973
35.8302993774
30.7463378906
33.9312591553
37.3918533325
32.8609275818
31.3027648926
34.1189651489
34.2026405334
29.9754676819
31.6714115143
35.1238212585
31.6687221527
33.6572341919
32.4900894165
31.8302364349
29.7605934143
28.4428386688
24.2935256958
27.4126091003
27.0495166779
26.6144618988
26.8073730469
28.0989265442
27.4396533966
31.2854328156
33.9275054932
30.4283046722
30.477191925
26.8730201721
28.1956501007
23.8372554779
23.0325946808
23.2752456665
21.7157478333
23.296295166
18.8421516418
20.4000549316
20.5444736481
21.8668861389
18.2887229919
18.8515625
23.2644958496
22.4045963287
20.099237442
23.6276283264
25.5491523743
24.0725746155
22.8972797394
26.743396759
30.2197742462
31.0864830017
34.6760177612
30.967414856
30.2172756195
34.3062591553
35.6195487976
35.8742599487
32.0768203735
31.8712501526
35.4097480774
32.5183944702
29.5166149139
32.2192459106
34.3159294128
30.7901210785
29.7934837341
33.9663887024
34.1407012939
31.7201557159
32.4432373047
37.4755401611
35.0016555786
33.1700782776
38.0628318787
39.7341079712
37.6023826599
38.4950485229
32.8476028442
33.4567146301
28.2660427094
29.5733127594
26.154302597
27.9207210541
25.2374725342
23.6220054626
22.4460334778
22.3781089783
22.980796814
20.8302669525
22.3390388489
24.1550750732
26.8905258179
29.8393936157
28.7872333527
27.0371818542
26.5049972534
25.5125045776
25.9998493195
23.2758598328
22.5262508392
27.1524085999
28.2754840851
25.1341819763
28.4401893616
31.465587616
28.4535446167
27.9098434448
31.6669235229
30.2165260315
31.132270813
33.7053985596
36.447101593
35.6455688477
38.1890068054
35.841709137
38.1571578979
36.960193634
34.2522583008
29.6895561218
31.8680438995
28.4445476532
31.6135997772
31.0123691559
28.3450393677
32.6699485779
35.6091079712
38.3425369263
39.1058921814
36.2029266357
36.1679039001
39.7854537964
41.4734230042
36.0586013794
38.87474823
34.3848838806
36.760559082
36.6126976013
38.9687156677
34.915145874
32.8067436218
35.6880264282
35.6061058044
31.3404159546
32.5728645325
33.1597747803
31.0372600555
28.7776527405
32.4683761597
31.948846817
27.6216602325
29.3587741852
32.0527076721
30.4636497498
29.5042114258
26.3581409454
29.0238246918
28.118478775
29.9075679779
33.6839828491
33.1049308777
34.417930603
35.1234588623
34.9206237793
32.3506698608
36.2952537537
37.7995071411
36.1794967651
39.7665710449
42.1955795288
40.3074188232
39.4098815918
43.8460578918
45.3140449524
44.4774932861
39.9252624512
39.9153251648
36.0017242432
38.9045066833
39.845539093
36.1275444031
37.205116272
37.8222160339
37.7706832886
39.2980232239
43.7801818848
43.2256660461
38.0237541199
39.6509246826
42.8375396729
39.3240890503
36.7254257202
41.0073127747
40.7734298706
37.7236595154
37.1048164368
42.3920822144
42.7236747742
44.5286407471
41.9789009094
45.0307159424
45.3162612915
40.3161659241
40.8699150085
40.6796226501
36.1619033813
40.4648475647
42.6479148865
38.1553840637
37.9705848694
42.5617828369
41.0312156677
37.2339630127
39.5327186584
43.1151618958
40.5616035461
38.3054428101
43.1288719177
44.7779693604
54.9120559692
70.7877120972
83.6029663086
60.8153076172
78.4218444824
62.7643318176
46.611782074
51.2229042053
50.2489395142
43.098487854
44.9442481995
42.84034729
43.044883728
38.3608856201
43.9823188782
41.7410469055
38.3594398499
40.1784973145
36.8674583435
37.185005188
32.3845748901
27.7374954224
29.7293167114
30.8544387817
31.0626239777
29.4056739807
29.6913661957
33.2710456848
26.2511367798
29.5664482117
30.2547092438
33.9025878906
42.5503807068
40.9371643066
42.2553787231
42.5379867554
47.9199905396
44.0226554871
45.095916748
40.4890518188
40.3471069336
39.578453064
29.7244377136
28.8152561188
26.0840530396
26.8022956848
28.2404232025
26.687417984
31.3793315887
32.8144645691
35.9891471863
36.3501472473
40.903011322
40.0365180969
43.8627624512
39.9530677795
36.12134552
40.2070884705
42.908618927
38.0165863037
37.8901367188
41.1135101318
40.6344299316
36.6101303101
40.1994094849
43.1525382996
39.3387947083
42.6240921021
41.0868644714
41.2739028931
38.4970741272
36.650138855
33.3286857605
37.2332992554
35.7126235962
36.9286727905
35.9116821289
36.1903038025
35.5435714722
38.2731132507
41.6501274109
37.29870224
35.9425125122
32.1232910156
33.961681366
31.6145954132
30.5168304443
33.0290107727
31.636554718
34.2497329712
31.6846523285
31.8537540436
33.0568199158
33.2819328308
28.5477848053
26.5908908844
30.4982089996
27.9354248047
27.1995601654
32.4501724243
32.4469184875
29.5138721466
30.9164028168
34.7362861633
38.5342025757
37.6301231384
42.3959617615
40.0003356934
38.2692604065
41.9765930176
42.5449714661
43.6854667664
40.2097244263
38.7388191223
42.3990135193
41.1613349915
37.1399154663
38.9464149475
41.718875885
39.0912513733
36.5559310913
40.5094261169
41.5543708801
38.8271636963
38.278503418
44.0106430054
42.2888221741
39.1972198486
43.4282493591
46.3172683716
44.09217453
43.4318084717
38.2169799805
37.4261894226
32.7803955078
32.0239372253
29.2194156647
32.0841026306
29.4349479675
28.8011379242
26.0414638519
27.518951416
29.9379501343
29.7491970062
32.3402290344
35.139591217
38.6921730042
40.7186431885
38.4413909912
37.2116737366
35.2609443665
34.7939987183
33.1780090332
30.0839519501
28.195608139
33.4093399048
32.688621521
29.3189735413
31.2861499786
35.228225708
32.8188858032
30.7157344818
33.5564002991
31.4407615662
31.3856868744
34.4951896667
36.9762001038
35.1378631592
37.2107505798
34.7494049072
36.9308700562
36.1488113403
33.8625793457
29.5406551361
32.127243042
29.3854560852
31.9626121521
32.0611228943
30.5047512054
33.8984985352
37.060634613
39.3095741272
40.4323234558
37.313041687
36.5072975159
39.9839439392
42.0742683411
36.78881073
40.2797622681
36.3635864258
39.7500534058
40.6187705994
42.2820625305
37.60987854
36.4954948425
39.369884491
37.8322944641
34.5718765259
37.2252845764
36.7793922424
34.1047325134
33.4168968201
37.162940979
35.2532997131
31.8043346405
35.014377594
36.9707832336
34.8473930359
35.454284668
31.0013771057
32.4573783875
30.5199604034
31.8923034668
34.9473152161
34.4810447693
34.7782058716
35.3035430908
34.376247406
32.1394119263
35.4288444519
37.1133995056
36.2825126648
39.6704978943
41.5739479065
40.2680473328
40.0211677551
43.7740325928
45.096031189
45.1946372986
40.6948471069
41.3567008972
38.0231170654
41.0149307251
43.159236908
39.7322616577
41.1532211304
42.5215377808
42.2561416626
44.2553710938
47.8821678162
47.9377326965
42.8343315125
42.955909729
46.7444114685
43.722492218
40.3306350708
43.5746994019
44.0340538025
40.9982566833
39.5880317688
44.6827545166
43.7423095703
46.4718551636
44.3094673157
47.7837791443
47.952419281
43.1399230957
44.8933372498
45.4765586853
41.3039016724
46.3358879089
47.8014793396
43.4972457886
44.8138809204
49.1012535095
47.0431213379
43.4363517761
46.9915046692
49.8899116516
46.9438018799
46.2137641907
50.8480567932
51.6767349243
57.2874221802
75.4570007324
92.1611175537
66.7259216309
84.051940918
70.1984863281
38.8016700745
45.238658905
44.4443817139
36.1238174438
38.4880027771
37.8724250793
38.0402984619
33.2677383423
40.4703598022
37.8053398132
34.8447494507
38.172454834
34.6731109619
36.4123764038
31.8118495941
27.0291309357
29.5945835114
30.7465839386
29.4056739807
26.6721115112
20.0486736298
28.814453125
22.8561172485
28.0550174713
28.0889892578
32.9130249023
41.7702102661
39.5204772949
38.4673271179
39.8019065857
44.4927635193
40.2831001282
43.2560958862
37.8791160583
38.9965744019
37.6002082825
25.9300308228
24.7214927673
20.1086769104
20.994096756
19.7170753479
16.8257026672
21.9546775818
21.5348014832
24.318397522
24.8132171631
29.4979515076
29.7454738617
33.1385955811
28.4402637482
26.0465450287
30.4875850677
32.2699775696
27.3554878235
28.5172405243
31.7823200226
30.9331970215
27.5306148529
32.3679504395
34.7020149231
31.1647453308
35.3022613525
34.276348114
35.3446540833
32.5666275024
29.8306732178
27.4757862091
31.1226406097
28.5947875977
31.1085395813
29.1988716125
28.6633396149
28.5307426453
29.9517326355
34.2123565674
30.0402908325
27.3862228394
23.9026794434
25.1608943939
25.366153717
23.498544693
27.4337882996
26.417760849
29.6776065826
29.0130805969
28.5736083984
30.9727706909
31.3652648926
26.0694484711
23.5040473938
26.4088172913
23.8700714111
24.7464618683
29.9242954254
29.1273899078
26.4011058807
29.3513374329
32.7264671326
36.890083313
35.1443481445
40.6032180786
37.9220619202
35.4748497009
38.8331184387
38.6811637878
39.8117485046
36.504234314
34.4497108459
37.4053649902
36.6320915222
32.4426345825
33.0848693848
35.8294372559
33.6658401489
30.068151474
33.3909187317
34.5359573364
31.410987854
29.9659156799
35.8753814697
34.0799331665
30.2329902649
34.0608329773
37.3152084351
34.749584198
32.948890686
28.2713451385
26.5726051331
23.2423725128
20.3120632172
18.9908027649
23.4530220032
21.9871292114
23.0506324768
19.0915756226
20.639831543
24.5918197632
25.5676460266
29.1507587433
32.1714096069
36.1318473816
37.8698348999
35.3133239746
33.2675323486
30.5348911285
29.6697673798
26.4766731262
23.3169803619
20.6088066101
24.8858356476
22.2258529663
19.254114151
19.2479610443
23.6888790131
22.0449790955
18.8358955383
20.7366447449
18.3807048798
17.9853401184
21.1000080109
23.9074745178
22.5168991089
25.3445682526
23.090045929
25.2564201355
23.8966026306
21.237663269
16.6555633545
19.9101161957
18.2933044434
21.4916133881
23.3695526123
21.736246109
23.0793495178
26.3200740814
28.6630840302
29.2005023956
25.5358715057
25.0270347595
28.1825828552
30.0390758514
23.9790439606
27.8917312622
24.3111133575
28.6216869354
30.3313350677
32.0856132507
26.9447460175
26.5452480316
30.0844020844
28.342092514
25.5612564087
29.4205951691
28.9609565735
26.2950801849
26.5753326416
30.596944809
29.1567955017
25.8363933563
29.8935489655
32.0891036987
30.2568531036
31.9798793793
26.6889286041
27.7203464508
24.74792099
24.9088058472
27.2824344635
28.5639457703
28.6359977722
28.0864830017
26.6962547302
22.9826145172
26.2035427094
28.8777179718
27.1025333405
29.4310283661
32.3789291382
31.9198951721
30.8293399811
34.2053222656
36.4538040161
36.768157959
33.1047515869
33.1907310486
30.9675540924
35.1736755371
37.8588104248
34.5061073303
37.2669258118
38.260093689
37.1921310425
39.0495109558
42.1434364319
41.8420753479
36.7118988037
36.4334487915
39.7802810669
36.3993759155
33.1373519897
35.9564971924
35.676322937
32.3581085205
31.2645130157
35.586063385
33.7376594543
36.2892112732
33.8689994812
37.6417617798
38.394657135
33.4086952209
36.0291671753
36.5625534058
32.6368408203
38.0836143494
39.4820365906
35.7268333435
37.7429161072
41.9865455627
40.2187461853
37.0471153259
40.8629150391
43.8109321594
41.1854476929
41.2477531433
45.4609413147
46.5062179565
61.040222168
79.6798095703
98.0297393799
72.3569641113
89.479598999
76.0473251343
33.0691871643
40.3010444641
39.1336212158
30.3815059662
33.2850227356
33.2988853455
33.7744026184
29.3544578552
36.8924598694
33.7015151978
30.95129776
35.1424407959
31.8180007935
34.12550354
29.9748821259
26.0890693665
28.0690574646
30.1769313812
29.691362381
27.4457778931
20.0486698151
27.125421524
21.1080379486
25.7693004608
25.5125427246
30.4410800934
39.424282074
36.3832321167
33.7281036377
36.0677185059
40.0412254333
35.573261261
39.9061737061
33.9856948853
35.8302192688
34.1493988037
21.1458415985
20.0836143494
15.1480817795
16.8366928101
14.6870517731
14.3602809906
19.1215801239
17.5819683075
20.5681171417
19.6716079712
24.3011436462
24.0865764618
27.2425289154
22.727388382
19.839176178
24.0952339172
25.9248352051
20.9459724426
21.8582859039
25.0839366913
24.358663559
20.9571971893
25.7857723236
28.1064472198
24.8931541443
29.0443439484
28.7407779694
30.0448932648
27.6741352081
24.3505764008
22.0635929108
25.1355743408
22.2422008514
25.0934734344
22.9864845276
22.4481658936
22.8788509369
24.2001113892
28.9252719879
25.4526786804
22.8480300903
19.5661449432
19.7009716034
20.3797302246
17.5337848663
21.7202224731
20.8754940033
24.4648456573
24.8904590607
24.4354667664
27.5573005676
28.5835056305
23.285779953
21.4305076599
24.1115341187
22.8559055328
23.8111763
27.9924354553
27.7543449402
26.2520427704
28.654209137
31.609998703
35.7152481079
34.4003829956
39.4595565796
36.0360946655
33.6519699097
36.861000061
36.6246376038
37.2110671997
33.9223175049
32.2481880188
34.536190033
33.0983352661
29.4514045715
29.7821121216
32.0088577271
29.5989742279
26.1677322388
29.1904945374
29.7484817505
26.4071903229
25.2540912628
30.8647727966
28.3146839142
24.7137985229
28.9943847656
31.5866622925
28.7113990784
27.3232116699
22.3461894989
21.3928184509
18.2909584045
16.3938503265
15.0936393738
19.9770336151
19.4241943359
20.9056758881
17.4661331177
17.0378494263
21.2231636047
21.8089065552
25.9296722412
28.6291103363
32.50806427
34.4305877686
32.3309020996
29.2856006622
26.7037372589
25.0394382477
21.7434177399
18.3805904388
15.3225822449
18.9545497894
16.1646099091
13.0758304596
13.8223638535
17.8651695251
15.8438091278
13.9035139084
17.0687828064
16.0179748535
17.3511638641
18.8562755585
21.9948730469
22.5300102234
25.7911987305
24.2245197296
26.0460186005
24.1586589813
21.2956924438
17.5474376678
19.5385551453
17.8238372803
21.770406723
23.5888366699
20.7505321503
21.7347316742
24.434053421
27.1619644165
26.8912982941
23.4010276794
24.1164970398
26.8348579407
27.924451828
21.8035259247
24.7663650513
20.878118515
24.5066928864
25.7844810486
28.3334922791
23.5924606323
22.5687065125
26.695608139
26.3339099884
22.9506721497
26.2970962524
26.7823486328
24.7757492065
24.226890564
28.3671150208
28.4355354309
24.5996551514
28.0033664703
30.8369197845
29.6671848297
31.0338878632
26.2436904907
27.8535728455
25.2952136993
25.0742645264
27.4567527771
29.4960021973
30.1975746155
29.3280010223
28.4941368103
24.3822536469
27.6322994232
30.1915149689
27.506729126
29.1360645294
32.7218055725
32.278301239
30.3201770782
33.7248268127
36.3339996338
36.0606689453
33.1193122864
32.3676452637
30.5291423798
35.0202560425
37.0833778381
33.7888565063
36.9635467529
37.2489624023
35.865776062
37.2597389221
40.4082489014
39.5318527222
34.510509491
35.014465332
37.5251655579
33.687297821
31.2418251038
34.4068183899
33.1587028503
29.7739982605
29.6344966888
33.3723564148
32.1536903381
33.6421089172
30.8256511688
34.2852783203
35.4788894653
30.4413890839
32.5341186523
32.3849411011
28.3481025696
33.5409011841
35.436580658
31.9840698242
33.3890571594
37.7996520996
36.6192092896
33.6861839294
36.7979850769
40.1845932007
38.0813217163
37.7686347961
41.7265625
43.373085022
61.040222168
79.6798095703
98.0297393799
72.3569641113
89.479598999
76.0473251343
33.0691871643
40.3010444641
39.1336212158
30.3815059662
33.2850227356
33.2988853455
33.7744026184
29.3544578552
36.8924598694
33.7015151978
30.95129776
35.1424407959
31.8180007935
34.12550354
29.9748821259
26.0890693665
28.0690574646
30.1769313812
29.691362381
27.4457778931
20.0486698151
27.125421524
21.1080379486
25.7693004608
25.5125427246
30.4410800934
39.424282074
36.3832321167
33.7281036377
36.0677185059
40.0412254333
35.573261261
39.9061737061
33.9856948853
35.8302192688
34.1493988037
21.1458415985
20.0836143494
15.1480817795
16.8366928101
14.6870517731
14.3602809906
19.1215801239
17.5819683075
20.5681171417
19.6716079712
24.3011436462
24.0865764618
27.2425289154
22.727388382
19.839176178
24.0952339172
25.9248352051
20.9459724426
21.8582859039
25.0839366913
24.358663559
20.9571971893
25.7857723236
28.1064472198
24.8931541443
29.0443439484
28.7407779694
30.0448932648
27.6741352081
24.3505764008
22.0635929108
25.1355743408
22.2422008514
25.0934734344
22.9864845276
22.4481658936
22.8788509369
24.2001113892
28.9252719879
25.4526786804
22.8480300903
19.5661449432
19.7009716034
20.3797302246
17.5337848663
21.7202224731
20.8754940033
24.4648456573
24.8904590607
24.4354667664
27.5573005676
28.5835056305
23.285779953
21.4305076599
24.1115341187
22.8559055328
23.8111763
27.9924354553
27.7543449402
26.2520427704
28.654209137
31.609998703
35.7152481079
34.4003829956
39.4595565796
36.0360946655
33.6519699097
36.861000061
36.6246376038
37.2110671997
33.9223175049
32.2481880188
34.536190033
33.0983352661
29.4514045715
29.7821121216
32.0088577271
29.5989742279
26.1677322388
29.1904945374
29.7484817505
26.4071903229
25.2540912628
30.8647727966
28.3146839142
24.7137985229
28.9943847656
31.5866622925
28.7113990784
27.3232116699
22.3461894989
21.3928184509
18.2909584045
16.3938503265
15.0936393738
19.9770336151
19.4241943359
20.9056758881
17.4661331177
17.0378494263
21.2231636047
21.8089065552
25.9296722412
28.6291103363
32.50806427
34.4305877686
32.3309020996
29.2856006622
26.7037372589
25.0394382477
21.7434177399
18.3805904388
15.3225822449
18.9545497894
16.1646099091
13.0758304596
13.8223638535
17.8651695251
15.8438091278
13.9035139084
17.0687828064
16.0179748535
17.3511638641
18.8562755585
21.9948730469
22.5300102234
25.7911987305
24.2245197296
26.0460186005
24.1586589813
21.2956924438
17.5474376678
19.5385551453
17.8238372803
21.770406723
23.5888366699
20.7505321503
21.7347316742
24.434053421
27.1619644165
26.8912982941
23.4010276794
24.1164970398
26.8348579407
27.924451828
21.8035259247
24.7663650513
20.878118515
24.5066928864
25.7844810486
28.3334922791
23.5924606323
22.5687065125
26.695608139
26.3339099884
22.9506721497
26.2970962524
26.7823486328
24.7757492065
24.226890564
28.3671150208
28.4355354309
24.5996551514
28.0033664703
30.8369197845
29.6671848297
31.0338878632
26.2436904907
27.8535728455
25.2952136993
25.0742645264
27.4567527771
29.4960021973
30.1975746155
29.3280010223
28.4941368103
24.3822536469
27.6322994232
30.1915149689
27.506729126
29.1360645294
32.7218055725
32.278301239
30.3201770782
33.7248268127
36.3339996338
36.0606689453
33.1193122864
32.3676452637
30.5291423798
35.0202560425
37.0833778381
33.7888565063
36.9635467529
37.2489624023
35.865776062
37.2597389221
40.4082489014
39.5318527222
34.510509491
35.014465332
37.5251655579
33.687297821
31.2418251038
34.4068183899
33.1587028503
29.7739982605
29.6344966888
33.3723564148
32.1536903381
33.6421089172
30.8256511688
34.2852783203
35.4788894653
30.4413890839
32.5341186523
32.3849411011
28.3481025696
33.5409011841
35.436580658
31.9840698242
33.3890571594
37.7996520996
36.6192092896
33.6861839294
36.7979850769
40.1845932007
38.0813217163
37.7686347961
41.7265625
43.373085022
57.1458358765
79.5425872803
97.5576400757
67.9829864502
86.4453964233
72.783203125
34.6945228577
39.8250198364
39.2153358459
30.9626693726
32.773853302
30.7213840485
29.7396774292
24.562204361
31.5687770844
28.5910587311
25.5696964264
28.4792995453
24.4705619812
26.3642749786
21.8170223236
17.7669029236
21.8511333466
24.9010772705
26.2511348724
26.5745849609
22.8561229706
21.1080436707
25.102432251
20.4159622192
17.6344871521
23.4554767609
34.215057373
30.5417976379
29.9946155548
30.1505393982
36.2306938171
31.4984989166
34.9506530762
29.6498680115
31.066860199
29.9802284241
17.1182136536
14.7485017776
13.2266788483
11.5742149353
14.3188381195
13.9834594727
17.5783863068
20.0600337982
23.6199054718
23.912065506
28.2418289185
26.3773708344
30.7178134918
27.8377685547
22.9847316742
26.8071079254
30.453245163
26.3997039795
25.3601951599
28.6836051941
29.1200866699
25.1181049347
27.760723114
31.378824234
28.565322876
31.3935050964
31.4227638245
31.6296424866
29.6012020111
27.006816864
23.0504150391
25.5668373108
23.3440170288
23.957824707
22.2046699524
22.0070228577
20.5368289948
23.4841938019
26.3002929688
21.8141746521
20.9988613129
17.1194972992
19.4911956787
16.3518028259
17.1060295105
19.3375778198
19.483291626
23.060213089
20.6035747528
22.0252456665
23.5014095306
24.960735321
20.529001236
19.8077259064
24.1044483185
22.4678344727
21.2579307556
25.8748035431
26.8758029938
24.5454959869
24.998998642
29.0240402222
32.8419685364
32.8210334778
37.1848564148
33.720905304
32.4078559875
36.3496589661
37.163772583
37.6340370178
33.9077148438
33.0612068176
36.3401260376
33.8947639465
30.5248661041
32.3910751343
34.6103286743
31.3362846375
29.2759056091
33.1393051147
33.3397865295
30.3211860657
30.3193778992
35.7503128052
32.6930046082
30.160785675
35.1302719116
36.9539833069
34.116733551
34.1014175415
28.4781551361
28.6549282074
24.3958206177
24.0236721039
21.5614891052
25.1699943542
23.12931633
22.7525444031
19.9439754486
20.0586395264
22.6691970825
21.4147453308
24.3668575287
26.5567588806
29.6189155579
32.4624786377
31.1204299927
28.6889228821
27.3997077942
25.7317943573
24.6757183075
21.1264705658
18.7200832367
23.4735069275
22.7174415588
18.8025817871
21.4811115265
24.8988323212
20.8868789673
19.1002979279
22.5948047638
20.9134063721
22.4484710693
25.1694850922
27.6723709106
27.1387748718
29.7790336609
27.8858737946
30.865896225
29.7702217102
27.2592964172
22.529291153
25.8296260834
23.4223136902
26.8580169678
27.5711593628
25.176076889
28.1597480774
31.2941608429
33.9874687195
34.342502594
30.8780784607
30.8423347473
34.0737609863
35.6118812561
29.4223365784
32.7452354431
28.7678585052
32.1438980103
32.8105430603
35.4211502075
30.7984619141
29.2371368408
32.9210510254
32.4288063049
28.5460186005
30.9900054932
31.4089813232
29.012752533
27.636302948
31.7657470703
30.9676017761
26.7601146698
29.6128025055
32.3194999695
30.5254325867
30.6126079559
26.3237857819
28.4096775055
26.438205719
27.7179470062
31.0641517639
31.2011852264
31.8223228455
32.0922775269
31.0416660309
27.8707637787
31.559841156
33.8775100708
32.2777023315
35.2131919861
38.0910797119
36.9871101379
35.9422798157
39.8859672546
41.926322937
41.684627533
37.4444999695
37.4474182129
34.2249641418
37.8640022278
39.6216392517
35.9012641907
37.6772880554
38.5141677856
38.0349121094
39.7037811279
43.7623291016
43.170124054
37.8469734192
38.8223419189
42.0322685242
38.3150749207
35.5128707886
39.3378944397
38.824798584
35.4940719604
34.8483695984
39.6925239563
38.9296188354
40.883140564
38.1595916748
41.5703125
42.3643875122
37.1900024414
38.6489143372
38.4413070679
33.991558075
38.8326759338
41.0174713135
36.9044036865
37.3529891968
42.0377044678
40.6830482483
37.1328239441
39.7900161743
43.4468803406
41.0158195496
39.4546699524
44.0393600464
45.768032074
57.1458358765
79.5425872803
97.5576400757
67.9829864502
86.4453964233
72.783203125
34.6945228577
39.8250198364
39.2153358459
30.9626693726
32.773853302
30.7213840485
29.7396774292
24.562204361
31.5687770844
28.5910587311
25.5696964264
28.4792995453
24.4705619812
26.3642749786
21.8170223236
17.7669029236
21.8511333466
24.9010772705
26.2511348724
26.5745849609
22.8561229706
21.1080436707
25.102432251
20.4159622192
17.6344871521
23.4554767609
34.215057373
30.5417976379
29.9946155548
30.1505393982
36.2306938171
31.4984989166
34.9506530762
29.6498680115
31.066860199
29.9802284241
17.1182136536
14.7485017776
13.2266788483
11.5742149353
14.3188381195
13.9834594727
17.5783863068
20.0600337982
23.6199054718
23.912065506
28.2418289185
26.3773708344
30.7178134918
27.8377685547
22.9847316742
26.8071079254
30.453245163
26.3997039795
25.3601951599
28.6836051941
29.1200866699
25.1181049347
27.760723114
31.378824234
28.565322876
31.3935050964
31.4227638245
31.6296424866
29.6012020111
27.006816864
23.0504150391
25.5668373108
23.3440170288
23.957824707
22.2046699524
22.0070228577
20.5368289948
23.4841938019
26.3002929688
21.8141746521
20.9988613129
17.1194972992
19.4911956787
16.3518028259
17.1060295105
19.3375778198
19.483291626
23.060213089
20.6035747528
22.0252456665
23.5014095306
24.960735321
20.529001236
19.8077259064
24.1044483185
22.4678344727
21.2579307556
25.8748035431
26.8758029938
24.5454959869
24.998998642
29.0240402222
32.8419685364
32.8210334778
37.1848564148
33.720905304
32.4078559875
36.3496589661
37.163772583
37.6340370178
33.9077148438
33.0612068176
36.3401260376
33.8947639465
30.5248661041
32.3910751343
34.6103286743
31.3362846375
29.2759056091
33.1393051147
33.3397865295
30.3211860657
30.3193778992
35.7503128052
32.6930046082
30.160785675
35.1302719116
36.9539833069
34.116733551
34.1014175415
28.4781551361
28.6549282074
24.3958206177
24.0236721039
21.5614891052
25.1699943542
23.12931633
22.7525444031
19.9439754486
20.0586395264
22.6691970825
21.4147453308
24.3668575287
26.5567588806
29.6189155579
32.4624786377
31.1204299927
28.6889228821
27.3997077942
25.7317943573
24.6757183075
21.1264705658
18.7200832367
23.4735069275
22.7174415588
18.8025817871
21.4811115265
24.8988323212
20.8868789673
19.1002979279
22.5948047638
20.9134063721
22.4484710693
25.1694850922
27.6723709106
27.1387748718
29.7790336609
27.8858737946
30.865896225
29.7702217102
27.2592964172
22.529291153
25.8296260834
23.4223136902
26.8580169678
27.5711593628
25.176076889
28.1597480774
31.2941608429
33.9874687195
34.342502594
30.8780784607
30.8423347473
34.0737609863
35.6118812561
29.4223365784
32.7452354431
28.7678585052
32.1438980103
32.8105430603
35.4211502075
30.7984619141
29.2371368408
32.9210510254
32.4288063049
28.5460186005
30.9900054932
31.4089813232
29.012752533
27.636302948
31.7657470703
30.9676017761
26.7601146698
29.6128025055
32.3194999695
30.5254325867
30.6126079559
26.3237857819
28.4096775055
26.438205719
27.7179470062
31.0641517639
31.2011852264
31.8223228455
32.0922775269
31.0416660309
27.8707637787
31.559841156
33.8775100708
32.2777023315
35.2131919861
38.0910797119
36.9871101379
35.9422798157
39.8859672546
41.926322937
41.684627533
37.4444999695
37.4474182129
34.2249641418
37.8640022278
39.6216392517
35.9012641907
37.6772880554
38.5141677856
38.0349121094
39.7037811279
43.7623291016
43.170124054
37.8469734192
38.8223419189
42.0322685242
38.3150749207
35.5128707886
39.3378944397
38.824798584
35.4940719604
34.8483695984
39.6925239563
38.9296188354
40.883140564
38.1595916748
41.5703125
42.3643875122
37.1900024414
38.6489143372
38.4413070679
33.991558075
38.8326759338
41.0174713135
36.9044036865
37.3529891968
42.0377044678
40.6830482483
37.1328239441
39.7900161743
43.4468803406
41.0158195496
39.4546699524
44.0393600464
45.768032074
62.3339233398
84.8704376221
101.066688538
71.0194625854
86.7505645752
77.0115661621
37.7944946289
40.7092132568
39.3264389038
32.6375007629
35.0654449463
31.2497692108
31.0356273651
28.2181148529
31.6741333008
27.3613548279
24.2559890747
25.3630657196
23.6455478668
21.8314266205
18.7638931274
22.1596240997
22.4475021362
30.7660980225
33.9025878906
35.1681137085
32.9130210876
30.4410762787
34.3585090637
23.4554786682
25.0106620789
20.4511318207
30.397687912
25.6389503479
26.5799026489
26.5348415375
32.4218597412
26.7798576355
29.6126708984
24.5629234314
25.1675605774
26.1967105865
15.3184862137
15.8197755814
19.5316925049
19.8724117279
23.6645011902
25.7347602844
28.7425079346
30.7818660736
34.3084068298
33.1373214722
36.9014816284
33.7090797424
37.553817749
35.7639389038
29.8494606018
32.1222763062
36.2951889038
32.5053749084
29.7892799377
32.2206230164
33.05260849
28.9418830872
28.8228759766
32.778213501
30.2049674988
30.9911022186
30.9203929901
29.7629299164
28.7030181885
27.440820694
22.9367103577
24.3499183655
24.5105571747
22.4641838074
23.3028450012
25.0796813965
24.1625137329
28.6219005585
30.2527694702
27.7095756531
28.9982814789
25.961479187
26.8709583282
21.3440914154
21.4432601929
19.6656665802
19.0728931427
20.157119751
15.0761728287
18.4699268341
17.8717136383
20.6211719513
19.0439548492
21.2425441742
25.1369075775
25.5420398712
22.9716758728
24.566493988
27.6029815674
27.222612381
24.7527770996
27.9300765991
30.6374816895
32.7743530273
35.0602340698
30.6697483063
30.8501815796
34.808555603
36.5782432556
36.0538063049
32.3224945068
33.1256027222
36.1741104126
32.0212478638
30.2296905518
33.1983909607
34.5230484009
30.4601097107
30.6377754211
34.5814666748
33.8776512146
31.6605567932
33.2685928345
37.533744812
34.1380882263
33.3860664368
38.7368927002
39.2035102844
36.9380569458
38.9677963257
33.1334495544
34.8395614624
29.8018550873
32.1087417603
28.7135810852
30.2543983459
28.0386581421
26.383146286
25.8013134003
24.5494098663
24.5245170593
21.2982215881
22.0889606476
22.518157959
23.8191127777
27.5826835632
28.0024738312
25.5403060913
26.3261013031
24.4671001434
26.3930664062
23.9497241974
23.5905704498
27.2199134827
29.2152805328
26.2289829254
30.2031497955
32.4457130432
28.7246818542
29.2123508453
33.428565979
32.5300674438
34.3438720703
36.4460105896
39.2320556641
39.3491020203
42.1833686829
40.1412391663
42.7181282043
41.2926864624
38.3997154236
33.7167739868
35.9027557373
32.4147911072
36.050113678
35.4248085022
32.1404037476
36.4898300171
39.2416572571
42.2718200684
42.5892753601
39.7249755859
40.294380188
43.811668396
45.1021232605
39.4195632935
41.8096847534
37.1348762512
38.9706039429
38.2461166382
41.2403869629
37.6254348755
34.9583969116
38.0513343811
39.0325012207
34.2663154602
34.7044181824
36.0834312439
34.4254264832
31.3699550629
34.925453186
35.4687385559
30.8140659332
31.600856781
34.6798629761
33.5857887268
31.7643642426
29.6631736755
32.7771224976
32.3554039001
34.1425323486
38.1098251343
37.6604919434
39.3913154602
40.1054840088
40.1379470825
37.2703933716
41.4658317566
43.03673172
40.9533843994
44.3965682983
47.275894165
45.2349243164
43.8685417175
48.5578384399
50.2514152527
48.9227752686
44.517414093
44.0338516235
40.0300636292
42.8925590515
43.0792884827
39.3519172668
40.1800041199
40.2727966309
40.3332099915
41.4307670593
46.2952270508
45.2709732056
40.2126502991
42.7943840027
45.3831710815
41.545539856
39.6693305969
44.4550552368
43.5962486267
40.5531272888
40.5960845947
45.7169342041
46.6962127686
47.7799453735
44.9078102112
47.6595039368
48.2055740356
43.1162948608
42.9487190247
42.068069458
37.4332618713
41.0856819153
43.8642463684
39.5116081238
38.1464195251
42.8649673462
41.9562454224
38.2596511841
39.34582901
43.4417800903
41.4090309143
38.0433120728
42.7077522278
45.0703277588
70.7640304565
90.4556808472
109.482284546
81.5258789062
102.331916809
84.3224411011
25.241109848
33.3883934021
33.7350387573
24.4145622253
26.0485534668
27.9519863129
26.3567962646
21.9392719269
31.3081150055
28.2749214172
27.2168750763
32.6735496521
29.4598960876
33.4224967957
30.6598529816
26.3245601654
29.9412269592
33.0940666199
32.8144607544
30.7224311829
21.5348014832
17.5819683075
28.9602451324
20.0600337982
26.9832191467
24.4152355194
30.781879425
39.7983932495
34.7627868652
30.2013912201
31.9957008362
36.3693389893
32.361907959
38.4993591309
32.8952636719
36.0766220093
33.9689674377
19.9963703156
17.2949905396
13.5446147919
12.0900602341
8.2665719986
7.64689207077
6.33140707016
4.49343919754
6.22605657578
9.9153213501
10.2270355225
14.1374483109
11.2752466202
9.86565208435
13.7700920105
16.018196106
14.2061567307
15.1880111694
18.3551445007
19.1557121277
17.2738361359
21.1976051331
23.8173561096
22.9592075348
26.8347797394
29.2144470215
31.043214798
29.6602840424
25.134059906
22.7083320618
23.549446106
18.9491233826
21.6694507599
17.6266422272
14.910741806
14.0575914383
12.6383533478
16.7218456268
13.2769975662
9.044049263
7.99597024918
8.54130935669
13.1246232986
13.4555997849
17.8274364471
19.5857429504
24.4441947937
25.5353145599
26.2856578827
29.871717453
32.0911026001
26.728679657
25.553571701
28.805814743
27.8426628113
28.4898681641
32.8484535217
33.217590332
31.6376667023
33.7950057983
37.2939453125
41.7014274597
40.7735328674
45.9725265503
41.6055145264
39.3566932678
42.7862091064
42.5160522461
42.6199226379
39.1369743347
37.7194709778
39.4994621277
37.220916748
34.0629119873
34.029258728
35.7117652893
32.9444313049
29.5992012024
32.0606994629
31.7750015259
28.0563411713
27.0088577271
31.9244117737
27.7887496948
24.6443653107
28.9509449005
30.3114624023
26.3799858093
24.6124839783
20.5088729858
20.1573791504
19.6218719482
16.7744464874
17.6486568451
23.1813640594
23.5460586548
25.4960899353
21.5871353149
20.5909633636
25.0794353485
24.9293060303
29.5897769928
31.8545417786
35.3679962158
38.1030464172
36.7823257446
32.3704528809
30.2198829651
27.2399349213
24.1145477295
20.5091819763
16.9244861603
18.8470649719
14.7610454559
12.1812944412
11.4895782471
13.3401117325
9.06673812866
6.04855632782
6.08269453049
6.61220264435
11.0837335587
10.8664503098
12.3850259781
15.4921598434
18.5917701721
19.2009735107
22.0553264618
20.5298690796
18.7818851471
16.2860679626
19.5176067352
20.1408405304
23.8683185577
27.2625999451
24.5625171661
23.6240787506
25.8385066986
28.2458152771
26.7490959167
22.9873962402
24.1994152069
25.3073749542
25.3659572601
18.7338104248
21.5063591003
19.7106666565
23.7861633301
25.7126693726
28.9943943024
24.5455093384
24.0564117432
28.9550132751
29.080247879
26.2241363525
29.9261798859
30.9287853241
29.1418933868
28.7426605225
33.1356124878
33.8405227661
29.7504310608
33.3232460022
36.6813278198
35.6272315979
37.0867805481
31.8412151337
33.6145896912
30.4347686768
29.8785953522
31.81782341
34.7703285217
34.9328842163
33.4869842529
31.6538028717
26.8740119934
29.3306655884
33.0098953247
30.2504787445
30.2123279572
34.5400924683
35.5132713318
33.0644493103
35.2701873779
38.874042511
39.2925224304
37.3742027283
36.2203598022
35.4735527039
40.8228988647
43.2397499084
39.8596725464
43.766494751
43.7641181946
41.9204978943
43.0879096985
46.0800323486
44.6656723022
39.6256103516
40.2234687805
42.0922966003
37.7634162903
35.8336677551
38.7053413391
36.4794692993
32.9552116394
33.4257164001
35.941822052
33.5121688843
34.3517494202
31.2663078308
34.6470298767
36.9189529419
32.0914802551
34.7235336304
33.8587341309
30.2037601471
35.112739563
37.4716529846
34.9402160645
35.9737205505
40.5278434753
40.2361373901
37.7557907104
40.1337356567
44.1295852661
42.6992301941
42.1329727173
45.7532424927
48.2498474121
74.3330001831
95.5264129639
114.500297546
85.5000762939
105.198875427
89.0869979858
20.3448944092
27.5544929504
28.002696991
18.5637989044
20.0008640289
21.4971027374
19.9569034576
16.7333297729
25.7116699219
21.8364315033
21.560503006
27.7975540161
25.1167564392
29.4015598297
27.6110210419
25.2221298218
28.1956501007
33.1850395203
33.9616775513
32.7633171082
25.1608924866
19.7009773254
29.8406486511
19.491191864
25.3526115417
21.4995880127
26.8709583282
36.2762145996
29.7010307312
23.7496242523
25.9845676422
29.9041862488
25.7279052734
33.3301315308
27.5261230469
31.5909423828
29.3753376007
14.9062833786
12.1425600052
10.4541425705
9.00497722626
6.65775108337
10.4139347076
9.83891582489
8.54131126404
10.7090854645
8.92785644531
11.2370824814
7.71306037903
12.3146734238
11.8396596909
6.70139932632
9.30031490326
13.7970714569
12.7700481415
11.124001503
14.1413145065
16.2333755493
14.0801687241
15.8069887161
19.3434581757
19.4169483185
22.1259536743
25.706571579
27.1064739227
26.5475540161
21.9736804962
18.9010162354
18.2684078217
13.6113853455
15.2404260635
10.8529911041
7.8709192276
6.53293371201
5.75122404099
10.2307758331
8.07272148132
5.92787647247
5.42161083221
7.11244440079
8.42590522766
11.4678859711
14.4753961563
19.4420413971
20.8041419983
22.3009586334
25.8262233734
28.8617553711
24.2893657684
24.3863239288
27.8046875
28.0142879486
27.9651317596
31.1456184387
32.6155204773
32.0492591858
32.8532333374
36.1009559631
40.1307830811
40.2903938293
44.5389213562
39.4492530823
37.8427200317
41.3187294006
41.4865989685
40.8945007324
37.3357162476
36.8102607727
38.2971878052
34.7866401672
32.5378913879
32.9599914551
33.9860610962
30.5755977631
28.3339004517
30.8439693451
29.6629276276
26.0776252747
26.1734619141
30.4092826843
25.1683158875
23.302696228
28.4474754333
28.3956203461
24.2979259491
24.363067627
19.541387558
21.0720081329
19.8078651428
19.4765129089
19.2107696533
23.8966197968
24.2445011139
25.6108856201
22.6041088104
20.2314624786
23.8442783356
22.4707221985
26.8522815704
28.3328742981
31.1374320984
34.3829803467
34.0454330444
28.934797287
27.7368392944
23.9579563141
22.1712360382
18.621723175
15.5384664536
16.8809547424
14.7412509918
12.1020412445
13.9575481415
14.5444507599
8.88197803497
9.69145870209
12.5631418228
13.7664527893
18.1532688141
17.7579898834
19.6759872437
23.1715755463
26.4567928314
26.6636676788
29.392742157
27.5460033417
25.2370052338
22.0719108582
24.7035446167
24.0235404968
28.4339351654
30.9009056091
27.1481704712
27.4695587158
29.5438766479
32.4575958252
30.7729892731
27.3614120483
29.2616710663
30.7580051422
30.5258464813
24.1292800903
25.9450092316
23.2174091339
25.9798278809
26.6900558472
30.7619934082
26.9766197205
25.3408946991
30.3126544952
31.8468914032
27.9626579285
30.425163269
32.3595619202
31.0324134827
29.3121337891
33.7087364197
35.542640686
30.7531032562
33.2900390625
37.1930427551
36.5749359131
37.0040664673
32.6537246704
35.2386360168
32.7988777161
32.6082763672
35.227191925
37.9297142029
38.8967399597
37.739364624
36.6117095947
31.752866745
34.9409446716
38.2069168091
34.9115943909
35.3707313538
39.9136772156
40.1473884583
37.2846221924
40.2233085632
43.7129516602
43.2527198792
41.1779289246
39.5451965332
38.2051544189
43.34375
44.791557312
41.2675094604
44.8435783386
44.2993774414
42.626449585
43.396812439
46.9627418518
45.0766296387
40.0620498657
41.8533554077
43.1928863525
38.4926567078
37.2790184021
40.9932861328
38.2185935974
34.7114105225
35.876663208
38.6144523621
37.5334815979
37.4988708496
34.0835189819
36.9755783081
39.2951011658
34.3341255188
35.7504234314
34.1015701294
30.1088066101
34.3200035095
37.4049987793
34.7820358276
34.4506874084
39.254234314
39.5284461975
36.9888801575
38.2105140686
42.7849998474
41.7907562256
40.0762672424
43.6595344543
46.8562583923
69.693031311
93.0345001221
113.22315979
83.7199859619
100.288742065
88.8973770142
23.2461509705
28.879776001
26.0510673523
17.9887218475
22.8240013123
21.2403812408
23.2553539276
21.4167175293
26.9215755463
20.7526683807
18.5143032074
23.9820079803
22.4998092651
23.915309906
21.2440681458
22.2700138092
21.7157478333
29.1765861511
31.6365509033
31.9064731598
26.4177589417
20.8754901886
29.7179546356
19.4832935333
20.8298377991
18.2940387726
19.0728855133
29.7088031769
23.3847408295
17.3699245453
22.2131271362
24.7526130676
18.1333084106
25.7853126526
17.9966163635
21.7485256195
19.996049881
4.59856081009
7.23915576935
8.33778190613
11.7450485229
12.6447401047
17.0741958618
20.4634647369
19.5857429504
22.7447681427
19.4342765808
22.7409496307
19.5481891632
22.1729507446
20.31508255
14.5538215637
16.0134353638
19.4105625153
15.4843139648
12.2919511795
14.276304245
14.9209508896
10.9664773941
10.7310771942
14.4683704376
12.0944948196
13.375328064
14.7644615173
14.7845373154
14.342297554
11.0838518143
6.61947011948
6.89424610138
6.28990840912
6.02461719513
7.11504745483
9.98080158234
11.8970527649
15.5499591827
19.317861557
18.5693855286
18.8184623718
16.4055938721
14.47539711
11.4125585556
6.76464700699
5.01351308823
5.52214336395
8.06955432892
8.79740619659
12.6694688797
16.0168704987
12.7017679214
14.546918869
17.1122016907
19.3681087494
18.8536338806
19.4247951508
22.0309467316
23.5528659821
22.7562179565
24.7583332062
28.0961647034
29.3494701385
32.2632446289
26.590669632
25.576210022
28.8684597015
29.5405731201
28.2582454681
24.7097225189
25.2814979553
26.5847053528
21.8916797638
20.6375312805
21.9707241058
22.4499568939
18.3156661987
17.8322410583
20.8701667786
19.1693992615
16.2543430328
18.1214523315
21.8832988739
17.0404167175
16.6484222412
22.5492763519
22.0338516235
19.2092628479
21.8128509521
15.9211492538
18.8680896759
14.7514791489
18.5498638153
15.7672214508
17.3930416107
17.075969696
17.0370635986
16.4926376343
12.5729646683
13.4831571579
10.55352211
13.9995002747
14.6045885086
17.1134223938
20.3431453705
20.6568450928
15.2349081039
15.1040067673
11.0967140198
11.7921676636
9.20498180389
8.98229980469
10.2725763321
13.2163438797
11.5261096954
16.0103416443
16.6618709564
13.5920772552
16.5196971893
21.1792964935
21.7053890228
24.5047855377
24.8563041687
28.0440273285
30.3622226715
34.0834999084
32.7212371826
34.5807685852
32.1571617126
28.787443161
24.8144626617
25.7633190155
22.5675201416
27.2695140839
27.5074481964
22.606924057
25.5628662109
27.5155181885
31.0090656281
30.0348892212
27.4397735596
29.6260070801
32.4314193726
32.6344833374
27.100063324
28.1525382996
23.4059619904
24.1150016785
22.810634613
26.8906593323
23.9985389709
20.7229862213
24.6486568451
27.5755634308
22.3173656464
22.4449195862
25.264421463
24.6117763519
20.9381885529
24.8582763672
28.0198574066
22.705165863
23.2707920074
27.5816955566
27.7246360779
26.6730899811
24.1900291443
27.7564582825
26.9170475006
27.2389793396
30.7813072205
32.7286186218
35.1731491089
34.5914535522
35.1065406799
30.6518592834
34.9422416687
36.95728302
32.9938201904
34.940738678
39.2145996094
37.6948432922
34.6059761047
39.0999336243
41.799747467
39.754699707
36.9896965027
34.9291191101
32.2471733093
36.4977798462
36.2982749939
32.7180747986
35.5357475281
34.2250175476
32.9877891541
33.2763214111
37.7078323364
35.5113754272
30.5741691589
33.9838790894
34.9700965881
30.1694450378
29.6553859711
34.6234130859
31.8438796997
28.5912818909
30.2471580505
33.9939308167
35.4535369873
34.8765640259
31.408498764
33.7071456909
35.1463279724
30.0293731689
29.4144420624
27.430398941
22.812538147
26.1823253632
29.7326469421
26.2069263458
24.2767734528
29.3354530334
29.5729255676
26.5742816925
26.8036136627
31.7235565186
30.7672538757
27.6462078094
31.5729560852
35.0789413452
66.1156311035
90.6813278198
110.380493164
80.2036361694
95.4216537476
86.1911392212
29.651342392
33.8179092407
30.9488334656
24.1486530304
28.3036613464
25.4337024689
26.7203102112
24.6345615387
28.6391353607
22.7622756958
19.8632717133
22.9694290161
21.9600353241
20.7089347839
17.1248970032
20.570810318
18.8421573639
28.1005210876
31.6846485138
32.9537200928
29.0130805969
24.8904628754
31.4588775635
20.6035747528
21.1185741425
17.9127292633
15.0761709213
27.8600749969
21.8229579926
19.1329479218
22.1309928894
25.7411727905
18.4860191345
23.7466430664
16.5981006622
18.2324504852
19.4998054504
6.32870483398
9.82589626312
12.6852788925
15.31478405
17.9513473511
21.2798671722
25.1101837158
25.5353145599
29.0481014252
26.4265003204
30.0645046234
26.7951660156
29.7773609161
27.8445415497
21.9858818054
23.6092166901
27.1563167572
23.0144996643
19.9969501495
21.7783756256
22.1700382233
18.1722545624
17.4208450317
20.8121776581
17.8682937622
18.053276062
17.4804267883
15.9722108841
15.3029136658
14.3957662582
10.0466661453
11.6033163071
13.3716487885
11.3322305679
13.9163579941
16.8855056763
17.6932258606
22.0543479919
24.7213058472
23.4295330048
24.3912239075
21.5089588165
20.8041362762
16.1103210449
13.3688774109
10.891327858
8.06955528259
6.70881986618
5.19253492355
6.1228351593
9.96918392181
8.66691493988
12.1280155182
15.0049324036
17.4158401489
15.485033989
14.9630231857
18.7363071442
20.4603633881
17.8180866241
19.8120994568
22.5952301025
25.0743293762
27.029958725
21.2555828094
21.2475452423
24.967622757
26.5525608063
25.1907577515
21.4031829834
22.8111629486
24.963218689
19.7277545929
18.783782959
21.5869007111
22.2195987701
17.7027568817
18.6593513489
22.3785400391
21.0073204041
18.9939918518
21.4089069366
25.0152893066
21.3862304688
21.4509601593
26.9779605865
26.7385730743
24.8195610046
27.8244686127
22.0617465973
24.6026000977
19.3951721191
23.4649295807
19.7603187561
20.1501235962
18.5295963287
16.9158554077
17.5007591248
14.6447935104
13.4922990799
9.49331378937
10.1927957535
9.9411315918
11.6053752899
15.5061378479
16.4458637238
12.3939476013
13.7106952667
11.1444215775
14.2138957977
12.6030826569
13.6258544922
15.9935588837
19.547990799
17.6001396179
22.0558567047
23.4252510071
20.6624221802
22.6375846863
27.3542289734
27.1641769409
29.3020458221
30.561548233
33.8413238525
35.0698394775
38.5991706848
36.5974655151
38.6136817932
36.4245071411
32.9548416138
28.4236927032
29.50507164
25.4559497833
29.7637748718
28.8697566986
24.2785720825
28.8028049469
31.0764465332
34.5381660461
34.3423500061
31.8792362213
33.4296379089
36.9168167114
37.6888504028
32.2957992554
33.7398338318
28.5696258545
29.2047176361
27.5793228149
31.0405673981
28.1747570038
24.7512569427
27.7679672241
30.2620162964
24.7787704468
24.0898170471
26.5481758118
25.6775665283
21.4776229858
24.9692153931
27.4934902191
22.1703796387
21.8655223846
25.8565578461
25.7658615112
23.4835910797
22.1056575775
26.0578975677
26.1079463959
27.3591785431
31.5306472778
32.1441040039
34.9286422729
35.1041526794
35.9996376038
32.248916626
36.941242218
38.4270820618
34.9585151672
38.039516449
41.7189331055
39.3837814331
36.8987350464
42.0319442749
44.1064682007
41.7784461975
38.0379142761
36.4595870972
32.6318016052
35.9862670898
35.2060661316
31.4404258728
33.0577507019
31.9585933685
31.5174922943
31.9458255768
37.0859336853
35.2304458618
30.2135028839
34.0425376892
35.5969810486
31.1713275909
30.3238811493
35.7883872986
33.8420982361
30.7988262177
31.9009799957
36.6489143372
38.7855606079
38.7246856689
35.5137672424
37.7845306396
38.5358200073
33.4097061157
32.2485351562
30.6669616699
25.9269599915
28.9634494781
32.2753562927
28.0371704102
25.6650371552
30.5908622742
30.2789115906
26.7235794067
26.8517131805
31.5476417542
30.1011219025
26.0250873566
30.5528869629
33.740398407
59.6384925842
84.8829574585
105.229187012
75.5255737305
88.7749710083
82.2559280396
36.7754707336
41.0494842529
37.8513298035
31.5195426941
35.7142562866
32.9900665283
34.5175971985
32.1728630066
35.820514679
30.4595355988
27.2527008057
29.4534473419
28.1905040741
26.1166591644
20.6728210449
24.0092525482
21.8668823242
29.643573761
33.2819328308
34.6272773743
31.3652572632
28.5834999084
34.1821327209
24.9607410431
25.4562397003
23.5249290466
20.6211776733
33.6020355225
28.6220722198
27.1370315552
29.4736919403
32.7814941406
25.4615726471
29.4166164398
23.2146930695
24.5554828644
26.8233089447
14.8112440109
18.1110076904
19.3520011902
22.4825267792
24.8601760864
26.9392433167
31.7775592804
32.0911064148
35.6546211243
33.2261161804
37.3094978333
34.7702865601
37.5334815979
34.6207809448
29.4767379761
31.52592659
34.2635879517
29.2541503906
27.186372757
28.8062744141
28.1639671326
24.2742786407
24.5292720795
26.7908287048
22.6785793304
22.9489002228
19.450548172
17.1921291351
15.4150466919
17.1697673798
14.579826355
18.0570983887
20.790102005
19.7056598663
22.6117324829
25.5888633728
26.6540145874
30.8420524597
33.8942375183
32.1216888428
32.5980453491
29.2557201385
28.8617477417
24.5160675049
21.2236309052
19.7363986969
16.0168704987
13.1812381744
9.96918296814
8.07919788361
5.13996839523
6.09183073044
9.52276992798
10.4729833603
13.2413911819
10.9271650314
7.47999000549
11.9274482727
14.8080635071
10.904633522
11.3208913803
13.4297399521
16.6522541046
17.7915992737
12.1527404785
12.725025177
16.6710166931
18.9442920685
17.9036884308
14.0656318665
15.9977636337
19.0814418793
14.5894212723
13.4130554199
17.485168457
18.6201076508
14.7491445541
16.6199645996
20.6138134003
20.3465843201
19.5280971527
21.786485672
25.1726703644
23.8977108002
23.7948226929
28.1680622101
28.9899749756
28.3357715607
31.0409641266
25.8891639709
27.5201015472
21.6832923889
25.921377182
21.662115097
20.0669231415
17.4830112457
14.4939880371
17.0208015442
15.5844774246
12.1708250046
9.42638969421
5.84533500671
5.42714834213
7.2304983139
9.35564517975
9.28372192383
9.24477481842
10.806681633
11.9624042511
15.3665113449
15.4004449844
17.6712627411
20.2194519043
24.0453414917
22.7039813995
26.5025482178
28.3331298828
27.029510498
28.4257583618
32.8450431824
32.1442222595
33.0905647278
34.8575973511
38.3194389343
38.4539108276
41.7835235596
39.0437088013
40.4760932922
38.350769043
34.7940406799
30.3988075256
30.6392345428
25.819978714
29.2201786041
26.8496627808
22.8506813049
28.6341953278
30.8320178986
34.0326728821
34.7531318665
32.8602523804
33.8029289246
37.8632011414
39.1925201416
34.671421051
36.1319961548
30.6720504761
30.8130588531
28.8788528442
31.2072029114
28.7081947327
25.39012146
26.8938140869
28.8055267334
23.5808753967
21.8715133667
23.6224994659
22.8208370209
18.4385643005
20.8046875
22.6878147125
18.0585193634
16.4038696289
19.5978679657
19.5739097595
16.1183872223
16.6329631805
20.6836490631
22.0898571014
23.9108524323
28.287563324
27.6999130249
31.0852298737
31.8756465912
33.6662788391
30.8997249603
35.7086486816
36.2155685425
33.0913887024
37.1679954529
40.0372772217
36.7128982544
34.8046684265
40.4970169067
41.7145729065
38.8711853027
34.432094574
33.2377548218
28.4528675079
30.5606117249
28.9730644226
25.2910442352
25.7119846344
24.6638584137
25.0098571777
25.5504360199
31.1585521698
29.8288955688
24.9789218903
29.0371665955
31.1144180298
27.4405040741
26.2643489838
31.9489898682
31.0528202057
28.5137672424
28.9850139618
34.5202293396
37.6020774841
38.014377594
35.3195533752
37.4003982544
37.2014350891
32.4096755981
30.6628913879
29.867105484
25.4144611359
28.0650558472
30.6107997894
25.7543010712
23.662355423
27.9698524475
26.6718730927
22.6915588379
23.3999099731
27.1674537659
24.9462947845
20.6893138885
25.7605190277
27.9523143768
50.2776603699
75.9705352783
97.2195892334
68.8163757324
79.2225952148
76.3764190674
46.8997840881
51.2427368164
48.0257797241
42.1200027466
45.8783493042
43.2865638733
45.078163147
42.4593391418
45.7040290833
41.188167572
37.4832878113
39.1176376343
37.5249710083
35.6616439819
29.2010478973
31.8535404205
30.2197647095
35.013130188
38.5342063904
39.3793258667
36.890083313
35.7152519226
39.5266952515
32.841960907
33.7490997314
32.8181533813
30.6374816895
41.9888534546
38.8663635254
38.6531028748
40.4007377625
43.4572639465
36.7014656067
39.2545280457
33.8517570496
34.8504600525
37.053817749
27.174325943
30.1243400574
30.1352405548
33.3317337036
35.2974205017
36.0416984558
41.5148429871
41.7014312744
45.1294288635
43.1057128906
47.5084457397
45.8268623352
48.3955497742
44.5280342102
40.2925338745
42.7882766724
44.7228279114
39.0855484009
38.0635299683
39.617805481
38.099067688
34.5133132935
35.8198394775
37.1436309814
32.315776825
32.9749832153
27.4886569977
25.3741607666
22.7666759491
26.0995006561
25.1988945007
29.5238304138
32.3666763306
32.1007347107
34.8949813843
37.6955032349
38.8755989075
42.8141746521
46.2767601013
43.9506263733
43.8630409241
40.1840782166
40.1307754517
36.285118103
32.7412223816
32.123249054
28.0961666107
25.1639080048
22.5952262878
20.0739479065
17.4631748199
13.4297437668
16.0718269348
16.3144378662
14.1636962891
15.2325716019
13.9018115997
9.55440616608
10.0053949356
12.9730463028
9.49606513977
5.01922082901
6.59883546829
5.74119853973
5.25297307968
6.16891860962
9.08010005951
12.2467813492
13.1642980576
10.9230527878
12.1585054398
16.5536804199
16.0219039917
14.288066864
18.4102020264
20.2921619415
19.0450515747
20.7194843292
23.9172821045
25.3283691406
25.8225402832
27.140460968
29.9636363983
31.4278736115
30.8744754791
33.3767280579
35.5959396362
36.178565979
38.0193367004
33.9306678772
34.2943725586
28.699508667
32.1628684998
28.063747406
24.8431892395
21.8219299316
18.3609466553
22.1186904907
22.7528839111
18.7687015533
18.7446537018
14.5787553787
15.0272455215
16.0911846161
14.0840482712
11.0253248215
16.7955913544
17.0233592987
21.0455360413
23.1343402863
24.3608608246
26.9186325073
29.3548278809
32.6861686707
31.9331226349
34.6452293396
36.8638305664
36.9372596741
37.5778541565
41.3462486267
40.1203575134
39.6743850708
41.9107017517
45.3165283203
44.1089439392
46.9395713806
43.4964904785
44.1045913696
42.2672729492
38.9587249756
35.2097167969
34.4862251282
29.4743099213
31.0993442535
27.0877761841
24.9452190399
31.2412414551
33.1129951477
35.5232009888
37.4560470581
36.412147522
36.3557319641
40.7707595825
42.7713661194
39.644203186
41.1409072876
35.9123420715
35.6722679138
33.8016967773
34.3906440735
32.475566864
29.9127349854
29.3600330353
29.869600296
26.0527381897
23.6747074127
23.6965026855
23.0188961029
19.8896064758
19.8278541565
19.609998703
17.6690750122
14.671292305
14.7798280716
14.6108045578
9.77594661713
14.2887716293
16.8690166473
20.2753105164
22.6238117218
26.4312534332
23.8469390869
27.6460056305
29.3490562439
32.2372322083
31.3290081024
35.6682701111
34.7038459778
32.5681419373
37.6547431946
39.0424461365
34.5881843567
33.8880767822
39.7973670959
39.6365127563
36.4074249268
31.1830062866
30.8927593231
25.2057209015
24.7821140289
22.1482696533
19.1169433594
16.7898654938
16.4205913544
18.515707016
19.5257396698
25.1873855591
25.2558097839
21.3276329041
24.6677246094
27.711517334
25.9069023132
24.0331916809
29.0738582611
30.1655273438
28.6994495392
27.9083518982
33.9981651306
37.8643302917
39.1229782104
37.4194145203
39.1959762573
37.6989059448
33.8339729309
31.8016262054
32.3834190369
28.964017868
31.008687973
32.0332145691
27.0064582825
26.1954689026
28.9003505707
26.0959587097
22.1994571686
24.2489719391
25.6621456146
22.2422046661
19.4012413025
24.2620162964
23.9954166412
50.2776603699
75.9705352783
97.2195892334
68.8163757324
79.2225952148
76.3764190674
46.8997840881
51.2427368164
48.0257797241
42.1200027466
45.8783493042
43.2865638733
45.078163147
42.4593391418
45.7040290833
41.188167572
37.4832878113
39.1176376343
37.5249710083
35.6616439819
29.2010478973
31.8535404205
30.2197647095
35.013130188
38.5342063904
39.3793258667
36.890083313
35.7152519226
39.5266952515
32.841960907
33.7490997314
32.8181533813
30.6374816895
41.9888534546
38.8663635254
38.6531028748
40.4007377625
43.4572639465
36.7014656067
39.2545280457
33.8517570496
34.8504600525
37.053817749
27.174325943
30.1243400574
30.1352405548
33.3317337036
35.2974205017
36.0416984558
41.5148429871
41.7014312744
45.1294288635
43.1057128906
47.5084457397
45.8268623352
48.3955497742
44.5280342102
40.2925338745
42.7882766724
44.7228279114
39.0855484009
38.0635299683
39.617805481
38.099067688
34.5133132935
35.8198394775
37.1436309814
32.315776825
32.9749832153
27.4886569977
25.3741607666
22.7666759491
26.0995006561
25.1988945007
29.5238304138
32.3666763306
32.1007347107
34.8949813843
37.6955032349
38.8755989075
42.8141746521
46.2767601013
43.9506263733
43.8630409241
40.1840782166
40.1307754517
36.285118103
32.7412223816
32.123249054
28.0961666107
25.1639080048
22.5952262878
20.0739479065
17.4631748199
13.4297437668
16.0718269348
16.3144378662
14.1636962891
15.2325716019
13.9018115997
9.55440616608
10.0053949356
12.9730463028
9.49606513977
5.01922082901
6.59883546829
5.74119853973
5.25297307968
6.16891860962
9.08010005951
12.2467813492
13.1642980576
10.9230527878
12.1585054398
16.5536804199
16.0219039917
14.288066864
18.4102020264
20.2921619415
19.0450515747
20.7194843292
23.9172821045
25.3283691406
25.8225402832
27.140460968
29.9636363983
31.4278736115
30.8744754791
33.3767280579
35.5959396362
36.178565979
38.0193367004
33.9306678772
34.2943725586
28.699508667
32.1628684998
28.063747406
24.8431892395
21.8219299316
18.3609466553
22.1186904907
22.7528839111
18.7687015533
18.7446537018
14.5787553787
15.0272455215
16.0911846161
14.0840482712
11.0253248215
16.7955913544
17.0233592987
21.0455360413
23.1343402863
24.3608608246
26.9186325073
29.3548278809
32.6861686707
31.9331226349
34.6452293396
36.8638305664
36.9372596741
37.5778541565
41.3462486267
40.1203575134
39.6743850708
41.9107017517
45.3165283203
44.1089439392
46.9395713806
43.4964904785
44.1045913696
42.2672729492
38.9587249756
35.2097167969
34.4862251282
29.4743099213
31.0993442535
27.0877761841
24.9452190399
31.2412414551
33.1129951477
35.5232009888
37.4560470581
36.412147522
36.3557319641
40.7707595825
42.7713661194
39.644203186
41.1409072876
35.9123420715
35.6722679138
33.8016967773
34.3906440735
32.475566864
29.9127349854
29.3600330353
29.869600296
26.0527381897
23.6747074127
23.6965026855
23.0188961029
19.8896064758
19.8278541565
19.609998703
17.6690750122
14.671292305
14.7798280716
14.6108045578
9.77594661713
14.2887716293
16.8690166473
20.2753105164
22.6238117218
26.4312534332
23.8469390869
27.6460056305
29.3490562439
32.2372322083
31.3290081024
35.6682701111
34.7038459778
32.5681419373
37.6547431946
39.0424461365
34.5881843567
33.8880767822
39.7973670959
39.6365127563
36.4074249268
31.1830062866
30.8927593231
25.2057209015
24.7821140289
22.1482696533
19.1169433594
16.7898654938
16.4205913544
18.515707016
19.5257396698
25.1873855591
25.2558097839
21.3276329041
24.6677246094
27.711517334
25.9069023132
24.0331916809
29.0738582611
30.1655273438
28.6994495392
27.9083518982
33.9981651306
37.8643302917
39.1229782104
37.4194145203
39.1959762573
37.6989059448
33.8339729309
31.8016262054
32.3834190369
28.964017868
31.008687973
32.0332145691
27.0064582825
26.1954689026
28.9003505707
26.0959587097
22.1994571686
24.2489719391
25.6621456146
22.2422046661
19.4012413025
24.2620162964
23.9954166412
66.5968704224
87.8918914795
111.192123413
84.8073196411
99.9255447388
89.6652984619
30.5233955383
38.936668396
34.8716583252
27.7877731323
33.68567276
35.0589752197
37.8202323914
35.6085395813
41.6351585388
36.327960968
33.6635017395
38.8823890686
37.2233924866
38.5654754639
34.1012687683
33.6730690002
32.4432373047
36.4902153015
38.2784996033
37.3921051025
29.9659156799
25.2540969849
36.7104225159
30.3193721771
31.7170391083
31.8357810974
33.2685890198
42.6311950684
38.5107040405
32.5046615601
37.9640579224
38.5680732727
32.1170158386
39.0873451233
31.7855739594
35.240272522
34.7562866211
21.2165718079
23.7655200958
20.7442436218
25.4468688965
23.6499462128
25.9740142822
30.6454238892
27.0088539124
28.9515647888
24.9306545258
27.948928833
27.7502708435
27.8972644806
23.6111431122
22.3405780792
23.6770915985
22.7066726685
17.4187278748
18.4288139343
18.6630077362
15.4203176498
14.3214378357
17.6579113007
16.0944919586
11.2714147568
14.392288208
9.67319869995
12.0151033401
9.58762359619
8.73565483093
12.5409793854
15.9461603165
16.921251297
20.2716426849
21.536075592
23.3996601105
26.7772350311
28.1992073059
33.5857124329
32.9918518066
31.2184810638
28.934720993
26.1734676361
26.6167049408
20.3254756927
21.7425785065
18.1214523315
17.0658760071
21.4089069366
17.6957893372
21.7023029327
21.786491394
18.5535087585
17.6860198975
15.1082000732
18.1815242767
21.1245250702
20.0771884918
19.2736492157
22.7417602539
24.9656867981
24.1616077423
27.140460968
25.5405807495
29.1605606079
25.1064491272
21.9664916992
22.842792511
21.0707054138
20.4068317413
18.686624527
17.2829036713
15.910782814
15.187502861
13.4752483368
10.5096626282
10.8299779892
10.5902557373
6.87406110764
6.08997964859
6.60215711594
4.55215787888
6.50187492371
7.95585870743
5.55679273605
7.14954948425
10.3407306671
10.8040437698
11.3861942291
9.43995380402
9.90765190125
8.12062644958
13.1012735367
11.9303913116
7.9903960228
11.1718759537
13.2714281082
15.1431827545
11.8848085403
11.4440956116
14.0952291489
16.6959552765
18.3055381775
21.9149551392
21.3496246338
19.0653800964
15.4830799103
12.017250061
11.9000253677
7.67461013794
10.5123128891
12.861948967
9.97954845428
12.481508255
15.5204582214
16.219209671
15.39108181
19.0452690125
21.7142391205
24.3925685883
25.2302494049
25.7024650574
24.80585289
28.0823974609
30.1567268372
33.7263870239
32.0186004639
31.3114013672
28.2010631561
24.8422489166
23.4242248535
20.4959335327
17.5759029388
20.5727958679
19.9329147339
15.2379894257
16.2800960541
15.8815793991
18.9241771698
17.7811737061
17.534488678
20.7108745575
22.9291648865
22.6977767944
20.6341781616
19.3449363708
14.8045568466
11.6557378769
8.42321395874
11.2268514633
11.1037340164
7.54428243637
8.72873210907
14.0867204666
10.0789146423
8.0083398819
11.8514852524
13.732755661
10.9799461365
12.5077390671
18.3700523376
15.499379158
14.97585392
18.490896225
20.47407341
21.4965343475
19.9561672211
22.1260986328
21.819234848
19.9632053375
21.4223270416
25.4074115753
28.5736160278
26.8694095612
29.0339260101
25.025636673
28.281080246
28.9454917908
23.6752567291
24.3862285614
28.5420799255
26.6672325134
22.40483284
26.6310482025
29.0380172729
25.611541748
25.022611618
21.4250335693
20.7260303497
24.9022541046
24.0924396515
21.8987617493
26.4968547821
23.941860199
21.2397346497
20.6250038147
23.203868866
20.4071559906
16.6146221161
19.8834381104
18.9220714569
14.0439167023
15.3811988831
19.4463729858
15.2305374146
12.6610841751
16.164390564
17.901632309
21.382932663
19.2015094757
16.0418148041
17.2585792542
18.2234115601
13.9501523972
11.8403959274
9.76733493805
5.58285999298
9.23159694672
12.2034463882
9.23598003387
9.46820354462
13.7742519379
13.8083782196
12.2525997162
13.949057579
17.5911560059
17.0982322693
17.4063091278
19.7834911346
22.3675003052
71.3960647583
91.5549163818
115.422050476
89.9257507324
105.290245056
94.3433380127
30.8853473663
40.1244659424
35.9874954224
29.3217105865
35.3696517944
37.9783287048
40.7485809326
38.9202957153
45.1248130798
39.8518867493
37.6288642883
43.3241615295
41.869342804
43.7608757019
39.7308502197
39.0484466553
38.062828064
41.6507377625
43.4282493591
42.2123413086
34.0608444214
28.9943885803
41.1536903381
35.1302909851
36.7977752686
36.8453903198
38.7368850708
47.3034706116
43.0607719421
36.0652656555
41.9246673584
41.7728614807
35.6482772827
43.2859916687
36.1512451172
40.1260566711
39.4412231445
26.1274814606
28.3461418152
25.1229839325
29.5739498138
27.0028152466
29.4474830627
33.4705352783
28.9509449005
30.1337623596
25.7414455414
27.8168544769
28.2851142883
27.2782936096
23.2180576324
23.5282936096
24.0807514191
21.7189884186
17.4547157288
19.3059940338
18.621969223
14.9179210663
15.7498998642
18.9813556671
16.0093212128
12.6764860153
15.7387514114
12.6676568985
15.7072515488
14.5654096603
13.124874115
17.4109344482
19.39802742
19.7677440643
23.5575408936
24.3524265289
25.7408504486
29.4839801788
29.9656963348
35.4984893799
35.5610694885
33.4571800232
31.8133525848
28.447467804
30.1089229584
23.8460388184
25.4941043854
22.5492801666
21.8879795074
26.9779567719
23.5559654236
27.7949504852
28.1680660248
25.0225753784
24.167509079
21.6778106689
24.5017356873
27.61743927
26.6252422333
25.6615982056
28.9912719727
31.5293693542
30.5868301392
33.3767242432
31.4955615997
34.9816246033
31.1391544342
27.9856395721
28.2512645721
26.0157966614
25.2556629181
24.2496681213
22.7852878571
20.3973884583
20.3204421997
19.3984222412
15.7016143799
15.2050619125
16.0101966858
12.9577817917
10.258184433
10.2044143677
9.21904182434
7.14954805374
6.34617233276
8.28359699249
6.3348197937
6.5820441246
8.0317440033
7.30358028412
9.25916004181
9.66294670105
11.8056678772
15.4089918137
16.0312576294
13.1935691833
16.9339084625
19.5160694122
20.7499217987
17.7013473511
17.9694747925
20.4018707275
23.1369838715
24.4489097595
27.690038681
26.9919815063
25.0513324738
21.2789478302
18.2367401123
17.6344356537
13.6936273575
16.0093612671
17.5718383789
13.4620790482
14.7256603241
18.6665649414
18.2617416382
15.9698324203
20.8345088959
23.8531532288
25.6827049255
27.1622314453
27.7079925537
25.75963974
28.5859241486
31.5345058441
34.9802322388
33.8666572571
32.5788154602
29.3376235962
26.4028511047
26.1631755829
22.6472358704
21.0728435516
23.5313339233
23.6668338776
19.5569725037
18.5016155243
16.8691921234
19.2342128754
17.000333786
17.7772789001
21.6896743774
22.5871181488
21.3548049927
20.7494106293
18.0233974457
14.9036483765
10.1089401245
6.27258586884
9.03605175018
11.5302371979
9.42751216888
9.66241645813
15.7471370697
13.7301187515
12.2499818802
15.5488853455
17.9927215576
16.5499038696
17.1157665253
23.028755188
21.1057949066
20.7500152588
23.6818313599
25.9014053345
27.4070148468
25.9216995239
27.5772781372
26.9937782288
24.552646637
24.9293060303
29.7448444366
32.5770683289
30.3291358948
32.3929786682
28.3434295654
30.7757740021
31.4814758301
25.9951248169
25.1355571747
29.5035839081
28.3977680206
23.6376895905
26.6591529846
29.4194221497
25.9644813538
27.1260700226
22.938791275
23.9886550903
28.1991500854
27.492389679
26.0850906372
31.124671936
28.3107414246
25.1873683929
24.133764267
25.3656654358
22.2532749176
19.7911128998
22.4448108673
20.0492687225
15.6809129715
18.1823806763
20.7868061066
15.4390192032
13.7748003006
18.1147060394
17.2601013184
20.6394119263
16.7988700867
13.6688299179
13.6931447983
15.6192913055
12.6467790604
10.300031662
6.9111533165
6.21502065659
7.31164503098
10.1170063019
10.3107023239
11.167057991
13.7355728149
14.9605045319
15.336101532
16.1741867065
19.0170173645
19.6820354462
21.026134491
21.8805847168
24.5092544556
71.7953186035
92.4432067871
114.939598083
88.1855545044
105.141876221
92.3303833008
23.8797588348
33.5143928528
30.1690635681
22.0933704376
28.1238651276
30.8389797211
33.1569442749
31.3070392609
38.1553535461
32.7697219849
31.0839519501
37.1962738037
35.4453582764
37.8563919067
34.35912323
33.075843811
32.8476028442
37.0280151367
38.2169799805
36.8130836487
28.2713508606
22.3461933136
35.5022163391
28.4781513214
30.9111766815
30.3985710144
33.1334533691
42.1307678223
37.1807136536
29.8461742401
35.4574623108
36.0516166687
30.1689109802
38.3341293335
31.0750522614
35.2336654663
33.854598999
19.5479183197
20.9506969452
17.518787384
21.5221767426
18.5709991455
21.55834198
25.0164604187
20.5088710785
21.8503990173
17.2188148499
19.5697078705
19.5306892395
19.1397094727
15.1029558182
14.6355466843
15.4994163513
13.9289875031
8.9439496994
10.7520551682
10.9455537796
7.50913524628
7.63353157043
12.2490606308
10.8143606186
7.63390016556
12.4976463318
12.5871725082
15.6085920334
14.5724973679
10.5095663071
12.7287559509
14.1096401215
12.5353879929
16.9510231018
16.519701004
17.2640705109
20.8741550446
21.1056613922
26.7519264221
26.6599636078
24.4994850159
23.0330677032
19.5413913727
21.6465644836
15.6309957504
17.9361724854
15.9211473465
17.1146221161
22.061756134
19.7319507599
24.4775657654
25.8891716003
21.7654056549
21.1235771179
20.6268939972
22.8036956787
25.186542511
25.6648311615
25.5702514648
27.719078064
29.9166202545
30.4465446472
33.9306716919
32.7048606873
36.7105178833
32.1219711304
29.3377819061
30.9586162567
29.6034107208
28.8437538147
26.6272583008
25.4568462372
24.6512336731
22.8723964691
21.2302036285
19.1028423309
19.3214111328
17.9496002197
14.7155237198
14.6826410294
13.769867897
10.5899772644
9.43995571136
12.2815999985
8.97909259796
5.69099760056
9.25915813446
10.3880710602
7.3547167778
6.51153612137
5.49250364304
7.42120409012
10.7618913651
11.5090103149
11.9525384903
15.1732053757
17.9390735626
17.5081214905
13.7963562012
15.8944959641
17.2441711426
21.284526825
22.849937439
26.3353633881
27.1386356354
25.6907520294
20.7380237579
17.9981975555
15.5639591217
11.311671257
11.2884263992
11.2295722961
6.91476011276
6.86461591721
10.7983322144
10.9365386963
8.20111846924
12.1018228531
15.6980905533
18.026309967
19.8054180145
21.4494380951
19.4453372955
22.412946701
26.0398044586
29.7661361694
29.0350723267
28.8262138367
25.6823673248
22.6119537354
21.4741649628
19.5122966766
18.1357192993
21.881483078
23.1306304932
18.5173091888
17.6641559601
17.4938373566
20.50740242
18.0575065613
16.8219184875
20.6577091217
21.8102264404
20.7055892944
17.4692020416
15.9885015488
12.2765769958
10.3666067123
8.75031375885
13.5051774979
12.3446788788
9.77423286438
13.8019561768
18.1645927429
14.7791185379
15.5008172989
18.5575485229
19.4013729095
17.6052017212
20.3404273987
24.944278717
21.4705944061
22.4658164978
26.1818599701
27.3642539978
28.5922927856
25.7364692688
27.9068775177
26.4784603119
24.6114387512
25.9251670837
30.3987159729
32.6762657166
30.6215457916
31.5800056458
26.8080425262
29.6921920776
31.477558136
26.3558559418
25.7921924591
30.6793346405
30.1680603027
25.7799396515
28.8970909119
32.2302474976
29.9417495728
29.8736610413
26.4994430542
26.6655406952
31.6421813965
31.8895339966
29.4846248627
34.2532272339
32.2487182617
29.5602092743
29.2805747986
31.586145401
28.9296474457
25.1346302032
27.4800014496
26.7437419891
22.0072860718
22.7487869263
25.9991264343
21.5992145538
18.7608013153
21.8554172516
22.6287555695
23.8899269104
21.5480175018
17.9383144379
19.6003894806
22.0099945068
17.7693195343
17.6547241211
15.2372980118
12.1297225952
15.5603427887
18.6232566833
17.2114105225
17.3764820099
21.3744354248
22.2129802704
21.0603370667
22.0899887085
26.0079078674
25.9270801544
25.842042923
28.0036296844
31.0506629944
58.5546951294
74.6544952393
94.4058303833
69.4602966309
91.4874725342
70.8184585571
39.8647537231
48.0289115906
47.5394287109
39.331867218
40.9909973145
42.3497428894
41.7540588379
36.3706550598
44.6372718811
42.7294960022
39.857635498
43.7179374695
40.473110199
43.1460876465
38.7121505737
32.4002494812
35.8417053223
35.7755737305
34.7494049072
32.7169303894
23.090045929
24.2245235443
34.2080764771
27.8858718872
33.98021698
34.2022781372
40.1412391663
47.340133667
45.6641349792
44.095539093
45.2218170166
50.0698699951
46.4130096436
48.9300994873
44.0296707153
45.4787254333
44.0749893188
32.8460655212
31.0846233368
26.0579719543
25.9075241089
23.198841095
18.8761386871
20.684381485
19.2009677887
19.0755615234
21.9221954346
25.0115909576
27.9458503723
30.1982822418
25.1368541718
26.5481395721
30.7181129456
30.6246986389
27.1873245239
30.2814941406
33.1426315308
31.8961143494
30.1418514252
35.8718299866
37.2081985474
34.3783111572
39.2538108826
38.5910758972
40.5690803528
37.703212738
34.4966049194
33.3107872009
36.6344985962
33.2499771118
36.6738967896
33.8443984985
32.1826324463
31.9421195984
31.3522396088
35.5476264954
31.3251552582
27.3272762299
25.2575454712
26.6636734009
29.5287094116
28.4140777588
33.0929679871
32.7212333679
36.3774833679
36.5974655151
35.8859367371
38.8208122253
39.0437088013
33.2783508301
29.9661216736
32.0188026428
28.705575943
30.6861457825
36.4760398865
34.393787384
30.872089386
35.6024169922
38.9277763367
43.4964904785
40.2284355164
46.921245575
44.7555084229
41.4490814209
44.3841552734
43.2985343933
45.0321655273
42.1058349609
38.977481842
41.4580154419
42.1165237427
37.465839386
36.8176422119
39.7963066101
38.6740036011
33.9387588501
36.1962509155
37.9435691833
34.8018112183
32.0186042786
37.5810050964
36.5722732544
31.9115753174
33.8666610718
38.045375824
35.4804420471
31.3743629456
29.0350666046
25.4912242889
25.312456131
19.4520015717
21.2805404663
25.6065177917
25.298286438
27.479642868
23.2062683105
25.7420501709
30.0670146942
32.166431427
36.0954971313
39.4838638306
43.8776741028
45.2420425415
42.0337219238
39.9304389954
36.3998527527
35.7191619873
31.2382144928
28.6167984009
25.7979831696
28.5169582367
23.992061615
22.6122169495
19.435585022
22.8411083221
23.1071891785
18.7614879608
15.9431085587
13.3902997971
9.28700637817
11.8254804611
11.4080572128
5.40520477295
4.79039907455
5.22689533234
6.64698410034
8.30120277405
9.81098937988
12.7420034409
16.1777133942
15.6546449661
20.1455345154
21.5157871246
18.5622577667
20.8006839752
21.1139297485
21.5737075806
18.1218967438
15.8399677277
16.5461177826
18.7730922699
14.4351406097
19.2500534058
19.5318183899
24.936914444
28.5360870361
28.8714847565
23.8808364868
25.9117431641
28.8214073181
24.9725933075
25.3071212769
30.659330368
28.9992256165
26.287530899
29.0310707092
32.3820381165
29.7803535461
28.4214401245
33.487739563
34.8236808777
32.7798347473
36.3224639893
30.0994758606
29.5008277893
25.2808666229
24.1130752563
23.9393291473
26.4699058533
24.3654060364
22.5704460144
19.0030422211
15.9573497772
15.4731283188
19.6714572906
19.5377407074
19.1090087891
21.4053936005
23.8861446381
23.6417961121
23.972869873
26.8939990997
29.6754455566
27.6248493195
28.4171562195
28.7266483307
33.4781608582
38.0128517151
35.353515625
39.2511329651
40.7015457153
38.9182891846
41.0199699402
42.5572776794
42.6634368896
38.0544052124
35.6709823608
39.0748786926
36.3824539185
32.7072372437
33.2353591919
33.3586006165
30.4392757416
28.6104698181
30.9775257111
25.7608032227
29.5918540955
28.1287670135
32.2330207825
33.34116745
29.4916419983
34.2556037903
35.6407623291
33.129825592
38.7116851807
39.0526580811
36.5404129028
40.2527351379
43.775188446
41.9059867859
39.5679473877
44.2899589539
46.5124053955
43.9595718384
45.7876167297
49.391834259
49.9040260315
44.9519309998
64.6765441895
89.6315002441
66.4569244385
79.5242080688
71.4135437012
49.5015983582
56.8252563477
53.5796966553
47.1051635742
50.5568084717
50.5503005981
52.8976516724
48.6548347473
54.0359916687
51.1663894653
46.1922988892
49.2941703796
47.0347061157
47.706451416
41.1742782593
39.5969047546
38.904510498
38.6881103516
41.0149421692
40.4114646912
35.173664093
35.0202522278
41.1579055786
37.8640098572
39.5024871826
41.203289032
42.8925514221
50.1456718445
50.0550041199
48.9705162048
51.9665641785
54.3136405945
49.1958580017
50.9874916077
45.3885421753
46.3640136719
46.7159042358
37.2823143005
39.1740608215
35.5295295715
39.1517829895
38.3278770447
37.1702880859
42.8185424805
40.8228988647
42.8623123169
41.434387207
45.4862289429
46.5242767334
47.8614883423
42.1901283264
41.3962097168
44.5745277405
43.9857940674
38.0702629089
40.0494499207
41.5606842041
38.4663009644
36.3255691528
40.7967414856
40.3629455566
35.127571106
38.3285217285
32.3299789429
32.8754386902
29.1491355896
30.7435531616
32.1700706482
37.4350242615
38.2806243896
40.9673500061
41.9436798096
43.3955001831
45.2918891907
47.2730407715
52.4496383667
49.5967559814
47.2555274963
43.8301925659
43.3437614441
42.9236564636
38.1410865784
40.4118499756
36.4977836609
35.5768051147
35.9862556458
32.361579895
33.5012397766
30.5606098175
28.1187515259
24.8337268829
21.4078655243
19.8206596375
23.3403072357
24.0912342072
19.2892398834
19.5355033875
24.3816566467
22.7149887085
24.7821083069
19.0339717865
24.4872169495
25.949213028
21.8791866302
21.536359787
18.9081859589
22.4032154083
22.2343101501
17.9530029297
19.7407073975
25.1316604614
21.150636673
19.8476982117
23.1355838776
25.4252815247
22.3065052032
23.1051311493
26.9927387238
27.1468486786
24.9022483826
28.0281791687
32.3086471558
29.2613353729
28.1991519928
33.6260452271
34.8109703064
32.8816680908
31.6421833038
28.7797412872
26.2236824036
26.1859416962
24.7006721497
21.079957962
19.9287376404
19.7724781036
21.8282241821
24.570930481
23.4965133667
27.3770923615
27.2986412048
30.0837535858
33.7606468201
31.5129318237
26.6836051941
29.2568588257
25.6364898682
29.3737030029
26.4946308136
27.9831943512
29.4316921234
30.792011261
31.1457653046
32.0470199585
31.3656330109
33.5341835022
36.7245750427
36.0838050842
37.3749694824
36.0637435913
33.3016281128
34.7895584106
37.4290504456
35.0733795166
36.877532959
33.4781532288
31.4443283081
29.8199329376
27.6715965271
27.2902870178
23.8308124542
21.0185222626
18.7814273834
14.625992775
16.7966175079
18.9581279755
19.0950622559
19.0330028534
22.5335426331
23.3490447998
21.8136310577
25.2290630341
27.8057575226
28.3136692047
29.2564582825
26.285074234
25.9344806671
25.8933887482
23.1262321472
21.9097919464
22.4855499268
19.3467655182
15.651684761
17.2293777466
17.4655418396
13.3409223557
12.9920244217
16.0492973328
13.6155223846
9.04731273651
14.3341684341
15.2359142303
11.7573757172
11.5256166458
16.1554660797
15.363656044
12.3844413757
13.4911756516
11.9185466766
10.3510007858
9.86574840546
12.8408241272
12.5382118225
17.1580028534
18.2055988312
19.6806278229
16.6561775208
14.9777336121
19.1697654724
18.3512268066
13.3665094376
13.9957962036
18.6790943146
16.8827285767
13.7124023438
8.90654468536
9.79016971588
6.17250490189
6.53691864014
6.69378852844
10.1068344116
11.433175087
10.182636261
12.8021059036
12.8783168793
15.5054950714
12.9864959717
8.01319026947
13.8748550415
15.115814209
10.7038116455
10.0984964371
15.1092624664
15.2800254822
11.4690313339
16.3297748566
18.8146533966
22.0453662872
22.4938488007
24.3152980804
21.4183731079
19.7090358734
20.3650455475
23.951417923
23.1904354095
26.0641365051
24.0246620178
20.6794605255
25.2195014954
25.9826183319
21.6864509583
19.7738761902
25.8829174042
24.5255260468
20.5365638733
24.8922328949
27.5855102539
24.7325572968
47.5647354126
68.1512298584
93.2114028931
69.8071594238
81.2798156738
75.4055480957
49.9724082947
57.0311889648
53.419708252
47.2548484802
51.0885429382
50.9322013855
53.5542068481
49.7965164185
54.7370491028
51.453289032
46.6331977844
49.7347793579
47.6927986145
48.0940246582
41.5871963501
41.093006134
39.8455429077
40.3611068726
43.1592330933
42.6971244812
37.8588066101
37.0833778381
42.9960975647
39.6216430664
40.769317627
42.1492233276
43.0792884827
50.7589492798
50.1925544739
48.6754302979
52.0349731445
53.8478775024
48.3481712341
50.6789970398
44.9211044312
46.1309547424
46.7847938538
37.2462234497
39.6607284546
36.5625801086
40.5413627625
39.979221344
39.5317611694
45.2989845276
43.2397499084
45.4731903076
43.4796676636
47.4695396423
48.0718154907
49.2511177063
43.8582687378
42.660949707
45.4540252686
44.9244880676
39.0228538513
40.5562973022
41.7365951538
38.623260498
36.5440483093
40.3576431274
39.6860809326
34.4533538818
37.0049629211
30.4969444275
30.6542167664
27.1609802246
29.6256542206
31.4321899414
36.5078201294
38.0654754639
40.4149627686
41.9973297119
43.8885192871
46.0638427734
48.3247070312
53.4360198975
51.0166893005
49.0310554504
45.6277809143
44.7915420532
43.9537696838
38.8439979553
40.5071220398
36.2982673645
34.5792541504
35.2060775757
31.3032283783
32.1375732422
28.9730587006
27.499792099
24.8459758759
20.6224575043
20.2836875916
23.5309314728
22.6225986481
18.1420631409
20.0172977448
23.7968502045
20.94713974
22.148267746
16.8088188171
20.979970932
22.6870594025
18.8018836975
17.4134540558
14.4165124893
17.8968448639
18.578830719
14.6750249863
15.6896657944
21.6705913544
18.5614948273
17.2314434052
20.0101566315
22.8461742401
20.7227420807
21.0464477539
24.8204803467
25.7153968811
24.0924396515
26.2535667419
31.0265541077
28.7562561035
27.4923820496
32.3888206482
34.1189002991
33.0379219055
31.8895359039
29.7157478333
26.915807724
28.1403408051
26.2456684113
21.7469787598
20.7562389374
20.131942749
23.2532520294
25.1627941132
23.071969986
26.6825637817
25.8198204041
28.0689525604
31.2550563812
28.3842601776
23.704832077
26.8938655853
23.71002388
27.9223442078
25.8070526123
27.9689559937
30.0737609863
30.9325580597
32.2040748596
33.3687705994
33.2576942444
34.9782066345
38.1971206665
38.2410011292
40.0536880493
39.030834198
36.7832183838
38.0243415833
40.9063224792
39.1825370789
41.3375282288
38.0128593445
36.1735992432
34.2620735168
31.7830677032
31.0079612732
27.4947395325
24.160358429
22.7890605927
18.4747047424
19.2305393219
22.083562851
21.9591960907
22.3654308319
25.313331604
26.383266449
25.6590652466
29.0244426727
31.1370029449
31.5764541626
31.9702243805
28.5686817169
27.2950897217
26.3594493866
23.8288421631
23.4986839294
23.3041000366
19.7115459442
17.7883529663
18.409154892
16.8924636841
13.7332601547
14.4545450211
15.9840211868
12.4379205704
10.2615156174
14.8330621719
13.7240791321
9.84166240692
11.1953372955
14.4430475235
15.843624115
13.8977146149
16.2633495331
15.1463832855
14.6350355148
14.2145786285
17.9303760529
17.8720016479
22.495054245
22.9482593536
24.9637718201
22.1896152496
19.852148056
23.685968399
23.4721508026
18.5864543915
18.2342529297
23.0357398987
21.4740600586
17.3532485962
13.878736496
13.3505125046
9.81558132172
6.53691768646
4.96468114853
7.63208580017
6.87987327576
5.68819856644
7.75726461411
8.22830677032
11.1027498245
9.45832538605
6.58790493011
11.2231206894
13.0225791931
10.0659294128
10.8359966278
14.8648252487
15.6104049683
13.2004890442
17.5627613068
21.8486423492
23.7547988892
23.9927310944
25.0913639069
22.0577888489
20.6180953979
19.6439990997
22.8215332031
22.2607727051
24.0675678253
22.0614871979
18.6928329468
22.4268913269
22.61652565
18.1836967468
16.4805107117
22.0545711517
20.0984725952
16.0482654572
20.4474201202
22.8045959473
19.473947525
54.4579696655
72.919670105
98.2854919434
75.6121749878
89.2083435059
80.0427322388
45.9175643921
54.2286720276
50.582195282
44.0792198181
48.3098144531
49.390411377
52.036895752
48.2421112061
54.1312866211
50.7404174805
46.2915229797
50.271396637
48.2211875916
49.4249458313
43.5375366211
41.9541931152
41.0073204041
41.4082489014
43.5747032166
42.6100273132
35.9565086365
34.4068183899
42.8653526306
39.3379020691
40.8150978088
42.4378471375
44.4550552368
51.647403717
50.7553443909
47.7913780212
51.9575843811
53.3301620483
48.0246353149
51.36353302
45.2783355713
47.0399742126
47.036190033
36.4431343079
38.5095863342
34.5152664185
38.6310424805
36.9125556946
36.5876197815
41.9185791016
38.7053375244
40.2553443909
37.9969367981
41.4093093872
42.8125534058
43.1951141357
37.6153907776
37.7960891724
40.3359565735
38.7569236755
33.2518234253
35.7181510925
36.5841789246
33.0657424927
31.9254817963
36.4428787231
35.0200157166
30.1997375488
33.4816970825
27.703250885
29.025724411
25.7208786011
26.8937854767
29.5604743958
34.2175750732
34.9379882812
38.2358589172
39.127407074
40.4939613342
43.0823745728
44.4189910889
49.9801330566
47.9542236328
45.3562469482
42.4503898621
40.993270874
41.6075515747
36.0599937439
38.4573020935
34.6234054565
33.6916809082
35.7883872986
31.8199939728
34.1199760437
31.9489936829
29.1057434082
26.2141857147
22.3273029327
22.3258666992
26.4129714966
26.3941268921
22.2493209839
24.0141277313
28.6678752899
26.793926239
29.0738544464
24.1456699371
28.9521636963
28.8388328552
24.5883274078
23.7365703583
20.3366603851
22.6815738678
22.8739719391
18.8798446655
18.2731018066
23.588514328
20.4302692413
17.1651649475
19.58710289
22.6813564301
19.0229740143
18.0584125519
21.9075508118
22.2909736633
19.4463710785
21.379573822
26.3978309631
23.439453125
20.7868041992
26.4366931915
28.1337909698
25.7287368774
25.9991226196
23.0131263733
22.1811122894
22.5224952698
22.1153106689
17.9169197083
18.7270908356
19.973361969
22.0035324097
23.2810726166
22.5743656158
26.7710285187
27.6066951752
30.1270561218
33.888999939
31.6044082642
27.2344455719
28.1494827271
24.2008399963
27.2234249115
23.512714386
25.6331157684
27.228345871
26.9524364471
27.1818008423
29.2877483368
28.0324020386
28.9976558685
33.3847122192
33.5905189514
34.5925521851
34.1227035522
31.8304138184
32.0101623535
34.6076889038
33.7171440125
35.9037513733
33.2353515625
30.6001033783
28.3008289337
26.0780658722
26.6723804474
22.0878257751
20.0944042206
18.4833545685
15.8482723236
16.2655220032
16.049943924
14.4021282196
14.1421470642
16.5298271179
18.6533107758
18.7125072479
20.9503936768
22.4117240906
24.260559082
23.6366825104
21.2656822205
19.2235031128
18.7982406616
15.2583808899
15.9100894928
16.8605880737
12.5124921799
10.4691066742
13.3084993362
12.9209756851
9.72230434418
11.6528568268
14.6596193314
11.6635932922
12.108745575
15.8421869278
16.2146034241
14.6088142395
16.2119674683
20.3497447968
19.423625946
17.919878006
18.1465492249
15.1605033875
12.7809696198
16.3852653503
19.1224098206
17.1186408997
21.101524353
20.2677135468
21.3479137421
19.2287368774
15.3091154099
16.7010231018
17.4673671722
13.8882226944
11.3889856339
15.268032074
14.7846946716
9.82956600189
10.2136869431
6.94390726089
8.5845413208
10.0984954834
10.8359947205
11.6538639069
16.9360466003
15.6290550232
12.3961324692
12.9018888474
11.2088737488
11.782875061
10.2484550476
6.16518545151
7.67389583588
8.45808696747
6.47286367416
6.12268018723
7.70298719406
6.47227287292
7.65531730652
12.4970064163
13.614991188
14.2657928467
15.1939382553
12.1255102158
11.4353895187
11.6087942123
15.6216821671
16.3568439484
18.4906330109
15.7654256821
13.8178472519
19.3399848938
19.4059963226
15.7122917175
15.3287677765
21.1531448364
19.6930713654
16.8809604645
22.3576469421
23.8739452362
21.743932724
61.9229278564
83.68359375
108.381973267
83.5307846069
94.3028411865
89.6421279907
44.5470199585
51.5182991028
46.9431495667
41.4461326599
46.710647583
47.0109786987
50.126083374
47.905216217
52.396987915
47.5613594055
43.971534729
47.8799438477
46.6017150879
46.8088607788
41.3716583252
42.7074050903
40.5616035461
43.7460098267
46.9438095093
46.5796279907
41.1854362488
38.081325531
45.8347740173
41.0158157349
41.4464225769
41.754360199
41.4090309143
50.3286476135
47.3751182556
43.172077179
47.9763298035
48.1614685059
41.5504684448
46.6986923218
40.2088356018
42.9157218933
43.8797912598
32.8104629517
36.2146644592
34.2725334167
38.987827301
38.3995437622
40.0776824951
45.4774131775
42.6992263794
44.9795722961
41.3981399536
44.677116394
44.3291358948
44.6537780762
40.3778038025
38.7136802673
40.0711936951
39.3380584717
34.1409454346
34.6437301636
34.6462783813
31.6175041199
30.3214969635
32.2571334839
30.5989208221
26.0821018219
26.8766155243
19.944393158
19.6825313568
17.5325336456
21.4453258514
24.7335758209
28.362651825
31.2731018066
33.1095199585
35.811794281
38.4757270813
41.5695648193
43.8850212097
48.8202667236
48.0246353149
46.7582206726
43.9539489746
41.7907676697
40.7983665466
34.8564949036
35.1540565491
30.7672519684
27.5185775757
30.1011123657
25.7577323914
27.1510753632
24.9462985992
24.9218330383
24.2872619629
19.2393264771
22.610704422
25.2871723175
21.1042079926
19.2371559143
24.4940414429
25.8500518799
21.8873748779
22.2422027588
20.1238288879
21.1036891937
19.6827335358
16.7964820862
13.9983444214
10.7270727158
10.2502994537
12.482588768
11.4968175888
6.72016572952
11.6982841492
12.5575418472
9.66325187683
8.84710884094
13.2739429474
13.8838500977
11.6971483231
14.0528421402
16.8671703339
17.0982303619
15.8128290176
21.2085514069
21.3546390533
19.6820392609
22.2755241394
25.190946579
26.4354724884
25.9270744324
25.8850879669
23.5675868988
27.7073421478
25.6722679138
20.0768280029
20.7624588013
20.3771953583
24.6520938873
23.4620876312
20.0270614624
22.5347518921
21.2355690002
21.7731361389
23.7855491638
20.1530284882
17.1715812683
18.7671260834
16.7818450928
20.5584564209
19.951965332
23.6466560364
26.9582214355
25.5621871948
28.7769355774
30.9779586792
31.941827774
31.9019908905
35.2774276733
37.3482055664
40.0875320435
40.2245292664
39.637298584
39.6433029175
42.8879241943
43.463104248
46.555065155
43.9595870972
42.5856552124
39.840713501
36.6992416382
35.4309997559
31.8615188599
28.1912097931
29.1723327637
25.9631309509
23.2661991119
26.008026123
25.1553382874
26.8351955414
27.5979614258
28.9063510895
30.5827865601
33.2908401489
33.8485374451
33.803314209
32.6053962708
28.5971240997
25.091966629
21.973985672
21.0628032684
22.9228649139
20.8291606903
17.4121513367
20.7471828461
18.9764823914
13.847243309
15.2964744568
18.2467136383
16.0411128998
12.305311203
17.8885555267
18.3844356537
14.1393156052
14.301533699
18.1079883575
17.8870944977
21.0176944733
22.2431278229
24.6012897491
23.384979248
24.2620258331
26.0538425446
30.2841815948
29.5498657227
33.5700149536
31.7618942261
34.7020454407
33.2698898315
28.9440803528
31.1065979004
33.141784668
29.3234348297
26.3764019012
31.0529136658
31.2353687286
26.1509284973
25.2808246613
22.0933456421
20.2423553467
20.5365581512
16.0482616425
16.0147724152
18.5888118744
14.0879964828
12.0911893845
9.18036842346
11.5200510025
8.24267196655
8.08445835114
13.8192625046
11.2013521194
9.69001674652
13.2625770569
16.8809547424
15.0587949753
15.7623796463
18.1124076843
19.9927806854
26.5745429993
24.8416309357
23.771478653
23.2873630524
21.4640045166
19.9263782501
15.22610569
15.5662145615
15.3299341202
13.7337722778
13.1688737869
10.4307117462
10.2458581924
9.2134771347
5.89189147949
5.92265176773
7.43684482574
5.16229581833
6.90061950684
7.63427209854
6.64468050003
