31.9547595978
33.9290657043
22.4078807831
33.3190155029
39.3579216003
26.8096809387
27.2168006897
35.6870880127
13.4949302673
26.9937458038
41.0164642334
24.5581531525
21.3702964783
28.1849384308
18.830406189
16.4772567749
19.6991481781
17.8151950836
29.2752513885
30.8332214355
19.3288860321
24.2349796295
35.017326355
27.2798061371
19.4137458801
5.88309907913
32.6276321411
44.9188957214
35.469997406
36.8297233582
14.7865962982
32.230266571
23.7846946716
26.8624362946
23.6961536407
28.5311145782
21.3395214081
24.0850448608
38.5897979736
30.7786331177
38.5074996948
30.4879779816
31.7711296082
38.35338974
10.0282926559
35.4747276306
21.8110103607
20.1999797821
33.2133636475
17.2234783173
10.7257194519
25.2870693207
24.1283435822
30.4564990997
45.9436912537
23.9165859222
17.1989517212
4.89833211899
17.8653030396
31.4715270996
27.7467784882
35.4608764648
20.213218689
19.4402313232
13.0523300171
12.1692810059
41.7774505615
25.125169754
19.2026119232
39.729095459
7.97409629822
18.5491695404
33.5608329773
39.8052558899
24.3762302399
41.5303878784
10.7373008728
41.4831962585
18.3621616364
15.0254678726
29.9298877716
11.6661863327
25.2552433014
36.2808952332
42.8817558289
26.2449836731
13.2484016418
22.472120285
46.6570968628
27.0006866455
16.4380931854
46.9041099548
18.0081043243
18.0887126923
26.2874774933
24.0406150818
15.6962747574
11.2116937637
30.7333602905
17.9765796661
19.0387115479
47.7274665833
42.9931793213
29.1169490814
24.8337841034
28.9676742554
32.0763053894
8.96691703796
25.7211914062
19.7512245178
34.4270706177
24.7102661133
37.923614502
16.8092975616
19.8704109192
10.4266223907
28.3271789551
25.2784366608
48.2828140259
35.773223877
3.53557252884
34.3732223511
42.493347168
35.0257644653
22.5328025818
44.8919830322
48.5400009155
32.7482032776
44.3421821594
7.71728181839
41.6131973267
21.6273136139
23.387512207
16.9692001343
12.6088533401
28.0988063812
39.3140525818
40.3178710938
31.2436618805
35.5344696045
27.6831970215
43.9907989502
3.43746232986
32.5514030457
24.8007259369
22.3121833801
35.1349906921
31.7670612335
14.5197982788
14.2904691696
26.4050140381
11.5551929474
34.9379119873
29.5434436798
22.9652080536
29.9229240417
16.291633606
34.6298103333
11.0873622894
12.0092544556
42.6181106567
16.1627864838
49.2348327637
38.7093429565
41.7076454163
36.0014457703
30.9384746552
18.1997489929
25.3035087585
4.2601518631
30.7467041016
26.9580516815
46.1420288086
21.3106365204
51.5084152222
37.237033844
43.5933876038
41.7806892395
35.1294441223
32.9654655457
40.5806770325
33.1676750183
18.3731479645
20.0211257935
23.3600559235
19.2672691345
31.834274292
13.8426494598
22.8345184326
17.3717060089
27.3003883362
17.2641124725
24.8691749573
44.3208465576
27.0921669006
33.5532913208
45.5139884949
34.5149459839
36.2560081482
13.4874095917
38.4623565674
26.6332626343
24.2770118713
37.778175354
14.8512382507
6.09062385559
6.44125938416
14.3738098145
31.0885620117
35.9791793823
24.9296302795
36.4800186157
15.2419786453
30.6265830994
18.1286239624
32.5644493103
26.6764793396
21.0783672333
36.7953109741
33.6338500977
30.1653289795
25.5276298523
18.0064983368
20.2505817413
10.269900322
32.9394073486
15.6524772644
7.88132095337
17.6730422974
50.5700378418
11.8763990402
55.027759552
53.6608924866
14.3898458481
27.686964035
33.0670852661
16.1143989563
32.7725906372
41.59633255
42.184211731
45.640209198
21.7842636108
14.3534240723
29.4644622803
49.6279182434
20.9119167328
41.860622406
36.5913696289
46.835357666
22.2926101685
15.6391458511
15.194642067
15.9897727966
43.1554298401
15.8914461136
37.6226654053
21.5706577301
35.40599823
56.0732536316
31.8445949554
43.1327018738
10.3903932571
21.0895633698
7.48065805435
21.6469783783
25.8420963287
20.5525245667
39.9343643188
14.8544511795
28.1035232544
33.5864143372
16.188709259
48.9029045105
40.9885253906
30.3403453827
29.2308292389
27.6445770264
28.2042942047
20.9534568787
31.5574932098
40.5443382263
50.3095016479
29.0744915009
20.0285625458
18.8942871094
33.0342102051
49.4586753845
36.8300971985
35.9610824585
16.2334804535
31.8722038269
37.6984214783
4.81140518188
38.0528678894
40.6625366211
28.0237979889
25.7382316589
29.1670799255
8.90026664734
38.2783966064
24.0560340881
29.2221546173
33.8852844238
27.9820079803
34.4621429443
30.611038208
14.2278499603
27.9765357971
21.9191074371
37.6460113525
30.4255065918
23.69972229
36.4127120972
38.2232704163
24.7433853149
47.0670204163
29.9177742004
28.5463829041
22.7771644592
33.2998657227
39.9114685059
29.570558548
42.723991394
32.543094635
7.29894733429
10.4982032776
23.99958992
30.4715442657
22.5957374573
24.7739601135
50.4728279114
28.8147678375
29.8742580414
15.9186420441
37.1877593994
14.0564184189
43.091003418
27.5478210449
36.7500724792
28.8610992432
18.8447265625
23.3091430664
14.8604726791
44.1581382751
19.0463886261
11.5286273956
28.7706031799
35.1203842163
13.0106420517
20.9537696838
27.366355896
26.4305343628
41.1086540222
20.9201011658
42.4792175293
31.7397289276
33.8067512512
36.3171539307
28.4323997498
26.541053772
18.0609512329
24.0045318604
23.2306938171
41.2876205444
3.7909617424
42.550907135
20.1884708405
31.065328598
52.0606842041
23.5681877136
31.0643062592
46.4871177673
40.5339050293
29.4899082184
37.3638420105
21.186132431
22.1903972626
31.971321106
36.8306732178
50.3904418945
24.7017765045
49.2570419312
38.7577323914
18.8288860321
48.2014122009
9.38615226746
23.1952419281
28.0046634674
14.1070070267
34.1879310608
48.2461585999
41.0393486023
41.3725624084
23.6386470795
20.8183288574
6.43421697617
58.1638031006
13.0274648666
18.4553031921
6.66610765457
10.3671112061
19.3454856873
26.598361969
10.5862588882
20.0065307617
44.7120742798
30.7386894226
38.88022995
35.2679138184
23.7530574799
52.0595703125
46.6746253967
34.7781295776
23.0458335876
36.6372833252
32.8309555054
17.0752944946
23.4702739716
33.9534454346
4.34095239639
18.9148368835
24.2691059113
41.2951965332
19.600358963
30.5813751221
36.6925811768
18.9553604126
42.4189224243
39.1868782043
42.9613418579
32.4733123779
24.8395690918
18.2851905823
29.9912548065
25.5357589722
36.4913101196
38.9435348511
40.1601409912
41.3603248596
29.8050079346
34.3353919983
30.5582294464
30.3378200531
20.5089645386
39.855052948
47.3004226685
34.6407737732
23.5006084442
39.9211006165
32.429889679
33.0238800049
27.7246284485
54.0366630554
29.7730827332
43.50207901
55.2887840271
19.2432174683
28.8916816711
19.530418396
28.4778327942
29.5122795105
42.1609535217
44.8330879211
44.8836364746
16.8721961975
29.7638187408
20.3946723938
51.6705818176
17.2280979156
46.8844871521
39.843082428
33.1419525146
8.44259738922
38.7525749207
26.2355194092
17.4467201233
41.638217926
28.8709659576
44.4573402405
27.0143299103
42.6985282898
57.2560539246
29.9785385132
47.9641647339
20.3803195953
35.3917427063
25.7385406494
29.7960071564
19.9129638672
40.7253036499
23.1264019012
23.1434841156
17.8544559479
33.6986923218
31.419052124
46.754108429
25.6694335938
34.5101890564
38.4099845886
40.2374763489
41.79347229
25.9295692444
20.0007648468
29.4374752045
47.4277038574
28.5658950806
16.9660968781
11.6896657944
48.0812416077
34.4248046875
30.1569633484
17.9076747894
40.4916687012
39.8330535889
25.3029346466
26.8062839508
41.7221794128
41.2344512939
33.2256088257
31.2653388977
34.8777236938
33.816532135
28.2177753448
22.8924732208
22.9565181732
41.4927558899
25.2032623291
11.6518850327
35.3650856018
45.0757789612
19.2916374207
23.0927658081
38.0200080872
34.0269432068
45.7656440735
33.4741249084
40.8471946716
45.5062141418
26.8098487854
10.1931257248
23.5719985962
19.7860393524
22.9193878174
42.6776542664
43.1898422241
36.0766983032
31.3663749695
36.3690948486
23.6477489471
37.9518432617
29.2066841125
6.14766979218
39.8914489746
39.2008666992
33.8077697754
29.7713737488
14.585185051
31.7114868164
33.567440033
31.1588821411
24.9152145386
38.0349235535
25.9077796936
40.9314422607
34.3034820557
31.2828369141
28.423789978
32.9658927917
21.4133033752
40.8800354004
38.822063446
37.4768638611
43.0158119202
41.6651878357
25.5769538879
40.2266731262
43.946308136
32.3396186829
19.0201740265
27.2386817932
14.6662054062
31.386920929
39.1338844299
35.9658622742
41.8301010132
48.9632225037
31.1112041473
31.7614536285
29.6437644958
40.2026596069
50.9159660339
33.334728241
44.9238052368
41.3922386169
20.7742271423
36.4618988037
25.0101490021
14.3985242844
33.8853187561
34.3987236023
46.078502655
42.6648674011
21.8913917542
42.2706108093
28.8025760651
39.8204994202
44.0205955505
34.5778121948
25.7980232239
32.4506912231
31.938835144
44.591960907
46.4523200989
47.5374794006
28.7451152802
31.7432022095
31.8962345123
34.8180732727
50.9050254822
38.1676940918
37.2247772217
34.5637741089
29.5571651459
35.9180870056
42.4872207642
21.9044418335
36.676322937
44.2266044617
22.4812240601
17.856552124
33.2441329956
35.061668396
38.3657341003
47.6162071228
18.9772815704
26.1806240082
18.4517936707
7.58591175079
40.042678833
29.7991409302
17.2322330475
33.2291603088
36.1255607605
27.4672470093
37.2887268066
19.5670757294
37.2369308472
43.7249755859
39.050567627
40.4473953247
25.8900699615
27.9063415527
25.4297866821
23.4253463745
18.1965084076
39.5786094666
24.8912773132
20.5369510651
48.4473571777
42.4192619324
51.0065612793
33.6355056763
35.918712616
20.6361675262
45.0807800293
31.6296920776
47.0900230408
45.2748718262
30.3920993805
32.8068008423
15.9704656601
31.6044883728
35.373008728
23.072593689
13.7615232468
35.5724258423
22.8567829132
15.2563333511
43.2760658264
30.9133739471
26.9062995911
24.624797821
27.6613769531
13.2352609634
11.4864997864
5.95942735672
31.5177593231
26.4907264709
30.5143470764
11.9634609222
42.9297294617
9.11033439636
17.6639919281
22.2924289703
39.0120582581
37.237537384
38.8535881042
42.6937255859
15.761598587
33.38230896
14.178150177
22.5098819733
15.950252533
17.1435756683
29.4342136383
8.89993286133
39.9499168396
21.7636375427
39.8271827698
24.3231964111
41.3600196838
33.4872016907
26.7586765289
39.8527793884
32.8511772156
26.074131012
32.916557312
11.6455869675
23.1059856415
15.3954706192
15.7937955856
26.5841522217
36.5426139832
20.9825935364
29.8336677551
21.8740673065
11.3958597183
41.7221794128
29.7406654358
37.6279029846
32.5709381104
18.7090911865
18.8968772888
22.7195625305
45.0778121948
20.1817054749
19.651184082
40.4647789001
23.6335811615
20.4419345856
33.8289260864
29.9688987732
38.2062225342
19.0985660553
38.9624481201
20.2897129059
20.8742847443
21.9165935516
17.7803325653
37.9344177246
31.6414871216
30.3809146881
27.3319377899
23.0620002747
12.6308374405
42.0494308472
15.4517860413
12.2180700302
38.2156295776
19.2749843597
16.5215969086
37.9918365479
22.5593948364
23.8469619751
28.3276309967
24.3194122314
17.3393821716
8.12368965149
46.0439338684
36.9876060486
27.4790649414
23.4368247986
32.8120422363
39.5928001404
20.2563037872
18.0467739105
10.8625383377
35.888130188
35.138759613
38.4138145447
17.7951602936
13.4676733017
25.5635738373
15.8901157379
22.5165157318
40.017490387
33.0797958374
20.9991664886
38.1982383728
42.5345802307
45.456741333
19.1941795349
37.8678970337
42.370803833
23.9728775024
34.3035202026
25.2028160095
31.6838340759
4.1173119545
29.8791542053
31.1706123352
25.9426841736
33.1632881165
34.5926094055
31.1386928558
30.8569545746
27.6919803619
11.2779283524
42.8796348572
20.8029689789
35.7750473022
17.6126022339
11.7939777374
38.4862289429
18.6257724762
9.51594829559
31.0230369568
14.7652130127
20.2383003235
38.5190544128
28.9229927063
13.232585907
12.7854251862
14.7810297012
43.3099746704
17.737443924
26.4386367798
33.4182128906
21.7682571411
45.9985122681
36.8850364685
37.1967010498
35.4898796082
14.8947219849
8.50741100311
10.3911552429
22.36926651
33.9779586792
20.1466236115
42.3491592407
19.5854682922
46.8160896301
28.2107067108
39.3263778687
43.114238739
26.1818504333
21.4326877594
43.9039878845
24.0354194641
4.25265407562
31.3722896576
33.3385162354
27.0582580566
22.2716350555
22.8280162811
6.60131263733
26.1973323822
23.6295509338
28.0484409332
36.9697570801
35.7640304565
20.7003211975
46.6251831055
42.7741012573
25.6599159241
33.0345458984
7.49809122086
39.7601890564
28.010471344
17.7966766357
28.3064575195
18.3412895203
22.9520816803
23.5812988281
17.1454029083
29.8895130157
42.7279701233
14.5752077103
35.1807518005
30.8095188141
13.0386104584
12.1807422638
14.4956626892
31.3898048401
10.0122394562
47.9373626709
26.5550422668
31.0395755768
12.669836998
7.18974304199
25.8845672607
22.1444702148
21.7013320923
24.6004543304
22.0365943909
15.2064571381
29.1721897125
27.6879997253
42.0850257874
32.3648719788
33.403137207
33.8694992065
29.5316257477
16.2932090759
34.6920776367
28.3378582001
26.2789554596
26.1875648499
26.1319561005
15.9261693954
35.386428833
29.1230392456
40.0501098633
16.4684715271
27.4572296143
38.1723403931
34.9250640869
18.669418335
33.5294075012
37.277973175
31.4987373352
28.2509555817
22.5953807831
14.4523849487
22.6816940308
34.319568634
35.3019256592
22.4656238556
29.8013496399
8.28611278534
30.7840270996
12.7386007309
41.4736022949
25.0946941376
37.6277008057
34.5880966187
36.3731422424
33.26537323
27.0046291351
31.4516391754
34.2303695679
11.1434774399
16.8596611023
25.4000434875
19.0746078491
15.7103967667
36.0169258118
35.2795715332
31.7190380096
41.2344512939
27.6239013672
29.6084671021
37.1050491333
35.8944473267
30.4898796082
33.2022666931
35.9517669678
23.792974472
29.9578876495
30.1226787567
35.1565208435
20.4419345856
20.3542804718
33.6290397644
25.7289943695
31.8377113342
27.0759620667
22.5182914734
27.1050434113
19.0121383667
26.2641010284
41.0141716003
20.8253517151
10.3317937851
22.6300258636
31.6708564758
15.3258781433
27.0335140228
20.153219223
22.2192993164
19.8971786499
35.4103927612
19.2733955383
39.9082641602
18.1188335419
29.4746570587
38.9918327332
23.1097068787
31.495967865
15.1523361206
31.6909255981
20.5176258087
20.7048816681
26.8809242249
32.002368927
36.6913452148
38.8046264648
18.1695041656
13.8964939117
30.4173202515
38.9075279236
31.0586738586
28.8500766754
14.2472629547
35.8089866638
5.45350503922
16.0731449127
21.4135169983
24.519859314
36.0788497925
34.6048126221
33.0434646606
45.7438468933
26.4678611755
20.2707691193
25.0201148987
18.6262760162
15.8306512833
37.3303794861
12.0334434509
20.0278072357
35.0920028687
38.1356506348
35.9017486572
31.2506160736
22.6032829285
12.5230617523
28.8343811035
18.9475078583
19.2226104736
30.491979599
35.6172676086
32.9224243164
20.3158607483
31.1619739532
36.2345085144
12.6658067703
28.4883270264
40.8107147217
7.94687604904
29.7053470612
31.9185638428
26.4500522614
13.0939245224
10.8773231506
32.7030906677
42.216342926
36.6596183777
37.6119499207
14.1224908829
38.2913589478
30.1748008728
26.1177520752
25.0663795471
28.0699214935
7.5368976593
28.7770423889
20.7631835938
35.883392334
32.9928703308
11.3935518265
26.9624443054
39.3947296143
29.6052818298
10.2955741882
24.2556190491
34.1014671326
8.88924598694
11.2225732803
35.4369087219
9.06000900269
24.4672431946
36.7554550171
38.1380195618
35.2923965454
7.00063657761
39.4166526794
23.9429283142
31.6884212494
16.2468891144
34.4843826294
39.9486122131
16.7842845917
11.9004049301
48.9274520874
28.4317111969
9.23585700989
22.4318218231
24.20703125
30.4230098724
31.2064552307
25.1060161591
10.8669815063
32.9124488831
34.9185180664
36.9248504639
23.4686489105
22.7963829041
38.5890464783
14.8786535263
26.1909542084
39.2662620544
13.7181739807
26.0460510254
15.4668741226
34.5671386719
14.6635332108
48.2518844604
24.1410655975
28.1906833649
21.5974025726
27.3650569916
30.2234745026
41.4491996765
16.3062934875
33.5978889465
42.0793418884
32.0886764526
17.6549282074
37.7578315735
20.3689441681
17.8748188019
51.2153816223
25.4237499237
37.0331420898
32.3710861206
20.2974853516
7.08691358566
9.99763298035
15.9226465225
41.6464157104
34.6223716736
27.4755268097
15.4856672287
42.7113876343
27.1260604858
11.1108360291
21.7328281403
45.5005302429
48.8314399719
38.8316192627
44.7488098145
4.63275527954
33.9243965149
14.8815097809
35.1487808228
15.4490289688
19.7117233276
21.9263744354
17.0116958618
47.5451431274
33.0907859802
43.3541641235
38.1515769958
38.3058776855
34.9925117493
26.6527442932
40.4374732971
30.6261196136
17.5053310394
33.7093048096
11.4856786728
28.4799098969
32.0166168213
20.9462299347
24.5579071045
52.6579017639
31.4155349731
26.9619617462
18.1858139038
14.8098344803
45.5062141418
29.0889282227
47.2314376831
35.7685394287
3.50324034691
11.6411161423
16.0644226074
52.4009170532
18.0586414337
10.2259473801
45.4938087463
19.9011802673
19.2749843597
35.4103927612
49.1910057068
23.5003261566
43.0802459717
11.7585945129
52.5598716736
31.232749939
30.2733249664
24.6178588867
26.3036289215
37.0769615173
36.4220657349
45.6846809387
37.8555717468
30.2783679962
20.717124939
56.1092224121
18.817111969
27.1353530884
53.2429733276
29.1052684784
38.0064125061
34.0757446289
31.5878314972
26.5581645966
23.7641391754
4.69996166229
21.6227531433
53.8669395447
46.0572662354
40.4784126282
18.990228653
29.6803569794
45.6274375916
16.8706569672
21.4840774536
23.8077468872
35.7945556641
41.8144950867
39.027759552
30.4547271729
25.395198822
21.7601165771
31.5176734924
31.9979610443
54.4319343567
35.6132392883
20.8087062836
36.2276420593
44.2384185791
41.511428833
13.9122362137
47.6241455078
55.941696167
27.4000320435
49.9934272766
24.4842357635
45.067653656
22.8726024628
21.8362617493
28.3701343536
19.7445735931
42.8700714111
49.7183685303
42.7792854309
28.0518169403
31.7443351746
21.0648880005
48.061340332
16.8980712891
33.4281730652
19.0828666687
18.1517410278
34.1956634521
27.3862857819
20.3182220459
30.3214416504
30.9100513458
27.9847679138
47.56873703
27.6910266876
30.0055179596
28.5073184967
24.3422985077
40.2923774719
10.6401805878
18.9937591553
45.9607200623
4.56287717819
54.8137512207
50.0535202026
52.4348297119
36.781452179
30.6653022766
16.0979270935
17.9590988159
20.1447105408
30.011762619
30.42927742
50.156414032
23.4232387543
56.6461219788
40.1501960754
46.9752540588
45.0813293457
38.6716804504
30.2707176208
47.5745773315
34.8291969299
18.1468925476
26.7438869476
40.7722015381
17.4455890656
36.9266433716
27.3475551605
21.9139919281
33.919834137
36.8730583191
34.424911499
40.1421089172
47.4593009949
34.5274620056
43.1360168457
49.7015953064
37.1778640747
47.1261291504
20.9581546783
50.1699256897
21.2747440338
14.3608436584
39.1643409729
5.26370382309
22.2652759552
24.1822662354
27.5762882233
43.0183258057
43.3209190369
21.9424152374
48.595035553
27.5913944244
27.1798858643
9.44232559204
28.5544948578
24.1543865204
27.3516979218
44.2072944641
25.8975296021
29.7322273254
16.8122081757
18.245798111
11.4941596985
27.7911014557
8.12609577179
15.436457634
25.151468277
19.7075805664
27.1084938049
19.9922790527
34.8188438416
29.8692760468
38.1171607971
12.7345533371
34.4048423767
18.5056056976
13.4600467682
15.4486780167
16.7360877991
25.0964488983
32.9499511719
20.1099376678
20.3402843475
26.0296421051
29.6814994812
28.711938858
8.34575653076
30.6204395294
35.8684806824
34.3396072388
22.1979999542
30.6821994781
16.6379451752
16.4660720825
12.6891078949
26.1444187164
9.75253200531
32.3893966675
13.108086586
21.440454483
33.7376785278
21.1581783295
26.6717414856
28.7977867126
26.6689071655
16.4721641541
29.0927295685
24.6944503784
22.5588607788
9.4636297226
15.5596189499
25.2161655426
31.9483680725
27.4084339142
10.645816803
6.34988260269
42.762802124
21.7291889191
21.9027862549
23.1099510193
28.0677909851
37.9518432617
12.4262332916
36.605594635
32.2966384888
21.6098899841
12.5733366013
15.466345787
39.494682312
4.89482450485
8.85199069977
29.2387104034
21.9739284515
23.4368247986
26.8809242249
40.1772422791
10.7164773941
25.123041153
15.202041626
42.7230682373
27.3197231293
29.3045310974
10.1730298996
26.2941913605
30.3697566986
18.8054924011
35.5290107727
29.5187397003
31.4262943268
13.439740181
44.9319877625
13.9323616028
29.1250190735
41.8791999817
18.990228653
25.6274929047
30.3140239716
26.1049613953
29.9359455109
28.5638561249
8.0900182724
14.588262558
18.7811641693
37.6491088867
29.997549057
32.807384491
13.5780792236
36.8651885986
30.0511722565
9.16701889038
18.9941139221
18.0818080902
39.713634491
20.8257160187
34.7178764343
19.1881980896
22.0544433594
24.77942276
20.8772640228
42.2544937134
17.2404232025
28.2571182251
19.5778255463
25.9581813812
30.3039741516
6.09203243256
31.8126182556
43.254650116
12.6868171692
39.6426620483
28.3218345642
32.6267318726
27.0991802216
11.2477111816
24.9172039032
18.9875068665
36.8731689453
41.1664237976
29.0185718536
9.32630729675
15.2748451233
21.7839870453
30.6902275085
24.02202034
16.4984722137
7.96384000778
30.3859920502
17.2783718109
18.0297336578
29.4235172272
31.8007984161
25.203458786
29.5255126953
37.6695098877
9.15339660645
26.7916488647
25.5008335114
34.5510559082
27.4331054688
25.7730636597
20.4174041748
32.579082489
20.950717926
38.615852356
40.5001983643
43.8755607605
18.5004177094
25.7902507782
27.2007884979
19.6182880402
25.3868408203
13.2646923065
18.8183307648
33.3384895325
38.0515823364
40.6315155029
27.0867671967
30.1620445251
27.4826087952
26.4594154358
18.2462692261
32.059463501
21.8810310364
25.8214378357
19.7091217041
39.8917160034
12.0941982269
27.6144943237
37.605304718
29.0006351471
32.6479492188
28.799287796
33.8999977112
35.5099525452
33.1468811035
26.2093315125
35.1635856628
32.6647949219
24.3265514374
38.4049720764
26.3665046692
39.3503913879
5.14000844955
9.12610912323
25.3655204773
15.4153642654
25.4113273621
29.6719169617
26.0741424561
35.4189605713
29.4356937408
13.127617836
40.2885627747
26.2236843109
25.1080532074
14.4435768127
27.4262676239
10.3857927322
25.9387149811
33.5874443054
10.5978326797
11.7975139618
16.8452339172
27.9650669098
