2.38994836807
5.18878412247
8.98717689514
11.8484096527
11.3620223999
14.3630208969
15.0351791382
14.453127861
19.293712616
19.435125351
18.6671981812
22.4821300507
24.6818904877
24.0356998444
26.9087677002
30.4744491577
30.6416149139
27.6097602844
24.6565513611
27.4178180695
24.1581306458
27.708562851
27.434835434
28.9566955566
27.4497890472
29.374912262
29.6270027161
27.9740219116
30.5287265778
28.0846004486
27.4612407684
25.373998642
20.5047836304
22.148349762
16.8886356354
19.9133625031
20.3986911774
18.116065979
21.7386474609
24.6409339905
23.1030025482
25.8033695221
24.5278224945
24.599691391
22.6879844666
20.200378418
17.7136554718
18.5666007996
23.4542427063
26.0792560577
22.9082126617
25.5782089233
20.514957428
20.3672084808
25.5847110748
23.463344574
19.9351444244
23.8415031433
26.8464412689
24.2647819519
21.5224056244
21.5317363739
16.507768631
14.4322404861
15.2632675171
15.8718805313
15.8381290436
20.6606903076
14.203373909
15.3175706863
11.3463249207
11.1250143051
11.4089345932
11.785941124
15.4771051407
16.1565170288
10.4518451691
11.4010877609
7.13702869415
7.31434869766
7.66394662857
7.16131782532
12.3874702454
15.1984901428
15.9765396118
14.1227340698
17.5059623718
20.5635585785
17.805355072
15.4819335938
20.3491191864
23.2155361176
21.3306159973
21.6226444244
25.5642585754
26.4174251556
23.3715629578
26.0340919495
26.658618927
28.1124610901
30.1508579254
10.1224975586
5.18878316879
2.98112750053
6.86724996567
7.67929840088
7.0233669281
9.89471530914
10.9562940598
10.4894418716
15.0090913773
15.590051651
15.2279586792
19.2126083374
21.6184082031
21.7438240051
24.6971855164
28.3115501404
28.9112186432
26.0779495239
23.5412826538
26.9109764099
24.2452144623
27.926153183
26.8579864502
28.6991863251
27.0754623413
28.4806175232
28.8056488037
28.0705814362
30.5761432648
28.5365562439
28.1615180969
26.6407108307
21.7833786011
22.363494873
16.8524417877
18.6542778015
18.2944869995
15.6756982803
18.6920566559
22.0572338104
20.8712615967
23.8943328857
23.5546875
23.530752182
22.6900348663
20.6174678802
18.1348896027
20.1878604889
24.4532737732
26.467048645
22.7235126495
25.0303554535
19.4169826508
19.4376144409
24.3146820068
21.4592857361
17.7157897949
21.6533622742
24.5795402527
21.4329853058
18.4524307251
18.5504455566
13.3864488602
11.6343889236
13.7782659531
15.1048383713
16.2535381317
20.6463298798
20.0243644714
15.9197587967
15.890381813
12.098282814
12.594171524
11.697561264
10.5447711945
14.264585495
13.1080942154
7.66044569016
10.3771152496
6.34250068665
5.50628900528
6.41654968262
9.60575866699
13.3675270081
13.1387329102
12.0067358017
16.1872272491
18.7750282288
16.4879436493
14.9107627869
19.8079280853
22.2284889221
21.0421562195
22.1583156586
25.5272655487
26.3296394348
24.2201328278
26.9146976471
23.3287239075
28.1479091644
30.246799469
8.36766338348
8.98717784882
6.86725091934
7.63010644913
8.50415325165
9.25385761261
12.0812215805
13.300028801
11.3676710129
15.6961774826
16.4656772614
15.6424360275
19.2456703186
21.1969718933
21.2011451721
24.1667957306
27.441488266
28.1312046051
25.4500350952
23.1706981659
26.568025589
24.1276493073
27.7313270569
26.7070789337
28.6245155334
27.2058773041
28.5810928345
29.0936126709
28.5493202209
30.6721820831
28.7786560059
28.2970867157
27.1761703491
22.6453361511
22.7541809082
17.9449520111
19.1013202667
18.9245452881
16.3274211884
19.2747306824
22.3462772369
20.9048862457
24.1091537476
23.685749054
23.8727035522
23.1438579559
21.4182033539
19.9713878632
21.9695205688
25.3026618958
27.1732501984
23.4866333008
25.5506858826
20.1967830658
20.8666610718
25.236082077
22.3069267273
19.5564117432
23.2126808167
25.7130718231
22.6326293945
20.1175937653
19.7564163208
15.3875904083
13.4300098419
15.2628688812
15.93272686
17.2299194336
20.9132957458
20.7680397034
17.0838985443
16.5023536682
13.7399253845
15.184346199
14.8873949051
13.583398819
16.4728984833
16.1382274628
12.0241355896
14.6114807129
10.8671293259
11.6343851089
8.24148750305
7.23195743561
8.95635986328
12.1915969849
12.5650568008
12.1489419937
15.3561964035
17.9153900146
16.8590946198
15.0453748703
21.5742549896
20.784324646
21.7605342865
24.7797737122
25.8029937744
24.1003303528
26.4248256683
24.3416652679
27.7553634644
30.848236084
13.1437215805
