12.584321022
13.1383457184
9.83118057251
8.7963552475
10.6926202774
12.7544908524
11.0645580292
12.8282709122
8.75521278381
7.42899513245
12.662320137
12.4585437775
11.8875741959
17.1126022339
19.0051212311
17.402961731
20.3998508453
21.0180740356
21.9937896729
21.6152591705
16.7984008789
22.2416095734
22.1635112762
22.0757598877
21.6794338226
23.4375209808
16.9325313568
19.8751144409
24.1497173309
19.4460697174
25.5242099762
24.9722919464
23.7760181427
25.0225734711
17.4945087433
20.9802646637
17.5322380066
16.9337882996
16.0133323669
15.8474655151
18.80742836
16.9228019714
16.1763076782
13.4673252106
11.538567543
12.8562440872
10.8496179581
16.9717311859
18.3376579285
18.5850391388
20.9626579285
21.157201767
27.4200954437
26.0677089691
28.5781288147
27.3166885376
32.2553138733
30.5171642303
27.3419151306
28.5548381805
26.8926963806
26.0269031525
25.2676181793
23.0720119476
20.8244915009
21.3354492188
20.9227905273
17.3140354156
15.240981102
18.9881801605
18.9859352112
16.4963378906
10.532418251
11.1839294434
11.521150589
14.4989271164
13.2678537369
15.1769943237
12.218585968
11.8371515274
9.77191638947
9.60530662537
9.66067028046
14.626036644
18.1898422241
18.3323955536
24.9440517426
24.5474395752
28.3247699738
29.4134235382
24.6471843719
21.4343147278
17.8903141022
15.7477426529
14.1955461502
12.3468160629
8.62673664093
13.3617687225
13.721241951
16.1836681366
18.7027416229
19.9504871368
18.9347229004
19.3795490265
24.0064964294
24.2621231079
23.1376419067
27.3615150452
25.8451652527
28.3714466095
25.5616359711
33.189163208
32.3688201904
26.7262439728
28.9619522095
29.626953125
29.446472168
23.0932865143
26.5926475525
20.3160591125
21.0961055756
20.2676715851
22.8821926117
21.867395401
21.2361869812
19.8959140778
23.7827854156
19.6493453979
20.050868988
22.1164207458
19.2482566833
15.5841388702
17.7708415985
23.8177051544
23.0093135834
19.0917320251
16.3396911621
20.9007987976
26.8421840668
23.0070114136
27.6587905884
19.3809070587
25.1808223724
25.3630771637
21.8144645691
23.9380054474
24.0285682678
20.6099128723
19.8310222626
16.4666252136
17.5384025574
13.0175561905
18.5441837311
14.7182331085
21.7027053833
12.1102972031
17.8433837891
12.5097284317
16.7343006134
17.4506874084
15.7358026505
19.8119411469
24.7298622131
18.0116176605
25.1885108948
28.0972099304
23.4977359772
24.0018348694
25.2455425262
27.0067005157
25.7769317627
30.9451217651
31.5940589905
30.266160965
29.6698036194
32.4238586426
35.2665023804
33.7097320557
32.0748786926
36.1596069336
35.6926689148
36.5960083008
34.429058075
34.1526031494
36.0628700256
37.6550979614
34.1825790405
31.7040119171
31.9653320312
30.6380844116
31.422996521
33.6452980042
29.3934020996
28.8570384979
26.5877151489
30.4884777069
30.0985603333
26.816614151
28.3265762329
30.8982429504
27.1267471313
25.7828998566
29.1080188751
30.4964389801
27.914352417
27.7597732544
32.0486717224
28.0088596344
26.8418121338
32.2049865723
32.8699150085
33.6807785034
35.2091827393
34.1129455566
31.9199542999
37.075958252
37.8218193054
38.755695343
36.9867248535
44.3732414246
46.0353164673
47.5515861511
42.66746521
42.6039009094
46.4763412476
44.4506645203
39.5586280823
39.1521034241
43.8158988953
46.1904296875
43.7971992493
48.8002090454
46.1890945435
43.4785575867
42.3256072998
42.1799240112
39.3171806335
44.0264968872
44.1097717285
38.8586425781
38.9638710022
43.4080047607
42.0951690674
38.1420021057
41.3112182617
44.7272224426
44.3065643311
42.7907104492
39.1609916687
36.8446655273
39.0150566101
35.7903442383
38.7238197327
41.7436447144
40.8431816101
38.3487014771
35.4651260376
35.7868690491
38.8784790039
35.1963348389
31.6441249847
36.9775161743
35.9494590759
30.0618305206
32.5024185181
36.2620277405
34.8172225952
31.3101902008
34.0871162415
36.8280830383
39.2267570496
39.3152084351
36.0396614075
37.7314186096
39.4125556946
33.6876831055
31.7263259888
29.7978115082
25.2103557587
28.2529296875
31.5713825226
28.0472564697
25.2516155243
30.1092071533
31.6947727203
32.4144973755
29.3679981232
26.8072338104
30.1610736847
30.8324928284
26.444021225
24.3970508575
27.3700695038
27.860616684
26.9612560272
24.3941078186
23.8518218994
20.098236084
19.9072360992
23.1465759277
24.5205345154
20.6805782318
21.9547786713
25.8459434509
25.5011558533
22.7552261353
24.2531890869
22.5335083008
19.9411830902
16.1719760895
18.447561264
19.7553253174
18.196603775
12.8562421799
19.550485611
18.3671417236
13.7884750366
13.9655780792
19.0707969666
14.9805240631
12.5207996368
16.6986675262
18.6535110474
16.3918952942
18.2195320129
16.8496437073
17.3993530273
15.8088378906
12.4876356125
13.2690172195
13.7345485687
13.0728168488
15.5562849045
17.9195365906
13.5382318497
18.9524421692
20.7660427094
19.4448242188
24.6694068909
24.3578834534
20.2351875305
20.6977748871
14.4837741852
14.8882875443
10.8960866928
9.65114879608
9.39516925812
10.9844961166
12.7842636108
11.8342552185
12.6387739182
9.66428565979
7.7865819931
7.1146030426
13.2131509781
14.8858976364
17.9026050568
17.6090507507
19.7785758972
25.3493099213
26.2453346252
28.9230384827
28.3200263977
33.2555618286
32.8900299072
30.140411377
32.2561416626
28.7535076141
28.3958282471
29.0987281799
26.5880470276
25.3427791595
26.206413269
25.8006744385
22.682062149
21.4746360779
25.2539730072
25.0830860138
22.3210163116
18.3502883911
19.9150238037
20.7671852112
23.4862499237
21.1841373444
22.7159233093
18.3741283417
16.7386455536
16.4047355652
15.477604866
12.5831298828
17.8481178284
20.4686851501
17.4991283417
25.2067089081
21.5115776062
25.5436344147
28.2577114105
21.6915721893
21.577249527
18.4759254456
17.104434967
14.9884023666
13.6032247543
10.4037656784
8.9910774231
13.0945835114
13.8012886047
17.1312942505
19.0181694031
16.9244861603
20.4216308594
23.8771152496
21.3239803314
20.6626911163
25.9107570648
23.8253040314
25.1560497284
24.8373031616
31.3829803467
31.609954834
27.3221931458
29.4536170959
32.3155899048
32.2154006958
25.1184864044
29.0959243774
26.0820827484
26.0756568909
25.3265361786
26.3373851776
27.9749698639
27.2315006256
24.3661441803
30.4443321228
27.2598304749
26.4477291107
28.2567825317
27.0320453644
25.0368156433
25.3244457245
32.2285881042
32.3601226807
28.4405422211
24.1537342072
27.7181301117
31.9553966522
29.8273086548
32.8097267151
25.6323013306
28.3964138031
28.226606369
24.6779060364
24.3001213074
23.9322624207
23.3338851929
21.9586429596
18.1820926666
19.112165451
13.262796402
16.9700584412
15.8814935684
22.7900161743
17.2025127411
21.3460941315
17.4653778076
21.7691764832
19.6517772675
20.3095188141
24.0443172455
28.0773677826
21.2572040558
26.1932830811
29.3944034576
27.0241699219
26.733587265
28.204240799
31.074836731
30.5972290039
33.2621803284
35.966960907
35.0424041748
34.3532791138
37.8807029724
39.2943611145
37.0031509399
39.1020545959
41.448261261
40.5564498901
42.4813461304
40.9335632324
39.9308128357
42.9841995239
44.3993530273
40.0091514587
39.1388053894
40.0527420044
37.5779953003
39.4677009583
40.2428817749
35.9452896118
36.7038040161
34.0151977539
36.7783889771
35.5967407227
32.0097885132
34.6540336609
34.7892990112
29.4664611816
30.0720005035
31.040813446
33.2090644836
30.2738342285
30.7779922485
34.5175132751
30.153421402
27.3250579834
33.9094963074
33.7912635803
31.8289794922
34.5439300537
34.3759994507
32.9783782959
38.0534667969
39.8292770386
38.7430114746
37.6087722778
43.5648269653
45.1671905518
46.7150230408
42.2080841064
43.0350341797
46.0346641541
43.1636314392
38.933681488
39.3469009399
43.4600601196
46.3440742493
45.0476226807
47.6288604736
45.0837020874
42.3932380676
42.656375885
42.4158172607
40.2912902832
45.7471504211
45.1909637451
40.5248146057
41.4507484436
46.1543769836
44.5012321472
41.3950119019
45.2782096863
48.3651123047
47.4645614624
46.3214950562
43.1407546997
40.0885887146
42.2414512634
38.8018569946
40.8547363281
44.2475318909
43.198299408
40.059627533
37.8687782288
39.5898323059
43.3546104431
40.2521324158
35.7064208984
41.0242195129
41.5488433838
35.8072471619
37.2001724243
41.302444458
41.1226005554
37.0323753357
38.9106750488
42.7635688782
44.3229942322
45.7979393005
42.8425216675
45.1757888794
46.415473938
40.2462882996
39.0186767578
38.0598487854
33.4960708618
37.3926734924
39.5407524109
35.4410858154
33.5082626343
38.2748336792
38.5015296936
38.8920860291
34.7247543335
33.4979133606
37.3516082764
36.0188980103
31.9482250214
31.1842899323
33.2343940735
32.4339447021
30.9053955078
27.4103412628
24.9147663116
22.001039505
20.0682468414
22.1957817078
24.1214427948
19.4252624512
19.0275592804
22.6948242188
22.7045001984
18.7273426056
18.8499908447
15.2533750534
16.2460517883
13.2109775543
12.4086303711
14.8801259995
18.1574802399
9.77191638947
16.3260154724
18.465763092
14.4032316208
12.6732711792
17.5096378326
17.6251602173
16.8241996765
21.3576221466
22.7211818695
20.675863266
23.4375
23.5374317169
25.1419620514
25.0617809296
19.7296676636
25.1653347015
24.4107666016
24.3321552277
23.0919475555
24.3791923523
18.1220149994
20.5100383759
24.8082561493
20.0499019623
25.7362251282
25.3171329498
24.6439552307
25.9057254791
18.6845588684
22.4352817535
19.3973045349
19.3135108948
18.9938030243
19.5678806305
22.6313419342
20.9123077393
20.4363536835
17.4660110474
15.8757123947
16.4047374725
13.7268037796
18.5541439056
19.9887695312
19.1041545868
22.2148952484
22.0627117157
28.2399139404
26.8943042755
29.8071746826
28.6258621216
33.5264358521
31.8825931549
29.3492851257
29.6750144958
28.4472732544
28.0612812042
27.0204029083
24.4475803375
22.2689151764
23.3015861511
22.1665458679
18.2637481689
17.2952194214
20.400806427
19.5972595215
16.8007411957
12.903459549
12.2746629715
14.0324382782
15.5700683594
14.6987943649
15.8395061493
12.6620645523
11.7984743118
11.2092256546
13.2812128067
16.5485267639
19.917131424
20.6209449768
26.5215148926
26.6392936707
30.1475830078
30.4413337708
26.3375263214
22.5411491394
19.144613266
16.6064395905
15.7763290405
13.2357749939
10.6421871185
15.5688962936
15.1319875717
17.8150444031
19.614118576
20.5392436981
19.6724224091
20.1187210083
23.9288253784
24.7803401947
23.7707004547
27.5220623016
26.207857132
28.796005249
25.7678031921
33.265045166
32.2891693115
26.875005722
28.9905185699
29.3655548096
29.2272796631
23.3067321777
26.5440139771
21.0844173431
21.1988506317
20.5921039581
23.1142883301
21.8119335175
21.2327766418
19.9321670532
23.4824714661
19.8975887299
20.0501689911
21.9713573456
19.7971324921
16.2257766724
18.0187892914
23.5175037384
23.0930519104
19.7554931641
17.1083221436
20.9404850006
26.9904918671
22.6583938599
27.3074932098
19.343875885
24.8774757385
25.0877380371
21.8541431427
23.8598041534
24.0084934235
20.2882766724
19.8472003937
16.835187912
18.2478523254
14.9933738708
20.357667923
17.3165016174
23.0719928741
14.1222610474
18.7075691223
13.6137170792
16.5260543823
17.5470256805
15.3687105179
19.3011741638
24.3353633881
18.1347064972
25.3537044525
28.389213562
23.8249416351
24.5555667877
26.0916061401
27.2686958313
26.1426124573
31.6640319824
31.7792377472
30.6603355408
30.3294506073
33.1584968567
36.3433494568
34.8667640686
32.9998474121
36.8911857605
36.2607040405
37.1023979187
34.3865394592
34.6356010437
36.0250244141
37.4498786926
34.1167182922
31.7305908203
31.8476848602
30.3537216187
30.8854618073
33.1390228271
29.0172386169
28.3927764893
25.9906978607
29.8374710083
29.3871307373
26.3795661926
27.5944747925
30.400762558
26.9300098419
25.2915306091
29.1442317963
30.0067577362
27.5758152008
27.379983902
31.4501838684
27.749294281
26.7930698395
31.7348041534
32.5671005249
33.6850967407
34.9536628723
33.6668319702
31.9814395905
36.5259017944
37.4229393005
38.3376235962
36.8089447021
43.9392471313
45.6400413513
46.9019355774
42.0621109009
41.9007720947
45.8082084656
43.9469566345
39.0835647583
38.6063919067
43.2291374207
45.4666061401
42.9877128601
48.2536773682
45.6437644958
42.9926185608
41.6824264526
41.602519989
38.7346038818
43.3463973999
43.4010238647
38.1335258484
38.2185668945
42.5708732605
41.2163619995
37.2810287476
40.3866577148
43.7555961609
43.3262672424
41.7776451111
38.1831016541
35.96717453
38.09582901
35.0093421936
37.9415245056
40.8485183716
40.0166854858
37.6747131348
34.8111076355
35.0124931335
37.9153709412
34.3429794312
30.9856853485
36.0914268494
34.9915542603
29.3370857239
31.6914577484
35.3021087646
33.8567123413
30.4702072144
33.1880378723
35.8243026733
38.2260360718
38.2957878113
35.1161308289
36.7602310181
38.3508110046
32.7779197693
30.8719062805
29.0653495789
24.6846961975
27.6760196686
30.752073288
27.3767356873
24.8372993469
29.3891181946
30.893447876
31.6164016724
28.7844905853
26.3246555328
29.4922065735
30.2572937012
26.145898819
24.2345161438
27.0492534637
27.6143779755
26.9355926514
24.665014267
24.5117435455
20.820192337
21.1022281647
24.1146659851
25.027261734
21.6564846039
23.2347545624
26.7680301666
26.1954574585
23.8083686829
25.5785770416
19.573638916
19.7169284821
16.1483058929
15.4759426117
17.4642753601
18.4266986847
9.66067123413
16.2332458496
17.4094982147
12.5876932144
9.68628787994
15.6832408905
14.59258461
11.816822052
16.49974823
17.3036422729
15.0964679718
18.2844390869
18.3037090302
19.8143692017
19.1319847107
14.6209430695
19.9186344147
19.5920696259
20.585351944
20.7586555481
21.5409603119
16.5459003448
19.9549694061
22.9225997925
19.0506248474
24.0822238922
23.7886314392
21.8898963928
22.8126945496
16.3639087677
18.6107578278
16.7112808228
15.0553636551
14.9957923889
14.1997642517
17.6598510742
15.5645542145
16.4059143066
14.3109989166
11.9440593719
12.5831317902
9.64564228058
15.8507976532
16.070110321
17.0934391022
18.4346084595
18.9191875458
24.7114315033
24.1555938721
26.6168384552
25.5759067535
30.329328537
29.2904148102
26.5529823303
27.6498413086
25.2270298004
24.7247657776
24.6246585846
22.3479099274
20.1342010498
21.109746933
20.9406318665
17.1873378754
15.9118261337
20.1522541046
19.8290958405
17.1405277252
12.7515392303
14.7703037262
16.9132385254
19.7776069641
19.0387496948
20.3149147034
15.7564725876
14.7834711075
13.2812137604
10.0475025177
13.7867765427
17.0422000885
15.6736698151
22.4652614594
21.6176662445
25.5280513763
27.0005397797
21.7647743225
19.4645175934
16.4035263062
14.422044754
12.8690843582
12.2868556976
10.7320671082
13.9221019745
15.7457485199
17.9360141754
20.0269031525
21.441192627
19.4628047943
20.986322403
24.631319046
24.221452713
23.6216125488
27.6137084961
25.591884613
28.4487342834
26.1066513062
33.5191116333
32.601890564
28.2477779388
30.3677196503
31.8832931519
31.9769878387
25.5448131561
29.0431442261
24.2542457581
24.9652309418
23.8434791565
25.8259754181
25.8772220612
25.0744438171
22.7933082581
27.3317394257
24.5601196289
23.3691501617
25.1440563202
23.3444004059
20.2062721252
21.1284198761
27.1256790161
27.0787334442
22.968503952
18.9340724945
22.9500999451
28.2376670837
24.6653270721
28.8959388733
21.3222923279
26.1349925995
26.7914867401
22.4440059662
24.5420818329
24.4969100952
22.0903263092
21.6958580017
18.7510623932
20.4031047821
16.1790351868
21.3095817566
18.9032669067
25.4152469635
17.2125587463
21.638053894
16.7112579346
19.3408279419
18.8621273041
16.5419616699
20.9043369293
25.0688743591
17.6591815948
24.0056934357
27.5820293427
23.121389389
23.2237529755
24.2526721954
26.7748622894
25.5149059296
29.7645664215
31.1268157959
29.9936103821
29.2466812134
32.1102027893
34.5510215759
33.260219574
32.87890625
35.9689483643
36.0560684204
36.8848686218
35.4779968262
35.2808456421
37.4308395386
39.1492271423
34.9568252563
33.4978752136
34.2310256958
33.1431159973
34.1258811951
34.9215927124
30.8881206512
31.7125797272
29.3294467926
32.702331543
31.9093513489
28.8753376007
30.987033844
32.0698928833
28.2005996704
27.7787895203
30.6855564117
31.7444229126
29.5065784454
29.7515659332
33.326210022
29.0307826996
27.7859344482
33.5114326477
33.7111434937
33.3649673462
34.8233757019
33.73462677
32.1772994995
37.0178985596
38.0723991394
38.3254356384
36.9704475403
43.6426315308
45.6827812195
46.3961791992
41.7870025635
42.2574195862
45.7109947205
43.3698348999
38.9432945251
39.0383834839
43.3559913635
45.8743057251
43.9985542297
46.8903503418
44.4627075195
41.7297096252
41.0928421021
40.7229194641
38.0916175842
42.9053344727
42.9707717896
38.1990394592
38.4291229248
42.9201812744
41.843952179
38.2535095215
41.5255470276
44.7791557312
44.3630027771
43.2536849976
40.0348625183
37.5538902283
39.9030647278
36.9707756042
39.4149971008
42.6122550964
41.9051551819
39.1634292603
36.7247314453
37.8986358643
41.0733642578
37.9664764404
33.8446159363
38.7688980103
38.4724960327
32.9015388489
34.4870300293
38.1651268005
37.3872375488
33.5010910034
35.6063499451
38.7150268555
40.3411331177
41.0602149963
37.9280548096
40.0274581909
41.6837730408
35.8134269714
34.6014137268
33.2305221558
28.9248008728
32.4624328613
35.1889228821
31.6392002106
29.8189525604
34.4627456665
35.2399940491
36.0803260803
32.5764083862
30.8314495087
34.5507507324
34.3526496887
30.400472641
29.2588615417
31.9727096558
31.7054977417
31.1819801331
27.9886322021
26.9821872711
23.2965888977
22.9602489471
25.4370441437
26.1925468445
22.5271129608
23.4931964874
26.7414112091
26.0560455322
23.2045688629
24.4937114716
31.3205547333
31.9336528778
25.2976131439
26.5516281128
31.8508586884
31.9935722351
25.8451652527
34.0865287781
34.520149231
29.629655838
30.1408786774
35.2230300903
33.1529579163
32.0318832397
34.4904441833
35.3930587769
31.7501430511
33.1646080017
28.4579296112
33.3039894104
32.6815872192
27.7257118225
27.6041278839
23.5393753052
24.0507316589
20.5058994293
15.6178922653
15.2397422791
17.3069057465
18.5345058441
17.4911289215
20.8558368683
22.4131813049
21.0987911224
22.0580501556
18.9406318665
20.5829715729
19.4804382324
21.5671195984
24.8648433685
28.3945865631
31.730884552
30.1760101318
33.0338745117
28.1082572937
27.7024879456
23.8253078461
22.2450218201
23.7383899689
25.1213588715
21.2814674377
22.9330787659
23.7811775208
26.0436344147
28.4036083221
34.0304679871
34.9176063538
38.4530258179
40.490398407
38.3721809387
37.4934043884
37.2028083801
38.696269989
38.1108512878
34.1059341431
33.1394271851
35.9909324646
32.785194397
28.4636211395
32.2792854309
32.629737854
28.340845108
26.2207450867
28.9989185333
24.6953296661
29.9604816437
26.579498291
25.47032547
24.0328979492
21.5696315765
22.309928894
26.207857132
24.8187351227
25.5918731689
28.1029281616
31.3447761536
29.132604599
32.3519248962
30.9796657562
33.6672744751
29.8373298645
29.6777935028
27.7505836487
28.1600246429
24.2168598175
26.4604187012
23.6180858612
20.3773708344
19.7561206818
17.5850048065
16.7257404327
12.6892614365
15.7908573151
12.3440628052
11.8867082596
11.4726495743
11.9504747391
9.69935131073
9.55612850189
12.1148777008
10.7688112259
16.4318675995
14.2821989059
15.4374637604
16.6786994934
20.2138080597
21.314704895
16.1828804016
19.6899375916
20.9619503021
20.4919605255
19.7599658966
21.2651672363
21.5004806519
21.6258182526
19.32695961
23.9008522034
27.1394309998
22.193944931
25.1305446625
28.1284484863
28.6401538849
27.3721351624
30.0116939545
32.0521736145
30.2008132935
28.8252258301
26.9631004333
31.03764534
26.3013973236
28.2487773895
22.615486145
21.2132072449
21.0818042755
16.0789146423
12.6598510742
16.6003608704
18.6277809143
15.1928768158
17.4982318878
16.5991821289
17.3841342926
20.0343799591
22.3342781067
24.9018802643
21.1603031158
20.7533493042
20.7621898651
18.1489048004
21.050245285
20.9378738403
20.3875999451
24.5869140625
22.5813522339
24.2692317963
29.445400238
28.3163776398
30.2611980438
29.3859844208
30.2747535706
30.6174564362
36.1155967712
33.4900474548
34.3784255981
35.3582000732
40.4155845642
42.4187469482
40.1293144226
43.3357467651
43.1524391174
42.3190307617
43.3313713074
40.3759536743
40.6286659241
40.3077468872
41.9325523376
37.3244094849
39.3536987305
38.2493476868
36.7828216553
36.5869064331
33.0385017395
31.0567016602
32.7564735413
26.7986049652
27.5923538208
26.3965072632
25.7095737457
25.3228645325
23.3851699829
20.779460907
18.6821327209
23.3124980927
20.748998642
19.7101478577
18.8917827606
18.8681659698
14.5724916458
13.3602552414
18.1764659882
18.3311824799
14.8626527786
16.2262763977
16.7365398407
18.7242927551
21.2490692139
23.4513378143
21.6912403107
20.708814621
24.8407115936
28.381526947
24.3816642761
20.0943183899
21.8340682983
24.5748500824
21.4530334473
17.6258964539
19.2578830719
23.4300346375
26.1482410431
25.2853832245
26.6741409302
23.7759227753
22.0503177643
23.1426792145
24.2169475555
23.9915885925
29.4041748047
26.7598876953
22.8086605072
25.6384429932
29.3416786194
25.8478736877
24.9110393524
29.4979171753
31.3187656403
29.1378288269
28.1150493622
25.97082901
22.2819156647
23.9655971527
21.2715530396
21.9062995911
25.7426929474
25.7188835144
22.1721973419
20.9395713806
25.0243225098
28.5523223877
27.4959335327
21.5294075012
25.1179447174
27.9512481689
23.9919338226
22.6238498688
26.2415866852
28.5227680206
24.3429489136
24.0685997009
29.1081790924
29.3513584137
33.1261825562
31.7142543793
34.5496253967
34.2237739563
28.7170295715
28.9692287445
30.5128326416
27.5315551758
32.3047218323
30.9933204651
26.9273376465
28.2666568756
31.4968986511
28.563867569
29.1605224609
23.9458065033
25.7189846039
30.4385147095
26.561958313
24.4234542847
26.963394165
28.4651412964
25.4650306702
27.2332038879
21.8594036102
21.0041637421
17.0392742157
18.3000068665
18.1302013397
14.458864212
13.8312168121
15.8179740906
15.6252880096
11.8292722702
11.7207250595
14.5459690094
32.0851707458
31.4793949127
25.7962093353
28.4825191498
32.4171104431
32.1064338684
28.3714427948
35.4594688416
35.087474823
30.9627857208
32.7548522949
36.5930747986
34.2101364136
33.971370697
36.0298080444
38.2215843201
34.5716362
36.0740356445
32.0552787781
36.1401367188
34.8173179626
30.876039505
29.1323127747
26.4168891907
25.2103023529
22.5088157654
19.8657531738
19.1363544464
22.0216655731
23.612695694
23.6682815552
27.375
27.4026679993
26.0929069519
26.7798156738
23.4729614258
24.4443798065
21.6104202271
23.7452545166
26.9994392395
30.1988430023
33.3170318604
32.1582527161
33.4500770569
29.3799724579
28.9283504486
25.1560554504
25.1985111237
26.2484016418
28.808259964
26.0226783752
27.7879199982
29.7056369781
31.8921756744
34.241771698
39.9563293457
40.3029060364
44.1488342285
45.5679473877
43.852191925
42.9894714355
42.3543319702
43.3687057495
43.1569328308
39.3469772339
38.0834884644
40.7830123901
37.9279632568
33.8560562134
36.176158905
36.4780426025
32.9509315491
30.98711586
32.899356842
28.9013004303
32.3023643494
28.9211940765
26.9300193787
26.1139202118
25.1799697876
25.3313217163
28.7960090637
29.0397167206
28.4487361908
30.8334465027
34.428352356
33.3285751343
37.6342735291
35.2657585144
38.0513534546
34.6198158264
34.622718811
32.5620880127
32.3571205139
28.5229988098
29.3646793365
26.9417972565
23.2506427765
21.5441093445
19.369222641
17.5590705872
14.1314659119
17.1317806244
16.0836200714
15.6581859589
16.6971035004
15.4644441605
11.3383998871
13.0912342072
12.1148824692
11.8119697571
17.1937351227
15.9064912796
16.86302948
16.6907920837
21.0059986115
21.0759887695
17.0100307465
21.1710796356
22.8593063354
21.6813354492
22.1883659363
23.5806674957
23.6386795044
24.0324382782
22.8056602478
26.8658313751
29.0535202026
25.2081851959
28.8621311188
31.5644168854
32.0800209045
31.4642677307
34.3285369873
35.4241485596
33.7902450562
33.5901794434
32.1266021729
35.5585098267
32.4767341614
34.1471595764
28.5841712952
27.0896396637
25.8093757629
22.6566162109
17.636384964
21.375
23.4912128448
18.8079490662
20.2228736877
17.9065704346
18.1966953278
18.5216903687
21.6234798431
23.5965747833
22.3282794952
22.2206420898
23.4092025757
22.3208312988
25.1842918396
26.3326663971
25.9414272308
29.3970050812
28.866399765
29.9072341919
34.3058280945
34.0825767517
35.8300552368
36.2736930847
36.3579864502
37.0242614746
41.8077163696
40.1485176086
40.4564437866
41.7353134155
47.1831626892
47.9666824341
44.7597007751
49.1519699097
49.2397041321
47.4598731995
49.9148025513
45.7929344177
46.3581047058
45.5415725708
47.3053703308
43.3142089844
44.3203926086
43.1759796143
40.4437866211
41.2498512268
39.2740364075
36.8851890564
37.7016906738
32.0200767517
32.4013633728
31.3957805634
30.4051704407
29.8053951263
29.359670639
25.9763469696
23.0448265076
26.9275093079
25.7579345703
23.8280029297
22.1911563873
22.7000904083
20.1972579956
16.9530315399
20.4354629517
21.6363639832
18.120759964
21.5365581512
23.1539497375
24.4040317535
26.8960933685
29.4121341705
27.0320091248
25.5484771729
28.8945484161
30.825712204
28.4272003174
24.7406826019
25.4525051117
27.2591609955
24.2061023712
20.8191509247
21.6479988098
24.7534313202
27.7540168762
27.6173400879
33.8401489258
30.7872905731
29.647069931
30.8981132507
32.3960037231
32.3708648682
37.6674880981
34.6803779602
30.673034668
33.6451454163
37.1049041748
32.9039497375
32.2205352783
36.7712516785
38.4401664734
35.8445968628
34.1930122375
31.7849121094
28.0858459473
28.6518611908
25.0290794373
25.2452068329
28.3630485535
27.2477664948
23.855178833
23.0720233917
26.487159729
30.4027462006
29.0355243683
24.1526908875
28.0330276489
31.0597686768
27.3465003967
26.8272514343
30.5195579529
32.595664978
29.3092288971
29.6085605621
34.4094772339
35.6063308716
39.000629425
37.7089271545
40.0235824585
39.2974433899
34.2566490173
33.5754356384
34.8059921265
31.6854705811
35.7448883057
34.4726982117
30.376789093
30.6303043365
33.5434989929
30.9316253662
30.6113777161
25.7601585388
27.4941654205
31.2345657349
26.8441944122
24.9358291626
27.2021789551
27.5538139343
24.6603240967
24.9719181061
20.5689640045
18.6974143982
16.775302887
16.6298274994
15.6221637726
13.3747081757
12.8334178925
13.4288215637
12.544257164
9.72755813599
10.045129776
11.7899560928
32.1110839844
37.3386192322
32.3614349365
30.8252277374
36.506313324
42.1532516479
34.8172073364
41.2445983887
44.3909721375
38.3651733398
39.4591751099
42.8680839539
44.4041595459
44.8329238892
48.0946731567
48.6426849365
45.7377738953
46.9424629211
45.0865516663
50.1173095703
50.4855651855
43.6670074463
47.9169807434
44.7918777466
44.9232215881
38.9019393921
35.727684021
33.5835151672
31.8864936829
36.2938690186
31.2807559967
33.0494918823
34.3890457153
37.8654441833
40.4970932007
35.8534698486
40.3410415649
36.9827041626
40.1391296387
41.1618728638
44.1674919128
48.8798141479
47.2046318054
47.6295013428
42.2293739319
42.3791999817
41.1226005554
37.9247970581
40.2318458557
41.0394058228
34.6709976196
39.435092926
37.2308769226
39.8340072632
39.0668754578
44.4501037598
44.3536186218
47.0138397217
47.4380264282
45.5527496338
41.8386154175
45.8390922546
46.9515533447
43.7112236023
40.3248519897
38.1565437317
41.3013343811
37.0169563293
33.3516120911
38.1770172119
36.5595169067
31.7186775208
30.8666877747
34.3732872009
27.993062973
32.7103691101
26.553604126
27.8484897614
24.2462902069
26.9254112244
30.8817977905
33.8567237854
33.7381439209
37.3872451782
37.1918029785
41.175868988
42.7099761963
42.7952651978
46.6475639343
48.5590896606
40.9714584351
45.1887817383
39.4101295471
39.7074813843
35.3072776794
38.4297866821
35.8199958801
33.4844017029
36.7179908752
31.9782600403
30.3190250397
27.6462059021
29.6777153015
28.9528541565
24.1756706238
26.2377262115
32.1679344177
28.2560272217
26.0283718109
28.522769928
32.595664978
26.8778419495
31.4234638214
24.5099830627
24.0662021637
23.0649414062
17.8376960754
20.2266197205
21.2290039062
20.9707050323
18.9481468201
19.3867225647
20.147769928
18.9245052338
16.4687576294
18.6725234985
19.0465755463
15.7063398361
22.1935253143
21.0490837097
21.2239227295
21.5598545074
25.6682548523
25.3217258453
20.5831432343
22.9808101654
26.2015781403
27.9599704742
24.5200119019
28.9699440002
21.6636295319
23.8594112396
21.421339035
20.7093524933
23.1405715942
21.8636054993
23.1422481537
28.959985733
25.7329216003
23.3222560883
28.4091949463
26.5538673401
30.1847896576
33.8552742004
33.7593307495
34.546497345
28.2904872894
26.999578476
28.1138725281
22.217130661
30.5014324188
25.9649829865
24.1045703888
28.3099098206
30.3079395294
33.4684066772
36.5788230896
33.1747894287
36.9102096558
35.0719718933
32.4773712158
31.9036712646
42.05676651
32.3872833252
35.0680656433
36.8547935486
40.4623718262
45.2464904785
44.4336280823
40.6714668274
42.4321746826
40.797618866
39.8339500427
34.7544593811
34.53332901
31.9854869843
32.262386322
31.3956546783
32.1495742798
27.7812366486
28.8706645966
24.1324920654
22.612197876
22.9194030762
20.1137180328
13.5394020081
13.1736001968
16.6501464844
18.9431324005
11.5745792389
13.7174863815
19.1295223236
13.6414356232
19.8991794586
18.0544757843
21.1142597198
16.6076259613
16.3862018585
19.3756542206
20.9363861084
19.8677883148
22.8154430389
27.5110969543
24.1285858154
22.4576511383
20.6246433258
21.8305416107
23.9742698669
22.1623706818
22.3962306976
27.5007171631
30.644361496
28.5374794006
24.8819828033
22.2493019104
27.1877231598
28.4518642426
24.3029022217
22.3015193939
26.5138511658
26.1847324371
21.3222770691
33.0509529114
30.6671981812
30.1162910461
26.1504364014
28.1916770935
26.6955184937
27.8781433105
26.5651893616
22.0625305176
22.3663711548
23.0017242432
19.4886016846
17.2476806641
18.2846794128
19.7874546051
18.3787193298
14.9612321854
11.3904676437
12.3084506989
12.2067928314
12.4202508926
15.8953094482
16.6331577301
18.1608848572
18.6992473602
15.8428478241
13.7358446121
12.1941480637
11.3871278763
11.1501932144
10.3684606552
5.84342432022
7.0504732132
7.0244102478
5.64049386978
5.82881784439
7.84705591202
6.55691242218
11.8396148682
11.4678602219
11.798828125
11.5561199188
9.1267786026
8.26394271851
6.30039739609
9.83857631683
12.07654953
13.2545719147
7.76565122604
8.26754283905
13.245798111
11.7174406052
8.10605716705
10.9981212616
11.5957670212
12.4108695984
14.5955085754
15.8811864853
16.4436149597
18.6144237518
20.8673496246
20.3449993134
25.9032936096
23.7776832581
28.1606502533
24.5927371979
29.1753044128
30.215171814
26.0674114227
28.3961715698
32.2318191528
32.3261146545
29.6789836884
31.8172988892
35.3259162903
29.1964492798
27.0565853119
21.3069248199
25.4263687134
28.4610805511
26.9427719116
24.2531890869
31.4144077301
30.1399364471
26.3461399078
28.5754909515
32.6040267944
28.9858398438
28.8769454956
30.7286720276
33.7384872437
30.1465072632
32.0207061768
28.0224914551
31.5040416718
29.4780197144
26.42146492
23.2873344421
21.6596698761
19.5293960571
18.5142784119
17.9608440399
16.2615089417
20.7576408386
22.1642780304
22.8233013153
27.0066051483
26.2797431946
23.8136444092
24.5809326172
20.8384361267
20.9216632843
16.7520370483
18.4539146423
21.7127799988
24.8596801758
27.5408592224
26.6771945953
27.6105651855
23.6265926361
23.1093425751
18.8499908447
20.3724403381
21.7431621552
25.3541698456
23.8420448303
24.8735866547
27.9370002747
30.8972663879
32.9983444214
38.6828231812
38.6754837036
42.7950363159
44.2291030884
42.0168190002
42.1218338013
40.6585617065
40.9732208252
41.2923965454
37.6915969849
36.5196342468
38.6216278076
36.3111228943
32.5072517395
33.6452293396
34.2709503174
31.5836086273
29.6681957245
30.2129859924
27.200674057
29.4094142914
27.1265907288
24.2013664246
24.2673873901
22.6562862396
22.37251091
25.5785770416
26.2116909027
24.4937057495
27.6235466003
31.486623764
29.751914978
35.8243598938
31.770280838
35.2717971802
33.466091156
31.911403656
30.3823318481
29.7415409088
25.9366760254
25.8674373627
23.5299854279
18.7255840302
15.9901666641
14.6924591064
12.1026172638
10.9588699341
14.3850221634
14.4981307983
15.5448255539
18.0258846283
15.2349977493
10.66086483
14.7992839813
14.5459651947
11.7899570465
13.2929162979
18.7860298157
17.7470798492
17.5134162903
16.3590545654
21.4584007263
20.9084510803
16.0347213745
21.331741333
22.2890110016
20.6830482483
21.7711277008
22.8192005157
23.6327552795
23.7064266205
22.0581874847
27.3081588745
28.0403690338
24.8644523621
28.4567337036
30.9053993225
30.926115036
30.5779628754
34.914188385
35.4335403442
33.2706222534
32.5106544495
31.8961696625
34.9093513489
33.3407745361
35.1188735962
28.9488620758
27.7170906067
26.1185493469
23.8462200165
18.0871353149
21.171541214
23.4698467255
17.9705810547
17.9366283417
15.12936306
12.9601173401
11.6519775391
15.6614618301
18.7789077759
18.5082168579
19.5993347168
20.5637340546
21.7144298553
23.2806072235
25.4890232086
26.0308151245
29.4430809021
28.075214386
29.0845928192
33.1956291199
33.24451828
34.864490509
36.0859832764
36.0274047852
37.2551803589
41.0362663269
41.0750465393
40.726020813
41.8999214172
47.3515281677
47.3813591003
42.9558563232
49.0651092529
49.1893882751
47.0706214905
50.5853843689
46.7386932373
46.7864265442
46.3395767212
48.4778785706
44.1662025452
44.9268608093
43.985370636
40.9592208862
42.5651016235
41.3709526062
38.0334510803
39.0326309204
33.6492080688
34.0788116455
33.1500892639
31.1477661133
31.6201038361
31.7053031921
26.7694740295
24.5573806763
27.3861694336
27.8891658783
25.1866855621
23.5202484131
25.2007255554
22.9187355042
17.9681758881
22.5732059479
24.1196842194
19.6195259094
24.5077190399
26.0987033844
26.9948940277
29.6753749847
32.8196983337
29.8641338348
28.4842700958
31.6685256958
32.8785743713
32.3420257568
28.7864894867
29.2060184479
30.7042636871
27.5767536163
24.3209056854
24.7360973358
27.4540367126
30.7058181763
30.8537425995
37.9868431091
34.9718856812
33.6764640808
35.0150604248
36.2776565552
35.9476737976
41.4852256775
38.7641639709
34.5674743652
37.3108673096
41.1018104553
37.0812454224
36.0064964294
40.6231498718
42.5629806519
40.0710372925
38.3088417053
35.5997085571
31.8365478516
32.3486785889
28.195526123
28.6005954742
31.5788249969
29.8694992065
26.412984848
25.5603637695
28.5165309906
32.8990707397
30.9565734863
26.2405471802
30.8576488495
33.7017097473
29.3469257355
29.5787563324
33.638053894
35.3259124756
31.9531040192
32.8146095276
37.63463974
39.231098175
42.3294143677
40.6762123108
42.9805526733
42.4781417847
37.065738678
35.9251747131
36.6764526367
32.9066352844
37.055393219
36.4179077148
31.9464530945
31.2880878448
34.8102340698
32.663974762
32.060585022
26.9987812042
28.2298355103
32.0101623535
27.4649944305
24.8861064911
26.6511096954
26.8606109619
23.9535961151
22.9121875763
18.2661685944
14.4914426804
13.6513032913
11.0436887741
9.81322002411
10.8300542831
8.02356910706
5.56197547913
6.02623939514
6.60910463333
4.35068702698
