61.4137649536
54.3279685974
49.3933639526
43.8862342834
42.2069511414
40.5575637817
41.6363258362
41.0775680542
43.0356559753
43.9009590149
45.2296295166
45.5850868225
41.9191055298
43.2781257629
45.4965705872
43.4041519165
43.8640060425
40.1140289307
42.9244499207
44.8935089111
41.3866081238
39.3108787537
37.5986442566
37.5964012146
39.7134094238
40.2223548889
42.4604148865
37.9781494141
38.0851478577
43.9916343689
41.9509811401
40.4682807922
43.5565719604
45.5207519531
43.4774589539
43.1846008301
46.3001441956
47.6612358093
45.2227745056
47.3092041016
44.6836204529
48.0575218201
49.1508255005
46.4836921692
44.316280365
45.3387145996
45.0073356628
44.2834892273
45.6897964478
42.5882034302
42.4780235291
44.097038269
41.6295089722
42.6112480164
42.5711479187
43.2356834412
40.3375282288
39.7899284363
40.3053436279
39.2047462463
36.8773651123
38.2810211182
40.4694137573
42.5853233337
43.3441963196
40.211315155
41.5601348877
45.2612800598
43.581615448
42.0427474976
45.2366523743
46.5366859436
45.3365592957
48.1999435425
47.8667144775
50.9701042175
49.336807251
47.4150238037
50.2720832825
50.7312736511
47.5042877197
46.8520889282
46.1914253235
44.8854255676
43.7700462341
43.3732452393
42.7545433044
41.2756195068
39.1528358459
41.1612586975
41.9255485535
40.9709320068
37.9902153015
39.0011711121
41.0353927612
42.9266891479
46.5900726318
44.5165214539
42.2645072937
42.8782539368
44.3415718079
40.475063324
40.0432243347
42.2012786865
41.7698326111
37.08177948
38.685005188
40.0223579407
39.3917808533
37.7882995605
38.8929862976
40.3722572327
39.3591499329
38.6028327942
40.5385551453
42.1208305359
39.5404624939
39.8659286499
43.1170501709
42.7993469238
44.0726089478
41.8916740417
41.5031700134
39.9019470215
38.8863945007
38.8300933838
37.9725723267
37.4707794189
37.8788871765
36.1959114075
34.6103477478
35.4371833801
33.0929985046
33.7393989563
35.4664878845
35.8783760071
37.9608688354
39.1206817627
37.9363441467
37.6777992249
35.7766113281
35.2705154419
36.1596260071
36.1021652222
38.6770973206
37.6908187866
35.6009788513
36.2195777893
34.8208198547
35.4319992065
37.0548934937
36.5726203918
35.5615844727
36.7116584778
38.2857818604
37.2322502136
36.8532600403
38.6852874756
39.9953231812
38.1592750549
38.0858650208
37.4396896362
35.6970024109
34.7869224548
33.4078903198
33.3688316345
32.0967674255
32.098110199
31.6038570404
30.5971927643
31.5768451691
31.8824195862
32.3302192688
33.175617218
33.9259109497
33.6679763794
33.2200012207
34.7808876038
34.9846534729
34.784362793
34.451751709
36.0285873413
35.716053009
36.5137138367
36.6524658203
34.827457428
34.3871841431
33.2341194153
32.7196731567
31.6550426483
31.7055225372
30.9068012238
30.8372192383
31.6973056793
32.1142539978
33.9410591125
31.9342689514
33.2810096741
32.929397583
32.889705658
32.6710205078
31.9009933472
32.5104904175
32.7089118958
33.6057701111
33.2847557068
34.269985199
34.7323913574
35.8983078003
37.0039253235
37.5288352966
35.5992622375
36.2114067078
35.8479804993
35.397228241
33.4882392883
32.864944458
32.1061973572
31.7987804413
31.2935237885
30.9445476532
31.8511772156
31.5983943939
31.9800109863
31.7494812012
33.5788421631
34.6385002136
35.9035110474
33.4913330078
32.3544769287
34.3282470703
34.9021339417
33.4393157959
33.7493591309
36.6710243225
35.5311775208
34.1300468445
34.8168907166
36.696811676
36.5880584717
35.2918624878
36.7568016052
38.4092483521
37.5038414001
36.2212562561
38.5834503174
37.0156021118
38.0794219971
36.8817024231
35.9408073425
34.9124679565
34.4375343323
33.1905784607
33.8690681458
32.7078971863
33.0724411011
31.7353210449
31.0995864868
32.8330993652
33.7195930481
34.3781776428
33.164188385
36.5208778381
33.7072257996
31.6633377075
31.2219600677
30.6724948883
33.1568603516
32.6729278564
35.280620575
36.3646430969
38.0707855225
34.813419342
33.7521400452
36.0029220581
36.47108078
34.5668830872
36.2656021118
38.0614967346
36.6279830933
36.2700500488
38.9782791138
39.2713851929
38.2343292236
40.7052459717
38.5681495667
38.711517334
37.3677253723
36.6249198914
36.6396369934
35.4898414612
34.8577766418
34.3180236816
33.6056861877
34.5196495056
34.9226303101
36.3965187073
38.8430328369
39.4935646057
36.9292869568
36.5710258484
39.062461853
39.557723999
36.4996185303
36.5578155518
40.2930603027
39.4224357605
36.9397010803
40.0958061218
41.2661209106
39.559715271
40.2296714783
42.8593902588
43.3517303467
42.2905883789
44.4919204712
43.8864898682
45.872177124
44.0748901367
47.4331550598
45.2827033997
47.2327194214
50.3278923035
47.1507530212
48.3547973633
45.5882835388
47.6889343262
47.257270813
44.036655426
43.1143531799
44.351272583
45.4128837585
44.869052887
46.5133628845
44.2683753967
41.1946907043
40.1446342468
37.6581001282
38.312915802
36.6049995422
35.8794937134
37.231716156
34.0834541321
34.2264709473
33.0623435974
32.764125824
32.0973930359
33.4829101562
34.7416267395
34.6883277893
32.4128608704
35.2349510193
34.9419708252
34.635017395
32.782169342
34.4134216309
35.741558075
33.529083252
33.6218681335
35.5621414185
36.1520309448
35.0535087585
35.5490760803
38.0065994263
37.5942497253
55.0930252075
50.3227806091
45.2742271423
39.1335639954
37.2005958557
35.9711151123
36.7439117432
36.5643005371
38.4146499634
39.4432525635
40.7877311707
41.3785629272
38.0123291016
39.577960968
41.772808075
39.8720169067
41.2894210815
37.8398666382
40.9487838745
43.2454299927
40.1561698914
37.8565597534
36.3973083496
35.5917396545
37.3609275818
37.0992012024
38.8887519836
34.8572235107
34.6110267639
39.8132019043
37.7087173462
35.808681488
38.6120376587
40.4735908508
38.0527915955
37.7157020569
40.8657722473
42.0533866882
39.1677703857
41.4672927856
38.9050292969
42.4954795837
43.458782196
40.8289108276
39.0434532166
40.409614563
39.9669685364
39.5714797974
41.0378074646
38.1102867126
38.0415534973
39.6961364746
37.2055740356
37.9540481567
37.9896659851
38.1516838074
35.7182846069
35.5662956238
35.8624382019
34.8266143799
33.4737892151
34.6966896057
36.8875579834
38.5483131409
39.8675460815
37.069934845
37.7199363708
41.5647392273
40.5572624207
38.6993408203
41.2104301453
43.1132354736
42.365436554
45.095375061
45.2160110474
48.1517333984
46.5742492676
45.179889679
48.1841926575
48.231716156
44.8178291321
44.9601974487
44.2734069824
42.4109230042
41.7047691345
41.869972229
40.5394210815
38.752407074
37.4504051208
39.0554008484
40.2585754395
39.8969497681
36.897983551
37.192276001
39.0260314941
41.3925666809
40.1530303955
43.4911346436
41.0362434387
39.0761070251
39.0092506409
40.2750053406
37.045249939
36.3801994324
38.019405365
37.6032676697
34.0638313293
34.6799087524
35.7126655579
35.0747413635
33.7249908447
34.6928672791
36.047504425
35.1443710327
34.6351852417
36.5116958618
37.9504051208
35.6096611023
36.3418083191
39.4641723633
39.3322486877
40.047492981
37.5772361755
37.1347694397
35.2486839294
34.4464073181
34.2391853333
33.8275756836
33.1984176636
34.1584854126
32.7567749023
31.6804504395
32.6324729919
31.0510177612
32.0835952759
32.9608001709
33.5890769958
35.0183792114
36.3674736023
35.7825050354
35.5343818665
34.0988998413
33.8711357117
34.714225769
33.8634376526
36.0037689209
34.3287773132
32.4736061096
32.6829948425
31.5984516144
32.115852356
33.1825447083
32.7968177795
32.1902923584
33.1283302307
34.4668617249
33.7424201965
33.8852272034
35.5508346558
37.1042022705
35.1262779236
35.8238487244
34.8150482178
32.6433792114
31.6601696014
30.5761413574
30.3098430634
29.8310699463
29.5965824127
30.1682281494
30.3851070404
31.0033588409
30.5664577484
30.5170764923
31.4976024628
31.6364002228
31.0984268188
31.1345920563
32.5710067749
32.3163719177
32.025680542
32.3725242615
33.8330039978
33.3253517151
34.2780952454
34.2046012878
32.0938835144
31.6951389313
30.7574863434
30.1918735504
29.7526473999
29.6249980927
29.9048538208
30.9942970276
31.2334899902
32.2938117981
34.5515937805
32.2574195862
32.8296585083
32.2243995667
32.3273353577
31.6551303864
30.6902751923
31.2468185425
31.0147075653
32.1388893127
31.6381664276
32.2221870422
32.7160301208
33.9292602539
35.0869064331
35.6102714539
33.460521698
34.1428451538
33.5787391663
33.067943573
31.2801113129
30.5855045319
30.3178043365
30.0018463135
30.1261310577
30.0369167328
31.9815769196
31.4927425385
30.4943637848
31.2078838348
30.7754917145
32.5003356934
30.973197937
29.7970104218
30.8138961792
31.5648880005
30.6487903595
30.4026851654
32.7141456604
32.1584281921
31.1978588104
31.4716491699
33.1713294983
33.5559844971
32.287940979
33.4116363525
35.2659034729
34.6992835999
33.4745445251
35.725112915
33.9195747375
34.9674186707
33.4875450134
32.3257064819
31.436756134
30.8192596436
30.4055519104
30.5499668121
30.3812046051
30.9260215759
31.0542354584
30.0933017731
30.8206615448
31.9654541016
33.3857116699
32.829208374
35.9131469727
33.8153533936
32.3899726868
32.0064315796
30.489648819
31.568397522
30.1012897491
30.5055103302
30.7334861755
31.9065418243
30.2183170319
29.9949874878
30.922832489
31.6492137909
30.5034179688
31.6250324249
32.883430481
32.2742805481
32.1611862183
34.2284240723
34.8241996765
34.3042640686
36.5415840149
34.7987556458
34.8994941711
33.2043571472
32.6486167908
32.3555831909
31.8136291504
31.5961456299
31.792137146
31.7153339386
32.7905235291
33.7140350342
34.3984680176
35.8907241821
36.0984954834
33.3713951111
33.1109390259
34.5162963867
34.499584198
31.7866687775
32.4918136597
34.7765960693
33.2852897644
31.9686164856
34.7006263733
35.4149131775
33.9761123657
34.9596366882
37.2878112793
37.6740341187
35.8559303284
38.2020797729
37.4963417053
39.4274139404
37.6290779114
41.47706604
39.5077629089
41.4431343079
45.0845222473
42.0201759338
43.6096458435
41.1845550537
42.7581062317
43.135269165
40.2360191345
38.4596939087
40.2705116272
41.4019355774
39.9922447205
41.5152893066
38.5183143616
34.9793739319
33.5421981812
32.5593299866
33.9552192688
33.2458877563
34.1418037415
36.1858406067
33.7016029358
34.072517395
32.2117233276
32.8839073181
31.2082080841
32.2931556702
32.8858680725
32.961025238
31.0990066528
32.9414482117
32.4503097534
32.3621406555
30.83319664
31.7180213928
33.0004920959
31.3483562469
31.2486419678
32.7088432312
33.5117835999
32.6517486572
32.8644828796
33.7275428772
35.1838912964
68.0729446411
60.2589645386
55.034576416
45.8853912354
44.5137481689
42.0952148438
44.2668228149
43.1859550476
45.8618927002
46.3555603027
48.0505981445
48.262096405
44.850479126
46.6739501953
48.6700592041
46.2350883484
47.5278968811
43.4831771851
46.7398796082
49.0648956299
45.8619041443
43.3333053589
42.1398735046
41.4970703125
44.0720176697
43.8446044922
46.5605697632
41.9720611572
41.3889579773
47.6531028748
46.2704582214
44.3185577393
46.8998222351
49.4108085632
47.6763648987
46.7705688477
49.7675628662
51.6154327393
49.3216094971
50.7622566223
47.9980621338
51.1079826355
52.1236686707
49.3960838318
46.9425239563
47.4781417847
47.4157409668
46.1783866882
47.6077728271
44.497718811
43.9130249023
45.5842781067
42.9811897278
43.5341262817
43.4125862122
43.6574554443
41.4923973083
41.0390815735
41.1597213745
40.1541557312
38.1032791138
39.5664176941
41.4445152283
43.2393760681
44.0305023193
41.6546974182
42.7375450134
46.1391296387
45.0682792664
43.6731109619
46.2736473083
47.846622467
47.1251068115
50.0103302002
50.220035553
52.9367370605
51.0464134216
49.5451316833
52.0714569092
52.1455879211
48.9249725342
48.5854034424
47.6193275452
46.2057418823
45.7571144104
45.2190818787
44.1113929749
42.8203239441
41.3871459961
43.3922576904
44.6170387268
43.9664459229
41.3441543579
41.7902832031
43.9978866577
46.3598937988
45.7017936707
49.1683502197
46.8236122131
44.539768219
44.5177192688
46.3134307861
43.0470504761
42.0674362183
43.8339042664
43.8682975769
38.988445282
40.4690437317
41.7342567444
41.2677307129
39.5735054016
40.3528747559
41.9156837463
41.0147972107
40.0944099426
41.8327941895
43.6431159973
41.1235427856
41.2012519836
44.2232513428
44.2068595886
45.4759750366
43.6599197388
43.3913116455
42.003238678
40.9041290283
41.2083816528
40.3140945435
40.4258384705
40.5710067749
38.6479568481
36.8780975342
37.7195587158
35.1635551453
36.0628051758
37.329158783
37.5451889038
39.201007843
40.4616546631
39.695980072
39.8018684387
38.1952133179
38.2145614624
39.5639457703
38.5837669373
41.0074081421
39.5071640015
37.2781982422
38.0455513
36.4780158997
36.8440971375
38.422203064
38.0296707153
36.9373893738
37.973575592
39.5450668335
38.6356506348
38.1966514587
39.9330101013
41.2308235168
39.5565299988
39.4475975037
38.8060340881
37.0533714294
36.1738014221
34.8157577515
34.8097190857
33.5735778809
33.9873695374
34.0760879517
34.1371574402
34.6136360168
33.6956748962
33.9671287537
34.9604911804
35.48985672
35.093044281
34.5429992676
36.1104698181
36.2274436951
36.0227584839
35.6175346375
37.0891532898
36.8731956482
37.708480835
37.9553337097
36.0753059387
35.6328163147
34.4588737488
33.9717407227
32.9756011963
33.1358032227
32.8542633057
34.4510574341
34.3292427063
35.4645004272
37.422203064
35.7777900696
36.344417572
35.4228668213
35.2531242371
34.6200485229
33.6826477051
34.3264846802
34.4857940674
35.3111534119
34.7102851868
35.5000801086
35.8624763489
36.9323005676
37.9745941162
38.5560073853
36.7045936584
37.2720565796
37.0236816406
36.5861434937
34.707698822
34.1603660583
33.5675773621
33.7596893311
33.5321884155
33.7419509888
35.5621986389
36.5645675659
37.180431366
35.9708824158
38.1862831116
38.961971283
40.0630760193
37.2025604248
34.9793701172
37.3270683289
38.1301116943
35.8946228027
35.7529296875
39.0506896973
37.7474441528
35.9040298462
36.5077018738
38.5832481384
38.3107452393
36.7723579407
38.3613624573
40.0684242249
38.9675712585
37.558391571
40.0697288513
38.4727210999
39.5629844666
38.3757705688
37.52526474
36.4838943481
36.3010787964
35.2178192139
36.4713134766
35.7738609314
37.3689498901
36.228225708
35.4467277527
38.2421684265
39.9004478455
40.822101593
39.2110710144
42.1517982483
39.0191345215
37.6359481812
36.8965072632
35.33776474
38.8554267883
37.2898292542
40.2117004395
40.8863105774
42.3955307007
38.5642776489
37.1396522522
39.2826652527
39.5079803467
36.9673690796
38.794670105
40.9450721741
38.9379577637
38.2443084717
41.3136863708
41.5146064758
40.1461029053
42.67137146
40.2868843079
40.3820571899
39.2422981262
38.4354820251
38.8879890442
37.6590538025
37.5038490295
37.4079246521
37.3155899048
39.0909233093
39.7095336914
42.0645637512
43.8355865479
45.0691146851
42.3529014587
41.1413841248
43.5164222717
44.5665893555
40.6344604492
40.1304893494
44.1693916321
40.188495636
43.2406387329
44.5906906128
42.63829422
42.9394035339
45.7302970886
46.2789344788
45.1769599915
48.3698425293
47.9438591003
50.2940254211
49.023223877
52.4270515442
50.1549072266
51.7306137085
54.8691749573
51.6418495178
52.5606994629
50.0328826904
52.6829223633
52.3693161011
49.1034698486
48.3070259094
50.067401886
51.3169822693
50.5865974426
51.9331932068
49.6115722656
45.9994773865
45.074962616
43.2321891785
44.1963577271
42.4846992493
42.1458435059
43.5521240234
40.16198349
39.9054489136
38.0150642395
37.5407295227
36.1413269043
37.6310310364
38.7493896484
38.5342674255
35.6245117188
38.7648124695
37.9176826477
37.2655715942
35.1268424988
36.7262649536
38.0454063416
35.5820426941
35.3013648987
37.4252052307
37.8292427063
36.4779396057
36.9905967712
40.0238227844
38.8434867859
