20.6968917847
11.2332582474
29.4512939453
45.1114196777
46.6530189514
42.047252655
40.0131034851
46.543384552
41.4689025879
45.2081260681
43.0528564453
44.1411361694
38.1438026428
42.6025733948
41.5940971375
40.9922485352
39.706325531
38.4008712769
37.6290130615
36.5582008362
39.2700386047
35.7227172852
40.5069236755
37.380279541
44.4651374817
42.7894363403
40.3249855042
46.4251976013
47.3866462708
43.1502914429
43.1827926636
43.5290107727
40.4014816284
39.3439483643
42.6516227722
41.0144882202
42.3493614197
39.7617378235
36.3015861511
35.4472236633
32.0695610046
33.1577835083
29.1875209808
33.3140487671
29.8064422607
30.2049217224
31.9899768829
29.7711181641
27.5235500336
24.6222400665
21.9191246033
23.7718219757
23.1836204529
29.465713501
27.0764026642
30.3568153381
29.9053497314
32.8009185791
33.1160812378
33.1240768433
36.2312469482
36.4752120972
39.1245002747
42.9798355103
43.6293869019
46.7472572327
41.3003730774
44.9252204895
39.5342788696
41.009475708
36.4752578735
37.609954834
34.2260246277
32.5334510803
32.130443573
31.1221065521
33.8006439209
31.1276855469
33.84973526
32.2432060242
32.4946632385
37.0707321167
35.3136940002
33.0015144348
38.2536811829
34.8749427795
35.0092964172
37.5644035339
33.9894294739
36.8906059265
32.0859603882
35.533821106
31.9067134857
32.4319000244
32.237411499
31.3952884674
30.0683956146
30.7485733032
28.4585227966
34.1285324097
36.8623123169
38.472454071
37.3091659546
36.9167137146
39.3441047668
37.4190368652
40.8689002991
38.5195274353
36.3079986572
42.2175483704
43.8060722351
41.7496986389
42.6210708618
45.374370575
49.5974464417
48.0642738342
46.3881149292
49.139831543
48.8699645996
50.0593681335
47.1275367737
48.2893676758
44.2854690552
43.8912467957
42.1349906921
36.6516876221
40.1410064697
43.3652114868
40.0649414062
36.9805603027
40.772731781
45.147567749
45.9985694885
49.0277404785
50.8427619934
52.5708122253
55.7813148499
58.6115531921
27.4515247345
24.4121017456
19.3200149536
29.7537536621
28.1313266754
26.5869617462
28.5846252441
33.8893165588
30.6444358826
35.2635498047
32.619052887
36.7308578491
37.3696060181
38.7780609131
37.9062347412
40.376789093
43.4108810425
40.0663223267
37.2810592651
34.7623443604
36.7247123718
33.9030342102
33.4090194702
32.3464813232
35.8819541931
33.3072433472
31.2072963715
32.5171051025
30.5314807892
26.1141376495
25.0853652954
24.7370109558
22.1905860901
19.4108371735
22.8548774719
24.0154342651
26.1751346588
27.9839248657
23.6587810516
22.4054546356
25.7281608582
21.6652946472
24.7622833252
22.079875946
25.8525753021
23.9191379547
28.5532302856
27.4818153381
29.2826442719
24.4689369202
26.7248458862
26.2119197845
20.3643016815
27.8882408142
24.3532276154
22.1788387299
26.184015274
22.7175655365
26.4599437714
28.8467216492
25.1461524963
27.6905288696
24.0184116364
26.0843849182
30.7678604126
30.1655654907
28.035692215
33.132598877
28.4042167664
33.1277351379
30.9086818695
31.3530235291
30.1225566864
35.2128295898
31.5223312378
35.4131164551
36.4073371887
33.9197998047
39.9358901978
36.4709243774
33.7946777344
36.1639328003
34.5700683594
31.3134174347
30.0315990448
28.8570594788
27.0274600983
25.2574138641
21.6873435974
22.6691513062
19.1396484375
17.5779361725
18.6240768433
17.121257782
16.9553222656
16.0522708893
13.7798290253
12.7225160599
14.8408441544
15.4331712723
19.3813819885
22.3295707703
22.3537559509
26.3415126801
29.7322292328
31.1996059418
33.9416656494
34.2630653381
35.0229873657
38.1063766479
37.8049507141
36.6395187378
41.9651870728
44.0397109985
42.7772789001
42.1484031677
38.8034934998
40.4193687439
38.2942314148
37.1570510864
35.1368217468
32.4358253479
28.4512195587
28.0039978027
24.5724868774
20.2501220703
24.4638442993
27.526550293
26.7879810333
25.0374679565
28.9609985352
31.6943893433
34.3079223633
35.1195869446
38.1300315857
38.3789253235
42.5488014221
45.071269989
37.1133346558
29.6516189575
39.6783294678
44.0641937256
45.5695457458
42.4694213867
44.5402908325
52.4071350098
47.4645576477
53.9908218384
47.8527984619
55.1630058289
53.2773475647
56.2223625183
54.0042457581
57.4001579285
58.4270439148
53.5930633545
51.099861145
50.3983192444
51.3602790833
51.4195289612
49.9142303467
49.7837181091
55.9939613342
53.4104003906
50.7873497009
51.3697814941
46.6935005188
44.1238212585
43.8950653076
43.3274116516
40.1591377258
40.3622703552
42.2245330811
45.2283172607
44.6623344421
47.1503791809
45.1158676147
42.6540794373
44.9808769226
42.2924346924
42.3522567749
40.0911178589
43.903011322
40.3350601196
41.8176040649
39.395614624
39.7035636902
39.0243453979
37.4615707397
38.1383934021
34.2973365784
41.7934646606
39.6840515137
37.1913642883
41.7573814392
43.0478591919
44.516418457
48.7319717407
45.0936279297
48.7521324158
46.4793586731
45.4446907043
46.8009643555
49.4844589233
49.5846138
47.0433769226
54.0918884277
49.6344108582
52.1665039062
50.1249504089
51.5021629333
48.2461242676
50.9763450623
48.420501709
50.1695175171
50.9630393982
45.0204391479
50.2819633484
45.7492332458
46.0066070557
46.2285118103
44.7888412476
43.752368927
42.4707450867
43.4482879639
44.0878944397
38.4162635803
39.834072113
37.8952789307
37.8166694641
40.7851676941
38.0798988342
38.0829544067
36.9898757935
34.70753479
32.5960655212
34.8308143616
33.849357605
38.0117149353
41.1121139526
36.7163391113
43.179523468
44.4326934814
45.3026657104
48.0932502747
49.0795173645
47.2182884216
52.3082275391
51.4492492676
52.2533493042
55.0397796631
56.3586006165
57.8768424988
58.3088645935
55.7745780945
58.1598320007
56.5506095886
55.9397621155
52.3916893005
48.7489204407
46.1664733887
43.7693519592
39.2608108521
35.9524688721
36.5956840515
41.0074539185
41.5742416382
38.6881141663
40.5372886658
45.2060050964
49.2961959839
50.4961433411
54.0365180969
55.4489021301
59.203163147
62.4669380188
14.2988977432
18.6998157501
8.97059726715
30.9932613373
26.9959430695
25.9774627686
25.0538082123
28.0046234131
23.3958511353
25.8607521057
24.3662338257
24.1457462311
24.4592227936
23.8968906403
23.9065551758
25.1796474457
25.7959327698
24.4040164948
22.9769763947
19.2401065826
22.7815151215
20.0229530334
22.4281978607
20.9922714233
24.6551494598
24.5653514862
23.4473266602
28.6311149597
29.9205760956
24.695930481
24.1748104095
25.8492164612
24.3732776642
23.804523468
27.4158248901
25.7723903656
25.9424934387
27.8694190979
21.0421562195
19.8854866028
20.515253067
14.434299469
15.7566757202
12.5037384033
14.195854187
10.5581378937
15.6333208084
17.1608943939
18.8870868683
11.920586586
15.3394737244
12.5618801117
8.12725925446
11.0234737396
12.2135572433
10.2620592117
12.8980388641
9.66620922089
15.6156902313
17.61510849
17.3455753326
20.7782287598
19.1385097504
23.4144172668
24.6618652344
28.2862510681
27.8240814209
22.9984207153
25.3159446716
19.4295845032
23.0149917603
18.1491699219
19.153219223
15.750289917
18.7235679626
15.0070114136
19.2286624908
19.4609889984
19.6529121399
25.5436668396
23.0911197662
20.6487388611
24.8927230835
24.0396652222
19.3503437042
21.1600627899
18.0966339111
17.1440372467
17.8663825989
15.3845233917
19.220823288
15.2897233963
19.16147995
15.2769565582
17.79388237
19.6179504395
20.9082584381
19.5545787811
18.3510570526
15.1435413361
19.378484726
18.5185127258
20.318365097
22.2591743469
20.3994274139
21.9221057892
21.4111766815
23.3762645721
20.9746665955
22.7288074493
26.2217235565
26.0256309509
22.8703746796
27.7008018494
31.243976593
30.6023292542
28.9002342224
26.4635677338
28.8223266602
28.1516666412
29.1890296936
26.5526256561
28.1055088043
23.9711418152
23.6994056702
18.5922660828
23.1356620789
24.9837341309
21.04180336
19.1007175446
23.6268520355
26.2821960449
26.3111057281
28.9863929749
30.5457630157
31.8813304901
35.1440544128
37.7927627563
