22.3273715973
22.1981163025
19.571603775
17.349943161
13.4792375565
13.8255710602
10.3297309875
10.7472314835
11.1141901016
6.83979940414
4.97293043137
6.52924966812
8.15245723724
9.6682138443
10.9182424545
12.1985549927
14.3706541061
15.9469223022
17.4898796082
16.8306236267
13.8374996185
10.6217374802
10.022400856
6.36755561829
7.77931880951
6.31663274765
7.66322755814
11.8772668839
10.6886720657
15.3621759415
15.875752449
13.9426803589
12.7465896606
11.0691671371
9.36129951477
9.71275043488
7.36949825287
11.8909721375
9.6524477005
13.7849502563
13.6458501816
17.0911941528
19.8569068909
20.6956348419
24.5917835236
21.0627574921
20.2005214691
24.2556381226
21.6549797058
16.5217189789
20.375875473
24.0583839417
19.4329166412
19.2684211731
22.6067237854
23.8892841339
19.9992465973
21.9147224426
26.304315567
24.8890972137
25.8184947968
27.5013084412
26.6260089874
26.4419345856
24.0034351349
19.1767024994
19.4432506561
17.3748874664
15.1496934891
14.0955448151
14.8572759628
12.9562416077
17.0119361877
19.2253723145
16.168888092
15.1863946915
11.3442077637
14.0075292587
8.85680103302
12.7244977951
11.2052192688
13.1860513687
16.0872745514
12.9569177628
16.9794235229
17.2171192169
20.6954689026
18.5285892487
20.750711441
25.1350135803
25.9625720978
23.3360080719
25.2246303558
28.6928844452
28.4918384552
25.9509372711
29.469121933
32.3068122864
34.8156509399
37.379776001
31.7560195923
31.983259201
36.1329498291
37.917137146
37.409538269
33.2045936584
34.1406288147
36.8343048096
31.7902240753
30.0675907135
33.1759109497
34.0776519775
29.5052566528
29.6306495667
33.4090881348
32.0548782349
29.54945755
31.3710765839
35.4450721741
30.519569397
30.4914340973
36.3682441711
36.8106880188
32.9232063293
35.3261871338
30.074174881
31.2663612366
27.2774009705
27.8160457611
26.5011749268
28.9713115692
27.054485321
26.0041999817
24.5909042358
22.7760829926
23.216917038
19.690322876
21.5480804443
21.6171836853
22.837890625
26.8957176208
28.1485500336
24.4340839386
25.3228721619
22.2285900116
23.916223526
21.2292804718
21.2029590607
19.6496105194
23.6737575531
25.3372306824
28.974653244
30.8205013275
34.9677009583
35.0580596924
39.5617103577
39.9496192932
40.7294158936
39.1260986328
33.4934959412
36.6270980835
34.2899436951
32.689365387
36.2143936157
34.5912590027
32.8566513062
32.1088066101
32.614982605
30.7118396759
35.1877288818
35.4009246826
31.6565685272
35.2169075012
38.0462226868
41.350315094
40.917842865
37.621761322
38.6910743713
41.9821357727
43.5855102539
37.3333473206
39.4350090027
34.6555252075
36.9336929321
36.1567611694
39.8873291016
36.3036079407
33.228302002
37.1743202209
38.6649246216
33.6625175476
34.2464256287
36.2824440002
34.6259498596
31.334104538
35.5512542725
36.9140205383
31.4756240845
32.4928131104
36.2602806091
35.3524131775
33.405002594
31.0927505493
34.6637573242
33.6726760864
34.9214744568
39.1042938232
39.4135513306
40.485168457
41.3557434082
41.5360145569
37.5946731567
41.6821594238
44.7288970947
41.3461685181
43.9319572449
47.0393371582
46.2296485901
44.144947052
48.3039550781
50.931427002
49.4004020691
46.0466957092
44.940120697
41.3139190674
45.6906929016
45.5531311035
41.4802589417
42.5047569275
42.8124694824
42.4089241028
43.3531532288
47.9040908813
46.0334701538
41.4403076172
44.3097076416
46.6862945557
42.0780563354
40.5268287659
45.5106658936
43.946685791
40.5431137085
41.0065917969
46.0760383606
46.537940979
47.4584960938
43.7538452148
46.4141235352
47.8565444946
42.4607620239
42.3951148987
40.8431434631
35.9995994568
39.7931594849
43.0252609253
38.9072761536
37.0694541931
42.0265655518
41.7906723022
38.3285675049
38.8963241577
43.3807029724
41.9980316162
37.9274368286
41.5491027832
45.3333396912
42.0627441406
41.5585517883
45.7841949463
27.5218067169
27.8753910065
24.2778949738
23.2114505768
20.4350605011
21.6914577484
17.1623935699
19.2838668823
19.5859928131
14.9290838242
13.393196106
9.66821479797
10.177772522
7.17435312271
5.81904029846
5.18258523941
7.39934015274
9.98978996277
12.3095808029
13.4858102798
10.239613533
7.00210905075
6.63482427597
5.88916540146
8.98429012299
11.2702941895
14.6822710037
18.9999141693
19.1803607941
23.4336280823
23.0044021606
20.6797027588
18.304567337
14.9429922104
13.5267419815
11.6432685852
10.1756801605
11.4184169769
9.9427690506
13.7311229706
12.2082414627
16.8254127502
20.2418079376
19.0835285187
22.3978805542
18.4305782318
20.1860637665
23.561712265
19.7010707855
17.0179729462
21.6980228424
23.8842468262
18.996137619
21.0404090881
24.431760788
24.670835495
21.2878494263
24.961856842
28.3604125977
26.2058963776
28.2338047028
28.1449546814
27.4912891388
25.9945774078
23.97747612
19.3987636566
21.8812427521
20.4001979828
19.6741409302
18.8783855438
19.5599327087
18.1171112061
21.0828208923
24.3487586975
20.9102134705
18.4108066559
15.0837049484
16.5698165894
13.8483600616
14.9352245331
15.5397748947
15.3327798843
17.8910312653
13.5933418274
16.1197986603
16.0170536041
18.0884933472
14.8216114044
15.5443677902
20.5729732513
19.7796287537
16.9453525543
20.8496742249
23.3595085144
21.7220554352
19.9396877289
24.4095993042
27.9058418274
29.4715614319
33.1350746155
28.4409713745
27.9978084564
32.4597816467
34.1124382019
34.5126457214
30.1662731171
30.2129821777
33.7556533813
30.0435523987
27.0378112793
30.2117195129
32.0887832642
27.9717903137
27.1139812469
31.3832244873
31.1175365448
28.5138339996
29.4871253967
34.562084198
30.8584518433
29.6834545135
35.1054649353
36.6699790955
33.5388946533
34.958896637
29.7078819275
29.2579421997
24.4902420044
24.6841392517
22.0042266846
24.997209549
22.1394023895
20.8725910187
18.8119544983
18.4424705505
19.5439853668
17.0139026642
18.9384403229
20.2985153198
22.82837677
26.0711956024
25.9791526794
23.5878105164
23.3532485962
21.5319137573
22.0223674774
19.1281051636
20.6216869354
17.5525531769
21.5346908569
24.1742095947
27.6500244141
31.1332435608
34.0257835388
35.1173095703
38.9831428528
38.8441543579
38.8155326843
36.6933288574
31.0404090881
33.6490898132
30.7198314667
28.869682312
31.9297714233
29.53840065
27.8598194122
26.2105884552
27.2309417725
24.7121200562
28.6480369568
28.599111557
25.680896759
29.7885284424
33.0749855042
36.1446151733
36.4511985779
32.9284591675
33.1023254395
36.7961959839
38.9907989502
33.0128097534
35.7768211365
30.9922294617
34.0087203979
33.7595672607
36.7655448914
32.4989051819
29.9345798492
33.5897750854
33.7288398743
29.0683135986
30.452375412
31.4951858521
29.1722011566
26.6602020264
30.9835281372
30.8236293793
25.7170162201
27.6813735962
30.8809051514
29.2013931274
27.8568248749
24.5935401917
27.7515773773
26.3796043396
28.0374355316
32.2726249695
31.8948898315
32.5106582642
33.7369651794
33.7336578369
30.1485157013
34.2767028809
37.2854270935
34.4987297058
37.788192749
40.214099884
39.383441925
38.0075035095
42.1988220215
44.4057922363
43.434967041
39.3718833923
38.9809036255
34.980846405
39.3127746582
39.9073638916
35.5486412048
36.4220046997
37.4823417664
37.2659988403
38.8115234375
43.1685791016
42.1815490723
37.1278762817
39.0324935913
42.2768058777
38.1786689758
35.6378936768
40.2854309082
39.6887741089
36.2385749817
35.7581596375
41.4832344055
41.4370803833
43.207408905
39.9952850342
43.0899009705
44.0721282959
38.5826034546
39.224609375
38.5617103577
33.6773262024
38.2472343445
40.8108024597
36.2212371826
35.6050758362
40.4904060364
39.3663673401
35.4810523987
37.5462532043
41.4274787903
39.218372345
36.0802650452
40.2194786072
43.0876998901
39.5388679504
39.8572731018
44.0681800842
26.729259491
26.4782180786
22.562128067
23.0064811707
20.121931076
22.3677444458
18.6778316498
20.4053077698
19.5755214691
14.94805336
13.9114580154
10.9182405472
10.0758428574
7.3014831543
5.8190407753
4.83987855911
8.19391536713
11.6901788712
12.983291626
13.8194303513
11.0371284485
9.34153461456
5.55480861664
6.94088792801
6.82084369659
9.70372676849
13.5775241852
17.5162029266
18.8408374786
22.2868595123
21.0463047028
18.730255127
15.6591348648
11.9243936539
10.894033432
8.76648330688
9.20782184601
10.7788057327
11.5458297729
15.7022972107
15.6555347443
20.2708396912
22.7593688965
21.5236854553
24.2637081146
19.8571147919
21.4715251923
24.0392303467
19.881980896
17.2299385071
21.7339344025
23.2359104156
17.8038139343
19.8195266724
23.0464687347
22.6415958405
18.8684520721
23.0995540619
26.0019340515
23.0543365479
24.650554657
23.9430103302
23.0226764679
21.3949623108
19.9293861389
15.4543180466
18.3313121796
17.8248062134
17.1307830811
17.3825817108
18.9081859589
18.5779075623
21.6793422699
25.3000507355
22.9582672119
21.0308971405
17.5040111542
18.1188220978
14.6258087158
13.8706588745
13.8982152939
12.2533655167
13.8797616959
9.29370212555
11.2597980499
11.1555776596
13.1932487488
9.83751869202
11.1103343964
15.9380226135
15.877366066
13.029053688
16.1014709473
18.9208946228
18.1506233215
16.0505332947
20.0370006561
23.5008087158
25.1849555969
28.6124362946
23.6772594452
23.1963253021
27.5913448334
29.2460727692
29.4899272919
25.1498661041
25.3901138306
28.8302192688
24.9779148102
22.1013202667
25.4578113556
27.2370624542
23.0780181885
22.5595684052
26.8965892792
26.6189899445
24.2784881592
25.528799057
30.3938426971
27.0808925629
26.1556167603
31.4635047913
32.9838562012
30.281955719
32.0466537476
26.8643684387
26.5875320435
21.4157791138
22.6397628784
19.3099689484
21.462884903
18.5102272034
16.8254413605
15.6275663376
14.9128818512
15.1135587692
12.2845001221
13.8713979721
15.2243251801
17.9927902222
21.0649662018
20.9015197754
18.5618457794
18.4244060516
16.9081954956
17.8616294861
15.4243392944
17.4409275055
15.3175954819
19.2119445801
21.5960216522
25.5085678101
28.9589920044
31.6644802094
33.3107261658
37.1217956543
36.5259971619
36.2491416931
34.5736351013
29.3983860016
32.3675727844
29.7057533264
28.619140625
31.8010807037
29.4824352264
27.3657417297
25.7622394562
25.857170105
22.7385311127
26.8722324371
26.2104034424
22.7881889343
27.4249534607
30.5525016785
33.7628440857
34.1294212341
30.9526691437
31.3603096008
35.272895813
37.4248542786
31.7488822937
33.9913635254
28.9030532837
31.262216568
30.5049800873
33.4754066467
29.585351944
26.6566734314
29.9612674713
30.5784053802
25.6484565735
26.3822441101
27.6533603668
25.6138648987
22.5780982971
26.7109870911
27.1071777344
21.8392772675
23.2148952484
26.5755157471
25.2467765808
23.5440692902
20.8385753632
24.3356018066
23.4917068481
25.1045017242
29.5435657501
29.2531547546
30.5103492737
31.6584205627
32.3677749634
28.7253875732
33.1521148682
35.7513885498
32.4604797363
35.9111404419
38.5038452148
37.1205482483
35.4775161743
40.0459671021
42.0887870789
40.4723091125
36.5566139221
35.8671226501
31.6569957733
35.7853546143
35.8442268372
31.5651798248
32.4074630737
33.11977005
32.8995094299
34.2497177124
38.7957878113
37.5729370117
32.6488952637
35.0164985657
38.0154914856
33.8994026184
31.6288776398
36.5724945068
35.849647522
32.5092697144
32.2675666809
38.0761871338
38.7590293884
40.1998519897
36.9886169434
39.8621444702
40.6439704895
35.2319221497
35.336101532
34.5933418274
29.6892623901
34.0007476807
36.5824508667
31.879858017
30.9945335388
35.8264312744
34.679271698
30.7637023926
32.6462860107
36.5244483948
34.3467140198
31.0212230682
35.1641998291
38.0735855103
34.4898948669
34.7440719604
38.962097168
26.766752243
27.7604141235
23.7549648285
23.3285446167
21.8949203491
23.9357910156
19.2079429626
22.7463359833
22.8649311066
18.4543876648
18.4319572449
14.3706579208
16.2185230255
13.4027729034
7.3993396759
8.19391536713
3.78557491302
3.9857852459
5.8709397316
8.05326652527
5.68605899811
5.83639431
6.24310398102
9.32281589508
13.6402626038
15.5426340103
19.2879619598
21.8960418701
23.6960372925
26.9142837524
26.209280014
25.1404361725
21.7508029938
18.6967887878
16.3093452454
12.9608135223
11.5096111298
9.14679431915
9.22332191467
11.4679088593
10.8829917908
15.290851593
17.5975284576
15.1951494217
17.4848213196
13.2653894424
16.4419288635
18.8165340424
14.4020738602
13.7943019867
18.4034805298
19.367521286
14.879032135
18.262386322
21.3792705536
21.0989170074
18.6978321075
23.0254459381
25.6166114807
23.6661930084
26.9213943481
26.2496147156
26.3538722992
24.2287273407
21.7058792114
17.7821826935
21.2890529633
19.4981880188
20.3490772247
19.0129318237
19.1709785461
18.2480220795
19.9855232239
23.9161968231
21.0437583923
18.1461925507
15.634270668
15.3805789948
14.8007478714
13.6513872147
16.1557197571
15.3485631943
18.3404140472
15.8584346771
16.4806804657
17.9178104401
19.3401412964
14.4180803299
13.4313144684
18.2664890289
16.667509079
15.1359653473
20.2605228424
21.4852714539
19.3449802399
19.6557483673
24.0960102081
28.26404953
28.3926448822
33.0882034302
28.9067115784
27.4042453766
31.6471767426
32.5733146667
33.3888282776
29.1654205322
28.2542057037
31.657377243
28.9708118439
25.2039451599
27.4711341858
29.7832450867
26.2270965576
24.0937671661
28.1840457916
28.4770946503
25.4912986755
25.5847206116
31.2382678986
27.950220108
25.8251228333
30.9041099548
33.0809783936
30.126871109
30.5910491943
25.5319156647
24.078962326
19.5027770996
18.8603858948
16.2541866302
20.0801620483
17.4051971436
17.013174057
13.8431549072
13.9041748047
16.4923648834
15.3294744492
18.4933452606
20.8769073486
24.5320625305
27.0853443146
25.9448432922
23.3447551727
21.8345928192
20.1807460785
18.9211578369
15.6122493744
17.3314933777
12.9761991501
16.5142307281
19.6854896545
22.5920238495
26.9094963074
29.0363807678
30.4206504822
33.8330497742
33.6120948792
33.3425712585
30.8176746368
25.1052532196
27.3399524689
24.1962375641
22.2574615479
25.1571331024
22.6215248108
20.946516037
19.2385063171
20.4492435455
18.2508220673
22.1501426697
22.7534751892
20.0664157867
23.4832630157
26.8487033844
29.788980484
30.1136474609
26.4024410248
26.4148139954
30.0041751862
32.2691383362
26.303817749
29.3641586304
24.7835006714
28.3538131714
28.712223053
31.4382095337
26.7501964569
24.7188606262
28.5767803192
28.0722332001
23.7918701172
26.1341362
26.7836265564
24.2086658478
22.5143680573
27.1257286072
26.5913887024
21.6830406189
24.6702327728
27.8093070984
25.9821777344
25.7976856232
21.3465099335
24.0251789093
21.8384494781
22.9588336945
26.8036441803
27.1032123566
27.3812351227
28.1636543274
27.7209796906
23.8742256165
27.8173770905
31.0594272614
28.2603168488
31.2098636627
33.7405319214
33.3181190491
31.8784999847
35.7626609802
38.2198982239
37.6656112671
33.8199691772
33.4465370178
29.9986572266
34.7806015015
36.1533889771
31.9015541077
33.6313095093
34.7953109741
34.0959701538
35.8310775757
39.5398178101
38.9030456543
33.6436195374
34.7762374878
38.1735572815
34.0793228149
31.214887619
35.3625297546
34.7936859131
31.2339916229
30.5388069153
36.0012435913
35.2677993774
37.3195304871
34.2157211304
37.5540885925
38.6378936768
33.1347694397
34.5133934021
34.2133293152
29.4783153534
34.5941848755
36.8254013062
32.3963508606
32.7532234192
37.5839500427
36.2720947266
32.5175437927
35.4722099304
39.0579109192
36.7280845642
34.6478347778
38.8016891479
41.2366790771
38.1940307617
39.006603241
43.1631622314
24.6703605652
26.3529129028
22.4180049896
21.9903430939
21.820526123
24.1380825043
19.5503425598
23.9879074097
24.1474590302
20.3313446045
21.4471321106
17.4898777008
20.539106369
18.3214225769
12.3095836639
12.983291626
8.97454357147
5.8709397316
3.59753608704
3.82040596008
4.30891418457
7.85651779175
9.35120105743
12.8373212814
17.7455101013
18.785320282
22.2829608917
23.3772563934
26.0894451141
28.4533367157
27.8651161194
27.9849853516
24.208404541
21.8377571106
18.7207183838
14.9881753922
13.2528343201
8.61615371704
9.44025325775
9.39581012726
10.3662281036
13.5374755859
14.2912931442
11.2267446518
12.5143079758
8.23700332642
12.1664743423
13.7216415405
9.2087802887
10.5541801453
14.5652084351
14.7778577805
11.3182268143
15.3688831329
18.0696697235
17.8124217987
16.6259670258
20.7099189758
22.8172397614
21.6902446747
25.898059845
25.4848556519
26.3267040253
24.194103241
20.8983268738
17.6861629486
21.1560459137
18.6810436249
20.6383628845
18.5428733826
17.9364337921
17.2498149872
17.7273254395
21.8560066223
19.5920696259
16.6956310272
15.1843700409
13.5219774246
14.9699897766
12.6989097595
16.5387077332
16.0921192169
19.5932350159
18.8961830139
18.7312736511
21.3559856415
22.8564186096
17.3426494598
15.8464221954
19.8824329376
18.4091510773
18.183347702
23.1354446411
23.669511795
21.7980899811
23.367143631
27.3267230988
31.6869716644
31.0473995209
36.097328186
32.0157241821
29.9574317932
33.835609436
34.1591567993
34.9705810547
30.9679870605
29.5775203705
32.4158668518
30.1652507782
26.3034820557
27.5866260529
29.8505935669
26.6997585297
23.742773056
27.2940044403
27.656375885
24.2971038818
23.7636127472
29.534538269
26.0844917297
23.3758125305
28.255153656
30.5785961151
27.3820075989
27.0765266418
22.2690467834
20.3856582642
16.7587509155
14.7984800339
13.6712293625
18.3050174713
16.6188201904
17.4402351379
13.5631971359
13.2104845047
17.0058021545
16.7438716888
20.7986526489
23.422170639
27.4216995239
29.7266197205
28.2639331818
24.9944400787
22.8336791992
20.7886657715
18.2464084625
14.6432094574
15.5657167435
10.3531541824
13.1010799408
16.4217910767
18.4706954956
23.0154762268
24.875005722
25.9301605225
29.1274318695
29.2251014709
29.1680049896
26.2742996216
20.2843914032
22.2289848328
19.0360164642
16.7963924408
19.8153972626
17.5888500214
16.036895752
14.9928340912
16.4346637726
15.4862375259
19.5082416534
21.2704772949
18.593252182
20.441986084
23.5845508575
26.4241790771
26.2805938721
22.3816146851
22.717004776
25.7868404388
27.765668869
21.52003479
24.7471294403
20.5492191315
24.5935192108
25.5639381409
28.3472709656
23.4733409882
21.9399757385
26.2553138733
25.6612300873
21.8045063019
24.8925285339
25.5929698944
23.1396980286
22.0776481628
26.8293247223
26.6358737946
21.9832725525
25.4639816284
28.7096042633
27.1291103363
27.7793960571
22.8206291199
25.0757789612
22.305103302
22.5483551025
25.701581955
27.11769104
27.1407680511
27.2118339539
26.2014522552
21.9885158539
25.4286575317
29.0009822845
26.0334568024
27.9962825775
30.9928665161
31.2313232422
29.3898105621
32.7147903442
35.7310791016
35.5144424438
32.3515205383
31.6655006409
29.1897220612
34.4026260376
36.2840652466
32.3538627625
34.9527397156
35.8967247009
34.6522789001
36.2888069153
39.3512039185
38.6987075806
33.5013771057
34.2103424072
37.3228378296
33.0317344666
30.329624176
33.9706497192
32.9450645447
29.3119869232
28.8635978699
33.5425605774
32.0977401733
34.0718765259
30.8354415894
34.2670898438
35.770652771
30.3288249969
32.3042449951
31.9753761292
27.4919948578
32.8312606812
34.9999847412
31.0604133606
31.9217262268
36.6892852783
35.6158752441
32.2571296692
35.4178276062
38.9422531128
36.8868942261
35.4775695801
39.3847732544
41.767414093
39.3656387329
40.2955818176
44.3784484863
21.3797855377
23.2109260559
19.369436264
18.9345264435
19.1900138855
21.7255935669
17.5002269745
22.1142730713
22.1017570496
18.6888694763
20.4804267883
16.8306255341
20.4698638916
18.8556842804
13.4858083725
13.8194303513
10.4658689499
8.05326747894
6.01499652863
3.82040524483
3.71509861946
8.1636428833
9.39364051819
12.7623300552
17.6094036102
17.9490909576
21.1672878265
21.3771800995
24.5680980682
26.3855476379
25.877412796
26.6517848969
22.7767906189
20.9212779999
17.4269046783
13.7260036469
11.8632984161
6.72323131561
8.04583072662
7.38407516479
10.0754070282
12.6669502258
12.4687242508
10.0623807907
11.3740100861
6.98526668549
9.53011703491
11.128115654
6.88364601135
7.3535284996
11.2847766876
11.8293199539
8.25592899323
12.0948629379
14.8157444
14.873374939
13.8166837692
17.5573768616
19.8185482025
19.1261863708
23.4571533203
23.6148395538
24.6484413147
22.8733043671
19.1227607727
15.9639558792
18.9411811829
16.011346817
18.2509269714
15.7889986038
14.9250259399
14.4669504166
14.6301736832
18.8861103058
17.185710907
14.7101793289
13.3432769775
10.9915542603
12.8075294495
9.99445438385
14.2376422882
14.2122468948
18.054315567
18.2904281616
18.1401367188
21.3113670349
23.2386360168
17.7472248077
16.7458114624
20.4567451477
19.7773647308
19.7620372772
23.9573917389
24.7527313232
23.6037540436
24.9902992249
28.5732154846
32.820892334
32.3562736511
37.127746582
32.6937599182
30.6849060059
34.4074516296
34.6251449585
35.1093292236
31.170759201
29.9780635834
32.3755340576
29.7480049133
26.2524681091
27.287103653
29.19099617
25.9464683533
23.0926151276
26.3639659882
26.3380470276
22.8468437195
22.4900817871
27.9838047028
23.9904460907
21.4806556702
26.6023654938
28.5633335114
24.9806537628
24.8463382721
19.9706916809
18.6950378418
15.5590629578
13.540772438
13.5343418121
17.9848423004
16.969379425
18.0753860474
14.5357570648
13.2163286209
16.9163398743
16.4224128723
20.8004302979
23.1642684937
27.0336933136
29.4802207947
28.2795581818
24.3500442505
22.3110942841
19.7001171112
17.1304588318
13.40969944
13.4822969437
8.44726848602
11.2104663849
14.2358045578
16.2937049866
20.3529033661
22.7234649658
23.3484573364
26.8529415131
27.2039432526
27.5362758636
24.8171463013
18.7016944885
21.0039367676
18.1568241119
16.1746139526
19.5675792694
17.9312210083
16.267616272
15.9892034531
16.8807907104
16.4296779633
20.7754554749
22.7181472778
19.525138855
20.8686485291
23.6775836945
26.6460876465
26.0209312439
22.2557697296
23.2132911682
25.9803295135
27.564409256
21.1544246674
23.9579582214
19.7513599396
23.455411911
24.2736263275
27.4558696747
22.8705768585
21.1118068695
25.7054328918
25.8204250336
21.8181056976
24.6409053802
25.8464660645
23.7721595764
22.3800773621
27.1396064758
27.7711009979
22.9715309143
26.0834083557
29.637714386
28.4631958008
28.9878005981
24.35546875
26.7892971039
24.1920146942
24.1041908264
27.134223938
29.0695152283
29.3738651276
29.1588230133
28.2899570465
23.8979721069
27.2385044098
30.7591114044
27.4011726379
28.8261699677
32.2690315247
32.5414390564
30.236743927
33.4833869934
36.775554657
36.261302948
33.5994682312
32.4667854309
30.3351173401
35.622177124
37.2329940796
33.4836845398
36.3305511475
36.8921890259
35.4415397644
36.8023605347
39.8224411011
38.7861442566
33.7682685852
34.8449478149
37.5034408569
32.9238243103
30.7038974762
34.4332275391
32.8477935791
29.212266922
29.292547226
33.5145759583
32.2591247559
33.7575492859
30.2392616272
33.4839324951
35.2816543579
29.8813171387
31.6240749359
30.8932323456
26.4323062897
31.5652198792
34.010433197
30.344127655
30.8550949097
35.6792793274
34.9945106506
31.8750648499
34.5596237183
38.3105125427
36.6227073669
35.0435905457
38.7379379272
41.4399871826
39.2979011536
39.9890594482
44.0849494934
23.3908462524
24.5723724365
21.0036525726
19.3661136627
17.7765617371
19.2137203217
14.2798871994
17.9530448914
18.5859146118
14.4195966721
14.7001066208
10.6217403412
14.1065855026
12.3438262939
7.00211000443
9.34153556824
6.29447937012
5.83639383316
6.12479400635
7.85651731491
8.1636428833
4.95456123352
5.68567180634
6.58557319641
12.3941698074
13.1148414612
16.3196029663
18.6168689728
19.9235172272
23.2972660065
23.2104415894
22.5296592712
19.5758075714
17.1543159485
14.2445220947
11.3716545105
8.56231021881
7.27609062195
5.04303598404
7.87365484238
7.25100660324
11.6318855286
14.3086585999
13.1071176529
16.4018173218
12.5428714752
14.0282554626
17.5259189606
13.9945898056
11.3818836212
16.028131485
18.3854808807
14.0861473083
16.32097435
19.6672916412
20.3204441071
17.6779098511
21.0126819611
24.4467124939
23.2307243347
26.2304534912
26.7414016724
26.8344841003
25.4234046936
22.3475799561
17.9981555939
20.3594284058
17.7302017212
18.060798645
15.9866065979
15.6931724548
14.0000219345
16.0633583069
19.5942287445
16.2531509399
13.4557313919
10.6858386993
11.2060518265
10.4277515411
11.0338716507
13.3044071198
13.9880971909
17.7568645477
15.6624011993
17.3930130005
19.0374851227
21.4027957916
16.9320659637
17.0368003845
21.7838611603
21.1017379761
19.4209766388
23.5774154663
25.4922580719
24.021490097
23.6233673096
27.8284263611
31.70952034
32.4708442688
36.6373748779
31.868347168
30.7813491821
34.9959869385
36.0523910522
36.3965187073
32.1433181763
31.7229652405
34.7352714539
31.2268104553
28.0772590637
30.3584098816
32.1579551697
28.2316570282
26.5611991882
30.4324932098
30.0715084076
26.963596344
27.5007476807
32.7332305908
28.4860305786
26.8856620789
32.4061355591
33.9607582092
30.3188209534
31.2099380493
26.0107898712
25.5186290741
21.5425434113
20.7144584656
19.3893127441
23.1558551788
21.1113262177
20.8931159973
17.9972743988
17.0522766113
19.3753414154
17.4005489349
20.725233078
22.4563961029
25.5360355377
28.6883811951
28.2892894745
24.8362541199
23.9297351837
21.3527030945
20.6607952118
17.1715564728
17.7569217682
13.8435192108
17.6540298462
20.369890213
23.2876205444
26.6936626434
29.7302150726
30.2439174652
34.1322517395
34.456161499
34.8123016357
32.3933105469
26.3930053711
28.8518428802
25.9710884094
23.8098163605
27.0155487061
25.0177745819
23.5253334045
22.5071640015
23.7538051605
22.2819366455
26.4557571411
27.4433917999
24.3642559052
27.2174282074
30.321056366
33.3640289307
33.1566085815
29.4487380981
29.9964523315
33.1919822693
35.0622062683
28.7574062347
31.6059684753
27.1436080933
30.5169830322
30.7445850372
33.994354248
29.5691699982
27.3041095734
31.5399684906
31.7600860596
27.3141174316
29.3503665924
30.5890674591
28.35039711
26.2398586273
30.9003696442
31.1672267914
26.0406742096
28.5619163513
32.0592803955
30.5852775574
30.0371589661
26.0518512726
28.9648838043
26.932056427
27.8448753357
31.5944976807
32.263458252
32.6202087402
33.2254486084
32.6423492432
28.6426773071
32.3841705322
35.7855300903
32.8204689026
35.2110748291
38.112827301
37.9297370911
36.1368789673
39.8325309753
42.6230354309
41.9656105042
38.5205078125
37.7983093262
34.6516532898
39.519367218
40.6075897217
36.4664611816
38.2595062256
39.097743988
38.3040275574
39.754234314
43.5661354065
42.471786499
37.393371582
38.9949264526
41.9626693726
37.5261230469
35.16796875
39.4586334229
38.320980072
34.7277946472
34.5576667786
39.5877227783
38.8928375244
40.5262031555
37.089225769
40.2565727234
41.7233695984
36.2249603271
37.3651885986
36.5337028503
31.7666358948
36.5783729553
39.2370414734
35.0868873596
34.7996368408
39.7709617615
38.9774703979
35.4322929382
37.6057739258
41.5993003845
39.7121620178
37.1011581421
41.03647995
44.0157318115
41.0940856934
41.472240448
45.7003059387
24.9424057007
23.9904899597
20.6551742554
20.8654689789
16.9811782837
18.8968009949
16.2587242126
16.4205856323
15.0773334503
10.7488641739
9.06471633911
7.77931976318
5.57112216949
5.55793142319
8.98429107666
6.82084465027
10.4152050018
13.6402626038
16.5636959076
17.7455101013
17.6094036102
14.7527160645
12.3941698074
8.74390602112
7.19120788574
4.66500902176
7.94652605057
12.8633337021
13.3442745209
17.0120925903
15.8593196869
12.7915363312
10.5115842819
6.89538669586
6.97818613052
7.29563999176
8.17378139496
12.5825462341
12.870390892
17.4836997986
17.8472805023
22.0635528564
24.4610767365
24.3412780762
27.5569953918
23.3313808441
23.479932785
26.5072879791
23.0223064423
18.7875785828
22.8540859222
25.2607460022
19.8168792725
20.3473529816
23.5463733673
23.6813564301
19.3070240021
22.4956951141
25.9968566895
23.1749458313
23.5261230469
23.8440914154
22.3926029205
21.7862911224
20.4887905121
15.7946338654
16.9890213013
16.6774902344
14.4733543396
15.3593091965
17.4410381317
17.1359176636
21.0596103668
24.0165519714
22.0235729218
21.0055770874
17.1217002869
18.4784049988
13.3129825592
13.8978309631
11.9249000549
11.1228752136
12.2625389099
7.12962198257
11.2203273773
10.3000688553
13.6249771118
12.2727861404
15.1535863876
19.2048358917
20.466178894
17.5251140594
18.4620189667
22.3057155609
22.6868495941
19.4418411255
22.5289745331
25.134021759
27.9793891907
30.1766338348
24.5199546814
24.9615345001
29.1333351135
31.1517353058
30.6597671509
26.4461040497
27.6599311829
30.5748119354
25.5563926697
23.8927192688
27.5296611786
28.5199832916
23.9432220459
24.6218776703
28.6608867645
27.5652122498
25.5466709137
27.6209640503
31.6050434113
27.6294345856
27.7395973206
33.3077812195
33.9918708801
30.9659347534
33.6376953125
28.4607925415
29.3795471191
24.5860424042
26.3145980835
23.6763191223
25.1840305328
22.7841968536
20.9951076508
20.6034088135
18.9608154297
18.2189311981
14.4192857742
15.1405696869
15.0077867508
16.231306076
20.1180992126
21.3250102997
18.3991165161
19.5980815887
17.388507843
19.8462753296
17.8630313873
18.9664764404
18.2385749817
22.180393219
23.8240966797
28.0077190399
30.3399982452
33.8629646301
35.0143623352
39.2520866394
38.8602218628
39.0204086304
37.8130302429
32.7563018799
36.1242446899
33.842250824
32.9576377869
36.4241714478
34.504196167
32.3302726746
31.1784000397
30.940448761
28.0522918701
32.4385643005
31.706281662
27.8227577209
32.3267440796
35.1511116028
38.5073509216
38.4990997314
35.5494117737
36.4725608826
40.2189979553
42.0484199524
36.2757492065
38.0490264893
32.8913917542
34.610080719
33.3132362366
36.7099952698
33.4065818787
30.0358924866
33.3222846985
34.9127655029
29.733165741
29.6081848145
31.5597457886
30.0413532257
26.3320102692
30.1556568146
31.5777835846
26.2016773224
26.5508785248
30.168182373
29.4130859375
26.9294815063
25.398771286
29.1945972443
28.8909187317
30.4049129486
34.8653755188
34.7337608337
36.3656539917
37.4428901672
38.4212837219
34.6964263916
39.1444969177
41.6518821716
38.0465698242
41.2343406677
44.1383209229
42.5928993225
40.5959472656
45.2535705566
47.3960494995
45.2883720398
41.7216835022
40.6291542053
36.4647293091
40.3683433533
39.6709403992
35.5997695923
36.1732177734
36.3622817993
36.2368583679
37.1253700256
41.9953956604
40.1365966797
35.6456336975
38.8565254211
41.2567138672
36.9250946045
35.3854980469
40.6515045166
39.4041976929
36.1895446777
36.5561256409
42.0518074036
43.3192443848
44.1831436157
40.7099609375
43.22397995
44.1644515991
38.8638420105
38.2577056885
36.9148216248
32.0405387878
35.6231536865
38.655380249
34.1782417297
32.2088127136
37.0248641968
36.4346237183
32.7495155334
33.3714675903
37.6506614685
36.0021820068
31.7119922638
35.5119094849
39.0828857422
35.4624443054
35.0205459595
39.2284927368
19.9215011597
23.3175678253
21.3277645111
17.0404453278
18.7629585266
19.0008983612
14.7983798981
20.1681728363
22.0445556641
20.39686203
22.7380981445
19.8569030762
25.4905090332
25.1084861755
20.2418060303
22.7593746185
19.6716880798
17.597530365
14.5293493271
14.2912921906
12.4687242508
13.0369100571
14.3086585999
18.1211605072
18.3878383636
24.4610748291
23.3075885773
25.0440998077
24.1799297333
26.0140972137
27.7106704712
28.824048996
30.6323413849
27.9742641449
27.3474769592
23.4630870819
21.0299110413
17.5819511414
14.664814949
11.9367952347
7.63119649887
9.14506912231
6.05475711823
4.8973736763
8.16856193542
8.67543983459
5.98499774933
10.5706281662
11.5166912079
10.2718238831
10.9080295563
14.5563707352
14.9848766327
15.5970592499
17.5125865936
19.9776058197
20.0905857086
20.4355258942
23.8002986908
25.6679267883
29.8024501801
32.0502853394
33.3382759094
32.6354904175
28.1435813904
25.0160999298
25.9114742279
21.4324913025
23.0028324127
18.8115081787
15.8502168655
13.1265106201
11.2074346542
13.0555610657
9.93878078461
7.17277812958
9.68953418732
7.74278068542
13.7678689957
15.0926675797
18.7486801147
21.5324401855
26.125617981
26.7696399689
28.0246524811
31.0586032867
33.8256416321
28.8993377686
28.6398181915
32.4991798401
32.0509490967
31.6606235504
35.6492576599
36.9279975891
35.6856384277
36.5797080994
40.3954086304
44.4680595398
44.4748878479
48.9906425476
44.1408233643
42.5364494324
46.2833137512
46.5892410278
46.7235298157
42.8003349304
41.9379348755
43.9569358826
40.6937675476
37.8019142151
38.6585426331
40.0224571228
36.6064147949
34.0955276489
36.7895317078
36.0554580688
32.4479293823
32.2728767395
36.9492111206
31.7309513092
29.7974414825
34.8730735779
35.92237854
31.2390518188
30.9616680145
26.7056255341
26.6052322388
25.5538311005
22.3461647034
24.7454795837
29.1965446472
28.9595222473
30.3166866302
26.7117366791
25.1833553314
28.6760730743
27.5791988373
31.8768768311
33.570224762
36.6623802185
39.7812423706
39.3679466248
34.6669006348
33.2784194946
29.7480564117
27.7211303711
24.1045570374
22.474111557
18.575258255
20.4926261902
22.2642307281
22.8887710571
24.8031616211
28.2170181274
26.3878364563
30.0837287903
32.0859947205
33.744758606
30.7586975098
24.5521564484
25.9976654053
23.7230186462
20.5399475098
23.4552249908
23.0832214355
22.8077430725
23.7086334229
25.7126216888
27.1196174622
30.8578472137
33.818321228
31.0547599792
30.9514141083
33.2240409851
35.7698707581
34.34034729
30.5959320068
31.8576374054
33.3105163574
34.1277885437
27.636384964
30.4724349976
27.7286663055
31.5547008514
32.8960647583
36.4283561707
32.2063903809
30.9599018097
35.8994369507
36.2802352905
32.859916687
35.8126983643
37.3161735535
35.4594345093
34.2763671875
38.9680519104
39.8609008789
35.2247161865
38.2544326782
41.9189796448
40.7976150513
41.2729415894
36.6781425476
39.0058784485
36.1452064514
35.9024429321
38.3953361511
40.6392211914
40.3268852234
39.9166755676
38.0528831482
33.8398551941
36.198387146
40.2136039734
37.4559669495
37.6630210876
41.2139778137
42.5830688477
40.247467041
42.4194221497
46.2804412842
46.5205459595
44.4410133362
43.2426605225
41.9404602051
47.3822364807
49.2644882202
45.675655365
48.6597747803
49.1795692444
47.5982818604
48.8040351868
51.5829467773
50.3060913086
45.5118179321
46.5383415222
48.8381195068
44.0478515625
42.2287139893
45.555355072
43.4541091919
39.8872566223
40.3201599121
43.5296478271
41.3451576233
42.5868721008
38.8969688416
41.9442443848
44.4719200134
39.4228820801
41.493144989
40.2566070557
36.2331771851
40.8959579468
43.6532592773
40.7777175903
40.8811264038
45.6534538269
45.668182373
43.0064582825
44.9236526489
48.9952049255
47.8714675903
46.0241622925
49.3503494263
52.549697876
50.7221031189
51.0130805969
55.1143684387
15.0707330704
17.6155071259
15.3089742661
11.2569379807
12.0213565826
13.0052566528
9.00776576996
14.1788301468
15.2749786377
13.53211689
16.4105968475
14.0075311661
19.6724624634
19.9660701752
16.5698204041
18.1188278198
16.2490749359
15.3805809021
13.7188720703
13.5219774246
10.9915542603
10.5500116348
11.2060518265
13.4866542816
13.388838768
18.4784030914
16.6935558319
18.183391571
16.9729328156
19.233373642
20.6743354797
21.6006088257
23.4936828613
20.8014640808
20.4955539703
16.5507106781
14.5343513489
11.1426229477
9.6722650528
7.26884555817
5.47288227081
8.78750896454
8.88074016571
7.74278211594
9.93504714966
13.1933660507
11.1637125015
7.60140419006
12.1107568741
11.8000526428
6.87842416763
8.77955627441
13.5293321609
11.8302307129
11.1935844421
13.8846006393
16.4691009521
15.144118309
15.4762773514
19.6795291901
20.8653812408
24.1327114105
26.7496204376
27.5888767242
27.3262081146
23.0281600952
19.3962535858
19.6362457275
15.1970367432
16.070558548
11.9334287643
9.38322067261
6.52787590027
6.46943473816
9.45827579498
6.98186779022
5.70404052734
5.2692694664
6.98302650452
8.90068149567
11.7314786911
15.0228481293
19.6207466125
20.4478912354
22.1403961182
25.1236057281
28.3319721222
23.9395465851
24.5779495239
28.3628482819
28.8608093262
28.0936336517
31.0271320343
33.0373382568
32.6668128967
32.6481704712
36.0652084351
39.7925186157
40.5086174011
44.337146759
39.0028915405
37.8279647827
41.5436515808
42.1290206909
41.8221664429
37.8731651306
37.6292228699
39.4794502258
35.4286460876
33.1243247986
34.4105262756
35.3590621948
31.53515625
29.8438282013
32.6684799194
31.4217605591
28.0317192078
28.6667289734
32.9382286072
27.3074951172
26.215171814
31.816619873
32.3477363586
27.5728874207
28.4765148163
23.7335700989
24.7204093933
22.9334812164
21.1855926514
22.8833084106
26.5381641388
26.203245163
27.0330982208
24.2705841064
21.9624004364
24.5151062012
22.5924491882
26.5997924805
27.7465705872
30.3823719025
33.7635803223
33.9078559875
28.885345459
28.1422863007
24.2560710907
23.2637290955
19.8358726501
17.9984321594
15.2157430649
17.9227542877
19.3325366974
21.1693172455
22.5285930634
26.7685260773
25.3454608917
29.7075233459
31.234380722
32.8624267578
30.6195373535
24.5941123962
27.1079540253
25.1160583496
22.9715995789
26.4830760956
25.9518966675
24.831079483
25.5163822174
26.4122486115
26.7648735046
31.1610851288
33.2421760559
29.6384372711
30.5767364502
32.8482246399
35.8377685547
34.4282035828
30.9624500275
32.6487464905
34.6892166138
35.5360641479
29.015422821
31.1632270813
27.5094833374
30.4198570251
30.7992172241
34.7468414307
30.9873485565
28.8476486206
33.6651496887
35.0254707336
30.8627891541
32.814781189
34.9061660767
33.3896141052
31.2342166901
35.8349609375
37.5607795715
32.4693336487
34.6539649963
38.6423454285
37.9156188965
37.6227073669
33.8544692993
36.7483482361
34.5551528931
34.5256538391
37.583656311
39.6486701965
40.1001930237
39.8761863708
38.9310951233
34.5303230286
37.6160469055
41.2465591431
37.8054847717
38.553768158
42.3629074097
42.8709793091
40.1919517517
43.1437072754
46.7813682556
46.0485229492
43.9049758911
42.3371047974
40.4586906433
45.6757583618
46.675403595
43.0550842285
45.7122802734
45.8266067505
44.3980331421
45.299495697
48.6090507507
46.8114204407
42.1981010437
44.1360321045
46.0954360962
41.0948753357
39.7453575134
43.7489509583
41.356426239
37.8194084167
38.6958618164
42.2460250854
41.2470703125
41.9648704529
38.0194969177
40.7714233398
43.1319885254
37.9575691223
39.0554389954
37.3724784851
33.0555801392
37.2772789001
40.4397468567
37.3462791443
36.5397071838
41.4399299622
41.6905899048
38.9599761963
40.1005096436
44.493434906
43.5897369385
40.9697914124
44.2117156982
47.8469429016
45.8300056458
45.7155380249
49.8677749634
16.4997520447
15.4650945663
11.4202032089
14.294008255
12.2527999878
16.4469776154
15.3413705826
16.8874988556
14.1656341553
11.4730396271
14.0405836105
13.1860523224
14.6264696121
15.2499055862
15.3327798843
12.253364563
13.8983983994
15.3485651016
16.8705749512
16.0921211243
14.2122488022
13.2302494049
13.9880990982
10.1465101242
11.8381700516
11.1228752136
9.57330799103
11.7578620911
10.3468599319
15.3674564362
15.428814888
13.5268974304
14.7156038284
10.1354570389
9.5264081955
6.37592220306
4.61305761337
7.18768692017
8.95943832397
12.2175426483
15.2758197784
18.460395813
21.6450557709
21.5324401855
21.6672039032
23.6813011169
19.583946228
18.4277248383
19.9024219513
17.1468296051
12.8595438004
15.42573452
16.9516658783
11.7970027924
11.1593589783
13.761636734
13.5284261703
8.96023845673
12.3105220795
15.278840065
12.5293807983
13.5141191483
14.6940956116
14.2614393234
14.2145004272
11.2837505341
6.71826982498
7.11217975616
6.34492874146
6.04592084885
7.27652359009
10.1226921082
12.3499889374
15.0584812164
18.6367053986
19.2556018829
19.2779960632
16.2470989227
15.0228490829
11.0356607437
7.01197052002
5.10479068756
5.16666126251
7.94599437714
8.58908748627
12.2212934494
15.722650528
12.5145025253
14.8451862335
17.2913188934
19.9979343414
19.2062091827
19.1932964325
22.1508903503
24.0051593781
22.7908649445
24.6102256775
27.6013946533
29.1168766022
31.6687870026
25.8086719513
25.0745925903
28.4022579193
29.2519702911
28.2561035156
24.4461421967
25.1935005188
26.6258487701
21.5523166656
20.2923088074
22.2866840363
22.5891036987
18.2334327698
18.230298996
21.3358192444
19.5461902618
16.9840393066
19.1894264221
22.6953144073
17.6866645813
18.0587253571
23.9099464417
24.0635051727
20.4913349152
23.3901557922
18.3295841217
20.3344841003
16.6333045959
18.7786502838
17.8729820251
18.840631485
18.2513465881
17.8532409668
17.6747341156
14.1497354507
13.8061599731
10.5533828735
13.5453157425
13.738694191
16.0985107422
19.3275585175
19.9832363129
14.5528802872
14.8191823959
10.7800712585
12.2670516968
10.2989444733
9.48101711273
10.8657484055
13.9655714035
14.4935503006
18.6953449249
20.0554733276
23.9979438782
24.8991661072
29.2824611664
28.9790077209
29.607585907
28.9091091156
24.3243751526
28.1593322754
26.6988124847
26.7782726288
30.54114151
29.5493412018
27.0945358276
27.1234607697
25.7342948914
23.8105735779
28.6581172943
28.6726493835
23.8968963623
26.8704185486
28.9044342041
32.3902702332
31.4704265594
28.9577236176
31.007522583
34.1069030762
35.1863975525
29.5371112823
30.3224697113
25.3221492767
26.134771347
24.534954071
28.5362434387
25.9193687439
22.3019981384
26.0220184326
28.9211807251
23.7615699768
23.4058971405
26.3350505829
25.6563777924
21.7728881836
25.6848735809
28.946144104
23.5565700531
23.7370262146
28.0555362701
28.2952079773
26.730506897
24.9422950745
28.6095485687
27.9974765778
28.19272995
31.9599113464
33.6362762451
35.6548118591
35.6600532532
36.6808204651
32.3991203308
36.5062103271
38.9715538025
34.4661636353
36.3024291992
40.1843338013
38.8979415894
35.8199119568
40.1281776428
42.9556694031
40.3644523621
38.1914787292
36.0509338379
33.1592140198
37.5339355469
36.8051681519
33.3771781921
35.4366531372
34.6773300171
33.5250015259
33.8246612549
37.9459991455
35.3891868591
31.2492427826
34.7552909851
36.0770378113
31.0583992004
30.5629367828
35.6118812561
33.0419807434
29.8317928314
31.3469581604
35.523059845
36.9607849121
36.8604850769
32.932964325
35.0457687378
36.5945091248
31.5036582947
30.6477298737
28.5754833221
23.9016666412
27.1947154999
30.6821861267
26.9909114838
24.7473297119
29.6987171173
29.9722690582
27.0497951508
27.105676651
31.7675876617
31.0220832825
27.2771034241
30.4878959656
34.5356674194
32.1768302917
31.5815372467
35.7654342651
23.5505065918
21.9223232269
18.2452869415
20.7295589447
17.4362564087
20.7325973511
19.229467392
19.5164279938
16.8772659302
13.4184322357
13.5018882751
12.9569187164
10.976685524
11.154004097
13.593337059
9.29370307922
13.0403633118
15.8584346771
18.7530097961
18.8961830139
18.290430069
16.3515663147
15.6623954773
10.7858219147
11.5870304108
7.12962341309
7.80077409744
10.4743747711
12.6881036758
15.5697774887
17.1095790863
14.6823825836
12.8288516998
8.96974849701
5.91113376617
6.29696083069
6.34818458557
9.90714454651
13.2265424728
15.6363830566
19.7904567719
21.4695148468
25.5281467438
26.7696418762
26.4570789337
28.8825302124
24.4549617767
24.4362468719
26.3246707916
22.8240947723
19.0424346924
22.4317150116
23.826675415
18.27709198
18.5732460022
21.2390785217
20.5453739166
16.0108032227
19.6158599854
22.1998062134
18.4681491852
18.1543884277
17.7692317963
16.002576828
15.5016813278
14.8332557678
10.612988472
11.9381637573
13.2692909241
11.4505977631
13.9571905136
16.9508724213
18.2483978271
21.7042102814
24.9992408752
24.5288944244
24.0393009186
20.4094295502
20.4478969574
15.529964447
13.4426259995
11.0493564606
7.94599437714
6.77769136429
5.55191993713
5.92576742172
9.79025650024
8.64080715179
12.2915220261
15.0102624893
17.699382782
15.6156129837
14.6680145264
18.6624164581
20.5622787476
17.6543140411
19.4421348572
21.9049510956
24.5504055023
26.3917713165
20.3767223358
20.5555725098
24.3029975891
26.0241127014
25.1122150421
21.0563163757
22.5327682495
24.8220748901
19.4268264771
18.306306839
21.7658920288
22.3342647552
17.6909866333
18.9282302856
22.7217311859
21.3685359955
19.6932640076
22.219543457
25.6554946899
22.0314445496
22.6145248413
27.9495620728
28.4127464294
25.8855571747
28.9913139343
24.0990562439
25.4245738983
20.6373062134
23.5058860779
20.7177295685
21.0207443237
19.1210021973
17.2875041962
18.0616531372
15.6341409683
13.7175579071
9.65238857269
9.94220352173
9.29802036285
10.9497117996
14.6464729309
15.8807621002
12.1083440781
13.6229915619
11.320939064
14.6583204269
13.6175718307
14.8619356155
15.8914031982
19.209028244
20.1874103546
24.6565189362
26.6699771881
29.9332714081
31.6295642853
35.7097396851
34.8391342163
34.8118743896
34.218044281
29.9078044891
33.6130447388
31.809217453
31.8366661072
35.3631057739
33.7206039429
31.1726722717
30.3237953186
29.0456066132
25.9275302887
30.4164714813
29.3016834259
24.8700752258
29.3699817657
31.7615242004
35.1983680725
35.0529975891
32.6277313232
33.991558075
37.7172660828
39.3161201477
33.9990577698
35.0230255127
29.7409229279
30.5106220245
28.5930500031
32.0037498474
29.3747005463
25.6409282684
28.5026378632
30.9157943726
25.6063556671
24.5910301208
27.0421276093
26.1282253265
21.8608322144
25.3066387177
27.8548374176
22.5110473633
21.9687175751
25.8777275085
25.8602561951
23.215133667
22.4539756775
26.4297847748
26.6269569397
27.7053222656
32.0453872681
32.4400215149
34.7316551208
35.4478797913
37.0630569458
33.2608680725
37.7788200378
39.8538322449
35.6561851501
38.6211547852
41.837677002
39.8548583984
37.3905982971
42.2477378845
44.3451347351
41.5120697021
38.4920730591
36.8648605347
32.8807640076
36.5822219849
35.2740898132
31.5453948975
32.4311523438
31.9438476562
31.5643043518
32.0267906189
36.8924751282
34.5729446411
30.406293869
34.2234840393
36.0242347717
31.5559101105
30.6582164764
36.1143379211
34.4236335754
31.404214859
32.3236351013
37.4836883545
39.5461730957
39.8350791931
36.3245239258
38.458770752
39.2966880798
34.2232704163
32.9328079224
31.327829361
26.5692367554
29.6469631195
32.7899513245
28.42146492
25.9651298523
30.7158641815
30.3384571075
26.8471355438
26.9610958099
31.3609848022
30.018163681
25.5254707336
29.165353775
32.9666442871
29.6204242706
28.9907054901
33.2180633545
31.7658443451
29.9884929657
26.1019001007
29.503446579
26.5362453461
29.9257640839
28.0993118286
28.5016689301
25.9263744354
22.3607349396
21.6530361176
20.6954689026
17.1900672913
15.9505558014
18.0884933472
13.1932477951
16.6277809143
19.340139389
22.7933673859
22.8564167023
23.2386360168
21.650724411
21.402797699
16.3713035583
18.3063220978
13.6249780655
16.0852909088
18.6908950806
21.4733924866
23.9133071899
25.464389801
22.5656337738
19.8714790344
16.7301387787
13.544342041
15.1823291779
14.6166086197
18.0265922546
19.7822399139
22.7260189056
26.7085571289
27.8801765442
32.3486595154
33.8256492615
32.5696983337
34.412525177
29.7755260468
31.1119594574
32.2257041931
28.0578975677
25.8877906799
29.4150371552
29.5457248688
24.0206222534
25.4651851654
27.7806301117
26.0051727295
22.0647106171
26.5184326172
27.838306427
23.1152133942
22.6140384674
19.7762622833
17.5388031006
15.7475233078
17.4984264374
14.9931306839
17.885175705
20.5142707825
19.6307220459
22.4866924286
25.447687149
26.9562206268
30.046831131
33.6706199646
33.1057434082
32.1132240295
28.5336475372
28.3319702148
24.0078277588
21.1576099396
19.6850795746
15.7226486206
13.2230176926
9.79025650024
8.10922718048
5.05274868011
6.09311056137
9.31171131134
10.2503824234
12.983631134
10.6481275558
7.1876168251
11.6601953506
14.3898477554
10.4999141693
10.8490419388
12.8413305283
15.9971847534
17.3512535095
11.5694494247
12.1021652222
16.1284561157
18.4550056458
18.0535640717
13.9335241318
15.7183876038
18.9613018036
14.6247596741
13.0208864212
17.6068744659
18.8219680786
14.9204425812
16.7454376221
20.8261947632
20.627790451
20.0250720978
22.2089691162
25.5398845673
24.2723350525
24.4996643066
28.5966587067
29.8046226501
28.9207134247
31.6393909454
27.3231201172
27.5245838165
22.0557327271
25.7683296204
21.2083339691
20.1817150116
17.3287754059
14.2287130356
16.7202472687
15.7114362717
12.2077789307
9.56631565094
6.02184820175
5.63119840622
7.68324947357
9.15115833282
9.23303699493
9.64532279968
11.019285202
12.3783102036
15.5785417557
15.9410905838
18.9584655762
20.0252037048
22.5705776215
23.7435302734
28.1097602844
31.0171165466
32.884677887
35.8599815369
39.1910743713
37.3924255371
36.3586997986
36.0258522034
32.619430542
36.0704078674
34.2008132935
34.7763252258
37.825340271
35.7015342712
32.9457473755
31.3928337097
29.6071968079
25.3093528748
28.9840183258
26.443944931
22.5815219879
28.3147964478
30.7097949982
33.8798484802
34.6285705566
32.7059783936
33.394733429
37.6214179993
39.6578559875
35.2988052368
36.1820259094
30.8612957001
31.2031326294
28.9956150055
31.3621349335
29.0168457031
25.4385700226
26.9030723572
28.6882896423
23.6780433655
21.8749408722
23.5011959076
22.6038093567
18.3007068634
20.6551418304
22.4508419037
17.7894306183
16.163608551
19.2300662994
19.2036037445
15.6015424728
16.4667892456
20.4660415649
21.8820991516
23.5452823639
28.076625824
27.3518505096
30.2479858398
31.4342327118
34.0557327271
30.9953098297
35.7098999023
36.927947998
32.9296340942
36.8820533752
39.3543663025
36.4201393127
34.5399780273
39.8859176636
41.0353317261
37.7240715027
34.1352043152
32.9338760376
28.047246933
30.7194194794
28.7191333771
24.9320297241
24.7282390594
24.3635044098
24.712141037
25.3403320312
30.7066917419
28.8769931793
24.7986717224
28.7162265778
30.9348049164
27.3751926422
26.0564861298
31.6548118591
31.0234260559
28.4543056488
28.7133674622
34.6269493103
37.5364570618
38.1252403259
35.3185005188
37.3364181519
37.2262878418
32.4947052002
30.7681674957
29.988609314
25.5380535126
28.3618545532
30.683265686
25.7547225952
23.8099918365
27.9350585938
26.5123100281
22.549571991
23.4758071899
26.9644832611
24.7301540375
20.3446292877
24.4786109924
27.2957363129
23.0768299103
22.983253479
27.0832595825
43.4688606262
41.6366767883
37.6684036255
41.6257476807
38.9031944275
42.3541793823
40.27293396
40.795085907
38.2964439392
34.6477851868
33.5110473633
32.3068161011
28.1983146667
26.2372322083
27.9058437347
23.5008068085
26.0962848663
28.2640476227
31.684841156
31.6869697571
32.8208961487
31.6487026215
31.70952034
27.1426124573
29.4552669525
25.1340255737
28.1609039307
30.7102146149
33.7384109497
35.9183769226
37.490146637
34.3894844055
31.3544406891
28.6748390198
25.5759563446
27.5175209045
26.753238678
29.9557552338
30.7635974884
33.8467140198
37.5134391785
38.2261428833
42.8295478821
44.4680633545
42.4489860535
43.6836585999
39.1215782166
41.5449485779
41.9546661377
37.4622459412
36.6880187988
40.1810646057
39.276386261
34.1535377502
36.3429832458
38.2918777466
35.7756576538
32.578414917
37.3824615479
37.6618652344
32.5150909424
31.9682273865
27.4625663757
25.3617687225
22.8006858826
26.1579341888
25.3076591492
28.7076034546
31.8893814087
31.5684108734
34.5315437317
37.4160461426
39.029094696
41.822681427
45.6594734192
45.0090332031
43.6261253357
40.1579017639
39.792514801
35.9689064026
32.7497138977
31.8299503326
27.601392746
24.7424259186
21.9049472809
19.5153827667
16.728061676
12.8413276672
16.0576858521
16.3191051483
14.2365703583
15.2436504364
13.9618864059
9.6186170578
10.2461547852
12.913061142
9.45885276794
4.98648023605
6.57982492447
5.9599738121
5.30517864227
6.17054319382
8.9131937027
12.1610612869
13.4613790512
11.0739946365
12.3547334671
16.5737342834
16.0713291168
14.435754776
18.6256599426
20.4796733856
19.0978813171
20.85131073
24.0897121429
25.3759708405
26.0566596985
27.3942279816
30.0530605316
31.4422969818
31.285402298
33.4975585938
35.4375457764
36.341506958
38.3946990967
35.0256576538
34.0984611511
28.7555656433
32.698135376
27.1012268066
24.8318023682
21.6846847534
18.2026233673
21.8874568939
22.65051651
18.9751987457
18.8341007233
14.6461648941
14.9601678848
15.921916008
13.5935497284
11.1336526871
16.9046192169
17.2022037506
21.1846542358
23.2553291321
24.7052745819
28.4405231476
29.3960552216
30.9510250092
32.1603317261
35.9492759705
39.4675521851
39.8165817261
43.881401062
46.2546195984
43.5734062195
41.4773864746
41.4441871643
39.2849693298
42.1870994568
40.3851776123
41.4859771729
43.7898292542
41.2833747864
38.5395278931
36.3494377136
34.1975479126
29.1218833923
31.1571617126
27.0110778809
24.8174991608
31.0998535156
33.1807594299
35.6082649231
37.4653244019
36.3668556213
36.1135597229
40.5715103149
43.0013427734
40.1547012329
40.8275604248
35.973575592
35.8054122925
33.5406684875
34.335483551
32.6206970215
29.7570343018
29.2483539581
29.866230011
26.1600914001
23.7071971893
23.6921863556
23.021566391
19.9050559998
19.7744178772
19.6689739227
17.616601944
14.6913232803
14.749753952
14.6638269424
9.87543201447
14.4556598663
17.0409927368
20.401807785
22.6843166351
26.6406116486
24.0904140472
27.5925331116
29.4069576263
33.2855186462
31.7136802673
36.1460762024
35.9890670776
32.7461090088
37.6984291077
38.8694610596
34.7766189575
34.0137901306
39.554561615
39.1967163086
35.4483261108
31.2582912445
30.9083786011
25.1921691895
25.6077022552
22.5253124237
19.1412982941
16.3534870148
16.4735431671
18.5100669861
19.4805049896
25.1125049591
24.5339794159
21.2363796234
24.6022434235
27.3431739807
25.8661441803
24.0013065338
28.9790401459
30.169254303
28.649887085
27.8201351166
34.1422309875
37.9553146362
38.9492263794
37.3637695312
39.06042099
37.6566009521
33.8806381226
31.8028964996
32.2888870239
28.8985481262
31.0003395081
31.8920860291
26.9062023163
26.1180171967
28.6624965668
25.8451881409
21.911781311
24.0405578613
25.3944950104
21.9562568665
19.0133647919
23.0004863739
23.4794197083
18.3193454742
19.5136222839
22.5582675934
26.5952224731
25.8527946472
22.2363090515
28.0973129272
28.8263568878
33.598815918
32.6815986633
35.280960083
32.4053039551
30.3664150238
32.9374732971
31.3710765839
31.9871997833
31.2235507965
29.4871292114
25.5288066864
25.7695789337
25.5847263336
26.3269329071
23.7636146545
22.4900817871
24.0904159546
27.5007419586
23.973733902
28.124830246
27.6209659576
27.8156681061
30.3295440674
28.0879974365
33.9181938171
32.4384002686
29.6872310638
31.7014083862
26.9315681458
26.3140697479
24.5914421082
22.2084140778
24.6661472321
22.087059021
26.919757843
27.8289070129
31.6503562927
34.2372322083
32.2728729248
30.7174091339
29.7796802521
26.4493484497
27.0145702362
24.4319286346
22.0904369354
23.0027179718
23.3122768402
19.9290561676
17.8661270142
19.2012252808
18.659078598
14.8657064438
15.2406377792
18.8412094116
15.7959156036
11.8610363007
14.2295799255
9.58620738983
11.9620962143
9.51888370514
9.05593109131
13.061293602
15.9412498474
18.0186347961
21.3701076508
22.7892341614
24.3943843842
27.7675170898
27.781703949
31.6092853546
33.9223136902
33.6263542175
31.8866481781
28.6667289734
27.7942428589
21.4851303101
22.7626533508
19.1894245148
17.9200134277
22.219543457
17.8471031189
22.0430088043
22.2089691162
18.8367652893
18.0996494293
15.3825397491
18.544178009
21.5526885986
20.2527065277
19.4010105133
22.944606781
25.3157997131
24.4996871948
27.3942279816
25.583984375
28.7530441284
25.2115249634
22.1253108978
22.9774284363
21.1373405457
20.6376209259
18.8292999268
17.2693462372
16.0310573578
15.3769979477
13.5671195984
10.5128479004
10.8114500046
10.7427682877
6.9743142128
5.95856809616
6.63817453384
4.55440807343
6.50424861908
7.87311983109
5.6438741684
7.11127901077
9.7995929718
10.8577861786
11.4743566513
9.73486995697
9.46653079987
8.20898628235
12.9384393692
12.2022304535
8.19865989685
11.7448997498
13.6559648514
15.6949892044
12.686085701
11.8896169662
14.5632238388
16.8909301758
18.5769863129
22.1306743622
21.4786510468
19.1109428406
15.5718641281
12.1269397736
12.1320476532
8.14009571075
10.7024002075
11.2996816635
14.7588891983
12.1998338699
10.655629158
12.3987541199
14.6021203995
13.5653619766
18.0994281769
19.7669849396
16.8216304779
15.3560466766
16.4982738495
16.1699237823
19.6678218842
19.9391326904
23.1642570496
25.7478733063
25.537771225
22.5700263977
23.3699302673
19.0152168274
17.377407074
20.666437149
20.1364345551
15.438492775
16.0309104919
15.7426548004
18.7763366699
17.5694961548
17.4545669556
20.5007801056
22.9085597992
23.28855896
20.5219841003
18.7157840729
14.4609308243
11.4927902222
8.0089006424
11.1618623734
11.1342697144
7.38485574722
8.73199367523
14.0821294785
10.3397092819
8.19005966187
12.0496330261
13.8446712494
11.1680402756
12.8253059387
18.6358337402
15.7976312637
15.212843895
18.7566719055
20.7607841492
21.5997009277
20.2738170624
22.3078422546
22.0642929077
20.0497627258
21.6305027008
25.606842041
28.5893745422
27.0230064392
29.2317886353
25.5142307281
28.665140152
29.5436973572
23.9876346588
24.3572940826
28.758649826
26.7129325867
22.411605835
26.4946022034
29.1515979767
25.0357532501
25.2516555786
21.5639572144
20.8750324249
24.7334880829
23.8567008972
22.2098579407
26.3953170776
24.3187046051
21.5643367767
21.0483398438
23.0334014893
20.2176933289
16.9779415131
20.1091327667
19.6302089691
14.2894334793
15.5824794769
19.5885238647
15.4287672043
12.8417367935
16.2667961121
18.1626529694
21.3235149384
19.6322154999
15.9224443436
17.082490921
18.277759552
14.0337219238
11.953458786
9.78566455841
5.58147764206
9.38809394836
12.2938690186
9.33508586884
9.56584358215
13.8097505569
13.9585018158
12.5988769531
14.5005817413
17.7086658478
17.466501236
17.5707950592
19.7754573822
22.2318115234
22.3317565918
23.0074386597
26.3084831238
27.596321106
27.0811328888
24.1952877045
30.2399215698
31.8585910797
36.6329116821
36.2370147705
38.9911689758
36.0949363708
34.6833457947
37.7693405151
36.3682441711
37.546913147
37.059715271
35.1054763794
31.4635009766
31.4259128571
30.9041061401
31.0909156799
28.2551574707
26.6023654938
28.6623096466
32.4061393738
29.3635082245
33.400138855
33.3077812195
33.0351829529
35.2323303223
32.0414428711
38.2105560303
35.992565155
33.4187088013
36.3059272766
31.6313819885
31.609834671
29.6030502319
27.3604412079
29.4918708801
26.6267414093
31.3035469055
31.4949111938
35.726764679
37.6713600159
34.8730659485
33.5680618286
32.012424469
29.401922226
29.3508453369
25.9261646271
24.7016448975
26.0438137054
25.1850452423
21.2387943268
20.8112754822
21.4613666534
19.8550014496
16.2045860291
18.0643424988
20.251701355
15.9352474213
13.6506147385
16.0879364014
12.7817325592
15.7723073959
14.5870342255
13.6087379456
18.0539779663
19.7157764435
21.3206100464
25.0403347015
26.0607509613
27.1976680756
30.8101234436
30.0395584106
33.4490089417
36.5986061096
36.6849555969
35.4904441833
31.8166236877
31.6829395294
25.3412895203
26.83934021
23.9099464417
22.9357089996
27.9495716095
23.8411426544
28.223279953
28.596654892
25.3192443848
24.5913448334
21.9040622711
24.8289108276
28.0217552185
26.728471756
25.6869449615
29.1294384003
31.8133087158
30.8125228882
33.4975624084
31.3903465271
34.3358154297
31.1101112366
28.0226726532
28.2450656891
25.9237251282
25.2340812683
24.213098526
22.6037521362
20.3506031036
20.3711452484
19.3909702301
15.5468435287
15.0166473389
16.0782394409
13.0014009476
10.0836791992
10.2240762711
9.20153903961
7.1112780571
6.33405828476
8.44897842407
6.3683180809
5.69106817245
8.31405353546
7.40071439743
9.02522945404
9.68289089203
12.0877037048
15.3879184723
16.7647533417
13.467830658
17.5461139679
19.9036140442
21.40574646
18.5778865814
18.4003734589
20.8934593201
23.3170681
24.7120876312
27.8691291809
27.1069965363
24.990146637
21.3200645447
18.3083839417
17.8960018158
14.2027387619
16.2555751801
15.5147819519
18.9892444611
15.5728721619
13.1259059906
12.7258167267
13.0537109375
10.5816030502
15.1425800323
15.7327203751
12.3130607605
11.042883873
13.6546993256
15.4911851883
18.6068916321
20.1184310913
24.0396537781
26.2447814941
26.9357795715
24.2783584595
25.9579257965
21.3274230957
21.1107692719
23.7466144562
23.9632740021
19.8491783142
18.4178218842
16.8439559937
19.1708545685
16.9404716492
17.955909729
21.7153549194
22.8540229797
22.2251319885
20.5574874878
17.4528808594
14.6658983231
9.96144866943
6.15216302872
9.05131912231
11.6024417877
9.5363368988
9.74851417542
15.789065361
13.9853610992
12.3849458694
15.6905937195
18.0837306976
16.6829833984
17.3072433472
23.1816444397
21.3399124146
20.857711792
23.8045787811
26.06498909
27.3803215027
26.1321430206
27.6314277649
27.1722450256
24.6203460693
25.1050319672
29.8840675354
32.6564598083
30.5009765625
32.4242782593
28.8615322113
31.2087478638
31.9011707306
26.3733863831
25.2264881134
30.0043640137
28.4462985992
23.6831493378
26.7153835297
29.753993988
25.5500469208
27.3449325562
23.0921897888
24.1036148071
27.6715106964
26.9584312439
26.2623081207
30.9189853668
28.4956626892
25.3384437561
24.3688468933
25.0438117981
22.0300960541
20.0055828094
22.5775547028
20.8055725098
15.8206396103
18.2895240784
20.8887233734
15.5867023468
13.9489765167
18.230178833
17.4876670837
20.5843830109
17.5090446472
13.6375665665
13.6140871048
15.6996803284
12.7774200439
10.3935184479
6.98809432983
6.32629776001
7.41606807709
10.2031736374
10.3653936386
11.1930456161
13.7228803635
15.0405979156
15.5968198776
16.614025116
19.0330276489
19.930513382
21.1208648682
22.1218547821
24.2835731506
25.7427806854
26.2927474976
28.9427833557
19.7527294159
20.0679264069
17.0687961578
22.3172073364
24.4926319122
29.049161911
28.5474872589
31.7271766663
29.2773075104
28.0727043152
31.5899429321
30.0741596222
32.3719291687
32.1440620422
29.7078876495
26.8643665314
26.3366832733
25.5319194794
25.1371135712
22.2690467834
19.9706897736
22.1797904968
26.0107936859
23.7350101471
27.4323730469
28.4607963562
27.6079711914
29.6833496094
26.0444850922
32.1792106628
30.1196517944
28.1835613251
31.5778808594
26.947259903
27.1599884033
24.3215103149
21.8695201874
23.1626529694
19.982011795
24.2250556946
23.8654117584
28.4241218567
29.8610916138
26.7056255341
25.8779163361
24.5645198822
22.1440849304
21.2012329102
17.9831390381
17.3045635223
18.1156368256
16.6956100464
13.0970106125
13.1394748688
13.2329034805
11.3534564972
7.90536689758
10.8275127411
12.5762529373
8.58784198761
7.92078351974
12.7298717499
12.2911710739
15.4261856079
14.7435674667
11.0622644424
13.9440660477
15.1160898209
14.8855752945
19.12840271
18.9836750031
19.4011802673
22.8520565033
21.6176834106
25.0126247406
28.219171524
28.4516983032
27.6011829376
23.7335739136
24.2259368896
18.0844764709
20.2043170929
18.3295936584
18.9029788971
24.0990524292
21.0084571838
25.896730423
27.3231124878
23.1545886993
22.7521820068
21.9024581909
24.4248600006
26.8630981445
26.8142490387
26.7084293365
29.2213020325
31.4453868866
31.7635688782
35.0256538391
33.6698379517
37.1187057495
32.8985099792
30.1965675354
31.6437606812
30.1701831818
29.486207962
27.3032035828
26.0796394348
25.1301898956
23.3477058411
21.8317642212
19.5582027435
19.4881305695
18.3927974701
15.3016843796
14.7370223999
13.7666816711
10.7379398346
9.73486709595
11.983833313
8.38946056366
5.68259096146
9.02522754669
9.85153675079
6.59730529785
6.00089740753
6.14566230774
9.13971233368
10.8659915924
14.175909996
13.437664032
16.9969806671
19.5708446503
19.5427265167
16.0192642212
17.2147865295
18.6455364227
22.3221607208
23.7897758484
27.1465091705
27.7664852142
26.3155231476
21.3023967743
18.6570625305
16.3003101349
12.3992424011
12.4982862473
10.0128469467
12.9088802338
9.65254878998
6.67093849182
6.11951494217
6.06723546982
7.06144857407
9.79295539856
12.6953458786
11.3624258041
12.1716928482
12.7418222427
11.3290910721
15.2068443298
16.1683540344
19.1114330292
22.1070652008
22.9720802307
20.463842392
22.5620212555
18.9116916656
19.5251235962
23.2542762756
24.594083786
20.0865440369
18.6541194916
18.2453594208
21.1251316071
18.4955692291
17.6855773926
21.5867424011
22.7858295441
22.2658424377
18.3895187378
16.535987854
13.0409698486
11.0132312775
9.41743564606
14.0078001022
13.3743581772
10.8802776337
14.5729188919
19.0498733521
16.0273590088
16.3279209137
19.5783615112
20.5575046539
18.7609729767
21.4002456665
26.223985672
22.9042663574
23.5667362213
27.2989616394
28.6608695984
29.6357059479
27.2423782349
29.3119125366
28.048204422
25.9219360352
27.2001209259
31.7246570587
33.8043861389
31.9492607117
32.8362159729
28.6048412323
31.1787147522
33.0030326843
27.739358902
26.6414222717
31.6961765289
31.0868606567
26.5691833496
29.4561576843
33.1908760071
30.254699707
30.9770526886
27.3657035828
27.720872879
32.2858085632
32.3543701172
30.5974788666
34.9838752747
33.3072853088
30.5151424408
30.184387207
31.7363891602
29.0640258789
25.9527359009
28.2820606232
27.8317279816
22.5871353149
23.5849685669
26.7114849091
22.1927318573
19.5221157074
22.7220687866
23.337896347
24.431230545
22.5973091125
18.2410926819
19.549993515
22.3008899689
18.2728214264
17.9401016235
15.2899751663
12.4748315811
15.5120306015
18.6228084564
17.4723854065
17.393699646
21.2053070068
22.3772087097
21.6248703003
22.5168437958
26.0230293274
26.4218120575
26.09633255
27.8920307159
30.8883361816
31.2471141815
31.4603309631
34.7572441101
28.6478061676
31.3178882599
28.1164093018
28.9968833923
31.4427070618
34.384475708
31.1121578217
36.198513031
35.9494781494
33.4895210266
36.0676078796
32.6893692017
36.2632522583
34.5399131775
28.869682312
28.6191310883
25.2629833221
22.2574672699
19.6429862976
16.7963943481
16.1746101379
19.413318634
23.8098163605
24.811000824
28.594203949
32.9576339722
33.2464981079
36.3029632568
34.8886299133
39.2760887146
39.6833839417
38.8987426758
40.9814605713
36.5895805359
35.2863769531
31.7660541534
28.0309867859
27.0371265411
21.4506988525
23.5228176117
20.7662239075
23.5195999146
23.5860538483
20.5399475098
17.381772995
13.5965547562
13.6723442078
16.4796142578
12.3835039139
11.985874176
17.9860229492
17.6675682068
13.4350032806
16.1884613037
19.7140464783
19.5389347076
18.3416042328
21.3210582733
23.9574546814
23.0004806519
23.792388916
29.4882221222
28.7304611206
31.2328166962
29.0285739899
25.2656497955
25.1978778839
28.3162193298
25.8769016266
29.8050498962
27.4367275238
25.9482917786
26.6000156403
24.2816009521
27.8522758484
28.0925865173
26.1633605957
26.782831192
22.9716033936
26.9671459198
22.7855415344
27.4041996002
26.7782688141
29.6302433014
31.8366699219
29.8114566803
33.8541069031
34.7763252258
29.0226707458
26.5790615082
27.9249229431
26.6701545715
29.0264072418
33.0770339966
31.6719303131
30.5237541199
34.5565071106
37.0787696838
41.4859619141
38.8385467529
44.4414749146
41.3584136963
38.0635299683
40.6019668579
39.3064956665
40.3446960449
37.4505462646
34.7824630737
36.0011177063
35.8396759033
32.0028572083
30.540605545
32.6399917603
31.4613437653
26.8061981201
28.1062927246
29.1857204437
25.7977523804
23.1642570496
28.1459522247
26.0712146759
21.8585414886
24.0396595001
27.0617351532
24.6385555267
21.1740570068
19.1114330292
15.0555171967
16.2959823608
11.2355279922
14.9985580444
19.0280914307
20.3976802826
23.5861129761
19.9292793274
19.6757698059
24.1533603668
26.2998008728
30.7409877777
33.696182251
38.1282997131
39.2260360718
36.7789459229
33.2154998779
29.7029781342
28.0626525879
23.0772724152
20.7363815308
20.2625751495
16.6493263245
14.4015197754
16.0973491669
13.5983819962
18.17735672
16.8557109833
17.6605606079
18.2295360565
18.7913970947
18.6890506744
14.4315671921
9.72058773041
8.13000965118
4.99734258652
4.46250295639
5.5908498764
5.28088331223
9.02109718323
9.4777879715
13.9840545654
15.7500686646
20.2860774994
18.9629173279
14.9252882004
15.9936790466
17.3879642487
15.7170095444
12.148223877
13.4303035736
13.4076118469
13.942076683
7.91269922256
11.6749706268
11.1005153656
16.1307430267
19.5610713959
21.1651630402
16.6158275604
18.0234146118
22.0605049133
20.5856781006
19.7424850464
24.4296703339
24.5510845184
22.9816493988
24.4305763245
28.1354732513
28.3979301453
25.9103679657
29.9223022461
32.4871406555
31.649438858
34.4267692566
29.0961761475
29.7050971985
26.1696815491
24.0989894867
24.2660446167
28.4842147827
27.903875351
25.8967838287
23.6831626892
19.6898136139
20.415184021
23.9595069885
21.0227832794
18.9910888672
23.1045837402
25.3841552734
22.6382484436
23.3657417297
27.811914444
28.7721557617
28.2339611053
26.7879657745
27.8438873291
33.2995262146
36.5529174805
34.0706825256
38.5856704712
39.0024642944
36.5103340149
37.8276290894
38.5525131226
38.3028717041
33.8925170898
32.8779373169
34.980304718
31.0396938324
28.9209251404
30.1721687317
28.2745113373
25.1649665833
25.1937561035
26.5681037903
22.6238384247
24.38763237
21.4996109009
24.9484195709
27.4332313538
23.1641464233
27.1830539703
27.3950920105
24.858587265
30.0352878571
31.1614723206
29.2445716858
32.0843849182
35.74949646
35.0501480103
33.2266159058
37.1287078857
39.637348175
38.2444076538
39.2794036865
42.2317886353
43.7390060425
43.2378616333
44.7199287415
48.1583023071
49.2832336426
48.9677810669
44.7488098145
49.2966117859
49.0624542236
53.2674980164
50.4766998291
53.4250946045
51.3223075867
47.7097015381
48.395488739
45.6906967163
44.5511665344
41.8788642883
39.3127670288
35.7853546143
35.3096733093
34.7806053162
36.0537490845
34.4026260376
35.6221733093
36.7722892761
39.519367218
36.5559425354
40.9642486572
40.3683395386
42.8577766418
46.3543281555
47.1580581665
51.4420509338
52.0700836182
49.1891670227
48.7039337158
44.3279914856
41.724811554
41.172088623
38.3325233459
40.5340309143
37.4946937561
41.4987983704
42.6933746338
44.3226623535
47.6692886353
47.3822479248
43.9834480286
42.5715141296
39.3922843933
43.1655883789
40.8141746521
37.1112136841
40.2580490112
42.269405365
38.4706497192
36.1737213135
39.7853431702
40.2928123474
36.6812553406
36.6619415283
41.6131248474
39.4381256104
35.5010223389
37.7976570129
32.1270065308
32.7701339722
29.0061473846
30.8637657166
32.6383857727
37.2673835754
39.3535308838
41.9032402039
43.2991523743
44.8231582642
46.9041900635
47.4099578857
51.7852210999
52.0008735657
50.0909347534
48.0986213684
45.6757583618
45.1164741516
39.7923927307
41.6643676758
37.5339241028
36.1887054443
36.5822296143
32.2901763916
33.5294761658
30.7194194794
28.6362380981
25.4512233734
21.9124603271
20.3203048706
24.0286064148
24.5371570587
19.7061290741
20.10820961
25.096200943
23.44672966
25.6077041626
19.8197555542
24.4949016571
26.6194267273
22.5220432281
21.9561042786
19.2427387238
22.5583877563
22.5984153748
18.3503093719
19.6593551636
25.3746986389
21.7816638947
19.7844161987
23.0317745209
25.5097084045
22.3940830231
22.8713741302
26.7830581665
27.0479106903
24.7334976196
27.6418914795
32.0171928406
29.2302589417
27.6715068817
31.8553085327
34.6808395386
33.1766471863
32.2858085632
28.3199882507
25.7293434143
27.8116359711
23.4996414185
20.7740936279
19.9614601135
20.0539569855
22.1279525757
24.4637145996
23.9706134796
27.9051475525
27.6518707275
30.4392662048
34.0828399658
31.5198059082
27.0134925842
29.5040016174
25.8900032043
29.6288642883
26.6592502594
28.273147583
31.6430835724
31.5223445892
29.9720191956
31.0837917328
31.9042434692
36.4979896545
33.1548957825
38.4076194763
38.003528595
34.3998527527
30.6273059845
30.3147144318
31.1366329193
31.8489131927
30.8671379089
33.2995300293
33.5054969788
31.5337867737
29.3682079315
27.6474399567
24.4647521973
20.8837547302
18.9232540131
14.881152153
16.748626709
18.6834487915
18.8096504211
18.666595459
22.0444011688
22.9703826904
21.3475875854
24.483757019
26.8441123962
27.9450454712
27.8589038849
25.7639732361
25.2411136627
24.9025325775
22.2386016846
21.2408237457
21.8219470978
18.6429634094
15.1035995483
16.8294029236
17.1227321625
12.9844331741
12.9239616394
16.1026191711
13.4580698013
9.20376205444
14.581372261
15.5219011307
12.213848114
12.1243019104
16.8078899384
15.7771949768
12.7777853012
13.8721132278
12.3373708725
10.6174783707
10.7849655151
14.1783571243
13.0882892609
17.9845180511
18.581533432
20.3491172791
17.6169013977
15.0603952408
18.9200763702
18.4506797791
13.3444643021
13.7185277939
17.9959335327
15.8102121353
11.838973999
8.55356216431
9.06939125061
6.06821298599
6.86111974716
7.0672082901
11.0815124512
11.9596586227
10.3409433365
12.8055820465
11.5639162064
15.5403614044
12.5609579086
7.17457818985
12.3905963898
14.3239154816
10.2031440735
8.9388589859
14.0975017548
14.4315834045
10.79438591
15.3013448715
18.0290203094
20.3222141266
21.5393352509
23.178604126
20.2459068298
18.812582016
19.4631443024
23.1283721924
22.6494960785
25.3617267609
23.1483917236
20.0714931488
24.7594013214
25.3223228455
21.1645507812
19.2136077881
25.7447166443
24.1708450317
20.2836799622
24.7800483704
27.4379520416
24.6018180847
23.8081417084
27.4983005524
29.0128707886
49.0141868591
48.1528778076
44.0614700317
49.1427078247
48.5984115601
52.9545555115
50.6564369202
53.068069458
50.5622215271
47.1590232849
47.7924537659
45.5531272888
43.8586044312
41.522064209
39.9073562622
35.8442230225
36.1247711182
36.1533927917
37.8725738525
36.2840652466
37.2329864502
38.1119041443
40.6075782776
37.0075149536
41.2279472351
39.6709442139
42.0508384705
45.2725601196
45.9710121155
50.2917366028
50.5741119385
47.4236946106
46.8311347961
42.6311073303
40.2404289246
40.1609573364
37.7723846436
40.4717178345
38.1313858032
42.3676681519
44.047706604
45.9063301086
49.5082778931
49.2644882202
46.2277107239
45.1866607666
41.6560249329
44.9009056091
42.7524871826
39.0076980591
41.3509864807
43.3595314026
39.8310165405
37.0656089783
40.1789016724
40.6605300903
36.971824646
36.4943809509
41.3011817932
39.0705947876
34.6893539429
36.0719032288
30.1224822998
30.326133728
26.8151550293
29.5685787201
31.6320133209
35.8713264465
38.6160621643
40.8009185791
42.7922897339
44.7509384155
47.1480255127
48.0037460327
52.2879447937
52.8335838318
51.2594032288
48.9616622925
46.6754150391
45.3826332092
39.9941253662
41.2013015747
36.8051528931
34.7372703552
35.2740974426
30.8412914276
31.7365856171
28.719127655
27.6456222534
25.1364974976
20.8318042755
20.4913349152
23.8779659271
22.6942462921
18.2557907104
20.1918792725
24.0848865509
21.2497997284
22.5253067017
17.1567268372
20.4631748199
22.9216327667
19.0825862885
17.4912090302
14.426782608
17.5949745178
18.533159256
14.745013237
15.2711296082
21.5484046936
18.9014492035
16.9541969299
19.6564559937
22.6408576965
20.6233062744
20.7148933411
24.4232273102
25.4656600952
23.8566913605
25.758354187
30.6166000366
28.6432189941
26.9584350586
30.5691661835
33.8465652466
33.174697876
32.3543739319
29.2558841705
26.4418354034
29.5187149048
25.0508537292
21.4077320099
20.7028656006
20.1687583923
23.3694038391
25.0072345734
23.3769207001
26.9310016632
25.8464336395
28.062833786
31.1150379181
27.9945964813
23.6324977875
26.7878341675
23.6976299286
27.9253921509
25.8544940948
28.1025924683
31.4612407684
32.2842483521
30.926618576
31.6032791138
32.9494514465
36.9549942017
34.0242652893
39.3474121094
39.2715034485
35.4829483032
31.8585948944
32.2669715881
33.2188072205
34.5869750977
33.8607025146
36.5529174805
37.2735099792
35.4603919983
32.9936027527
31.4667701721
27.8907260895
23.9796066284
23.0404148102
18.7550888062
19.1625232697
21.9337520599
21.9387702942
22.3834609985
25.167798996
26.2812213898
25.4627075195
28.7018795013
30.725019455
31.4084033966
30.7887115479
28.1591892242
26.7289180756
25.3932914734
23.0950622559
23.006734848
22.6726646423
19.0727348328
17.515794754
18.134677887
16.550737381
13.4461212158
14.3975639343
15.9088068008
12.1246118546
10.3027067184
14.8709287643
13.7430849075
10.040807724
11.5197534561
14.7602119446
15.9826669693
13.9860372543
16.4369163513
15.4508800507
15.0476894379
14.9417848587
19.0178165436
18.438041687
23.4629192352
23.4525165558
25.8243484497
23.4374504089
20.2659034729
23.8862762451
24.150182724
19.0737075806
18.5161437988
23.0726222992
21.2797603607
16.2876663208
14.1729326248
13.4105987549
10.0715112686
6.86111831665
5.41476869583
8.49916744232
7.33284902573
5.69690608978
7.35129451752
6.88578891754
10.7226657867
8.79146385193
6.17415332794
9.69694805145
12.2526884079
9.70372772217
10.3629636765
14.1880693436
15.0086936951
12.9044733047
17.078836441
21.6134643555
22.6481208801
23.3982543945
24.3480854034
21.3099441528
20.0618915558
18.9082794189
22.0275497437
21.6720695496
23.277463913
21.1591053009
18.0087661743
21.7644081116
21.7481460571
17.4143161774
15.650970459
21.5330181122
19.4191188812
15.3981018066
19.9709186554
22.2916126251
18.9898338318
18.1479110718
21.9412956238
23.0900745392
45.2185401917
44.9202423096
41.0198020935
46.1255340576
46.5588989258
51.0555419922
48.8672409058
51.9427833557
49.5595588684
46.5027542114
47.9658203125
45.5106658936
45.067363739
42.921131134
40.2854270935
36.5725021362
36.0813331604
35.3625335693
36.2018661499
33.9706497192
34.4332313538
36.1077842712
39.4586334229
36.4288520813
41.0355834961
40.6515083313
42.4363822937
45.6977996826
45.2921028137
50.3182106018
50.0530357361
47.1479492188
47.6884040833
43.0520553589
41.1282577515
40.1219520569
37.2785339355
39.5448646545
36.1987075806
40.6247367859
41.3685264587
43.8613433838
46.7671585083
45.555355072
42.5108833313
40.6650886536
37.7654571533
40.7457237244
37.6703300476
34.6654129028
37.8820762634
39.0154724121
34.7153778076
33.2127952576
36.3073539734
36.1309394836
32.3232650757
33.0676879883
37.4296646118
34.4397697449
30.9197254181
33.3128471375
27.7593727112
29.0626716614
25.6526546478
27.1762008667
29.9928188324
34.1054382324
36.1881256104
39.2533378601
40.5712165833
41.959941864
44.5467262268
44.5254249573
48.7324295044
49.8566246033
48.4312171936
46.751083374
43.7489547729
43.5444374084
37.6295013428
39.6077919006
35.6118888855
34.2502708435
36.1143417358
31.473772049
33.7808685303
31.6548080444
29.0788707733
26.2870864868
22.3451976776
22.1980609894
26.3620376587
26.1592597961
21.9241867065
23.6667423248
28.4720935822
26.6573047638
28.9790344238
23.875453949
27.9831485748
28.7449054718
24.5428695679
23.642408371
20.2784938812
22.5255489349
22.809803009
18.7802639008
18.17993927
23.7021617889
20.7404575348
17.0825004578
19.5900192261
22.7717399597
19.1763801575
18.1334934235
22.0258407593
22.4145927429
19.5885295868
21.54255867
26.5367164612
23.7252941132
20.8887252808
25.0912475586
28.5015716553
26.5626544952
26.7114887238
22.9919033051
21.8512001038
24.1425971985
21.2489376068
17.7172222137
18.7547912598
19.9609127045
22.0997638702
23.1966629028
22.8321495056
27.0111198425
27.5205974579
30.1049747467
33.7907905579
31.315196991
27.0854663849
28.1171989441
24.239522934
27.3625335693
23.7534980774
25.7892875671
28.3448162079
29.0874767303
26.5906867981
26.8845157623
26.9952278137
30.8452091217
26.8765182495
32.2555656433
31.3363170624
27.4363040924
23.5303955078
23.9873886108
26.0838432312
26.901391983
26.8384246826
30.1721630096
30.4958057404
29.4095172882
27.0981445312
26.4947147369
22.3065166473
19.8576278687
18.5295124054
15.9053649902
16.1261558533
15.9267416
14.5488195419
14.3226318359
16.7036819458
18.7857208252
18.5958824158
20.8334388733
22.244304657
23.9640274048
22.5619087219
20.9962825775
18.9921550751
18.3596630096
15.0847969055
15.6477918625
16.5920028687
12.3826293945
10.4099311829
13.1548604965
12.9014501572
9.6337890625
11.5511302948
14.6081914902
11.5951862335
11.844367981
15.6890392303
16.1053829193
14.5269641876
16.0241279602
20.117723465
19.0745735168
17.3819465637
17.7439212799
14.9566841125
12.7058563232
16.256477356
19.3957824707
17.089012146
21.0168628693
20.3287220001
21.7526111603
19.5986175537
15.5018281937
16.8854084015
18.2731456757
14.0245218277
11.6397733688
15.4920911789
14.8444900513
8.93300914764
10.282034874
7.07869291306
8.54064273834
8.93885803223
10.3629617691
11.5697412491
16.802028656
15.6305379868
12.398604393
13.0557928085
10.4722061157
12.5375728607
10.2810564041
6.12261629105
7.61547279358
8.42848682404
6.44224119186
6.11618947983
7.61922931671
6.45791387558
7.7540845871
12.529914856
13.079492569
14.229681015
15.1720991135
12.1357784271
11.4339570999
11.6358013153
15.6598291397
16.4174728394
18.5230121613
15.8228302002
13.8991765976
19.4040412903
19.4912929535
15.9222221375
15.2787570953
21.5256767273
19.9460353851
17.1496734619
22.4729251862
24.3908004761
22.0220375061
22.7905635834
26.0388050079
27.53383255
41.6559371948
39.7377243042
36.3458747864
42.6447792053
42.0575561523
46.7657089233
46.037612915
47.4564094543
44.0416564941
41.7187576294
43.023235321
41.9980392456
40.1888542175
39.1795043945
39.2183685303
34.3467178345
35.9052009583
36.7280807495
38.7169723511
36.8868942261
36.6227035522
37.3338127136
39.7121582031
35.1656074524
38.9162445068
36.0021820068
37.2397346497
39.5379219055
38.7724075317
43.7085723877
42.4662857056
38.9249992371
39.2416534424
35.2610054016
34.1462669373
34.4366989136
33.0668067932
36.5593299866
35.4701385498
40.1889610291
42.3089981079
45.2291145325
48.7513275146
47.8714637756
45.9992027283
45.476184845
41.6528549194
43.0408096313
41.0149688721
37.9113121033
38.46824646
39.7108840942
36.7462387085
33.7267608643
35.1600990295
35.1201553345
31.4933052063
30.546339035
34.2433013916
31.6078834534
26.8879394531
26.1965904236
20.2576217651
19.9461231232
17.7481899261
21.9089126587
25.1636371613
27.7080001831
31.5913276672
33.3174819946
36.292350769
38.8960227966
42.1873054504
43.2867012024
47.0479469299
48.9236602783
48.4751586914
45.9625892639
43.5897445679
41.2440452576
35.5861625671
35.477432251
31.0220832825
27.6836509705
30.018163681
25.3904876709
26.820602417
24.7301540375
24.9038410187
24.4216918945
19.3223590851
22.6402778625
25.3686637878
20.9190101624
19.0925178528
24.2154045105
25.6874980927
21.6854324341
21.9562549591
19.6309814453
19.851852417
19.3469772339
16.6300411224
13.7775239944
10.4465341568
9.67714595795
12.1194696426
11.1707782745
6.61817073822
11.6482820511
12.7265634537
9.75810146332
8.97170448303
13.3823566437
14.1563882828
12.1620597839
14.3143205643
17.17760849
17.4664993286
16.1104488373
21.5112705231
21.7719097137
19.9305171967
21.478263855
25.4238128662
26.7411746979
26.4218025208
25.9146404266
23.7331542969
28.5142936707
25.2668800354
20.1966114044
21.0614032745
20.4322872162
24.8782272339
23.9120922089
20.5449256897
22.8720054626
21.2612895966
21.8093395233
23.5236587524
19.9039382935
16.8926849365
18.7227191925
16.9616241455
20.853269577
20.5259284973
24.0439281464
26.2627334595
29.5823955536
28.2056999207
27.3763885498
29.3959712982
31.310344696
29.5873985291
34.4682540894
35.1709327698
31.3990325928
28.7331771851
30.7581939697
32.0048522949
34.7622795105
34.9368438721
38.2444076538
40.1130867004
39.1800460815
36.2316627502
35.832901001
31.4221973419
28.0243644714
29.4406890869
26.1920394897
23.3365135193
26.0025463104
25.4427528381
27.161819458
27.9019565582
29.2334880829
30.6511650085
33.521697998
34.4297409058
33.9250602722
31.9715003967
28.5476875305
25.0957050323
21.6579532623
21.0528087616
23.0246047974
20.7551288605
17.386680603
20.9093036652
19.2417488098
14.12890625
15.4430351257
18.3257789612
16.1207427979
12.2903156281
17.859167099
18.3528652191
14.0401563644
14.1602401733
18.0248374939
17.6149749756
20.935798645
21.9949512482
24.5332927704
23.4221191406
24.5627269745
26.2715492249
30.6044330597
29.766204834
34.1299133301
32.2485542297
35.3861503601
34.2467727661
29.4329719543
31.4940509796
33.98046875
29.7388954163
26.8337211609
31.4704723358
31.5635910034
25.549156189
25.6493225098
22.5186328888
20.4693527222
20.2836818695
15.3981046677
16.0998439789
18.2068023682
13.9800024033
12.0620355606
9.17466831207
11.7955179214
7.42475557327
8.22901821136
14.1111001968
11.6469097137
9.98831653595
13.4415407181
17.149679184
15.3756389618
15.9728574753
18.316696167
20.3875007629
26.8294487
25.0683078766
23.9379920959
23.5080432892
21.6871013641
20.2363204956
15.5053482056
15.695057869
15.4620914459
13.8795375824
13.2885637283
10.64453125
10.3915500641
9.28115272522
5.9871430397
6.0113325119
7.45325231552
5.20524597168
6.90813922882
7.74999237061
6.34612798691
7.36620759964
9.60088539124
11.2951097488
