5.20809173584
7.85954809189
7.12962865829
5.0822558403
6.83136892319
10.1438550949
11.9032535553
16.6288986206
18.9493427277
22.2004680634
24.8653831482
27.0858917236
23.7940254211
24.0635490417
28.4988613129
28.1093158722
24.4385356903
27.6174373627
31.5034999847
29.3076648712
27.9970970154
31.1751880646
34.6724205017
38.9179992676
37.2020225525
38.8714637756
38.2453460693
34.0383148193
36.7661170959
34.4822883606
30.5498905182
32.14793396
35.9379730225
31.5041465759
27.722820282
31.814453125
32.1215248108
28.0004768372
28.770160675
32.2031211853
31.1830921173
28.1629295349
30.6200389862
33.6176643372
29.7651729584
29.8678188324
35.7097511292
36.3169593811
31.2268543243
34.2016448975
37.7955207825
36.404384613
33.2227630615
35.0039405823
31.4055328369
29.469871521
31.303653717
29.8886947632
26.3750724792
29.1968212128
33.4654083252
32.5870933533
32.7349243164
31.15193367
31.102935791
29.8856678009
30.9338150024
28.5101451874
30.9256248474
28.3581504822
31.1399879456
30.1192741394
24.9886493683
28.3997001648
25.3066139221
27.4836368561
25.1711616516
26.3548126221
25.7249183655
25.8654747009
27.5493068695
26.1188869476
25.2200870514
21.9532394409
19.1071186066
17.7233104706
12.6450452805
16.8092880249
18.9971637726
15.3630638123
13.9692955017
17.7751979828
21.0722084045
21.4523468018
22.0641765594
23.7526283264
26.2018642426
26.3448295593
26.9992160797
31.1650791168
31.3327770233
29.5384960175
33.4659538269
35.2633018494
34.0780181885
33.6232070923
37.8032112122
39.1973609924
37.7140350342
39.6742744446
43.2312049866
43.2116127014
40.8651657104
39.5272026062
35.3010673523
37.5509033203
38.4460678101
32.5048789978
33.7852172852
37.6178283691
34.6738510132
30.1256923676
28.5945739746
28.4963912964
23.5409755707
24.2619857788
28.5741329193
25.9207572937
23.6755771637
30.3483104706
28.7949905396
24.9934539795
23.2544574738
19.0581703186
19.301399231
16.9642047882
16.9421138763
16.5246868134
17.0849094391
19.0600204468
21.1856994629
23.4056587219
21.9746322632
16.9471035004
13.5490102768
14.8712310791
12.2662343979
11.3925590515
15.1159515381
13.543337822
16.8512954712
18.6861381531
19.9521179199
20.4198856354
19.061504364
15.8714704514
13.9789505005
10.3660106659
9.11179161072
8.26732444763
8.12669181824
11.9554653168
11.6892185211
15.0928840637
19.0820083618
19.7409553528
20.7838821411
22.225112915
25.0483398438
21.827589035
21.6621761322
20.6638946533
22.1319408417
20.4693012238
24.1853523254
21.5746135712
27.2111034393
28.4746932983
31.7927398682
33.1239814758
32.4636154175
33.3238716125
36.2381515503
33.5753555298
31.8429431915
36.9690589905
37.9489784241
41.2242546082
38.4002342224
35.6041717529
40.2998733521
41.5779457092
37.9108276367
37.8748817444
42.1685714722
42.4164772034
39.449420929
37.9115066528
42.66588974
43.2335014343
37.3207435608
38.004940033
35.2940597534
36.0628166199
35.2020759583
34.5140571594
35.7594451904
32.403629303
37.0011138916
35.8406257629
34.4432258606
36.3130111694
38.6438713074
8.39946556091
10.9351768494
8.21841907501
5.08225488663
5.37774276733
6.88699483871
9.3295583725
13.5172567368
15.2947063446
19.294052124
21.5424613953
23.8069896698
20.2111721039
20.1723957062
24.6831760406
24.1489505768
20.2580299377
23.363489151
27.2917976379
25.0547733307
23.5600337982
26.7624568939
30.2972221375
34.4782028198
32.9129600525
34.5303649902
34.0825233459
29.7823314667
32.7968826294
30.5565185547
26.6762313843
28.583814621
32.4256706238
27.9986438751
24.3458957672
28.7462921143
29.1405200958
25.1150188446
26.2632541656
29.8125400543
28.8605003357
26.2643127441
28.8190765381
31.8057460785
28.443031311
28.8645782471
34.3850746155
35.2652511597
30.6015510559
33.7069320679
37.1982116699
36.2590942383
33.4114379883
35.0938491821
31.8211269379
29.4030952454
30.9876155853
30.2568759918
26.2980442047
28.7524547577
33.0047111511
31.4144744873
31.3141593933
29.3898792267
28.6922187805
27.5511608124
27.9860134125
25.721446991
27.7914733887
25.2955474854
27.8339271545
27.0810623169
21.9549007416
24.6549358368
21.8768253326
23.9878292084
22.1459407806
23.3152256012
23.4077854156
23.7828731537
26.0754241943
24.6676845551
24.0383338928
20.5777072906
17.4252700806
16.9221134186
12.3896980286
15.8987216949
17.4550895691
13.2045755386
12.2496500015
16.2879486084
19.4705352783
18.9765033722
19.3893852234
21.5726451874
23.8721427917
23.3803844452
24.2207984924
28.2901058197
28.1158332825
26.0898036957
30.2495594025
31.8817863464
30.3261489868
29.8683509827
34.3158874512
35.4669189453
33.7526817322
35.8494911194
39.3947982788
39.236114502
36.9183731079
35.4970397949
31.196395874
33.6211471558
34.6668815613
28.7626743317
30.3599300385
34.2315444946
31.2772636414
26.9773750305
25.1296806335
24.8818683624
19.9394855499
20.4844818115
24.5673656464
21.8429489136
19.3860225677
26.0669441223
24.5775547028
20.7059383392
18.9347038269
14.8775529861
15.2701787949
13.4470119476
13.9467315674
14.3984928131
15.5542602539
18.6755428314
20.746925354
23.4730224609
22.7628364563
17.4405097961
14.4872760773
14.5509052277
11.7379522324
9.10239887238
11.6439561844
9.43479633331
12.5106420517
14.2075481415
15.5396900177
16.1933937073
15.0881938934
11.7729415894
10.3514184952
6.31350851059
6.68021297455
6.75339174271
8.47537899017
11.5215682983
12.8701753616
14.9548978806
18.6303825378
19.6007766724
19.8053436279
21.9095897675
24.2688694
20.4009132385
19.5096759796
18.3084011078
18.950088501
17.1591148376
20.4033508301
17.6961154938
23.1748943329
24.1543388367
27.6404838562
28.8196468353
28.2525501251
29.3784580231
32.2512016296
29.6569976807
28.2329101562
33.4055786133
34.7397499084
37.6756477356
34.6000747681
32.1365242004
37.0441131592
37.9048042297
34.2655410767
34.5729141235
38.9243431091
38.7566795349
35.8697166443
34.7404098511
39.5798225403
40.3779144287
34.6559791565
35.7741127014
33.2377128601
33.9394416809
32.5797653198
32.086555481
32.8857879639
29.9230957031
34.1908416748
32.8010177612
31.9590702057
33.4316940308
35.3275794983
33.6657180786
32.4905548096
28.897026062
31.8144569397
28.7463035583
28.7153244019
28.5653705597
26.779094696
26.9284114838
22.7765293121
25.3163814545
26.8011054993
25.1771793365
21.2320022583
23.7378463745
25.2888813019
19.9915676117
19.9133300781
23.7899875641
22.2057342529
18.0358276367
21.3195095062
24.7188549042
23.0546607971
24.6651916504
18.9222927094
19.9192676544
15.8407506943
15.8196563721
12.1455249786
10.754450798
9.26368045807
6.05900192261
7.80187606812
7.21293067932
5.65526771545
5.12052297592
6.96444368362
6.02518415451
7.01469421387
9.46270370483
10.7532978058
10.6712007523
12.3762693405
15.8740730286
16.3260631561
16.196023941
19.9775867462
20.4399929047
21.3679027557
22.9135150909
25.8491916656
25.8108158112
25.6141681671
25.9332504272
22.4256057739
20.9016170502
24.9281978607
21.1571445465
19.6407241821
21.0891227722
16.5588760376
13.8725175858
12.220281601
7.40402650833
10.699886322
8.8707075119
13.2442054749
14.9092798233
18.9541110992
20.654209137
24.7481613159
21.779291153
21.3740692139
16.636089325
12.0319213867
11.8109378815
7.88233375549
10.4432277679
9.67724514008
12.882267952
12.8850383759
15.3716268539
15.1526508331
16.078130722
20.6577186584
24.6541080475
23.20054245
19.5021190643
19.4564228058
24.0177974701
24.6264972687
21.9535255432
17.5897464752
20.8579006195
23.3182315826
19.8846206665
19.3332290649
23.9297103882
22.7032413483
19.9864883423
20.8033161163
25.6903915405
22.7860240936
19.3133335114
23.6467247009
26.5495414734
23.7689437866
22.9110736847
27.968793869
27.448059082
25.3698120117
22.3549633026
19.0317153931
17.2906932831
14.8624763489
16.7351093292
13.8331623077
12.3743104935
15.9243164062
17.6628093719
14.0894327164
14.448392868
10.7419061661
11.7290468216
15.1263017654
11.9078226089
12.4482116699
16.4427871704
15.4469919205
14.8632183075
16.3858013153
20.930355072
19.8113918304
15.8172483444
16.6864738464
15.1380968094
16.7049427032
16.7838935852
19.6680049896
19.7040138245
21.690404892
25.5934467316
24.078332901
25.382106781
21.5756778717
22.3796901703
20.7618980408
18.1334667206
21.1975364685
19.9858646393
22.1262531281
22.4961910248
25.7428913116
25.5130825043
24.9388504028
22.8835811615
23.8584651947
23.8430347443
24.6561164856
25.9100914001
23.4174842834
27.8408508301
24.6095924377
23.5906829834
22.5687389374
17.7953643799
19.875743866
16.9885826111
14.3855524063
11.8794946671
13.9379692078
10.7196855545
14.6289129257
12.832613945
18.1949901581
16.9700546265
19.7812919617
24.5668830872
21.8683719635
18.11652565
19.5568981171
17.3213768005
13.8988428116
16.8517913818
17.8708305359
15.2736358643
18.6948719025
14.6354579926
10.9233779907
13.4212551117
14.4478216171
10.0859222412
8.12754058838
12.1289796829
12.9042434692
9.77464485168
6.57781267166
11.2233076096
12.0845823288
7.34046936035
10.5146818161
10.2369642258
11.1033182144
8.06168270111
11.7333440781
11.4722423553
14.6084136963
18.4226589203
19.2140159607
22.8635177612
25.4128799438
22.8961868286
35.0275535583
30.9389343262
31.3106842041
35.0039482117
35.0938529968
33.6570549011
37.3068885803
34.5173606873
37.5338401794
35.9845123291
36.3866996765
40.4949111938
39.0772857666
36.0331497192
39.9225234985
42.3927268982
38.5569343567
38.2186393738
43.2006378174
42.9643554688
39.4618263245
42.4821739197
46.3143119812
45.8183250427
48.9319038391
43.2088012695
45.0342521667
40.92029953
40.4986953735
37.4922904968
35.3965034485
33.4612159729
30.8373603821
31.2675075531
29.7133541107
27.4271297455
25.6141777039
24.8131046295
23.6660919189
20.5266056061
19.6991577148
19.7667350769
16.4624080658
15.294131279
15.5305252075
13.8577442169
10.1344537735
11.7280683517
11.7826013565
9.37917613983
5.40140008926
7.42457103729
6.89808416367
4.50311517715
4.7247505188
6.73783063889
6.73695707321
8.07544517517
11.081993103
10.8040056229
9.6052980423
15.0552663803
13.4947729111
18.3423576355
21.6195068359
23.6294364929
27.9033794403
29.333032608
33.526058197
35.9295692444
39.3606452942
41.6326675415
37.4316520691
41.1174125671
34.6267356873
32.3251190186
28.6172580719
26.3739719391
22.5046253204
19.0325031281
15.3468942642
14.5858249664
13.9972057343
16.8760108948
20.5488262177
20.4405994415
25.4352645874
24.6171607971
22.8748569489
25.8819980621
29.2383594513
29.0322742462
25.977273941
26.3786640167
30.6331729889
30.7479400635
28.0438671112
31.6094512939
35.0987586975
34.7682266235
34.6698493958
36.506893158
40.1656684875
38.7694740295
38.436252594
41.7504501343
43.223487854
42.6710357666
43.4309425354
47.0944442749
47.0891952515
46.4419898987
43.4963569641
41.6366539001
40.0267028809
37.9304656982
37.8912162781
34.4137535095
31.4992332458
33.9346084595
34.7236404419
29.5385341644
31.7021007538
30.7483100891
29.3967380524
32.6663284302
34.1670455933
33.9425392151
36.1729545593
38.7720565796
37.8870735168
37.3565711975
40.2592506409
36.5478973389
32.5568389893
30.3088226318
26.5991592407
24.5953788757
21.1009788513
17.120967865
15.1941862106
11.8722229004
14.0770864487
18.6436920166
21.8155212402
21.9938545227
23.8889522552
27.6206493378
29.645154953
33.5864448547
35.0555610657
38.7181854248
39.3057327271
41.8621749878
39.9402809143
38.1410675049
33.5614013672
33.5198745728
30.0599842072
29.9820289612
27.6956367493
26.1955108643
27.389875412
26.5608119965
25.8450489044
21.6257972717
19.4659767151
15.8285779953
12.9916286469
17.40832901
20.7115497589
24.5805625916
26.8744697571
29.9825401306
32.6010169983
35.8198280334
38.2117500305
41.8052787781
46.5464935303
45.2353630066
41.7659111023
42.1154289246
41.3517990112
37.8483314514
37.9399833679
39.7002410889
35.3704376221
40.7849769592
38.8165092468
33.8351745605
34.3788986206
38.2123641968
34.7055053711
31.0404548645
33.0450134277
36.5863075256
33.6590919495
28.6757049561
30.3560619354
28.0401210785
23.4983959198
19.9157657623
17.9220199585
20.5662975311
24.5710792542
25.5473213196
29.6829471588
28.7396011353
35.0884895325
37.3797950745
37.1649589539
42.3752746582
42.7095451355
31.2498226166
27.5016841888
26.9872245789
31.303653717
30.987613678
30.2165622711
33.5452651978
31.1806964874
34.2465133667
32.3597946167
33.6960105896
37.5178489685
36.3436317444
32.7174568176
36.2740058899
39.0109825134
34.8981742859
34.0780601501
39.0534934998
38.9995231628
35.1527328491
37.8149642944
41.7795715332
41.4689750671
44.2863769531
38.7887191772
40.2441444397
36.3600692749
35.5384025574
32.6202735901
30.9272937775
28.4148578644
25.7804222107
27.2424182892
25.5809707642
22.596031189
20.9016189575
20.9482345581
19.6330356598
15.954501152
15.8829841614
16.7277526855
12.749458313
11.0987176895
13.1221351624
12.2662353516
7.25350856781
10.0536966324
12.7597045898
9.97473144531
6.51880025864
10.2163991928
11.4421110153
8.58038043976
6.73695898056
6.42857551575
6.35626506805
5.67738628387
6.15136384964
5.01794195175
5.45951271057
9.44418144226
8.58598423004
12.6012678146
16.1592273712
17.6347045898
22.0809555054
23.1750125885
27.4018688202
29.6986942291
33.1474876404
35.3696289062
31.2760238647
35.0842590332
28.5760631561
26.4485206604
22.6260032654
20.7082576752
16.5389041901
13.5466585159
9.59471607208
9.7058429718
10.6811828613
13.0196084976
16.830083847
17.828042984
22.7077407837
22.4508800507
20.3131561279
22.382101059
26.3868503571
26.8992042542
24.132478714
23.5394229889
28.054901123
28.8883934021
26.1990699768
29.0946311951
32.949420929
32.8872261047
32.272403717
33.6969566345
37.9626693726
36.4497871399
35.3279457092
38.7375564575
40.8752937317
39.9601097107
40.1864051819
44.2146110535
44.3735580444
43.3864250183
40.3484573364
38.0521278381
36.0983085632
34.164188385
34.6689224243
30.869310379
28.3733444214
31.3566761017
32.1329498291
26.7357559204
28.4189720154
26.8198699951
25.0451183319
28.6981945038
29.6495742798
29.0198020935
31.3682327271
33.9300994873
32.5670776367
32.0463180542
34.8218536377
31.1661243439
27.3914756775
24.9477806091
21.5870494843
19.2787208557
16.4552154541
12.7881374359
12.3481254578
9.26152706146
12.9369449615
16.0829048157
18.5287876129
17.3655033112
20.0756473541
22.9586353302
25.1824932098
28.699886322
30.3296222687
33.8074417114
34.7507286072
37.560710907
36.0019454956
34.0339279175
29.7195262909
29.2260799408
26.1823062897
25.4919490814
23.6278934479
21.4037685394
23.053730011
21.3958053589
20.2902164459
16.276927948
13.7750349045
10.5439844131
7.68036079407
12.1975307465
15.4784708023
18.8017292023
21.4152336121
24.2566108704
26.9907970428
30.1074466705
32.4623069763
36.3355560303
40.7475776672
39.6606788635
36.2115745544
36.2172737122
35.7082862854
32.2823181152
31.9230270386
33.7813491821
29.6117553711
35.1083831787
33.4037437439
28.2898960114
29.0924301147
33.1242980957
29.7242698669
26.1481513977
28.4033679962
32.2352981567
29.4164123535
24.364522934
26.4538784027
24.7469596863
19.5859298706
16.4040260315
13.9252662659
15.6652421951
19.3861351013
19.8460712433
24.0233669281
22.642496109
29.0721092224
31.2587966919
30.9278430939
36.1059646606
36.6145477295
29.4406604767
30.9310665131
25.5500259399
28.3996982574
24.6549358368
27.7201366425
25.6698207855
27.1887702942
27.4723014832
24.375421524
30.0467891693
29.7000007629
30.5046310425
25.9153251648
24.8454360962
27.5654144287
24.2635574341
20.7620315552
22.1795120239
23.5845451355
19.827009201
17.5518493652
20.3668403625
22.0032138824
21.7302474976
21.2666149139
19.4338474274
20.3995227814
15.8684368134
18.0686225891
19.8918323517
15.3361701965
17.244977951
23.5852184296
22.0140686035
18.6240768433
21.3740749359
24.7942314148
23.7366046906
23.8926277161
27.1257705688
28.8169784546
28.0591869354
28.4178886414
32.0863990784
33.3514328003
32.8142166138
35.0570983887
39.1281738281
37.2837638855
38.32081604
41.2045440674
43.2211380005
41.3442497253
41.1174087524
39.5979766846
36.9576644897
35.0842628479
36.638885498
31.8955974579
31.5758132935
34.4903945923
29.0567111969
29.8321170807
25.0366802216
22.1585063934
19.5065784454
16.1709365845
13.4964847565
10.9416246414
8.10024356842
6.87796211243
7.99535322189
7.39145851135
6.89272880554
10.1198625565
12.7818946838
15.901638031
18.9079418182
22.6711654663
26.0673179626
27.2542476654
29.9182872772
27.4440803528
26.0397262573
29.9752788544
30.0481395721
31.3094100952
29.3691902161
25.60587883
28.7713565826
31.7321453094
32.067111969
27.7199707031
29.187084198
32.773853302
32.0958023071
29.5203723907
32.5056266785
33.7993850708
31.0207805634
29.1530056
34.2823143005
33.11901474
28.2670459747
29.9536552429
35.0537033081
32.8232154846
29.571439743
33.8011054993
35.3413887024
32.9652175903
30.7770042419
27.2461853027
23.656463623
24.9957027435
28.3995666504
24.777097702
27.1123409271
30.8965930939
30.4457626343
28.0476703644
25.5623722076
22.1053371429
19.7293796539
21.3688755035
18.1018276215
14.9300260544
15.4757833481
15.6442651749
11.2336349487
10.8675813675
9.78927135468
11.5289802551
13.8470983505
14.5379428864
18.3032455444
19.3508911133
23.607421875
27.7287254333
30.9128170013
33.2013511658
35.8219833374
31.8795108795
30.0422706604
25.1414775848
26.3281402588
21.1170787811
19.8921928406
17.0454654694
16.8901042938
15.4016494751
18.1788959503
21.0707855225
23.3188800812
22.1035995483
23.3419799805
21.5312252045
24.4693622589
22.5998916626
25.8621959686
23.1550636292
26.7526702881
23.0391712189
22.4047679901
25.1305294037
23.5513629913
27.7018909454
28.6906929016
24.6232280731
21.5234603882
17.4153404236
15.5974378586
12.355635643
10.4188842773
8.36449241638
6.50071716309
9.25072002411
7.84634304047
10.1096582413
9.73150253296
7.06796598434
11.6146717072
11.5610723495
7.6065158844
12.055311203
16.3246383667
16.6360454559
15.6930789948
15.4843034744
20.1348152161
19.9426250458
18.9928779602
21.0774345398
24.15117836
24.2195072174
23.6296901703
24.1733226776
27.8258094788
30.6948509216
27.2960224152
30.1643238068
28.9693126678
26.6416530609
22.7241153717
21.1548957825
18.7152481079
17.2803478241
16.484457016
13.2715005875
15.0482988358
12.9622793198
12.9376096725
18.3685188293
17.4549293518
15.5954875946
15.3630638123
13.204580307
11.0345954895
12.4987564087
9.61976909637
12.1144361496
11.2076663971
13.1502113342
16.9311714172
17.2068271637
13.3677368164
16.1539955139
19.8576259613
17.6578598022
15.6872615814
20.396446228
22.2972831726
19.632648468
20.9951877594
24.604221344
26.1318969727
30.7588729858
27.0988140106
29.6376247406
27.5601444244
24.8427734375
26.1656246185
22.7837715149
20.1068649292
21.0820236206
22.9379730225
18.3902015686
15.71251297
19.4564208984
18.3714046478
14.2010307312
15.9436416626
18.8005962372
16.9596061707
14.8917331696
18.2743110657
20.1115970612
16.4623394012
18.2162952423
23.3203353882
23.3677768707
19.3813114166
23.3378582001
26.2348251343
25.5556621552
23.8403663635
25.8819904327
23.6092243195
19.9752483368
22.3821048737
23.3692302704
19.4858093262
21.4287185669
25.1730098724
23.9480304718
22.0587863922
21.75989151
20.4685249329
21.3976898193
22.1071357727
22.129737854
25.0098419189
25.0552310944
27.8685493469
29.2654647827
23.9541721344
25.6058712006
21.0702514648
20.3387718201
18.1742897034
16.8177947998
17.0356578827
15.1013813019
17.6322212219
14.8658971786
13.1558189392
9.8995923996
6.49881839752
6.64221715927
6.78198003769
6.18110513687
5.45129489899
5.58060884476
7.75972032547
8.26214981079
7.08329439163
9.36665248871
11.5615520477
12.2136030197
12.9949970245
15.3630485535
18.1747570038
18.0605010986
17.3640480042
21.8313331604
22.5151863098
21.6567459106
22.5500087738
26.0267238617
26.8662261963
26.2216739655
28.8843154907
31.3705806732
31.308380127
28.6454982758
27.4113349915
23.8513145447
25.034034729
25.267332077
19.4842185974
19.7464790344
23.4099712372
20.8807964325
15.7120447159
15.0719242096
15.3711986542
11.2726240158
12.4319105148
17.3792858124
16.1429367065
15.4337272644
21.1357364655
20.9876651764
18.335269928
19.8166160583
16.0863208771
12.4745817184
11.7525205612
8.37831115723
10.51404953
8.08505439758
12.1591329575
11.4046382904
15.2233133316
15.7521696091
11.2311420441
11.9537715912
11.8463230133
7.95159387589
8.23281860352
6.82717895508
11.1661491394
11.6850862503
15.4920949936
15.2783298492
16.9892807007
14.6632976532
12.772685051
8.17347621918
9.45915031433
6.99906015396
11.1319293976
11.4652719498
12.8538503647
16.4632053375
17.0104160309
19.3426055908
18.058298111
15.1763305664
16.4853038788
16.2112960815
12.1354446411
11.1198787689
13.7636852264
12.8729982376
14.6960172653
16.9368782043
18.0263195038
21.8710308075
23.1614875793
28.6924533844
27.840555191
25.8774642944
28.1010684967
28.9645175934
25.5080699921
26.2892169952
30.5260219574
30.2572536469
33.7249794006
29.5384273529
26.5239086151
30.8549938202
31.6331825256
27.198759079
26.734003067
31.0635967255
30.6145629883
27.1129512787
25.4783477783
30.1955356598
30.1608448029
24.4997444153
25.3806247711
23.0977230072
25.4090080261
24.5677337646
25.7427177429
26.9933166504
25.7570362091
31.085401535
30.672372818
31.4600906372
33.9438591003
34.1338996887
27.6423931122
27.114906311
26.0432872772
23.7526264191
21.5726451874
17.9329338074
17.5264930725
13.6540880203
12.1259975433
11.3970594406
7.45525598526
11.494383812
10.1640195847
9.76883411407
13.6787061691
15.1969919205
14.5148992538
15.5505189896
19.0201587677
19.6584205627
19.0786819458
21.85297966
24.1283435822
24.6154403687
30.0829410553
26.3546409607
30.118062973
27.9136676788
26.6114730835
28.2938156128
23.6733570099
23.5133514404
24.9343986511
23.6825447083
19.4538536072
19.9130306244
23.3182277679
20.1721000671
17.0051250458
20.6745891571
22.0248794556
18.6402854919
19.1711006165
23.1575660706
22.5454444885
18.8223152161
23.0382633209
26.6906070709
24.5601539612
22.2289524078
27.4106845856
28.9244937897
27.8624095917
27.9439029694
30.7479419708
29.5180549622
25.1796340942
28.8883934021
30.8908405304
27.8530788422
29.388212204
32.2994003296
31.5383434296
28.1437339783
29.1471633911
26.8301296234
29.2603855133
29.0127239227
30.4970874786
32.7664070129
33.6572151184
35.7933921814
37.8919563293
32.9979057312
32.7738456726
29.2677192688
27.4471530914
26.5058689117
23.9508571625
25.4463653564
22.5367774963
25.2179107666
21.6878013611
18.7913265228
17.0755748749
14.5288228989
13.755657196
14.4695863724
10.3180046082
10.0028457642
11.5615520477
10.178196907
6.91680240631
5.9727563858
6.99307155609
4.04836368561
5.09630966187
6.19768810272
6.0631480217
8.81829929352
10.6636047363
10.8103189468
12.9831161499
14.6685876846
16.5253314972
16.3163852692
17.8808917999
20.2706661224
21.0291728973
22.0717086792
24.6587638855
25.8141002655
23.6863708496
24.1827125549
21.6770343781
23.1193981171
21.6819915771
17.0461368561
17.0577220917
18.978269577
15.2538032532
12.0618658066
12.1231212616
15.4183034897
14.6170768738
12.7972488403
18.7995643616
19.6794109344
18.7989292145
22.8522281647
24.9816513062
23.1214332581
25.4076766968
23.2391166687
19.5017700195
20.9395523071
17.9863910675
21.2223854065
18.4582977295
21.8043460846
18.5559711456
22.4347019196
22.5873966217
19.5497531891
21.7537193298
22.8123245239
18.4493923187
19.2108592987
15.1057548523
19.5507564545
17.5738162994
20.5665855408
18.3080158234
18.5853176117
15.4949493408
16.0272216797
13.0755529404
17.3884601593
16.1923313141
21.6524162292
22.0900478363
24.1275539398
27.427520752
28.3684024811
30.5844516754
28.9845161438
25.4884605408
26.1979236603
24.3473796844
21.0663394928
19.7833175659
23.5216693878
20.7764129639
23.5494327545
23.7570552826
25.734210968
27.966386795
27.47631073
33.8020820618
31.735004425
30.0353565216
33.7898254395
33.4887580872
30.1485271454
33.0697441101
36.6664276123
36.5665817261
39.1202354431
33.6660995483
31.7910919189
35.8835411072
35.1619300842
30.4777107239
30.5603942871
34.6203117371
32.1674842834
28.4672470093
28.1563110352
32.5078468323
31.9522571564
27.5433940887
28.8417510986
27.4412269592
31.2324790955
30.1842346191
32.8470191956
33.4800109863
33.9536361694
38.7988243103
38.3348960876
40.4418563843
42.3364753723
41.2026863098
25.5442485809
27.4946537018
22.4784984589
23.2544574738
18.9347057343
21.178188324
18.0346164703
19.4864120483
18.8495597839
15.867310524
21.593006134
20.871471405
22.1106719971
17.7372741699
16.0611038208
19.1039047241
16.6398696899
12.544301033
13.8536424637
16.3997344971
13.1856832504
10.0944232941
13.3568124771
16.249124527
18.2129383087
17.8521442413
17.8126525879
18.8491840363
13.7461643219
18.1139965057
17.7337589264
13.9247245789
17.252374649
22.0742969513
19.1281414032
16.4491882324
20.9303569794
22.7932415009
20.7661132812
22.558637619
25.9514427185
26.344493866
25.9574737549
27.6111049652
30.5494861603
30.5894641876
31.3162326813
34.3288650513
37.0634498596
34.8383522034
37.1690711975
39.97133255
41.2310371399
39.6155548096
40.2592430115
38.5090789795
35.231098175
34.8218612671
36.4117546082
31.5972213745
32.0097351074
35.3873825073
30.839050293
30.4421215057
26.7420425415
23.4279251099
22.1167984009
19.1074905396
17.6137504578
16.668182373
14.7715368271
14.8864116669
15.7869377136
12.7998046875
9.789270401
10.8994321823
12.596777916
14.6881790161
16.2552204132
19.8872585297
22.1630496979
26.1710033417
25.9998092651
27.4085998535
24.4619464874
21.9793891907
25.2820854187
24.5325908661
25.3313884735
23.8484954834
19.816614151
21.9040145874
24.6471195221
25.5951309204
21.4955863953
21.8343753815
25.4076786041
25.5724239349
22.4666347504
24.7017650604
26.6552295685
24.2527999878
21.7862510681
26.6822013855
26.373046875
22.0743942261
22.6722640991
28.040222168
26.7844676971
23.5510120392
27.0619335175
29.5736923218
27.9415454865
25.8294792175
23.1799697876
18.8854541779
21.5921421051
24.2580966949
19.763004303
22.7996330261
26.5556221008
24.8425483704
22.6377277374
19.6039791107
17.283159256
14.4548473358
14.66888237
13.3976249695
10.1365623474
8.42530155182
11.2504806519
8.59558582306
5.39082431793
5.7290520668
8.36952018738
11.0306367874
14.5203399658
17.2739562988
20.6651496887
25.6842861176
27.8360862732
30.9672813416
32.9096221924
28.3159942627
26.7771320343
23.0647583008
22.3249053955
16.9967823029
13.891497612
11.042016983
9.10154056549
6.77600669861
9.11597919464
11.872095108
14.240609169
13.4443912506
15.6077642441
14.8242235184
18.4998683929
18.594285965
22.1404399872
20.9865531921
24.9193992615
22.6261634827
23.4494915009
25.4992923737
23.3906135559
27.2974033356
27.9061584473
23.1065139771
19.728717804
17.0773563385
13.8375501633
11.3657159805
9.3140630722
6.57398462296
7.16228294373
6.41824769974
9.74868774414
10.3803777695
10.5903606415
12.4150896072
15.4522237778
14.0917396545
13.7745218277
18.5262889862
22.1278190613
22.6965312958
19.2480068207
19.169424057
24.5650177002
23.352104187
20.858499527
23.2011909485
27.1212158203
25.4238014221
23.7813644409
24.9048290253
29.38813591
31.689956665
27.7587203979
30.7882862091
29.4471721649
28.7921924591
25.0729312897
24.897146225
23.0289382935
22.2202892303
23.3759326935
20.7157306671
22.7244338989
21.593832016
21.1088962555
13.5650663376
10.0376176834
10.8200702667
13.5490131378
14.487279892
13.6883907318
18.2612800598
16.8186092377
21.5588607788
21.8883342743
24.0455379486
28.0378360748
28.6230621338
24.9024581909
27.2821578979
31.2665481567
29.0437049866
26.5292854309
31.1659851074
33.402217865
30.2363739014
30.9660243988
34.8539085388
36.7256240845
40.7711677551
37.0789146423
38.9219703674
36.6965560913
33.7026481628
34.1209449768
31.6873817444
27.9709720612
27.8764648438
30.9606437683
27.0141277313
23.0263519287
25.3820991516
25.384223938
21.5264911652
20.7162303925
23.4397087097
22.6226329803
18.518157959
20.4044418335
23.3411808014
19.1601028442
18.0574874878
24.1902046204
24.782371521
19.292924881
21.5305519104
25.2849159241
23.8006839752
20.2116298676
21.8155231476
18.1344509125
16.6099262238
18.5287876129
16.8898601532
13.8354110718
17.0433979034
21.1590900421
21.749174118
21.7013168335
21.6304397583
22.986946106
22.6056308746
25.412776947
24.0621986389
27.8536186218
27.1705493927
30.7662391663
31.126335144
25.755147934
30.0422687531
24.6160125732
25.0068683624
21.3045883179
21.1845684052
18.5821361542
17.1719779968
17.1550636292
15.4751396179
14.2822809219
11.9533195496
11.1200428009
9.33650684357
8.72848129272
11.9505558014
12.9378767014
11.9537725449
13.7093515396
16.2401638031
16.8008098602
17.5057220459
20.5443572998
21.7537193298
22.1702899933
24.1808509827
26.4274730682
29.1230354309
29.2321205139
28.9109897614
33.2433433533
33.8208694458
32.8869514465
34.1507987976
37.5123786926
38.1992378235
37.5652618408
40.4806480408
42.7629432678
42.4710273743
39.6598510742
37.9480056763
34.4184074402
34.9880523682
35.5974349976
29.9466991425
29.5604419708
33.3601036072
31.5971984863
25.9599914551
25.8847427368
25.3225288391
20.9309844971
23.3142318726
27.0443210602
25.0624351501
24.8383655548
30.4943313599
28.9542770386
26.2487773895
26.7771320343
22.1139259338
19.7723922729
16.5497207642
13.8186740875
11.5703582764
9.02394771576
7.47029781342
9.46914482117
10.5172338486
9.25213050842
5.22290992737
6.16599273682
5.8509979248
10.1382169724
14.9178094864
16.9538536072
19.995059967
23.3904953003
24.5266361237
26.3444766998
24.4506759644
21.6032447815
17.334564209
15.3138427734
11.4050588608
10.4172515869
6.98392391205
8.22764587402
8.63001728058
11.0555181503
13.8187799454
11.4437236786
11.6273841858
10.8464670181
13.3546390533
11.9462137222
13.9442386627
15.2566757202
18.1597537994
18.6785049438
22.9701004028
23.0359992981
27.9740619659
30.7339801788
35.038482666
35.2776298523
33.1604309082
33.741394043
35.3317909241
31.977602005
30.6915817261
34.9093704224
33.7036552429
38.2819709778
35.6725349426
31.5300006866
35.0866470337
37.6330184937
33.6765594482
32.1382598877
36.0431442261
37.7025146484
34.458404541
31.3380813599
35.5193481445
35.18151474
29.0041294098
28.3865013123
25.4400539398
26.7760486603
27.4962120056
27.1427001953
29.7852210999
26.6416873932
32.717300415
32.9314041138
31.6445350647
35.3658027649
37.2284355164
13.1838703156
12.7849979401
9.1743183136
11.3925590515
9.10239887238
10.1447544098
12.0987148285
11.8101730347
15.5850334167
14.8570213318
19.0465621948
21.9110431671
22.9399223328
18.4228725433
19.7962627411
24.0796546936
21.7038478851
18.2816410065
22.6489849091
25.292093277
21.9420318604
21.8227958679
25.7659759521
28.0662250519
31.8560428619
28.9097900391
30.4152107239
28.9511966705
25.2474880219
26.7529811859
24.6275863647
20.4774017334
21.4460334778
25.4538154602
21.2642803192
17.0086688995
20.7618980408
21.4524898529
17.5388832092
17.8551025391
21.4512634277
20.9991798401
17.997592926
20.1983203888
23.5655117035
20.8697319031
20.7093238831
25.9893627167
27.5972366333
23.2725582123
25.8438110352
29.3844871521
29.1408004761
26.4052581787
27.6206550598
24.75756073
22.1141395569
22.9586372375
22.9457092285
18.549665451
20.5419025421
24.720615387
22.7365779877
22.5279846191
20.5982551575
20.0147323608
19.1031417847
20.0860939026
18.3399162292
21.1738491058
19.8925361633
23.0047531128
23.4033851624
17.9321575165
21.1170787811
16.4718608856
17.430223465
14.7246351242
15.3368549347
14.8173847198
14.9804058075
17.2719898224
16.0668106079
16.1130027771
12.6467161179
10.1145429611
11.3149986267
9.92743873596
12.5940542221
12.3787879944
8.23281669617
11.026140213
14.768155098
15.9782466888
14.2248439789
16.5853691101
19.2108612061
19.7962837219
19.8458499908
22.320268631
25.2370166779
24.4762935638
23.2444705963
28.2030620575
28.6630878448
26.6062660217
27.6172733307
31.9113254547
32.1258277893
30.649887085
33.8093948364
36.3819961548
35.7332839966
33.0194396973
31.0023441315
26.9929656982
28.3112888336
29.5409584045
23.6833305359
24.4794769287
28.6383876801
26.6031303406
21.5320796967
20.2681312561
19.0979576111
14.023270607
16.2440872192
19.387424469
16.7224636078
15.8707771301
21.8973197937
20.0594673157
16.9062175751
16.9967823029
12.3898544312
10.4733343124
7.4097700119
6.14905834198
5.92982387543
7.18216371536
11.1130218506
13.7375793457
16.5141639709
17.2090873718
12.252951622
10.1382188797
7.68622779846
6.02193689346
6.54873228073
7.37564563751
10.6100969315
13.753821373
15.3875732422
17.6537628174
16.540599823
13.4892835617
10.2288131714
7.20103311539
5.80088329315
4.9027838707
6.25108909607
6.15931034088
10.2858972549
10.0237207413
12.7563562393
12.8654117584
11.5782356262
14.0919055939
15.9324951172
11.7184848785
10.7870550156
10.048371315
11.2461471558
10.5414924622
14.5013685226
13.7193031311
18.890712738
21.2313175201
25.4705314636
25.8468780518
24.1373920441
25.0043621063
27.0529594421
23.9543399811
22.7492866516
27.494474411
27.663848877
31.3452682495
28.3478870392
25.0400218964
29.536819458
31.0753479004
27.26080513
26.8455848694
31.1150455475
31.7558460236
28.7674236298
26.8287830353
31.5213184357
32.1265945435
26.2293205261
27.0895328522
24.5062427521
25.1278991699
24.0687732697
23.713809967
24.9762248993
22.2157535553
27.246006012
26.5322856903
26.0808086395
28.5767002106
29.9832344055
9.65225028992
9.89520359039
6.18698263168
8.26732444763
6.75339317322
8.82781028748
11.4572172165
12.113740921
16.5091590881
16.7993965149
20.9462776184
23.7207984924
25.2133674622
20.9704761505
21.851480484
26.2881793976
24.5119571686
20.8194637299
24.758638382
27.9082870483
24.8338775635
24.0944805145
27.8419876099
30.6444396973
34.4265670776
31.9931907654
33.3682441711
32.2763328552
28.2707672119
30.1772518158
28.2288017273
23.9544963837
25.0979423523
29.3287677765
25.1521854401
20.8881549835
24.6561107635
25.4620380402
21.5494041443
21.788564682
25.3662204742
24.9070606232
21.7590713501
23.8427963257
27.2756538391
24.2773971558
23.9114608765
29.4048633575
30.8897857666
26.2237739563
28.7044143677
32.3655700684
31.7842025757
28.7148971558
29.9820289612
26.7588844299
24.5540065765
25.4919567108
24.7726745605
20.6490306854
22.953294754
27.2092971802
25.5459251404
25.7921619415
23.7558917999
23.572511673
22.217168808
23.3147144318
20.9692630768
23.6185474396
21.5647163391
24.6309490204
24.2651004791
18.8712100983
22.5998878479
18.5080242157
20.3026809692
17.6632061005
18.880033493
18.1160373688
18.6141872406
20.5137004852
19.4995136261
19.4183330536
16.0569019318
13.5625
13.7684879303
10.8405675888
14.4801797867
15.1883401871
11.1319284439
12.4319877625
16.4763145447
18.4538593292
17.4319095612
19.2727031708
21.6524143219
22.8477458954
22.9174308777
24.8487758636
28.2029266357
27.6798400879
26.2174930573
30.9381465912
31.7912902832
29.8714427948
30.4424057007
34.8122024536
35.3167648315
33.734249115
36.5963897705
39.4844207764
38.9474487305
36.336315155
34.4205513
30.2906112671
31.9101886749
33.16563797
27.282087326
28.2789077759
32.3881530762
30.1297626495
25.2080249786
23.8110313416
22.8415107727
17.7544384003
19.5398712158
22.8481483459
20.0114803314
18.6715164185
24.9005317688
22.8715171814
19.4497737885
18.594285965
13.9609327316
13.3508758545
10.2271556854
10.0780658722
9.17575359344
10.5933513641
13.3921527863
16.2934417725
18.6653728485
18.6065177917
13.5328741074
10.4172534943
9.07195091248
7.62951469421
4.90278244019
9.8037109375
8.85706996918
12.6596794128
15.1585760117
17.0163078308
18.7897624969
17.7689170837
14.4653787613
11.7434930801
7.76928853989
6.2714009285
4.67783927917
6.08892345428
8.62787818909
9.5419216156
13.0311689377
13.7428236008
13.9028682709
16.1040878296
18.7194595337
15.0491027832
14.5583896637
13.1458692551
14.9016466141
13.3200035095
17.4400291443
15.548538208
21.1358852386
23.3206329346
26.9393119812
27.9031295776
26.5993843079
27.1457939148
29.7209415436
26.8695087433
25.0501766205
29.9844913483
30.4847373962
34.0719261169
31.4203853607
28.2390384674
32.7598495483
34.3822898865
30.7680797577
30.4631481171
34.6763801575
35.4173088074
32.5419578552
30.6670684814
35.3215751648
35.9960212708
30.0895881653
30.8339214325
28.16639328
28.5486183167
27.5827045441
26.8065395355
28.0881710052
24.8042564392
29.585767746
28.678817749
27.5634002686
29.8807945251
31.9074325562
13.5362768173
11.8860063553
8.48371505737
15.0928840637
14.9549007416
17.4530715942
20.4417133331
20.9224090576
25.2370452881
24.6364631653
28.8816356659
31.7891082764
32.7370796204
28.0930633545
29.3912906647
33.644329071
30.8255290985
27.3054618835
31.5209617615
33.9815635681
30.115070343
29.7169837952
33.7704734802
35.9634017944
38.8158378601
35.8298454285
36.4598731995
34.8913497925
31.1776695251
31.5873794556
30.6394443512
25.7672252655
25.6530094147
30.7972412109
27.4455356598
22.373752594
24.6095924377
26.5175991058
23.2577915192
21.5556545258
24.9555187225
25.7067222595
21.6552505493
22.2284412384
26.6096992493
24.5757884979
22.1963500977
27.3470153809
30.1632404327
25.5621414185
26.2066707611
30.2099628448
30.2049541473
26.4222698212
26.5608119965
23.2284603119
22.310541153
21.3958072662
19.8040733337
15.8499603271
17.7975997925
21.9163246155
20.2424049377
22.1768836975
19.4728412628
20.9839324951
18.4243221283
20.9795055389
17.7662982941
21.078125
19.1141681671
22.7897853851
22.1947250366
17.2613201141
23.0391693115
17.8636054993
19.837059021
16.0722007751
18.099779129
15.2644014359
16.7854747772
17.1405105591
17.7565937042
19.1637172699
16.6634101868
16.1613445282
17.2694072723
16.626367569
20.1435604095
19.9293746948
17.0104122162
19.9741668701
23.5386371613
24.2532939911
22.8685722351
26.0047531128
28.3683986664
28.3706970215
29.0102043152
31.8631496429
34.3993339539
33.4605979919
32.56980896
37.6995887756
37.7045822144
35.2441368103
36.8651351929
41.1640472412
40.8495101929
39.2696418762
42.9246673584
45.0740852356
43.9868583679
41.1335487366
38.5139808655
34.6777076721
35.2863883972
37.0103569031
31.4855575562
31.7849502563
36.0654067993
34.8744468689
29.5332107544
28.6700344086
26.6424217224
21.8721065521
24.9548034668
26.6050281525
23.597536087
23.6636428833
28.6804637909
25.6265678406
23.0509109497
22.6261672974
18.1194534302
17.5139751434
13.2429332733
13.1351613998
9.21719741821
11.4596300125
11.4725580215
16.4389266968
17.0015296936
17.8213005066
14.4849672318
11.0555200577
7.12364625931
11.1317434311
10.0237207413
15.8707103729
15.1396923065
19.1477050781
21.4298706055
23.9770870209
26.4640464783
25.9209575653
22.6944122314
19.9072685242
16.0757789612
14.5520553589
9.5419216156
8.82597446442
4.96025943756
5.38612031937
4.53510379791
5.93385648727
9.03222560883
11.0544281006
15.3639345169
13.3774728775
14.172121048
11.2750663757
15.7965173721
13.9402666092
18.9372940063
17.6409797668
22.7751636505
26.5282821655
29.1810646057
30.4718666077
28.5713157654
27.5860996246
30.1420497894
27.4125213623
24.1482086182
28.4396953583
27.7645339966
32.2678604126
31.1174316406
26.9860420227
30.5099220276
33.6473960876
30.6286830902
29.3795204163
33.0124931335
35.6193008423
33.139125824
30.1062316895
34.1241912842
34.7682304382
28.8042621613
28.717590332
25.8435878754
24.8954524994
24.8094730377
22.7220573425
24.9096603394
20.3171825409
25.456193924
25.3141937256
22.7018585205
26.3523578644
29.4053230286
42.2158126831
42.3262863159
37.3800506592
41.2242507935
37.6756515503
39.7168922424
38.3338890076
38.4345664978
38.2797546387
34.0748062134
38.4315376282
38.2361412048
37.5392341614
33.3946228027
33.6223487854
34.9528961182
30.2244586945
28.8914356232
30.5392417908
29.2015361786
25.3197193146
25.7810611725
28.0365772247
26.5563354492
24.1452960968
21.7154560089
18.6505889893
17.7122478485
17.1699447632
13.7635421753
18.1731491089
16.1371231079
14.8668212891
19.6711540222
21.4267272949
19.9930763245
18.6948680878
22.8616065979
24.6092529297
23.5135631561
24.8010101318
27.8662128448
28.4987850189
27.1730537415
29.8941822052
33.8873634338
32.9442977905
32.2046012878
37.4203033447
37.85729599
37.4287185669
39.1795387268
42.7417526245
42.0111541748
40.7849731445
40.8661880493
38.4115409851
35.1083831787
38.1933135986
34.2420158386
32.2285919189
33.3333587646
27.0656032562
27.4932174683
23.0727062225
19.608373642
18.2038097382
13.9466676712
15.0663137436
11.5394620895
15.0685997009
13.1866483688
17.5811367035
19.302986145
16.6360454559
16.4420661926
14.2221307755
17.2636146545
17.9565486908
20.816242218
24.0477275848
26.5440444946
28.6625919342
32.2734985352
31.3945541382
31.7114238739
36.4684906006
38.894493103
38.8670539856
35.7009544373
33.7249832153
38.0157852173
39.8571434021
38.409236908
33.5920944214
35.9324035645
39.1202278137
36.6026992798
34.5142250061
38.4711494446
37.6878356934
34.2909126282
33.8368606567
38.608127594
35.6264953613
30.5131340027
34.0967712402
37.8550796509
33.9167289734
31.4082221985
36.5582084656
35.7804298401
32.4469947815
30.3105487823
25.9935798645
24.6874675751
23.0962715149
26.8220882416
25.9142150879
26.6917133331
29.3572044373
31.3612651825
29.9476394653
28.7449111938
24.5313282013
24.9841594696
27.3291492462
21.521440506
20.6434345245
23.7821865082
19.9587650299
17.0685901642
20.1379261017
22.6965236664
24.2862434387
23.806470871
24.8117618561
26.5557823181
27.326128006
30.2559127808
33.2986488342
35.5639419556
37.0407676697
40.9351654053
38.6989173889
38.2819747925
32.992477417
35.1365890503
31.3452739716
29.4979553223
29.2269973755
28.2756557465
27.9484577179
29.5871582031
32.8216018677
34.5017852783
33.975769043
34.1046257019
33.5601844788
35.360332489
34.0719261169
36.4920082092
32.9351844788
36.8532066345
32.2678642273
30.106010437
31.4670791626
28.6037006378
31.9090747833
31.0596027374
28.5348091125
25.7906265259
23.5013828278
21.3408927917
21.2314720154
18.0842914581
20.7547855377
16.172077179
19.0319004059
18.6352939606
16.9995136261
14.4750709534
11.6613798141
9.24922657013
10.6353607178
10.3755903244
5.97323846817
6.46669101715
7.21524763107
8.28563785553
8.25076293945
8.22890663147
11.0101728439
12.610742569
12.6355810165
14.6797218323
16.3933486938
16.9810657501
17.880443573
21.5101356506
21.136882782
24.2107601166
24.5442218781
21.0576133728
16.7560806274
15.92100811
11.5617179871
14.5474796295
10.2874078751
9.32497024536
15.1364393234
14.1341667175
8.60509681702
