68.487449646
82.8060836792
86.0543670654
79.1959457397
80.8258590698
75.1111068726
65.3393936157
72.9612884521
86.4219436646
89.9085922241
83.721206665
85.3385467529
79.8328857422
70.6717071533
71.9116973877
84.8502807617
88.4401626587
82.5796813965
84.236076355
78.9561462402
70.2355804443
66.3162460327
78.0649642944
81.9012832642
76.6488037109
78.4781188965
73.7554931641
66.197883606
66.3162460327
78.0649642944
81.9012832642
76.6488037109
78.4781188965
73.7554931641
66.197883606
68.6861801147
84.0165634155
86.7162246704
79.7628936768
80.8322296143
74.9906311035
63.1214332581
65.4743041992
79.9701004028
83.2486343384
76.4750671387
78.0743255615
72.3864364624
62.4247703552
56.3136558533
69.5128097534
73.3043823242
67.3493804932
69.2935409546
64.3787155151
55.9804153442
74.9710922241
89.3032455444
92.3576049805
85.9315414429
87.1857376099
81.5519866943
70.8310241699
61.1255683899
74.3865203857
78.0241241455
72.0927658081
73.8516235352
68.7754821777
59.9789009094
44.1694984436
54.165309906
57.9925727844
53.6470222473
55.8803215027
53.4364471436
45.595664978
44.1694984436
54.165309906
57.9925727844
53.6470222473
55.8803215027
53.4364471436
45.595664978
58.1834526062
71.6020889282
75.2370910645
68.7313537598
70.7608108521
65.6183319092
57.3893890381
46.651473999
61.0941581726
64.5011749268
58.2467880249
60.0755462646
55.4523391724
45.4769515991
51.9061889648
61.7846183777
66.0279312134
61.4523887634
63.7160453796
60.1578979492
54.4535255432
55.8936843872
70.8500595093
73.1955032349
66.6834869385
67.5430679321
62.4264640808
50.3463821411
55.8936843872
70.8500595093
73.1955032349
66.6834869385
67.5430679321
62.4264640808
50.3463821411
48.6027259827
63.3160743713
65.66381073
59.2816505432
60.3298225403
55.7153358459
44.0527229309
44.6456871033
59.7168197632
62.3463897705
55.7388458252
57.1533088684
52.5404777527
41.2626075745
51.1133880615
67.2884979248
68.8377914429
61.2241401672
61.6135139465
55.8333816528
41.5907058716
46.8048820496
62.7913627625
65.4750976562
57.7058792114
59.5466995239
54.4598655701
42.767124176
58.0659484863
55.9218101501
56.933052063
57.6173400879
57.576839447
57.7792053223
61.7342758179
59.6154098511
56.9390068054
57.3217277527
58.7759857178
59.0728149414
60.0648574829
65.0249633789
51.5925216675
47.6251220703
48.4236412048
49.2676849365
48.7264518738
50.6850776672
56.2511863708
54.2042503357
54.9305458069
57.071811676
56.7857208252
57.6386375427
58.2233390808
59.0987854004
52.3690567017
55.3426094055
57.2226829529
55.0756149292
55.7462615967
54.9421730042
54.4468994141
