18.8235168457
18.6517543793
17.9905166626
12.5942764282
13.2178916931
7.18073129654
7.12587451935
5.97094726562
6.7259721756
5.79999017715
4.60934734344
9.42507839203
9.328540802
12.7185163498
13.0211601257
13.3075466156
16.173664093
20.9950332642
22.6598243713
22.9367523193
27.2563304901
27.5080699921
25.7058601379
29.5832214355
27.9781799316
31.4511623383
32.879070282
30.6844673157
29.1278514862
27.9152450562
28.4368801117
27.3367786407
27.4515075684
24.6763191223
24.4737472534
25.9541378021
24.7335071564
26.6873474121
29.8092441559
27.639755249
29.0708808899
26.6041603088
29.8630218506
26.2654247284
23.2164916992
24.7450618744
29.4153175354
28.9437770844
33.1871643066
30.8599739075
30.7788238525
27.6078948975
28.8325023651
25.0642986298
23.2084693909
22.3624897003
19.7318458557
22.1948356628
20.961971283
26.2946681976
26.9964237213
26.7498569489
23.0651912689
23.3211307526
18.0769729614
18.3685779572
19.5947265625
17.8029384613
13.8899431229
14.4727306366
14.9962797165
10.790772438
10.1782827377
13.8723688126
10.8189229965
6.7657122612
9.95976734161
12.6396522522
9.37020111084
9.39777851105
12.8664751053
14.2888526917
18.0557022095
21.3147621155
25.0739631653
24.4682235718
19.9741210938
20.4723186493
18.800868988
15.1305141449
19.0204315186
16.4435081482
15.7229175568
17.929101944
15.4317312241
18.4865894318
21.9006214142
20.9428062439
21.0480518341
16.8936901093
19.145149231
16.7606124878
19.0360202789
19.9597988129
22.6773529053
28.4456310272
28.0255756378
32.222202301
34.5979042053
31.376241684
31.715385437
32.9466705322
34.7885704041
36.1019859314
37.3430938721
38.0970458984
40.0294342041
41.077419281
42.5681533813
44.2876319885
47.5807952881
47.3734092712
46.0071640015
42.6281776428
43.6679954529
43.0264854431
42.1447639465
39.1374511719
38.4862365723
37.9246788025
34.5568122864
33.8873176575
32.9346656799
31.6716632843
29.5643787384
27.485534668
27.2720909119
26.7696704865
22.7443180084
22.7891197205
22.6515808105
18.7326068878
17.8712310791
19.04454422
17.9920787811
14.1583385468
15.1931781769
15.4758672714
18.4926166534
20.9258308411
20.3247814178
24.6392688751
25.8816661835
28.3373317719
30.6915378571
29.6248111725
25.8036270142
27.6932735443
27.249256134
31.2594966888
30.114812851
32.6762962341
33.5569419861
36.0898170471
29.8046855927
28.7054843903
24.809677124
22.6925983429
21.9890995026
18.9661922455
24.1058044434
20.5537452698
21.1438503265
24.7261676788
27.4675426483
30.2796669006
29.899887085
32.9828300476
35.3546638489
33.9674797058
36.7107505798
33.9585533142
30.230178833
33.6790885925
33.9414024353
32.0738487244
32.0863723755
28.9187812805
28.5894470215
30.8548774719
28.644744873
28.9633655548
32.5850982666
35.4053611755
31.4711265564
29.2527542114
30.0853309631
32.6754989624
29.7312450409
79.9102783203
70.6984100342
66.0077209473
78.106918335
85.9727096558
81.0017623901
56.453163147
85.6944198608
69.0385894775
70.3188476562
81.4077072144
78.8082199097
74.2565078735
63.7663612366
81.5130996704
63.0686340332
74.3603820801
78.6208267212
54.6601219177
67.6549835205
76.1989746094
61.4115028381
72.090927124
69.2062911987
87.0729064941
76.9110794067
84.6402435303
87.4906921387
91.056640625
79.8420944214
34.6658401489
34.127368927
33.3196029663
28.3676128387
28.3133068085
22.4387741089
21.2978000641
18.4396953583
18.1197071075
19.2905731201
16.1736621857
13.5848617554
7.47681045532
8.62855052948
6.16654205322
8.2682762146
7.53667259216
6.41585826874
7.14146995544
9.50781726837
11.8000125885
12.1358633041
11.9958105087
16.2946071625
16.4414920807
20.7717781067
23.8780326843
23.2041778564
22.6763648987
23.0788345337
24.7125549316
24.8996677399
25.9221134186
24.0941390991
21.1386947632
19.9273281097
19.0101585388
18.1308441162
20.2079238892
16.481962204
16.2023067474
13.3737306595
15.2821617126
12.5338020325
11.1660547256
14.3566608429
17.7985801697
15.6682348251
19.8814926147
17.7440090179
17.9092712402
16.4080982208
18.4523162842
15.1497383118
15.316608429
13.7657928467
15.3993520737
15.5912189484
17.2321834564
21.8283729553
21.812795639
24.0915927887
21.5765590668
24.2453022003
21.1127376556
22.597574234
21.1239700317
18.0007629395
18.946428299
18.073348999
14.5059623718
12.7453842163
16.2661857605
15.8657245636
10.9830551147
13.5181007385
16.7614097595
14.6861352921
12.852555275
18.557302475
18.5844459534
16.9370098114
17.6911525726
22.9062194824
23.8636722565
25.3486118317
20.7910366058
18.694683075
16.3298873901
11.4051589966
11.1616563797
7.35452032089
5.11747646332
6.19554662704
6.34689664841
6.93015813828
10.4065361023
11.2303152084
12.3678121567
10.5897731781
9.72779273987
10.8709621429
9.91952228546
13.978272438
17.2399368286
20.7504405975
22.6347503662
25.5290699005
29.066532135
27.246339798
29.2045822144
31.9702682495
34.1480140686
33.5306091309
34.4847679138
37.0677909851
38.7753791809
37.1275634766
39.464050293
43.2369232178
44.8416023254
44.6438789368
44.9736938477
40.5819587708
42.5530395508
43.6670837402
42.1642456055
38.1319961548
39.0908470154
39.5455245972
35.0480651855
33.9377212524
35.5736732483
34.3330154419
30.5162277222
30.3926715851
31.7900390625
30.0501060486
26.902381897
28.5987205505
29.3096485138
24.150390625
24.5506916046
28.0429763794
26.8774585724
23.0596427917
26.682636261
24.7319087982
27.3654441833
26.4228019714
27.5853176117
28.7276706696
30.3574447632
30.9497146606
31.6993808746
30.773651123
26.8258323669
27.8862800598
24.9270248413
27.9768314362
25.4779052734
26.4976787567
29.5453872681
32.965045929
27.3490142822
27.9659004211
23.28424263
24.5024261475
22.294178009
20.6561794281
23.3764228821
21.2492446899
21.124458313
22.6366081238
27.0221672058
29.7827262878
31.4107933044
33.9014511108
35.0946159363
34.9727287292
38.6435089111
36.3874053955
33.0641174316
38.2969360352
39.1106491089
39.3184432983
39.3096313477
35.9897613525
34.6783294678
34.6583061218
34.4757919312
34.0085792542
38.4247512817
40.1647872925
35.8345298767
36.3881988525
38.5555763245
41.7605743408
39.8909072876
84.9222259521
76.2106552124
72.6436233521
84.3915023804
91.3209533691
87.5372085571
63.7826919556
92.0728378296
76.2782211304
77.4250564575
87.5296859741
84.4778289795
80.1903152466
70.0435791016
86.3527374268
67.6058197021
78.7475128174
82.6127700806
57.599067688
70.9626083374
79.0576705933
63.8278770447
74.2934951782
71.7713623047
89.8007888794
78.8512039185
87.0357971191
90.5776367188
93.9370040894
83.5366439819
39.5304260254
39.1729164124
37.924861908
33.0445213318
32.3620567322
26.8516044617
25.3997192383
22.2696208954
22.1400756836
24.0160598755
20.9950332642
18.9291362762
12.5132331848
13.308216095
11.4597082138
11.4957389832
9.77633094788
6.4158577919
4.36592960358
8.07110118866
8.2624797821
7.416431427
7.34896564484
11.2919855118
12.7098636627
16.5262184143
19.7889194489
20.1400413513
19.5627307892
20.9753456116
23.2245941162
24.2053718567
25.8548984528
24.7828960419
20.7030487061
18.3856430054
16.9452037811
15.0106897354
15.8731479645
11.725112915
10.6091680527
7.59826517105
9.69769382477
7.57383155823
6.82476043701
10.7033205032
13.4688920975
11.5205869675
14.9600000381
12.3472223282
12.1579809189
11.2433509827
13.4321174622
10.8153190613
12.2391891479
11.2898111343
14.8211956024
14.7916412354
17.9410572052
21.5310764313
22.0253887177
24.7803859711
23.029001236
26.2847766876
24.368724823
25.3163566589
23.0359916687
20.6949157715
22.3714389801
20.4787597656
16.3208751678
16.2082595825
19.3566436768
17.3671474457
13.624206543
17.3695831299
19.2888565063
16.0783061981
15.5950155258
21.4580574036
20.309091568
18.0655536652
17.5448875427
22.4690361023
22.1891326904
24.2175617218
20.2130432129
17.4512329102
15.3432149887
11.622133255
9.24470806122
6.99484443665
6.45176076889
6.93562221527
10.1504068375
10.2282104492
11.9961099625
12.8542938232
13.2944955826
12.3829555511
9.46325206757
10.8640613556
7.82175588608
12.006857872
14.6398210526
16.7164325714
19.3057155609
21.4278316498
25.1694469452
24.0964221954
26.639415741
29.6461772919
31.9911174774
30.7511844635
31.3220806122
34.47605896
36.2240219116
33.5480728149
36.0145072937
40.4781265259
41.4281463623
41.144241333
42.0057487488
37.385635376
39.6019096375
41.2959861755
39.646320343
35.3824310303
36.8834915161
37.6933937073
33.0021591187
31.7737350464
34.274433136
33.1882629395
28.9294109344
29.5259208679
31.4303417206
29.4372501373
26.8160152435
28.9600143433
29.9594745636
24.9256954193
25.6276016235
29.6167430878
28.6039028168
25.201385498
29.2623977661
26.702331543
29.049041748
27.054353714
29.0803852081
28.8646354675
30.2405776978
30.1697750092
30.2260341644
29.6545448303
25.8608512878
26.298084259
22.6485385895
24.9731369019
22.1274318695
22.5014209747
26.2105178833
29.7204227448
24.7280025482
25.9173126221
21.4151973724
23.8140583038
21.4523715973
20.8319988251
22.3756046295
21.4444561005
21.5667591095
21.7379207611
26.0960464478
29.2099437714
31.1980838776
33.7417297363
34.1051940918
34.0759735107
37.847858429
35.6882019043
32.8856735229
38.6218910217
39.8769302368
40.6074028015
40.9059867859
37.8991661072
36.0288581848
35.2193908691
35.3129882812
34.3420143127
38.8117218018
39.9361572266
35.5349807739
37.1768760681
39.605178833
42.9632797241
41.5477638245
84.039680481
75.685333252
72.5878601074
84.0189437866
90.4866638184
87.170715332
64.2252044678
91.518119812
76.2468719482
77.2274932861
86.8623504639
83.6979827881
79.4549102783
69.5973892212
85.1788330078
66.5335159302
77.4264831543
81.1548843384
56.1675186157
69.3557357788
77.1994628906
62.1232185364
72.2522964478
69.8056793213
87.7040405273
76.609954834
84.9302215576
88.662399292
91.9777984619
82.0444717407
45.0394172668
45.0725288391
42.7952079773
38.3426322937
36.3186378479
31.9939250946
30.3145904541
26.9259815216
27.5910377502
30.5282115936
27.6078968048
26.862783432
21.0729465485
20.9064483643
21.0086174011
18.0017623901
15.3848953247
16.4081020355
11.2433509827
13.5435094833
15.9921073914
14.7367773056
12.0338096619
10.5062217712
10.6927232742
13.2473392487
13.6885652542
15.0169258118
17.5096988678
15.4162321091
18.8906555176
22.2439289093
24.5958843231
27.3919372559
27.6267642975
22.3171348572
19.1176662445
15.7079381943
13.5103197098
10.8133916855
7.8995642662
6.66329574585
5.37701034546
9.05748844147
8.13800525665
6.77706718445
7.6232881546
9.41208457947
11.1691856384
11.3189077377
7.33286762238
4.9355225563
4.96429491043
6.15578079224
9.71794700623
12.0792665482
16.5231170654
17.8308887482
22.3371505737
24.2618751526
26.4448833466
28.8187351227
27.9906044006
31.4314918518
30.9580383301
30.4132041931
27.4514541626
27.0930843353
28.4305858612
24.8579502106
20.9675331116
22.6464977264
24.1346492767
20.0651378632
18.7648792267
23.1396045685
22.3124332428
17.9713153839
19.5076961517
24.384344101
21.366268158
18.5301494598
15.9459848404
19.0878829956
16.5064620972
19.3056201935
17.1854724884
14.2759408951
13.0484113693
13.3325366974
9.09877586365
11.8315534592
14.3675737381
15.5631113052
19.7242450714
20.700340271
21.5078849792
21.5703544617
20.6175575256
19.4067707062
15.4703273773
14.5598602295
10.3019657135
10.523724556
9.68154811859
9.23863601685
12.0472917557
12.5050630569
16.0475387573
16.8820362091
20.4684791565
22.9439754486
26.0009899139
24.1481056213
23.1687145233
27.1281318665
29.5438671112
25.1203365326
27.2727127075
32.9067955017
32.8991966248
32.0792961121
33.3725738525
28.4590454102
30.7251625061
33.2050094604
31.241973877
26.8902454376
29.3238544464
30.4314918518
25.6340198517
24.5133132935
28.2139873505
27.2765731812
22.6367263794
24.6673336029
27.1503200531
24.7774181366
23.5071430206
26.3740921021
27.5828895569
23.3904666901
24.7135906219
29.0404510498
28.3303699493
26.144903183
30.639875412
27.3930683136
29.2287979126
25.8630256653
29.7113113403
27.1836147308
27.3229103088
26.3868293762
25.1906509399
25.918800354
22.4698543549
21.1311607361
16.8392524719
17.1319618225
13.6220426559
12.7579555511
17.1195163727
20.6679210663
17.0219974518
19.2835998535
15.8363142014
20.2580890656
18.653793335
20.4121322632
20.1957492828
21.9385471344
23.243062973
21.1054115295
24.242609024
28.695400238
30.4173812866
33.59765625
32.275894165
31.5497455597
35.0662384033
32.7552452087
31.3033733368
37.5799255371
39.8602180481
40.8869247437
42.1022262573
40.0191879272
37.1092681885
35.3699417114
35.0022392273
32.8992919922
37.1108055115
36.9458808899
32.4222450256
35.8473587036
38.2612228394
41.7638053894
41.1103973389
78.6049041748
71.1122360229
68.8644104004
79.4554290771
84.9948196411
82.4404678345
61.6001586914
86.2204208374
72.0169677734
72.6064987183
81.3391036987
78.0906143188
73.7641983032
64.7468490601
78.9108886719
60.5558853149
70.94140625
74.5852050781
50.0606231689
62.5432357788
70.085105896
55.6590118408
64.7011260986
62.235004425
79.8036575317
68.6609039307
77.1949234009
81.0649642944
84.419342041
75.4498062134
45.0394172668
45.0725288391
42.7952079773
38.3426322937
36.3186378479
31.9939250946
30.3145904541
26.9259815216
27.5910377502
30.5282115936
27.6078968048
26.862783432
21.0729465485
20.9064483643
21.0086174011
18.0017623901
15.3848953247
16.4081020355
11.2433509827
13.5435094833
15.9921073914
14.7367773056
12.0338096619
10.5062217712
10.6927232742
13.2473392487
13.6885652542
15.0169258118
17.5096988678
15.4162321091
18.8906555176
22.2439289093
24.5958843231
27.3919372559
27.6267642975
22.3171348572
19.1176662445
15.7079381943
13.5103197098
10.8133916855
7.8995642662
6.66329574585
5.37701034546
9.05748844147
8.13800525665
6.77706718445
7.6232881546
9.41208457947
11.1691856384
11.3189077377
7.33286762238
4.9355225563
4.96429491043
6.15578079224
9.71794700623
12.0792665482
16.5231170654
17.8308887482
22.3371505737
24.2618751526
26.4448833466
28.8187351227
27.9906044006
31.4314918518
30.9580383301
30.4132041931
27.4514541626
27.0930843353
28.4305858612
24.8579502106
20.9675331116
22.6464977264
24.1346492767
20.0651378632
18.7648792267
23.1396045685
22.3124332428
17.9713153839
19.5076961517
24.384344101
21.366268158
18.5301494598
15.9459848404
19.0878829956
16.5064620972
19.3056201935
17.1854724884
14.2759408951
13.0484113693
13.3325366974
9.09877586365
11.8315534592
14.3675737381
15.5631113052
19.7242450714
20.700340271
21.5078849792
21.5703544617
20.6175575256
19.4067707062
15.4703273773
14.5598602295
10.3019657135
10.523724556
9.68154811859
9.23863601685
12.0472917557
12.5050630569
16.0475387573
16.8820362091
20.4684791565
22.9439754486
26.0009899139
24.1481056213
23.1687145233
27.1281318665
29.5438671112
25.1203365326
27.2727127075
32.9067955017
32.8991966248
32.0792961121
33.3725738525
28.4590454102
30.7251625061
33.2050094604
31.241973877
26.8902454376
29.3238544464
30.4314918518
25.6340198517
24.5133132935
28.2139873505
27.2765731812
22.6367263794
24.6673336029
27.1503200531
24.7774181366
23.5071430206
26.3740921021
27.5828895569
23.3904666901
24.7135906219
29.0404510498
28.3303699493
26.144903183
30.639875412
27.3930683136
29.2287979126
25.8630256653
29.7113113403
27.1836147308
27.3229103088
26.3868293762
25.1906509399
25.918800354
22.4698543549
21.1311607361
16.8392524719
17.1319618225
13.6220426559
12.7579555511
17.1195163727
20.6679210663
17.0219974518
19.2835998535
15.8363142014
20.2580890656
18.653793335
20.4121322632
20.1957492828
21.9385471344
23.243062973
21.1054115295
24.242609024
28.695400238
30.4173812866
33.59765625
32.275894165
31.5497455597
35.0662384033
32.7552452087
31.3033733368
37.5799255371
39.8602180481
40.8869247437
42.1022262573
40.0191879272
37.1092681885
35.3699417114
35.0022392273
32.8992919922
37.1108055115
36.9458808899
32.4222450256
35.8473587036
38.2612228394
41.7638053894
41.1103973389
78.6049041748
71.1122360229
68.8644104004
79.4554290771
84.9948196411
82.4404678345
61.6001586914
86.2204208374
72.0169677734
72.6064987183
81.3391036987
78.0906143188
73.7641983032
64.7468490601
78.9108886719
60.5558853149
70.94140625
74.5852050781
50.0606231689
62.5432357788
70.085105896
55.6590118408
64.7011260986
62.235004425
79.8036575317
68.6609039307
77.1949234009
81.0649642944
84.419342041
75.4498062134
31.0431098938
32.8096008301
33.126663208
26.8680973053
27.3999404907
22.6448688507
18.4608345032
17.8588790894
14.1150569916
15.5851078033
17.8029441833
17.0060768127
15.0406570435
19.2226715088
18.7432136536
22.0890045166
19.6931343079
18.0007629395
20.6949214935
21.2474536896
16.8452091217
23.029132843
25.1914424896
20.6885604858
23.0588645935
19.3958339691
22.5263595581
24.3108444214
20.450750351
21.440946579
18.3058242798
17.0763092041
14.7396755219
13.3635091782
10.3052940369
11.7812337875
14.4360990524
16.5874633789
18.289484024
23.2712993622
22.3256664276
24.8548698425
24.6200656891
29.0251178741
27.5731945038
24.9733142853
28.5864009857
32.8213653564
31.768661499
34.9714431763
31.6345043182
29.9323673248
27.0930862427
26.1565723419
22.2894458771
19.283121109
16.1509494781
12.8625135422
11.5272045135
7.39017009735
11.394774437
10.6220750809
9.92432975769
6.35192060471
7.27240562439
5.34932231903
7.01269626617
6.33671665192
6.60160493851
7.85067081451
7.99580430984
8.6779088974
10.9168348312
12.6960325241
13.1028146744
13.8586759567
16.694732666
17.6657466888
18.9837989807
21.68242836
22.2196063995
23.7142505646
26.1363105774
28.7201385498
30.6433582306
29.3865070343
24.4801826477
22.018945694
22.8688926697
18.9990139008
21.5647392273
17.852180481
15.6021728516
14.2706699371
12.6021223068
15.4999666214
14.9687862396
11.9893026352
10.4088010788
8.91029548645
12.6956825256
13.2814884186
17.6391582489
19.0135803223
23.6738643646
25.4726886749
26.1329803467
29.6401786804
32.5830307007
28.0138568878
27.5440349579
31.1160449982
30.7008361816
30.8082447052
34.7507476807
35.5240974426
34.9474258423
36.7077140808
39.5342750549
40.3754386902
43.30260849
44.641960144
44.9465103149
41.9074554443
44.5833129883
44.7053260803
45.016040802
40.6938705444
39.6401977539
41.3513526917
37.9828186035
35.4365997314
36.2930870056
37.6044807434
33.7700309753
30.9558811188
32.8537139893
33.6500167847
28.8284835815
28.2316150665
30.9000492096
27.7039108276
25.0246601105
28.1506347656
29.1135368347
25.7452659607
25.8910999298
23.1096763611
23.1809711456
22.1209812164
19.3126773834
22.0013618469
26.2465763092
26.5089683533
28.4531612396
25.1598358154
22.9809646606
26.9186325073
25.6932048798
30.5360546112
30.631401062
33.416103363
36.1775741577
37.7516593933
32.6061973572
30.8225898743
26.8018779755
24.8228702545
21.0133094788
16.8067913055
18.7642784119
13.911075592
11.2700948715
15.5214252472
19.2567329407
18.5035915375
20.0618152618
20.7784328461
24.0959644318
25.1944465637
28.4661636353
27.3436164856
22.9630775452
26.2742671967
25.5038166046
26.4191875458
24.9783401489
21.0638046265
20.9611701965
21.4324684143
23.1008358002
24.5173683167
28.4067230225
31.4930381775
28.7705211639
27.5926818848
30.5414905548
33.0089912415
31.5048599243
82.5705566406
71.8042984009
66.9102325439
80.725151062
88.6531982422
84.6667785645
58.6218528748
90.7027664185
75.3191604614
75.3804702759
85.5222930908
82.5115127563
78.4552688599
65.9639968872
83.6732559204
66.0406188965
76.2374572754
79.4206161499
55.4745635986
69.1193313599
76.092956543
60.7306861877
73.1237869263
70.6702804565
88.2836685181
77.6598434448
85.6877288818
89.3481063843
92.7642059326
81.0264587402
23.3323554993
23.94465065
22.9371414185
17.2852497101
16.8452949524
11.5270080566
8.96525764465
6.46917295456
5.92226076126
8.05304527283
6.7657122612
7.47628164291
7.78961706161
9.15913772583
12.0770273209
12.1475353241
10.5951452255
13.5180978775
17.3695774078
19.3193759918
18.8479042053
23.5504684448
23.8645381927
21.0349903107
24.5788497925
22.6312122345
25.8199577332
27.0760002136
24.7942085266
23.2683048248
22.0223865509
22.6549816132
21.7690830231
22.1999015808
19.7294158936
18.8785820007
20.1890182495
18.8489131927
20.9266986847
24.182264328
22.3173828125
24.1666946411
22.1577796936
26.1526489258
22.909116745
19.52526474
21.5600967407
26.4183063507
26.2205181122
30.0606479645
27.2184371948
26.5698318481
23.1396064758
23.7767486572
19.9093418121
17.6710414886
16.7740135193
13.9566049576
16.6252803802
15.7789726257
20.9716720581
22.1529159546
22.0201282501
18.5901794434
19.4273948669
15.1537342072
14.8759279251
15.1301221848
13.8586730957
10.7276830673
9.83363437653
9.63477706909
6.28158807755
5.8339266777
8.35467910767
5.61555814743
6.15127086639
8.09504032135
6.79681777954
9.018907547
10.60044384
12.0022163391
15.4166908264
18.5813655853
21.7410354614
20.9701786041
16.0359516144
15.6278028488
14.5904998779
10.7098884583
14.7920942307
12.1184034348
11.6016168594
13.7366819382
12.1409721375
15.8766460419
18.6664962769
17.2033901215
16.6276855469
12.1800022125
14.1307039261
11.2488679886
14.041217804
14.6565170288
17.9036121368
23.1029033661
22.7827682495
26.9804363251
29.5076751709
26.0067577362
26.3482780457
28.0870323181
29.710483551
30.704202652
32.3107223511
33.2481231689
34.8789596558
35.7748756409
37.5449142456
39.3691444397
42.4724273682
42.497341156
41.5648231506
38.0963973999
39.5811080933
39.2790489197
38.5992546082
35.113483429
34.51902771
34.5964546204
31.0120105743
29.8230457306
29.5795173645
29.0012054443
26.1116962433
23.9820404053
24.5799255371
24.2828540802
19.8845920563
20.0820541382
20.9697055817
16.8454322815
15.4877128601
18.0288486481
17.6756801605
13.8157148361
15.3887615204
13.7618398666
16.2278404236
17.1474208832
16.9572505951
20.2689323425
21.9963741302
23.8520526886
25.9544868469
24.6603736877
20.8125667572
22.9490394592
22.1254024506
26.3785591125
25.4428081512
28.1686935425
29.5483474731
31.8958721161
25.7547721863
24.5079898834
20.3743972778
18.436958313
16.9190044403
13.7500371933
18.5873203278
15.101143837
15.7401313782
18.9972820282
22.0183162689
24.9743347168
24.9193649292
28.0745029449
30.1016464233
28.9005031586
31.9025192261
29.25207901
25.5393943787
29.6146221161
30.159116745
29.0155277252
29.1491737366
26.020280838
25.085559845
26.592042923
24.9030742645
24.9376029968
28.9280414581
31.4767341614
27.4324150085
26.0980701447
27.6241588593
30.519361496
28.1189994812
77.661605835
68.2890777588
63.8811683655
76.3035125732
83.9239883423
79.2937088013
54.2600440979
84.0704727173
67.6904678345
68.7412185669
79.4357452393
76.4877853394
72.1270751953
61.2960929871
78.7753372192
60.2360458374
71.4312820435
75.4654083252
51.0077056885
64.3600158691
72.6720504761
57.5472106934
68.5905151367
65.864151001
83.9032745361
73.4867477417
81.4210205078
84.6131973267
88.1650161743
76.9044494629
34.6959953308
35.7227363586
32.9975509644
28.4969863892
25.5822181702
22.6677150726
20.2186183929
17.2719860077
18.3600692749
22.1393909454
20.472322464
21.699131012
18.4128456116
18.3504734039
21.1065177917
17.2526493073
13.6937322617
18.694683075
17.4512310028
20.5965709686
20.9695320129
23.6748409271
22.3024940491
18.2489891052
19.614364624
18.4890804291
18.7521724701
17.7406311035
17.3273735046
13.4613180161
14.7128925323
17.2917480469
18.7989521027
21.4531555176
21.3733577728
17.4323139191
16.7673358917
12.1838579178
14.4269580841
14.8072061539
14.7092895508
17.291513443
16.4184494019
21.6493110657
19.0285072327
14.9459590912
15.5054769516
20.0434188843
22.3722324371
24.0726203918
20.4477806091
18.663230896
14.2759399414
13.3913621902
11.2218790054
9.29340171814
12.1950893402
11.3621883392
16.0162334442
18.6113567352
21.179561615
24.7457752228
24.9915542603
23.4284954071
25.5929279327
24.819229126
22.5035324097
20.3879928589
22.0189476013
20.9135742188
16.3243370056
14.5547399521
16.5112075806
15.1408433914
10.6001024246
12.3511753082
15.6278028488
11.8254365921
8.24127292633
12.3208417892
14.5805559158
10.6281671524
9.86819171906
9.23442745209
9.30511569977
9.39691257477
8.55512142181
4.84370136261
4.83799362183
8.15710926056
9.41629886627
11.7921133041
14.7899799347
17.3185043335
19.8246822357
23.1319675446
24.678894043
23.1830310822
21.2077388763
17.6114368439
15.8292331696
11.124124527
10.6647806168
6.50715494156
5.69074964523
10.4617547989
8.30983352661
12.601606369
14.4708271027
11.6322431564
13.0211849213
14.1522836685
17.2090358734
17.681470871
17.5912132263
19.4041500092
22.2360038757
21.3747253418
22.7908744812
25.9768314362
28.242143631
27.6932868958
27.1113796234
23.1204338074
24.8683300018
25.4516105652
24.5250720978
20.4539928436
20.7348899841
21.5079631805
17.2998580933
15.7432699203
17.4061794281
17.4929466248
13.0592288971
12.5030260086
14.8824710846
14.1313886642
10.8638372421
12.9033575058
15.0242967606
11.7254657745
11.4672822952
16.0371990204
16.4528656006
14.9197177887
18.1837100983
14.2762727737
15.4887571335
12.0883970261
16.7291622162
14.3745355606
13.8987884521
14.0428142548
14.1550006866
15.0183153152
10.6345281601
9.89259910583
7.75723934174
11.1038999557
10.2554330826
13.5808267593
14.8137044907
16.7366161346
11.0301942825
9.9702501297
5.88822031021
6.84588384628
6.03108930588
8.46493339539
10.306224823
12.1164255142
15.1924285889
13.8248806
15.3134689331
21.1711387634
21.0310955048
25.4599094391
24.6056976318
22.2225894928
25.2331085205
22.0862388611
20.4250583649
26.2749252319
28.8151626587
28.6678066254
30.4636936188
28.926027298
25.7828655243
25.0505981445
22.8844871521
20.5013713837
24.574432373
24.8118572235
19.9846096039
22.5163059235
24.4797878265
27.9955749512
27.1816444397
69.9562530518
61.5874595642
58.6257781982
70.2809677124
76.5395202637
73.0308303833
50.4586143494
76.8585662842
61.7814826965
62.0816917419
71.4045181274
67.8556594849
63.2905311584
53.4115829468
68.9278335571
49.900177002
60.9072189331
64.8713912964
39.4851417542
52.7740859985
61.0574874878
45.95570755
55.9595413208
53.4143791199
71.7001953125
60.8636512756
69.3162689209
73.0168304443
76.7317504883
66.4702072144
37.9562911987
38.4241523743
38.5435791016
32.7041435242
33.2776794434
27.4494552612
24.6801509857
22.7837162018
20.3596839905
21.4805965424
20.9428062439
18.3401813507
13.1844129562
17.0909500122
14.0122756958
18.5321006775
16.7170772552
11.2303133011
12.8542928696
11.7462644577
6.80646467209
12.3852272034
15.4519948959
12.6369609833
15.5784883499
13.5298576355
18.2054920197
21.9103336334
19.7832660675
21.4081344604
20.2291851044
20.525686264
19.8345527649
19.7849445343
17.8810462952
15.9766101837
15.243185997
17.2086372375
16.0413608551
19.9606246948
17.3037395477
18.1038341522
17.5305480957
20.2857189178
19.7004394531
18.7037773132
22.8969745636
25.9403305054
23.5637722015
26.7499504089
24.0393104553
22.8801174164
21.570350647
21.6724948883
18.2569618225
17.1268062592
13.4369058609
14.250998497
11.1037282944
11.0576639175
14.5750255585
12.6231164932
15.6309480667
13.78540802
16.888381958
15.3399925232
17.9244823456
15.9856719971
11.9893026352
15.9818992615
16.2368545532
12.8011064529
12.7886781693
17.2870693207
17.2952346802
14.6717700958
17.2033901215
21.0221805573
19.8411560059
19.9598903656
24.9539356232
25.0164165497
24.663860321
25.8598842621
30.0286407471
30.8057174683
31.2355861664
26.3717250824
23.1830310822
22.6958618164
18.0169010162
18.3135719299
14.0721988678
10.7404918671
7.37435913086
6.51100921631
6.28437948227
3.58240771294
3.76872587204
6.65954589844
7.95505857468
12.3465576172
14.0500402451
17.8103237152
22.3677444458
23.3450298309
25.6466426849
28.2662029266
31.9996242523
28.9649658203
30.0613822937
34.0807151794
34.6862869263
33.6120223999
36.4884109497
38.690738678
38.7493782043
38.0902328491
41.2006797791
43.9547157288
45.6349525452
46.5046882629
47.5951805115
43.6663093567
46.4960746765
47.6625556946
47.0770149231
42.4657249451
42.7554283142
44.3663635254
40.1752357483
37.9853477478
40.0363349915
40.3403892517
35.9698791504
34.7963676453
36.9519882202
36.3713531494
32.4000854492
33.1627655029
35.1884384155
30.76679039
29.6344528198
33.4146194458
33.3482704163
29.5763339996
31.7319297791
29.0187072754
30.2883701324
28.5562934875
27.8727302551
29.0557880402
32.3943214417
32.1799850464
33.0781822205
30.6895637512
27.8271598816
30.3926944733
27.5228881836
31.3592185974
30.0322151184
31.5154209137
35.3400497437
37.8946266174
32.882598877
32.5908126831
28.0443496704
28.353969574
24.6034469604
21.836473465
23.1163406372
19.9347496033
17.9370746613
19.9746990204
24.8164234161
25.1196784973
27.772939682
28.6557216644
30.6343383789
32.0477676392
35.8385658264
34.5901374817
30.8025226593
35.4287834167
35.3775749207
36.7526359558
35.7787322998
32.0670471191
31.3174190521
30.7263774872
32.5115966797
32.9633636475
37.2780380249
39.4798736572
36.0336418152
36.3976135254
39.3849983215
42.3027229309
40.8641471863
88.2099456787
78.4132843018
74.3019714355
87.1697616577
94.5146942139
90.9052886963
65.9680175781
96.3213577271
80.8733291626
81.4378814697
91.4256744385
88.259552002
84.2044906616
72.7349624634
89.499961853
71.2982025146
81.8374481201
85.1557388306
60.4175453186
74.0876159668
81.3318634033
65.8584136963
77.4785842896
75.1328201294
92.9635543823
81.8985900879
90.1582336426
94.0329818726
97.3560256958
86.408164978
36.396812439
37.1518440247
35.0414810181
30.0509853363
27.9787693024
23.8709526062
21.2665233612
18.1542797089
18.3741550446
21.8210659027
19.9597988129
20.055934906
15.2410697937
16.0136985779
17.4614868164
14.8788547516
11.0249433517
13.978269577
12.006857872
14.9149656296
15.0516662598
17.6762523651
16.6041736603
12.2405786514
13.9780883789
13.0049829483
14.2292881012
14.6389284134
14.2897586823
11.4837398529
12.9203710556
15.65487957
17.1668148041
19.6951999664
19.3954372406
14.8214292526
13.246931076
9.23693752289
10.080078125
11.0445222855
9.67526054382
12.1171350479
11.1707134247
16.6896629333
14.4734210968
10.5780344009
12.6917095184
17.1447544098
18.4503135681
20.4279232025
16.5931663513
14.6204357147
10.523724556
9.78651237488
6.44297885895
4.58688211441
6.90733671188
8.07955360413
11.5855073929
14.9696626663
17.8284358978
20.7172698975
21.8598041534
20.3629226685
23.1861610413
22.4442939758
21.0897216797
18.4727687836
19.0135803223
19.2443771362
15.1278877258
11.9104528427
14.079665184
14.4933004379
10.0199728012
10.2230300903
14.6565151215
13.0173091888
8.96184444427
12.2241010666
16.4961528778
13.5394496918
12.240447998
11.6331100464
14.1434774399
13.8110265732
14.2876653671
10.2584733963
6.50715589523
6.73481369019
6.33366823196
5.97342681885
7.16667985916
9.8569688797
11.850730896
15.0262832642
17.9144763947
19.0881614685
17.8103256226
15.9910326004
12.9755382538
10.3993177414
6.53250455856
5.07311153412
5.38779592514
8.82304096222
9.41130924225
13.0310277939
16.2160549164
13.6979885101
15.6693124771
18.3325557709
20.6992492676
20.1202964783
20.8589076996
23.3667125702
25.3316459656
23.7142753601
25.904258728
29.5749187469
31.2509288788
31.0726108551
31.3909301758
27.1420078278
29.4211559296
30.6085834503
29.5969638824
25.1785736084
25.9146938324
27.1183223724
22.7170810699
20.928232193
23.3035106659
23.3338527679
18.7096595764
18.514377594
20.9870758057
19.9442615509
16.790769577
18.649805069
20.6790370941
16.6446399689
16.422580719
20.9883136749
21.0541687012
18.5725479126
22.0178031921
18.2890853882
19.6899909973
16.4457569122
19.6617240906
17.9602012634
18.9060840607
18.5577030182
18.5531215668
18.3328590393
14.3681201935
14.6746969223
11.3285293579
14.5470962524
12.8952350616
15.1191148758
18.0565757751
20.5586261749
15.3056182861
15.2291641235
10.817109108
12.5798597336
9.94077396393
10.4716272354
11.6996364594
12.2619915009
14.0722455978
12.9493694305
16.2166957855
20.9407253265
21.954126358
25.59557724
25.1476402283
23.9617919922
27.4796714783
24.8908348083
22.6260356903
28.6518707275
30.6626796722
31.2062835693
32.3188323975
30.1433773041
27.3766460419
26.3136749268
25.4688415527
23.7350120544
28.1108913422
28.7418842316
24.1973686218
26.5414829254
29.010477066
32.4732971191
31.5693206787
74.5395584106
65.9565887451
62.9071578979
74.713104248
81.0719451904
77.7139663696
54.6484146118
81.9172134399
66.8682861328
67.3333435059
76.6840362549
73.2291030884
68.8977966309
58.7168884277
74.2804107666
55.5770378113
66.3595962524
70.0565414429
44.8410835266
58.2195549011
66.0683822632
50.8177566528
61.1892623901
58.7630310059
76.8312149048
65.7784042358
74.2242431641
78.0795135498
81.6390686035
71.4058532715
53.3917503357
55.9117050171
52.7527732849
48.9213981628
45.087146759
44.6642913818
41.3549575806
39.7149620056
40.0559806824
44.0586128235
44.2876243591
46.2067222595
43.2718505859
43.9771995544
46.4211769104
42.9634742737
39.3053855896
43.2369308472
40.47813797
43.1677627563
41.8895683289
44.0965919495
42.9108734131
37.7719078064
36.0975952148
34.3996887207
30.7567157745
26.1792259216
26.5417938232
23.5455303192
24.499671936
25.6869430542
27.9744853973
30.7356262207
33.3055686951
30.4213237762
30.1848735809
26.992231369
29.2174625397
27.6062450409
31.2707824707
34.3036804199
36.0765686035
41.0778656006
40.4230499268
37.3917732239
37.3967628479
39.8476524353
43.3418617249
42.5299377441
38.9833755493
36.0608062744
32.906791687
29.4599990845
30.3242912292
28.7587070465
31.4404430389
30.4371318817
33.3905715942
35.5161094666
33.7841339111
38.5751647949
37.4947090149
38.3133850098
39.7289733887
42.4090156555
38.4956359863
35.9972343445
40.3754386902
40.0205688477
35.1690711975
34.948348999
38.7955322266
36.5584945679
32.0435218811
36.4270477295
39.3691444397
34.6926727295
32.8399505615
37.5360946655
37.6483459473
33.7503433228
34.2443885803
32.9057579041
28.9674053192
26.8181095123
24.3535442352
26.6604938507
25.9768257141
29.6863899231
33.7075653076
33.7344017029
36.4161338806
38.9422912598
40.0830841064
43.1151046753
46.2545013428
46.1064987183
43.9547233582
40.96616745
38.8656539917
37.078037262
33.7093391418
33.8503456116
29.5749130249
27.5721206665
24.7936782837
21.7256698608
20.8436222076
17.9683876038
16.6714859009
14.4558315277
12.3289728165
10.3296909332
10.857134819
10.5030155182
7.42299938202
6.76699018478
9.42988204956
7.79776239395
6.23113250732
7.99513101578
8.92416954041
10.433303833
13.5155143738
14.2228784561
17.5321140289
14.7654914856
12.5949287415
17.6344909668
18.2959327698
15.1071367264
17.9365444183
23.1893939972
20.9899673462
20.2331027985
23.3242206573
25.6758899689
25.566576004
25.3944454193
28.7999591827
30.7326984406
29.3657417297
31.7920455933
34.2133712769
35.4597091675
36.0518417358
32.0260505676
29.793340683
24.9580230713
28.493019104
22.0294208527
20.4272594452
17.0278091431
14.0219993591
16.5180625916
19.0758075714
17.1417064667
18.8913135529
17.1080036163
21.1936073303
23.3476753235
22.4360580444
18.5062351227
21.5967788696
19.2240200043
22.5554084778
22.5405139923
22.781463623
26.1671276093
22.2918395996
27.0352363586
29.487121582
25.3519744873
21.6797142029
25.5481624603
24.12251091
27.2460365295
22.6433086395
19.330696106
18.853055954
17.6327056885
21.7088794708
24.7097167969
28.8092079163
30.2854003906
33.479850769
35.0502471924
30.7351036072
27.6898651123
26.1214179993
22.4681224823
22.9055309296
18.8485107422
17.9753837585
24.5185680389
26.4433498383
28.4125823975
30.9709529877
62.4905014038
54.6462135315
52.6297111511
63.5199241638
67.7679748535
66.7989425659
50.8470993042
70.5180587769
60.2716369629
57.7480506897
63.8336410522
60.8542671204
55.9541320801
45.952911377
58.2769470215
43.448928833
49.4740257263
51.9246749878
33.0417823792
41.7461204529
45.0085029602
34.197063446
42.7306098938
38.9657211304
53.5860137939
42.8549118042
52.6480140686
56.3599662781
61.0606842041
53.0386009216
53.3917503357
55.9117050171
52.7527732849
48.9213981628
45.087146759
44.6642913818
41.3549575806
39.7149620056
40.0559806824
44.0586128235
44.2876243591
46.2067222595
43.2718505859
43.9771995544
46.4211769104
42.9634742737
39.3053855896
43.2369308472
40.47813797
43.1677627563
41.8895683289
44.0965919495
42.9108734131
37.7719078064
36.0975952148
34.3996887207
30.7567157745
26.1792259216
26.5417938232
23.5455303192
24.499671936
25.6869430542
27.9744853973
30.7356262207
33.3055686951
30.4213237762
30.1848735809
26.992231369
29.2174625397
27.6062450409
31.2707824707
34.3036804199
36.0765686035
41.0778656006
40.4230499268
37.3917732239
37.3967628479
39.8476524353
43.3418617249
42.5299377441
38.9833755493
36.0608062744
32.906791687
29.4599990845
30.3242912292
28.7587070465
31.4404430389
30.4371318817
33.3905715942
35.5161094666
33.7841339111
38.5751647949
37.4947090149
38.3133850098
39.7289733887
42.4090156555
38.4956359863
35.9972343445
40.3754386902
40.0205688477
35.1690711975
34.948348999
38.7955322266
36.5584945679
32.0435218811
36.4270477295
39.3691444397
34.6926727295
32.8399505615
37.5360946655
37.6483459473
33.7503433228
34.2443885803
32.9057579041
28.9674053192
26.8181095123
24.3535442352
26.6604938507
25.9768257141
29.6863899231
33.7075653076
33.7344017029
36.4161338806
38.9422912598
40.0830841064
43.1151046753
46.2545013428
46.1064987183
43.9547233582
40.96616745
38.8656539917
37.078037262
33.7093391418
33.8503456116
29.5749130249
27.5721206665
24.7936782837
21.7256698608
20.8436222076
17.9683876038
16.6714859009
14.4558315277
12.3289728165
10.3296909332
10.857134819
10.5030155182
7.42299938202
6.76699018478
9.42988204956
7.79776239395
6.23113250732
7.99513101578
8.92416954041
10.433303833
13.5155143738
14.2228784561
17.5321140289
14.7654914856
12.5949287415
17.6344909668
18.2959327698
15.1071367264
17.9365444183
23.1893939972
20.9899673462
20.2331027985
23.3242206573
25.6758899689
25.566576004
25.3944454193
28.7999591827
30.7326984406
29.3657417297
31.7920455933
34.2133712769
35.4597091675
36.0518417358
32.0260505676
29.793340683
24.9580230713
28.493019104
22.0294208527
20.4272594452
17.0278091431
14.0219993591
16.5180625916
19.0758075714
17.1417064667
18.8913135529
17.1080036163
21.1936073303
23.3476753235
22.4360580444
18.5062351227
21.5967788696
19.2240200043
22.5554084778
22.5405139923
22.781463623
26.1671276093
22.2918395996
27.0352363586
29.487121582
25.3519744873
21.6797142029
25.5481624603
24.12251091
27.2460365295
22.6433086395
19.330696106
18.853055954
17.6327056885
21.7088794708
24.7097167969
28.8092079163
30.2854003906
33.479850769
35.0502471924
30.7351036072
27.6898651123
26.1214179993
22.4681224823
22.9055309296
18.8485107422
17.9753837585
24.5185680389
26.4433498383
28.4125823975
30.9709529877
62.4905014038
54.6462135315
52.6297111511
63.5199241638
67.7679748535
66.7989425659
50.8470993042
70.5180587769
60.2716369629
57.7480506897
63.8336410522
60.8542671204
55.9541320801
45.952911377
58.2769470215
43.448928833
49.4740257263
51.9246749878
33.0417823792
41.7461204529
45.0085029602
34.197063446
42.7306098938
38.9657211304
53.5860137939
42.8549118042
52.6480140686
56.3599662781
61.0606842041
53.0386009216
22.4214401245
22.9981784821
19.4800434113
16.3515758514
12.5722923279
11.9002599716
12.0142564774
10.1073789597
13.8499822617
16.1820907593
14.1583385468
17.397190094
18.9161777496
16.9998569489
21.8090801239
17.3829078674
16.4242477417
23.0596427917
25.201379776
28.1144599915
29.2995967865
32.6935882568
31.5327224731
29.0588779449
31.9032058716
30.6819190979
32.349357605
31.9655647278
30.6656074524
27.3392848969
27.1507873535
28.4716777802
28.4482250214
29.7743110657
28.2620735168
26.8791103363
27.9825782776
24.6662654877
27.4578495026
28.9317970276
27.9421520233
29.8363933563
27.6425247192
31.619102478
27.7192211151
23.82837677
23.4590072632
28.20104599
29.989818573
33.0611915588
30.4946365356
30.1264514923
26.1449050903
26.9272956848
24.2363033295
22.4939823151
23.94490242
21.2481079102
25.8702011108
26.1728115082
30.3236312866
33.0114250183
32.2740287781
29.3916988373
29.9263782501
26.6744232178
24.5091838837
24.7960891724
25.745262146
21.6263141632
19.0318870544
19.7567157745
18.4039211273
15.1208820343
15.1278915405
15.1717796326
13.8157157898
9.54607486725
10.9836931229
10.5579395294
6.08645963669
5.96551609039
8.16691207886
11.2604970932
10.9351844788
15.5954790115
13.9923639297
11.6971473694
14.9197206497
13.7677659988
14.6480541229
18.3251533508
19.023475647
20.9522857666
24.2687625885
24.2146949768
27.7621746063
30.852399826
29.5763320923
28.5245723724
23.8928089142
24.2760543823
19.6297340393
20.5803413391
18.5725479126
18.4122428894
24.9295082092
22.7025737762
26.7711639404
27.7307395935
25.1840057373
25.3330745697
24.4050598145
27.283864975
29.5344810486
29.0442295074
29.156080246
32.4821891785
33.607093811
33.8944702148
35.4597053528
38.9655342102
37.9468650818
35.4515991211
32.484413147
32.4829139709
31.1533889771
30.0901756287
28.077337265
27.1990127563
25.5695571899
22.8177528381
23.1118564606
20.859992981
18.8817825317
18.098154068
16.129365921
14.6376819611
14.1015281677
10.8132991791
11.1054544449
9.35444450378
6.58516979218
6.79703330994
6.56562519073
4.8684258461
5.99917936325
6.67046260834
10.7140665054
13.7032155991
16.6436672211
18.8535022736
17.1483898163
20.4494132996
22.551990509
23.4682254791
19.5402603149
19.4751930237
20.5052661896
23.3568229675
22.7116470337
25.6123867035
24.4474201202
26.3160362244
20.4460086823
18.9405002594
16.756986618
13.9503593445
16.2077922821
15.7757616043
20.7392158508
19.796836853
22.5803165436
24.1396141052
24.8769207001
29.8826217651
28.2133865356
32.7389678955
33.4717712402
30.3053512573
32.3162765503
28.7333240509
26.5461406708
30.2220726013
31.9882335663
29.3297863007
31.134683609
29.5932712555
27.7394638062
29.6169338226
25.2638931274
23.8639755249
26.8996810913
28.3996162415
23.9637832642
22.7516479492
22.4378795624
25.3228111267
22.7263069153
69.6341934204
61.5187301636
57.5851135254
68.7986297607
75.9365081787
70.9814682007
48.4752311707
74.2846908569
57.3335494995
58.711856842
69.7210083008
66.8969268799
61.8213386536
52.7428283691
69.7245483398
50.8187179565
62.3364334106
67.1456756592
43.6236228943
55.6555290222
64.8249359131
50.9624557495
60.3296852112
57.0742797852
74.98487854
65.2985305786
73.0023040771
75.5472259521
79.274269104
68.7095794678
39.054561615
41.7377052307
39.2984428406
34.6332321167
31.5244026184
30.3559188843
26.4013175964
25.1064777374
24.6995162964
28.634552002
29.6248168945
31.5492362976
29.3051986694
30.6880779266
33.1659011841
30.8208827972
27.0879631042
30.7736625671
29.6545562744
32.2875900269
30.2284240723
34.0623054504
33.6555252075
27.951795578
27.7264614105
24.8648986816
23.0628242493
19.8492412567
17.7598800659
14.7018184662
13.4674339294
13.886015892
14.9973754883
17.3585700989
18.986787796
16.9509029388
18.2025547028
15.3057098389
19.1153068542
20.2481994629
22.9237003326
26.7126235962
27.7397060394
33.5494537354
32.0820617676
28.334564209
29.5087451935
33.4751434326
35.8570137024
36.7661895752
32.7812156677
29.9931201935
25.918806076
22.8714923859
21.4982051849
18.3763790131
19.9773521423
16.9212207794
20.5057163239
21.4187812805
20.9018669128
25.5791778564
23.8945617676
23.8044681549
24.8085174561
26.7658252716
22.7082214355
20.6338062286
25.1598377228
24.1860084534
19.4729385376
20.0336055756
23.7133731842
21.1560516357
17.2229328156
22.2427616119
24.6603679657
20.3806438446
19.483663559
24.3575592041
24.417547226
21.2468128204
22.808259964
23.0523757935
20.3860912323
20.3735980988
16.935552597
16.2727184296
15.0183124542
19.2022247314
21.6828842163
23.2782669067
24.494468689
26.3061542511
27.4120006561
29.4755249023
33.1064720154
33.2353019714
30.6895675659
27.705537796
24.9500484467
24.3293228149
20.5549716949
22.3314037323
18.3328609467
18.449213028
18.1256065369
15.0264854431
17.4553585052
17.1639194489
11.794262886
8.29087352753
9.47363185883
7.37499856949
9.87409210205
13.7845745087
12.236664772
11.8426103592
16.2448158264
17.7198314667
16.5180606842
20.5657234192
21.8994102478
21.3613967896
19.7121715546
22.3986434937
21.9243068695
23.7545204163
19.7385501862
17.1930732727
20.4112854004
18.7300796509
15.0538949966
16.239982605
20.6665306091
17.1911144257
13.5632066727
16.9555988312
19.8386249542
16.5988006592
15.3629922867
19.8798961639
20.527053833
17.5543937683
20.6859550476
23.4666728973
23.4682216644
23.3618907928
18.8592529297
16.30210495
11.0312976837
13.3182001114
7.09655475616
8.61190032959
5.23737573624
5.51699924469
5.43083715439
8.06807804108
10.5113830566
13.7926368713
17.3644599915
21.2755260468
21.6988296509
20.2891254425
18.1094207764
14.3384418488
14.3822431564
11.6965026855
9.89307785034
11.4579687119
8.40038490295
11.7787818909
14.4829568863
11.6879720688
7.85329198837
13.0493106842
10.9254417419
15.5800580978
13.3027410507
9.16814517975
11.1377086639
7.91308736801
8.39150619507
13.6727867126
17.279630661
18.249961853
20.8209514618
21.0861930847
16.8529567719
14.7190856934
12.5948457718
9.17529582977
12.3595876694
11.5824747086
7.98799848557
12.9453668594
16.2037944794
19.1753444672
20.3738708496
64.6955108643
54.6730117798
51.4065589905
64.8600158691
71.3543548584
68.3106918335
45.7930145264
73.1258926392
59.8956260681
58.1610717773
66.3573913574
63.0170860291
58.3102760315
45.9032096863
61.823841095
44.8383712769
53.5388069153
56.1925964355
32.8463783264
45.9836959839
51.8591384888
36.4846496582
49.223361969
46.7493209839
63.8593025208
53.4584617615
61.4961128235
65.4363174438
69.1205444336
57.8031387329
48.0606307983
49.057800293
45.3497886658
42.16563797
38.1996231079
36.9666671753
35.2344017029
32.4981803894
34.2859954834
38.051990509
36.0898170471
37.6069984436
34.2312240601
33.2986907959
35.9935302734
30.9016628265
28.0376930237
32.9650421143
29.7204189301
32.7652778625
34.0441017151
34.6445045471
32.1767158508
29.1065597534
28.4127235413
28.680223465
26.3821353912
23.2754058838
25.4069347382
21.0980129242
24.2132396698
27.2526912689
29.9813766479
33.2934112549
34.6027946472
30.1462154388
28.578245163
23.757484436
24.8088951111
21.6952362061
23.3505001068
24.9128456116
25.1216678619
28.8959255219
27.400598526
24.6815929413
22.9376850128
24.7317848206
29.0596084595
28.1010971069
25.3238945007
23.5502433777
20.6679153442
19.2077236176
20.7900619507
21.0597572327
25.0272350311
25.8540630341
29.6650466919
33.1235580444
33.7968139648
38.0253257751
38.3597106934
37.8858299255
40.1862068176
40.6248626709
37.7702407837
35.2780303955
37.751663208
37.015209198
32.1363677979
30.5087566376
32.9880905151
31.4093914032
26.685426712
28.7370624542
31.8958702087
27.4313774109
24.2034168243
27.5160694122
28.5182533264
24.1585159302
22.7011013031
19.7789402008
16.4279136658
12.2753744125
12.7211637497
16.4131469727
16.7366123199
18.2184429169
23.2447280884
22.046661377
26.1731853485
29.6440029144
31.875579834
35.276714325
37.901260376
39.0243873596
37.894618988
35.8019638062
33.0952606201
30.3307170868
26.5477294922
24.5613594055
20.5586280823
16.3280296326
16.0440864563
12.9742898941
12.0356273651
9.2936668396
12.3952417374
14.5174312592
11.767449379
16.3701038361
16.1783905029
10.3392095566
13.3332338333
18.468870163
14.1165714264
12.7484817505
18.5062332153
18.5313072205
15.6700658798
14.9833316803
10.1689405441
10.8547143936
13.5820713043
11.3084058762
7.42176485062
11.2767963409
12.1833610535
8.4245672226
8.5220041275
13.0449380875
13.2258377075
9.75967884064
13.9453477859
16.3498859406
14.8476848602
16.8340892792
19.5441436768
20.7089576721
20.6383781433
22.0236644745
24.9236621857
25.3687171936
26.3160305023
29.4887371063
26.2129058838
26.5504837036
22.6687679291
28.5011005402
23.4687366486
20.2330684662
18.8970146179
16.1816310883
20.2891197205
18.4930400848
13.7275705338
12.7943601608
8.29943752289
8.26455783844
8.68723487854
5.13783359528
6.76497173309
8.68994235992
12.167637825
15.86444664
17.9339084625
22.5011749268
21.077129364
25.6702136993
28.8713932037
25.3846130371
24.4189872742
30.6318397522
30.0591545105
34.4552841187
31.257270813
28.0140628815
29.7153511047
26.7817192078
28.1769104004
33.4644203186
37.2522697449
37.411365509
40.3736839294
40.3400878906
36.3381996155
34.5012969971
31.8571300507
28.0891265869
30.6180458069
28.2559165955
24.207157135
29.4137592316
30.6463813782
33.7256393433
34.311466217
65.0866317749
58.7712898254
57.3982810974
66.7207260132
70.9114379883
69.2789077759
52.7294692993
72.0541915894
59.8781356812
59.1830558777
66.4551086426
63.4451828003
58.3610038757
50.6961402893
63.0538635254
45.3125495911
54.5685386658
58.4975090027
35.808380127
45.977558136
53.3995933533
41.0252571106
47.2702560425
43.9895133972
61.4556922913
50.7217559814
59.9186935425
63.4378395081
67.3393096924
59.6463432312
40.7034912109
43.6570701599
42.5660514832
36.8536911011
35.2495727539
32.7234916687
27.8744411469
27.1162166595
24.7389163971
28.0386390686
30.2796726227
31.1508789062
28.4318313599
31.4944038391
32.4195518494
32.6617469788
28.8918418884
29.7827262878
29.209941864
30.7849826813
26.57771492
31.4049167633
32.468372345
26.1033115387
25.6670055389
21.4961605072
20.3110122681
18.5100231171
14.1324939728
14.5571670532
10.3772602081
7.33669137955
5.96802043915
6.46323919296
9.43855285645
9.54004192352
12.4503002167
13.4793682098
16.7685184479
20.2695178986
22.737493515
26.6961765289
28.4262237549
34.154209137
33.5482292175
30.4105587006
33.1771621704
37.0665435791
37.964176178
39.2934570312
35.1885795593
32.1189613342
28.6953983307
25.3641357422
23.1740856171
19.5749645233
18.5958938599
15.1899051666
15.5805616379
14.6620502472
11.7311372757
15.8313426971
13.2522315979
14.6144380569
15.4349536896
19.759759903
16.3485870361
13.5988922119
18.5035934448
19.7300052643
16.3719978333
17.0332145691
21.428850174
20.4577770233
17.7655315399
22.4830207825
24.9743347168
23.1936283112
22.8822937012
27.2947998047
28.6831130981
26.7376499176
28.4781341553
29.4928474426
28.9742889404
29.3273677826
26.7077827454
23.9740409851
21.1711502075
24.799993515
24.6571083069
26.2588710785
25.4074440002
25.5273361206
24.9262561798
26.3194618225
29.4737434387
28.1596775055
25.1196804047
21.8923683167
20.7782669067
21.2491455078
19.7689495087
22.9658432007
20.9407253265
23.5649490356
21.9699707031
21.1506652832
23.3947944641
24.7498950958
19.1945095062
16.5972766876
20.5245552063
17.4249839783
17.3892383575
23.3849010468
22.8589382172
19.9685287476
23.9053821564
26.8598575592
25.5481681824
28.6792793274
31.2304077148
32.184715271
30.4968318939
33.9384918213
34.0623474121
35.8866653442
31.4185695648
29.3609924316
32.8625831604
30.7213230133
26.9098873138
28.58776474
32.5083122253
28.491268158
25.063709259
28.2629127502
30.664773941
26.497467041
25.173078537
29.6080513
28.8086643219
25.3310451508
28.7727165222
31.3295726776
29.8826122284
29.3792877197
25.0019435883
22.5564823151
18.2931308746
16.6579475403
13.9280147552
18.7954120636
16.5132236481
17.4685173035
13.0493068695
14.340959549
18.8444328308
18.9053764343
23.0641288757
25.6119499207
28.9527873993
31.2310733795
30.6318492889
27.9326782227
24.9590244293
23.1730747223
20.8736839294
16.7480659485
14.9487915039
11.6300802231
10.9280986786
9.80456638336
8.30890655518
7.06919908524
5.13183641434
5.81413030624
6.39839696884
8.39272022247
11.7667741776
12.091375351
9.31904697418
13.0837125778
13.9170379639
17.5872993469
17.6043014526
16.3658046722
13.3397493362
9.56935024261
13.413236618
13.6658496857
16.7934913635
18.2592048645
17.0769767761
18.9053497314
23.0471858978
25.3112182617
26.1116123199
73.2724151611
62.0001373291
57.8497886658
72.3535842896
79.4762039185
76.6075515747
52.3976669312
82.6299591064
69.2909164429
67.7646179199
76.2772140503
73.0922622681
68.9839782715
55.6752967834
72.2241439819
56.0947799683
64.444519043
66.6627807617
44.4949111938
57.359046936
62.3766517639
47.7086791992
60.7365989685
58.3373222351
74.7740783691
64.391204834
72.3176651001
76.2728347778
79.5749130249
68.1318130493
40.7034912109
43.6570701599
42.5660514832
36.8536911011
35.2495727539
32.7234916687
27.8744411469
27.1162166595
24.7389163971
28.0386390686
30.2796726227
31.1508789062
28.4318313599
31.4944038391
32.4195518494
32.6617469788
28.8918418884
29.7827262878
29.209941864
30.7849826813
26.57771492
31.4049167633
32.468372345
26.1033115387
25.6670055389
21.4961605072
20.3110122681
18.5100231171
14.1324939728
14.5571670532
10.3772602081
7.33669137955
5.96802043915
6.46323919296
9.43855285645
9.54004192352
12.4503002167
13.4793682098
16.7685184479
20.2695178986
22.737493515
26.6961765289
28.4262237549
34.154209137
33.5482292175
30.4105587006
33.1771621704
37.0665435791
37.964176178
39.2934570312
35.1885795593
32.1189613342
28.6953983307
25.3641357422
23.1740856171
19.5749645233
18.5958938599
15.1899051666
15.5805616379
14.6620502472
11.7311372757
15.8313426971
13.2522315979
14.6144380569
15.4349536896
19.759759903
16.3485870361
13.5988922119
18.5035934448
19.7300052643
16.3719978333
17.0332145691
21.428850174
20.4577770233
17.7655315399
22.4830207825
24.9743347168
23.1936283112
22.8822937012
27.2947998047
28.6831130981
26.7376499176
28.4781341553
29.4928474426
28.9742889404
29.3273677826
26.7077827454
23.9740409851
21.1711502075
24.799993515
24.6571083069
26.2588710785
25.4074440002
25.5273361206
24.9262561798
26.3194618225
29.4737434387
28.1596775055
25.1196804047
21.8923683167
20.7782669067
21.2491455078
19.7689495087
22.9658432007
20.9407253265
23.5649490356
21.9699707031
21.1506652832
23.3947944641
24.7498950958
19.1945095062
16.5972766876
20.5245552063
17.4249839783
17.3892383575
23.3849010468
22.8589382172
19.9685287476
23.9053821564
26.8598575592
25.5481681824
28.6792793274
31.2304077148
32.184715271
30.4968318939
33.9384918213
34.0623474121
35.8866653442
31.4185695648
29.3609924316
32.8625831604
30.7213230133
26.9098873138
28.58776474
32.5083122253
28.491268158
25.063709259
28.2629127502
30.664773941
26.497467041
25.173078537
29.6080513
28.8086643219
25.3310451508
28.7727165222
31.3295726776
29.8826122284
29.3792877197
25.0019435883
22.5564823151
18.2931308746
16.6579475403
13.9280147552
18.7954120636
16.5132236481
17.4685173035
13.0493068695
14.340959549
18.8444328308
18.9053764343
23.0641288757
25.6119499207
28.9527873993
31.2310733795
30.6318492889
27.9326782227
24.9590244293
23.1730747223
20.8736839294
16.7480659485
14.9487915039
11.6300802231
10.9280986786
9.80456638336
8.30890655518
7.06919908524
5.13183641434
5.81413030624
6.39839696884
8.39272022247
11.7667741776
12.091375351
9.31904697418
13.0837125778
13.9170379639
17.5872993469
17.6043014526
16.3658046722
13.3397493362
9.56935024261
13.413236618
13.6658496857
16.7934913635
18.2592048645
17.0769767761
18.9053497314
23.0471858978
25.3112182617
26.1116123199
73.2724151611
62.0001373291
57.8497886658
72.3535842896
79.4762039185
76.6075515747
52.3976669312
82.6299591064
69.2909164429
67.7646179199
76.2772140503
73.0922622681
68.9839782715
55.6752967834
72.2241439819
56.0947799683
64.444519043
66.6627807617
44.4949111938
57.359046936
62.3766517639
47.7086791992
60.7365989685
58.3373222351
74.7740783691
64.391204834
72.3176651001
76.2728347778
79.5749130249
68.1318130493
42.4509086609
45.6939468384
43.974155426
38.8605003357
36.4361610413
35.1050949097
30.4909992218
29.8252811432
28.2673282623
31.8526649475
33.9674797058
35.5722236633
33.3538742065
35.7075195312
37.4734764099
36.4851570129
32.6641159058
34.9727287292
34.0759658813
36.1646995544
32.7420272827
37.145652771
37.5593528748
31.2867126465
30.5991268158
26.9099712372
24.8554019928
21.7822132111
18.5018405914
17.4143123627
14.5181856155
12.8384552002
12.8936462402
14.1289644241
16.6586513519
16.3544540405
18.5676460266
17.8744468689
21.4791660309
23.6242866516
26.7189674377
30.7305049896
32.4327888489
38.3001174927
37.440990448
33.9972305298
35.9665679932
39.8269805908
41.5931282043
42.507648468
38.3875198364
35.2718429565
31.5497398376
28.0193481445
26.483297348
23.0640792847
23.3734989166
19.9882717133
21.8382358551
21.5932941437
19.236032486
23.6504020691
21.1095142365
22.1182060242
22.5061721802
26.1960430145
22.0789680481
19.9639453888
25.1944503784
25.1622600555
21.2638130188
22.3945026398
26.5617847443
24.4776554108
21.3726978302
26.6477127075
28.9005050659
25.6762294769
25.4150009155
30.2100143433
30.4983291626
28.0181732178
29.9520015717
30.6399917603
28.6152076721
28.7595863342
25.4510345459
24.1205692291
22.2225856781
26.3562641144
27.6895942688
29.3423938751
29.5665473938
30.5047512054
30.6429271698
32.3295936584
35.7763633728
34.9748306274
32.0477638245
28.8166217804
27.024394989
27.0690841675
24.4840641022
27.1232643127
23.9617938995
25.2402133942
23.6539535522
21.6153793335
23.4657421112
23.5366897583
18.0980625153
14.3831386566
16.8186702728
12.5308170319
13.7701225281
19.7253913879
17.7848472595
14.2073850632
20.2167625427
22.4025802612
19.330696106
23.2876796722
26.0237522125
26.4291801453
25.7593631744
28.9607696533
28.5220470428
31.0986499786
27.1401634216
24.249584198
28.0942649841
26.9674320221
23.0388336182
24.2501163483
29.1387233734
25.7821922302
21.9913024902
25.1693744659
28.3606090546
24.826128006
23.0488986969
27.7083644867
28.3143119812
24.778421402
27.6436004639
30.6975402832
30.3053588867
29.3539905548
24.9700317383
21.7779102325
17.1777267456
16.5317382812
11.8846178055
15.5365982056
12.5644054413
13.234670639
9.1681432724
12.6535463333
16.4301872253
18.0639686584
21.3324890137
24.9102153778
28.5006408691
29.6691017151
28.0140628815
26.4106254578
22.8256092072
22.5492553711
19.78099823
16.9519023895
16.6739253998
12.9673032761
14.4087200165
15.1449508667
12.7648839951
8.6866235733
8.3927192688
5.99626159668
8.46539974213
5.46590518951
4.52018785477
5.11056566238
5.74903821945
8.82910251617
11.7408981323
15.1295948029
16.7571220398
17.4453849792
13.4027299881
9.47946834564
10.9127645493
9.70247077942
11.5284833908
11.4874229431
11.3307523727
14.7715997696
18.7373542786
20.7412509918
22.5691738129
67.9832229614
56.69896698
52.8491020203
67.4155273438
74.2359466553
71.611038208
48.9698066711
77.3513946533
64.8754043579
62.6168708801
70.5044784546
67.4553375244
63.0295410156
49.5166244507
65.7710266113
50.3176612854
57.7618980408
59.6953315735
38.8253250122
50.9378929138
55.0791397095
41.0839195251
54.2508239746
51.6171035767
67.4377746582
57.4797706604
65.1861495972
68.9138259888
72.1326751709
60.7380027771
41.1118736267
44.448638916
42.4129905701
37.7022972107
34.8935890198
34.2663421631
29.8903942108
29.3564491272
28.2778224945
31.902305603
33.9585533142
35.9985656738
34.319103241
36.2375297546
38.5367240906
36.9501495361
33.250328064
36.3874053955
35.688205719
38.0541343689
35.1302261353
39.4975700378
39.5991630554
33.5311164856
33.1051330566
29.6556873322
27.7053985596
24.4401416779
21.5720176697
19.7081737518
17.311208725
16.1819057465
16.3075504303
17.6057014465
19.6017799377
19.3687763214
21.6023464203
20.1646137238
24.0233287811
25.8089675903
28.793258667
32.7508888245
34.1231002808
40.0055122375
38.7764778137
35.1045265198
36.6332054138
40.6230888367
42.7487678528
43.7087097168
39.6528663635
36.704284668
32.7552452087
29.4546756744
27.9737548828
24.6045951843
25.4155712128
21.7809753418
24.4489097595
24.2445240021
22.6638832092
27.1293201447
24.5149307251
25.0113620758
25.1380119324
28.1239376068
23.7057743073
22.0710716248
27.3436164856
26.4299545288
22.4037208557
23.9215373993
27.7047595978
24.9778289795
22.0059204102
27.3835792542
29.2520828247
25.3624477386
25.3808803558
30.1352386475
29.6480407715
27.1068000793
29.2562351227
29.9852333069
27.2464027405
27.6436424255
23.9213752747
23.2112350464
22.0862426758
26.2152671814
28.1148643494
30.0483894348
30.6531887054
31.92370224
32.5431060791
34.1352577209
37.7989654541
37.4617652893
34.590133667
31.4463825226
29.1076850891
29.1808547974
25.9562587738
28.4702625275
24.890838623
25.6105976105
24.7930755615
22.1056461334
24.1235733032
23.6543045044
18.4018783569
14.4477348328
15.4673662186
11.2738752365
13.8406686783
18.9127597809
16.1113967896
13.141289711
20.0270824432
21.4588222504
17.6326999664
22.3302154541
24.7075786591
24.2596874237
24.0397357941
26.7444210052
25.6894760132
28.5185623169
25.0354957581
21.5926628113
25.1753997803
24.6026630402
20.893196106
21.2993068695
26.4505786896
23.6983222961
19.5315551758
22.3766117096
26.0124549866
22.7219753265
20.577287674
25.1772937775
26.5507526398
22.9687309265
25.3027744293
28.5748519897
28.7333240509
27.4178295135
23.2318820953
19.7351760864
15.4421491623
15.1982841492
10.2781219482
12.8986196518
10.2030935287
11.2594890594
7.9130859375
11.8813791275
15.1387968063
17.8134365082
20.7716712952
24.6142482758
28.3915061951
28.7550354004
26.7817153931
25.3251132965
21.3867588043
21.7598075867
18.4336662292
16.6030330658
16.7966575623
13.8538608551
15.6073694229
17.1545219421
15.1321687698
10.6198768616
12.0913772583
8.70060062408
12.0341730118
9.69754314423
5.11056518555
4.54797124863
5.61527013779
7.68299102783
11.6256666183
13.6465654373
16.2391929626
17.634677887
13.367937088
10.6508903503
9.36455535889
7.08599328995
8.1509513855
7.46201562881
7.53732156754
11.4290380478
15.0794696808
17.0390815735
19.1940116882
64.8288574219
53.5304794312
49.747543335
64.3841018677
71.2486114502
68.4568328857
46.2873878479
74.036277771
61.7031326294
59.13646698
66.9546279907
64.0642547607
59.3463401794
45.6166763306
62.1909866333
46.8276901245
54.0595092773
56.0008544922
35.6378135681
47.4814987183
51.5394744873
37.7923240662
51.1065788269
48.2524757385
64.0705413818
54.4716911316
62.0501937866
65.4780883789
68.643157959
56.879737854
37.7534599304
41.7931518555
40.8567581177
35.9374809265
34.2569313049
33.8858528137
29.1226615906
29.8329315186
27.6317539215
30.2989196777
33.9414100647
35.956073761
35.6220779419
38.2776374817
40.2628974915
40.1905441284
36.8804664612
39.1106452942
39.8769264221
41.7857055664
37.9106216431
43.3452835083
44.3047142029
38.2031860352
38.4785690308
34.3287467957
33.5716323853
31.4437847137
27.3572406769
26.7973632812
22.9920749664
20.3871269226
18.4435119629
17.4709396362
18.229265213
21.2615413666
25.0480003357
25.4318580627
29.4071292877
32.7661514282
35.0602035522
39.042514801
40.1343803406
45.9774093628
44.5745925903
40.8979225159
43.1064186096
47.5494003296
48.8319168091
50.6203727722
46.5737915039
43.8115921021
39.8602218628
36.9466133118
34.5228843689
30.6949539185
30.1598796844
25.4567775726
27.1048488617
24.8058166504
23.432138443
26.572517395
22.7076320648
23.011428833
21.3587837219
24.59324646
20.1978378296
20.0959911346
25.5038146973
24.1320590973
21.9610958099
24.9962100983
28.0190296173
25.2298641205
24.4782409668
29.6013431549
30.1591262817
27.5469512939
29.1454677582
33.1263465881
32.030582428
30.9609489441
33.9484977722
35.8468093872
33.9745788574
35.6103630066
31.7691402435
29.8203697205
28.8151702881
32.4063491821
32.7503738403
35.6108283997
34.8387031555
35.0525360107
35.154045105
35.4260063171
39.1036682129
38.5575904846
35.3775787354
32.4607467651
30.3702220917
31.9547767639
29.4465026855
33.2123832703
30.6626796722
32.7475471497
32.8976593018
30.8334579468
33.5698051453
33.8808784485
28.2462348938
24.629108429
26.1607246399
22.5011024475
24.7537021637
30.0973396301
27.4477291107
24.4798259735
31.2181415558
32.8906211853
28.8092021942
33.5437736511
36.1219177246
35.4525566101
35.3820343018
37.8120002747
36.2278137207
39.033657074
35.8212471008
32.1554145813
35.0096206665
34.4717636108
31.110490799
30.4537734985
35.0113258362
32.6564712524
27.7979278564
29.7542800903
33.5714035034
29.391368866
26.4636936188
30.713552475
31.8524398804
27.5155143738
28.9958286285
32.3925514221
31.9882392883
29.1809406281
25.8596096039
22.0114345551
19.9515514374
15.9888944626
15.6253499985
19.72955513
18.9588928223
21.3920593262
17.279630661
19.8809490204
24.3522758484
26.7970180511
30.7759971619
34.0618438721
37.9824867249
38.6417770386
37.252281189
34.710231781
30.7059841156
30.0310325623
25.697719574
23.4148921967
21.3203887939
20.1786594391
18.8066921234
18.7213249207
19.4726581573
16.4445991516
13.9170351028
10.4211502075
10.5680484772
12.8069553375
11.740899086
10.7981615067
11.6256694794
9.67989253998
4.67530584335
5.81698799133
6.04361343384
8.36832237244
5.89957427979
6.04589986801
7.40381002426
10.2246351242
9.46970939636
13.0399827957
15.0482692719
12.8858718872
16.0842170715
16.5468902588
18.0024604797
69.0979156494
55.9503936768
50.4946975708
66.7888183594
74.95677948
71.8882064819
48.4503669739
78.8967514038
66.4314117432
63.6887016296
72.1264419556
69.8024139404
65.3098068237
50.5944671631
68.6260681152
54.1262626648
61.2778968811
63.31407547
44.3458900452
55.7888221741
59.9775238037
47.2023086548
60.2323379517
57.2921028137
72.6768569946
63.7172851562
71.0582885742
74.0658187866
77.2755584717
65.0366287231
27.9398841858
31.8799304962
29.5825939178
26.7477817535
23.6365890503
26.2755241394
23.3575115204
24.5456562042
24.727930069
27.0378017426
29.7312412262
33.1890563965
35.0085296631
35.7103347778
39.5059089661
37.3499603271
34.9947853088
39.8909111023
41.5477676392
44.2423973083
42.5180206299
47.5125389099
47.370388031
42.4705963135
43.8939208984
40.7688560486
40.7416114807
38.5853881836
35.6547546387
33.0218582153
30.720621109
29.9116458893
28.8239135742
29.0231800079
28.5079860687
30.0505504608
33.2279891968
31.3179187775
35.6515350342
38.0572319031
39.4324111938
42.9221343994
42.5925064087
48.0680809021
45.2851715088
41.0880279541
41.8025360107
46.5808143616
48.6844558716
50.9410133362
47.3985900879
45.5585403442
41.1103897095
39.5009307861
37.0341186523
33.6825942993
34.5125770569
29.6691493988
33.6470336914
32.0925636292
33.5115089417
36.9453086853
33.8288421631
32.253818512
30.8265972137
30.5023231506
26.1340389252
27.2626075745
31.504863739
27.2477550507
24.8979568481
28.3314762115
29.368265152
24.8585186005
24.9829463959
29.1991786957
28.1189937592
23.76978302
26.4299125671
29.2175922394
25.1903114319
24.7170848846
28.2399520874
30.5459022522
27.2136306763
30.3477172852
25.9867324829
25.433380127
27.1816387177
29.6602249146
31.2057113647
34.9181747437
35.1510391235
36.3486557007
38.1632728577
38.0394897461
42.1681671143
43.5057525635
40.864151001
38.5532913208
34.669342041
36.1160392761
31.8040485382
34.8070487976
31.569316864
32.115020752
35.3212165833
32.0114097595
35.491973877
35.034778595
30.4712047577
27.527765274
26.0042800903
25.0978012085
29.0400123596
31.1646270752
27.9690475464
28.4897346497
34.4644927979
34.3672714233
30.970954895
36.3723449707
37.0280799866
33.8671684265
33.9239616394
34.2369270325
31.0029983521
33.1400413513
31.7828102112
27.7139225006
27.903968811
28.3733310699
26.9198989868
23.1492824554
26.1630840302
26.324640274
21.1214466095
20.4542961121
24.6829910278
21.3966217041
17.5934886932
19.9086914062
23.17212677
19.3112430573
17.7393531799
21.2796154022
22.7263050079
18.3506526947
17.211648941
13.4635572433
15.4736061096
13.7029371262
15.6647796631
15.2790613174
17.903093338
21.2320423126
20.3738689423
20.8130054474
23.0272960663
27.0344848633
30.2629737854
32.9765625
37.0148506165
35.4535522461
34.3114624023
31.1213302612
27.0092201233
27.3047809601
21.80260849
22.9012298584
21.8638343811
23.8800106049
23.0754947662
25.2385292053
26.5763568878
23.7668704987
26.1116065979
22.0199260712
25.5219402313
26.5347213745
22.5691738129
21.7012786865
19.1940116882
18.5011196136
16.7607555389
18.0024604797
13.1064243317
16.2400531769
17.9876251221
16.4199199677
19.6429424286
13.4989128113
13.3864078522
12.0596389771
14.6306934357
14.2674102783
8.55270862579
5.13244962692
4.65982627869
60.1487197876
49.5605926514
42.9795722961
57.4565086365
67.1155548096
61.4596824646
40.5762481689
67.9235687256
55.0202331543
51.2924842834
61.3603439331
60.5620956421
54.7185058594
40.7892189026
61.0186691284
45.8106536865
53.8108978271
57.5293235779
39.2906074524
49.4591369629
55.8039360046
44.27866745
55.2778396606
51.5096511841
67.4632415771
59.3870925903
66.4936599731
68.4933776855
72.215713501
60.2926559448
86.3721542358
88.8924789429
85.4014358521
84.3398361206
80.4783935547
83.0688781738
81.388671875
81.2586975098
82.5572509766
85.2953186035
85.9727172852
89.0258560181
89.146446228
88.5407791138
92.252494812
88.050994873
85.9447479248
91.3209533691
90.4866485596
93.3575057983
93.3522415161
95.7538604736
94.1335830688
90.547668457
90.400604248
89.1184082031
87.2088317871
83.9373092651
83.7528305054
80.6251983643
80.775100708
81.3433151245
82.0497283936
83.5345306396
84.3428115845
83.6519088745
84.8036880493
81.7690582275
84.5540771484
83.8113098145
85.8410186768
88.0910339355
88.2580413818
92.0705718994
90.2261047363
87.2281112671
85.9668121338
88.1302185059
91.7783889771
91.508605957
89.2956466675
87.9175796509
84.9948043823
83.5404586792
83.6807479858
82.2805633545
84.6757507324
82.378616333
86.2225418091
86.8478927612
87.1530761719
91.2676086426
89.2682647705
88.6363601685
88.4683456421
89.0150909424
84.7917404175
84.5346832275
88.6532211304
85.5961761475
82.1540527344
83.8052215576
85.5318603516
81.8599014282
80.0221786499
83.5025405884
83.9239425659
79.1402206421
79.5048675537
82.1953048706
79.4030303955
77.4469680786
78.7354354858
78.460647583
74.3098602295
74.373336792
72.1876754761
74.7581710815
76.5394897461
78.3826675415
81.9123001099
83.2650375366
85.6325759888
88.057144165
90.1814651489
91.7456817627
95.1887817383
96.4738006592
94.5147247314
92.1648864746
88.8380737305
88.3097229004
84.177520752
84.7709960938
81.0719299316
79.0183029175
79.9894943237
76.9086380005
77.3432693481
74.9514465332
74.6124801636
73.1684494019
70.0793914795
70.3124389648
72.4919128418
70.7889709473
68.5882415771
70.0721817017
72.0842590332
69.7780532837
67.7679672241
69.0517196655
67.8754196167
65.2735519409
67.36302948
65.5049667358
63.6806144714
64.7335739136
66.977722168
65.536857605
64.7961959839
67.3336257935
67.9735717773
66.0942153931
67.4640274048
69.3702011108
68.5717773438
67.9401245117
69.714553833
70.7691650391
69.6518325806
70.1910018921
73.5327377319
72.6686935425
71.6861953735
73.4619522095
75.9364776611
74.4621276855
73.4655456543
71.4322814941
71.3046264648
72.5142669678
71.1673049927
68.9072494507
69.4425964355
69.5612640381
71.3543319702
72.2629699707
71.0883636475
73.813293457
72.8851623535
74.9159088135
76.3350524902
73.2527236938
70.9114074707
72.6514434814
71.079536438
73.8643035889
72.1130981445
74.2891769409
75.9448852539
75.8669509888
77.8571624756
80.4500350952
79.2798080444
76.2078170776
79.4761962891
76.435760498
79.6418762207
77.9138336182
74.2359237671
72.8603515625
71.2486419678
73.0954818726
72.6464996338
74.9568023682
72.3499298096
75.4974060059
77.6675949097
75.2699279785
76.2074508667
71.7489547729
70.231590271
68.9706802368
67.8669891357
67.9968948364
67.8573150635
66.5461883545
66.4461135864
67.1155471802
54.346157074
56.073890686
58.2740058899
55.3442382812
55.079536438
61.5582351685
55.9496955872
57.9592704773
55.9577255249
54.1753082275
55.7827796936
55.1285820007
57.957649231
55.6785621643
57.8969497681
56.4207382202
57.4659042358
62.1448631287
59.7171974182
59.3736991882
61.4343223572
58.1222000122
56.8855819702
53.3445205688
55.2314186096
52.8103065491
51.7736816406
50.055809021
54.8817634583
85.6288604736
87.8639907837
83.950630188
83.3267745972
78.9826507568
82.1119766235
80.9457778931
80.7143325806
82.7193984985
85.4803848267
85.6944274902
89.0520477295
89.5766525269
88.5087432861
92.6493606567
87.9708862305
86.0721511841
92.0728302002
91.5181121826
94.5693588257
95.0043563843
97.4115600586
95.6008300781
92.2197570801
92.426109314
91.2736358643
89.6368408203
86.4531860352
86.3335418701
82.8027648926
83.1400909424
84.0184707642
84.8495178223
86.5710601807
87.1931915283
86.1300430298
87.1908035278
83.7068481445
86.6301727295
85.8748397827
87.6338043213
89.8441848755
89.6414031982
93.4669570923
91.2320785522
88.0445404053
86.5464706421
88.9531173706
92.6859054565
92.7016372681
90.5310821533
89.3536376953
86.2203979492
85.0813217163
85.0340194702
83.6445617676
86.2676010132
83.885383606
88.2370986938
89.0359649658
89.912689209
94.1230545044
92.2898406982
91.3129577637
91.3162307739
91.2236022949
87.1028060913
86.8700332642
90.7027664185
87.2090911865
83.5876083374
85.1605072021
86.475730896
82.4992599487
80.7258911133
83.9558563232
84.0704727173
78.8284912109
79.4022293091
81.8139343262
78.3390579224
76.5035629272
77.9757080078
77.9187469482
73.5556716919
74.1897888184
71.8346557617
74.450553894
76.8586044312
78.420463562
82.1271362305
83.7705764771
86.2811126709
88.9079284668
91.4265975952
92.8988265991
96.4582748413
98.1731414795
96.3213195801
94.0930709839
90.3627700806
89.8039474487
85.2586898804
85.7374267578
81.9172210693
79.6604766846
81.5018920898
78.1780929565
79.0125656128
76.673248291
76.2803039551
74.9719238281
71.4787368774
72.3206710815
74.8349151611
72.7453765869
70.5438766479
72.7064208984
74.6736831665
72.2536010742
70.5180282593
72.1622314453
70.7109909058
67.6296768188
69.4017791748
67.2858352661
65.1268692017
65.9241027832
68.2330856323
66.6912078857
65.3645629883
67.7607345581
68.7216339111
66.1637115479
67.0254821777
69.2919311523
68.251411438
67.0130996704
68.8267059326
69.7578048706
68.4096679688
68.4862289429
72.1499252319
71.2925949097
69.5857086182
71.4476470947
74.2846755981
72.4657669067
71.9157867432
70.0420227051
71.1071395874
73.4078369141
72.2574920654
69.0743331909
70.4270095825
70.8224258423
73.1259002686
73.3817138672
71.871421814
74.8571395874
74.0801086426
75.9177932739
77.5227508545
74.1100845337
72.0541915894
73.1513824463
71.4771270752
74.1831359863
72.0330963135
74.8979187012
76.7191162109
77.4049758911
79.4572677612
82.515625
81.4431228638
78.5091705322
82.6299438477
79.5188751221
83.2825546265
81.4532928467
77.3514099121
76.1866836548
74.0362701416
75.854598999
76.1445922852
78.8967666626
76.210357666
79.6611633301
81.6103744507
78.9386901855
79.7636108398
74.7459106445
72.4888916016
71.6074905396
70.2302017212
69.5684127808
69.5157165527
67.4230270386
67.8838882446
67.9235687256
58.5957832336
60.7565040588
63.0399894714
59.916103363
55.94972229
56.0515708923
62.0471763611
56.2350616455
55.7316246033
53.6003074646
55.8111114502
55.3832206726
59.0758399963
57.1865921021
59.2985992432
58.5507278442
59.9278182983
63.887348175
61.8526802063
62.3901824951
63.8391723633
60.4874420166
59.4026565552
56.0516014099
57.9679145813
55.6119155884
53.8834190369
53.3250083923
56.0924797058
89.864616394
91.9921569824
87.9755249023
87.1507110596
82.7065124512
85.0904464722
83.5425949097
82.601272583
84.3056488037
87.6166992188
87.4907150269
90.4002914429
89.4448013306
88.6535110474
92.3539962769
87.4334030151
84.9193878174
90.57762146
88.6623840332
91.7495498657
91.888671875
93.7949676514
91.8210830688
87.9148635864
87.0434341431
85.9476089478
82.9819869995
78.7596817017
79.2269821167
75.6337127686
76.5239028931
77.6132965088
79.3163070679
81.6722793579
83.5178527832
81.5386047363
81.9268951416
78.2328186035
80.8652801514
79.1465530396
81.9625167847
84.3661956787
85.0207061768
89.0632171631
87.5088043213
84.4966125488
82.9307174683
84.8251342773
89.0662994385
88.1694869995
85.7627258301
84.0264968872
81.0649795532
79.026184082
79.9036941528
78.7314758301
81.8559112549
80.2706451416
84.2717437744
85.9319229126
85.3368530273
90.1549530029
88.5197906494
88.5498123169
89.138923645
90.5697402954
86.2683868408
84.9229507446
89.3480911255
87.1645507812
82.7415924072
83.4739074707
86.0499343872
82.6857299805
79.3222885132
83.1522445679
84.6132049561
79.2121734619
78.3844909668
81.7743530273
79.5996017456
76.5354766846
77.1976699829
75.993347168
71.0027999878
69.9422836304
67.7040176392
71.4806976318
73.0168151855
75.4442672729
80.0839996338
80.7002029419
83.9320373535
86.925743103
89.0918960571
91.5349197388
94.9335327148
95.9697036743
94.0329971313
91.3759155273
88.2630157471
86.8553009033
82.5631027222
82.4693984985
78.0795135498
75.1181716919
74.8620376587
71.3291244507
70.956413269
67.7076568604
67.6902618408
65.835319519
61.9226951599
61.3720207214
63.7378425598
61.7423858643
58.601650238
59.6581726074
62.5341186523
59.7410011292
56.3599700928
58.2256164551
57.3488883972
54.749912262
57.6151428223
56.0745849609
54.3101501465
56.1542015076
58.3559074402
56.481086731
56.8466491699
60.0311126709
60.1979827881
59.1567993164
61.6447639465
63.4522705078
63.225276947
63.3526763916
65.2635192871
67.2814865112
66.7452697754
67.6079711914
71.4235687256
71.1440505981
70.7933731079
72.5365982056
75.5472183228
75.1688690186
73.487121582
71.619758606
69.5394210815
73.0262374878
68.3890609741
64.9695968628
63.8464164734
62.3311462402
65.4363021851
67.466293335
65.0361480713
68.0066452026
65.9315643311
68.7897491455
70.1669616699
66.76953125
63.4378547668
66.616394043
64.9269638062
68.9695892334
68.1063537598
70.5657348633
73.828666687
72.0300979614
76.0035400391
79.0737380981
76.1255493164
72.1063919067
76.2728347778
73.4522705078
76.9259033203
73.2190246582
68.9138412476
67.0590515137
65.4781036377
69.6080932617
70.2906417847
74.0658340454
73.2361984253
77.0619125366
79.7854537964
76.1737365723
74.9710617065
71.2208786011
67.8370056152
66.3868408203
62.5208282471
62.8230857849
66.6857452393
65.9225158691
66.1787033081
68.4933776855
55.2293167114
56.2238693237
59.4306144714
57.5200233459
51.7736930847
55.6133308411
61.8325538635
53.8834114075
55.739528656
53.2204170227
48.3392944336
49.7281951904
47.9099349976
52.1475028992
48.9915466309
51.4450073242
49.759185791
50.9849815369
55.5612564087
53.1087532043
52.2842750549
53.7721328735
50.4518737793
48.5597648621
44.5253143311
44.8299980164
43.1270866394
43.418056488
46.2760391235
86.0857467651
88.3503036499
84.2946929932
82.5320663452
77.9305648804
79.5475387573
77.5142059326
76.1712493896
77.7080688477
81.3999710083
81.1395111084
83.8033294678
81.9954910278
81.460357666
84.8528900146
79.9703979492
77.0654449463
82.4161758423
79.8437728882
82.8700332642
82.8614044189
84.4328613281
82.4545974731
78.3982620239
77.0516052246
76.1328659058
72.7390441895
68.3471908569
69.2995071411
65.791053772
67.1372528076
68.4910812378
70.551399231
73.1436080933
75.2830734253
72.7852554321
72.6944503784
68.9493789673
71.1987380981
68.9753341675
72.0536193848
74.3888626099
75.4272384644
79.4928359985
78.3625793457
75.4932632446
74.0432357788
75.7319412231
80.0708007812
78.7460708618
76.1726379395
74.1393356323
71.3489074707
68.97265625
70.2863235474
69.3435058594
72.6323242188
71.5750274658
75.3297042847
77.4296951294
76.4462356567
81.2748260498
79.9773788452
80.3322067261
81.3061294556
83.1798400879
78.9546432495
77.1439743042
81.5398788452
79.9647445679
75.215461731
75.4848251343
78.4977264404
75.4456176758
71.479598999
75.4115600586
77.5013580322
72.0261306763
70.6255950928
74.4753417969
72.9880905151
69.3386993408
69.7159729004
68.0690765381
62.9192047119
61.0816917419
58.9027519226
63.0505104065
64.216255188
66.9135971069
71.846244812
71.9884338379
75.4640731812
78.5626831055
80.5186004639
83.4025802612
86.6573181152
87.3259429932
85.426902771
82.6721725464
79.9066085815
78.0942611694
74.0252838135
73.617805481
69.1252059937
65.9107437134
64.7896194458
61.3364982605
60.364238739
56.7796936035
57.3944168091
55.9308166504
51.6736946106
51.8361854553
53.5260772705
50.4510917664
47.5225639343
49.5608673096
50.9031066895
47.4591445923
44.7696380615
45.5962677002
44.1690139771
40.9742698669
44.8495101929
43.3414459229
41.5557060242
44.6108055115
46.5311431885
44.4429244995
45.949382782
49.5369911194
49.4323310852
49.2144088745
52.718120575
53.9468994141
54.261920929
55.0386543274
57.0067024231
59.2384223938
59.0848922729
60.4699935913
64.1391525269
63.911239624
64.3126754761
66.246055603
69.0889892578
69.2680053711
66.8165664673
64.9086608887
61.975276947
66.0474853516
60.6589202881
56.9716110229
55.4422683716
53.2577629089
56.9679756165
58.8427886963
55.7170562744
58.3596191406
55.4875221252
58.5516815186
59.7268180847
56.4370040894
52.4436607361
56.6854934692
55.100479126
59.695892334
59.5015411377
61.9140892029
65.679725647
63.3250274658
67.818572998
70.8679656982
67.3860702515
63.5451927185
67.8035202026
65.454498291
68.7948455811
64.6951599121
60.7593193054
59.1805953979
57.7289619446
61.9140396118
63.17603302
67.1306838989
66.8797225952
70.7148895264
73.2799758911
69.361038208
67.5773391724
64.2882995605
60.6202850342
59.4939918518
55.2590713501
55.2390480042
59.9507713318
59.6140670776
60.3256759644
62.9389839172
58.8403167725
58.7497406006
60.0019111633
60.8490028381
58.5881004333
61.7686080933
62.6368103027
62.2624473572
61.5142593384
58.4418029785
58.3661003113
56.7870292664
54.9635009766
54.1141166687
53.4713592529
50.9678268433
49.8054351807
50.5208053589
49.6985969543
47.7201309204
46.9749755859
48.7877807617
47.5645065308
44.9978256226
48.077419281
47.2698249817
50.2534446716
51.6273422241
53.0963287354
54.2461624146
70.0151443481
72.6865615845
68.8478622437
68.0873184204
63.7183532715
67.0475082397
65.6502761841
65.4923324585
67.223815918
70.0122375488
70.5319366455
73.8424530029
74.172668457
73.4350128174
77.4261169434
72.9957122803
70.8220977783
76.6056365967
75.9008483887
78.911819458
78.8926696777
81.4941558838
79.8892288208
76.0862579346
76.0390090942
74.6310501099
72.710647583
69.2880554199
69.019744873
65.6389007568
65.8089752197
66.4760055542
67.2977905273
68.942024231
69.8310394287
68.9504165649
70.0937957764
66.8111495972
69.8035049438
69.1101379395
71.2182235718
73.6657867432
73.7824325562
77.9324493408
75.8807983398
72.5931015015
71.3588790894
73.9502029419
77.6782913208
77.6613616943
75.1735458374
73.6686248779
70.4055633545
68.862991333
68.8505172729
67.2822952271
69.843132019
67.3950881958
71.5352249146
72.2487945557
72.617980957
76.8609848022
74.8689346313
74.207069397
74.1069717407
74.549911499
70.3400726318
70.0087966919
74.1122512817
70.9283752441
67.3184204102
68.929069519
70.5995101929
66.7140884399
64.7321624756
68.3055877686
68.619720459
63.392829895
63.8386192322
66.6085586548
63.2408714294
61.2107696533
62.7556686401
62.6406669617
57.8906936646
58.4035720825
55.6405410767
58.5109291077
60.7382278442
62.7187576294
66.5671234131
68.1745071411
70.6564483643
73.2176437378
75.5064163208
77.0601348877
80.6399230957
82.0268859863
80.0263137817
77.644241333
74.1493453979
73.6063766479
69.1961975098
69.8266372681
65.8575515747
63.6526489258
64.9713363647
61.5288276672
62.2535858154
59.7453956604
59.0468482971
57.3515014648
53.7364501953
54.052406311
56.7382202148
55.0131340027
52.3002166748
54.0588989258
56.7080459595
54.2772369385
51.7580299377
53.7243461609
52.6214599609
49.4859962463
51.705696106
49.819316864
47.3130645752
48.820438385
50.9487380981
48.7708702087
47.8623313904
50.7102661133
51.3034629822
48.4803161621
50.2667388916
52.5828361511
51.1243858337
49.9567909241
52.4898033142
53.4639625549
51.8543167114
52.2107849121
56.5174407959
55.524307251
53.7627868652
55.9206390381
59.0676956177
57.1217803955
56.4652442932
54.3627281189
54.637462616
56.8573112488
54.9154243469
51.5995368958
52.5775566101
52.8568305969
55.1381950378
56.0791511536
54.6015129089
57.9085083008
57.1002655029
59.44739151
61.2981033325
57.9475784302
55.4194946289
56.8018341064
54.7081832886
57.7904319763
55.4894180298
58.27866745
60.2912216187
60.3366966248
62.6666412354
65.5835189819
64.2276916504
60.8623199463
64.5968170166
61.361579895
64.8384246826
62.8252563477
58.6982154846
57.0755348206
55.1689453125
57.5191650391
57.1091918945
59.9088859558
57.2215919495
60.8854598999
63.4036254883
60.7244377136
61.3490638733
56.4470481873
54.1286239624
52.3763771057
50.6575050354
50.7719535828
50.7709236145
48.0199203491
47.4262275696
48.3156089783
55.3750419617
53.6269569397
53.109500885
56.0609359741
55.8470611572
57.7603874207
56.3141822815
59.1721534729
56.023639679
52.242275238
54.5170631409
54.1541023254
50.8101539612
48.5473251343
52.4074859619
48.6391792297
49.2917861938
51.4877128601
50.2172088623
50.0017662048
51.7405967712
51.4372596741
51.5495223999
48.7506561279
52.0816497803
50.8950157166
52.7476730347
52.9850654602
54.5937919617
54.1685676575
