40.1087379456
14.3869695663
39.4325294495
26.9151000977
36.2068405151
37.1921806335
33.0757789612
25.1446704865
46.5458717346
48.7237739563
48.5880889893
47.662612915
45.5922813416
46.8381271362
45.2823410034
42.5563316345
41.1977233887
36.5308837891
36.2703590393
32.3246459961
34.3867301941
37.9416999817
40.3199310303
41.4265136719
43.921585083
52.8211364746
28.8625888824
53.89087677
39.9142227173
50.9396324158
51.6736068726
47.7964363098
40.061000824
54.6637954712
56.3496131897
55.6681747437
54.8650932312
52.9262046814
53.3583602905
52.083404541
50.2309761047
48.1832008362
39.6819000244
40.9509468079
38.4594345093
38.7780685425
41.7566452026
42.6339378357
44.0358734131
45.2483253479
15.3725633621
39.6922225952
20.2413005829
23.5791606903
30.7647018433
19.3972797394
24.9659194946
24.6685295105
18.5142860413
20.5580768585
23.0559997559
24.8199558258
26.0198802948
28.918094635
30.7915210724
30.5522384644
30.3954429626
55.0787277222
53.9829444885
50.3820571899
49.7414627075
51.4110183716
52.8171920776
50.8655433655
53.9894142151
13.2444553375
29.0568885803
16.1173667908
12.2492856979
25.8175888062
13.3852682114
16.0132827759
14.015460968
20.8982086182
23.5070991516
25.3105964661
26.3537330627
26.5401859283
29.4990100861
30.6542282104
29.5640525818
29.0761566162
50.2889556885
49.2458457947
45.2846946716
45.2125320435
47.3918571472
49.095867157
47.6278305054
50.8137893677
31.006893158
9.41189575195
30.1666507721
15.5645961761
30.3795871735
27.3838710785
22.4349098206
16.3079948425
39.0774879456
41.5316581726
41.9750328064
41.548538208
39.9805641174
41.9190292358
41.0748138428
38.5416641235
37.4237709045
42.6401748657
42.0299186707
37.7604522705
39.0569801331
42.3118286133
44.5430183411
44.6726760864
47.5710372925
22.75481987
19.3745136261
24.6538829803
11.6205844879
26.2647361755
22.2527713776
21.1953620911
11.7791461945
27.6723651886
29.9635391235
30.3604011536
30.2336158752
28.9922542572
30.862859726
30.5940074921
28.6621875763
27.2738704681
39.6432266235
39.0217170715
34.9128837585
35.0367050171
37.7893180847
39.5817489624
38.8443984985
41.8786010742
31.0763282776
48.8046836853
36.6266441345
38.8805274963
33.4732666016
37.657169342
43.9552230835
35.538356781
20.844619751
19.6552391052
17.6761245728
17.6483345032
17.9546928406
16.299118042
18.098733902
20.3054428101
19.2225418091
43.2890357971
42.5784797668
40.6475143433
38.4687576294
38.5293235779
38.6550292969
35.916217804
38.1361885071
31.0763282776
48.8046836853
36.6266441345
38.8805274963
33.4732666016
37.657169342
43.9552230835
35.538356781
20.844619751
19.6552391052
17.6761245728
17.6483345032
17.9546928406
16.299118042
18.098733902
20.3054428101
19.2225418091
43.2890357971
42.5784797668
40.6475143433
38.4687576294
38.5293235779
38.6550292969
35.916217804
38.1361885071
35.4869995117
44.171421051
41.5110740662
35.7911949158
41.0343093872
40.8986778259
44.1454124451
35.7030754089
26.0516548157
25.6654987335
24.3192939758
24.7665519714
24.5970935822
23.3949890137
24.4127025604
25.6208000183
23.2277488708
39.4616775513
39.4176216125
37.537071228
35.0125541687
35.5862808228
35.4137039185
33.3367042542
35.1695785522
17.9663600922
27.837223053
20.01329422
20.3985404968
15.4138336182
20.1512565613
24.4745845795
12.0790081024
23.2000617981
25.5183620453
25.7059173584
24.4682807922
22.6084709167
25.2386322021
24.1387405396
21.1725025177
21.6072673798
37.697845459
35.7838363647
31.872423172
33.0274047852
35.1291656494
37.8399238586
36.8110084534
40.4352531433
25.9728908539
20.4103355408
28.5066509247
15.5135622025
29.6890621185
26.2039108276
25.1819248199
15.8398218155
28.7522640228
30.7325305939
30.8205051422
30.6788864136
29.390127182
30.7205047607
30.3934574127
28.7322692871
26.8838672638
37.5246658325
37.2916526794
33.3478660583
32.9397735596
35.705078125
37.1608352661
36.4557418823
39.2887001038
43.4873733521
34.6041717529
46.9950180054
32.1994590759
48.2080879211
44.5445098877
42.4202842712
35.9970855713
41.2361106873
42.074924469
41.5049209595
41.8330993652
41.0353889465
40.7195701599
40.8442955017
40.6083259583
37.9192237854
43.6025428772
44.7299385071
42.0993461609
40.0071716309
42.0358695984
41.713142395
41.0360908508
42.3262176514
46.8667488098
39.2219047546
51.2234725952
35.1883125305
54.768863678
48.4281272888
46.1053390503
40.6302146912
42.516784668
42.9482955933
42.3526725769
43.2610244751
43.0179786682
42.2094802856
43.0433540344
43.7426719666
40.5059623718
48.1425437927
49.9980926514
47.7035140991
44.4057807922
46.1608848572
44.8624305725
43.8175544739
44.5363197327
41.92212677
36.6415176392
46.6650619507
32.1339797974
48.7672042847
44.3040885925
43.184211731
36.0071754456
36.7577171326
37.1605834961
36.2804908752
36.8730239868
36.3595466614
35.425983429
36.0260848999
36.6255722046
33.3324737549
41.8764457703
43.5081100464
41.1816444397
37.8298034668
39.5112838745
38.3743476868
37.148853302
38.1464653015
17.0843677521
26.1669692993
21.2583732605
14.9207019806
23.2064094543
19.8440971375
22.5846672058
12.6371469498
19.4334526062
21.7577552795
22.2055263519
22.1556606293
21.1225032806
23.3325862885
23.4884300232
21.8531150818
20.7002506256
39.5048828125
38.5892105103
34.7140426636
34.3729820251
36.5865287781
38.2823524475
36.9132614136
40.1326332092
10.1210680008
40.3982620239
17.8084583282
25.6367378235
22.5047874451
19.1264858246
27.7393951416
22.3898086548
6.92136526108
9.97900295258
12.4055662155
13.4081449509
14.3942718506
18.2832794189
20.081035614
19.6307945251
20.4773483276
48.7489280701
47.1473846436
43.8176231384
43.3995628357
44.605304718
46.280292511
44.0884475708
47.4196014404
22.7351303101
47.7066001892
30.0671081543
35.632358551
28.5626163483
31.7507858276
39.8918647766
31.5597190857
7.63921689987
6.21530056
3.6626791954
3.8105225563
6.18987798691
9.18061065674
11.0130376816
11.9666662216
43.3305473328
41.9104957581
39.5971107483
38.0609741211
38.2272720337
39.187171936
36.3737297058
39.3363800049
20.5274810791
37.7349662781
25.9476222992
29.3824539185
19.4333057404
27.3410186768
34.1611747742
22.7874851227
15.4977064133
16.728471756
15.4690885544
13.1474819183
10.308298111
12.3925886154
10.7652511597
7.60362195969
8.41303634644
33.7854309082
31.91472435
28.8844604492
28.5565719604
29.5479316711
31.618314743
29.604101181
33.1951942444
15.6022901535
41.9708175659
22.3556690216
30.0474681854
20.3304138184
24.3811664581
33.0116691589
24.5635414124
8.17203807831
9.86123466492
9.99955463409
8.68325519562
7.91182613373
12.0973892212
12.8467407227
11.8138065338
13.5115613937
42.5580863953
40.6833686829
37.7216949463
37.3076286316
38.1068954468
39.920589447
37.6244621277
41.050983429
70.4356155396
45.4043083191
72.424079895
56.6730117798
67.1069717407
70.2701263428
66.6106491089
56.9078483582
69.204574585
70.0297088623
68.3370361328
67.1515350342
64.8248214722
63.4636230469
61.5439987183
60.2913703918
57.3866844177
36.6848449707
39.9818191528
39.7602500916
38.11460495
40.1116600037
38.9263114929
41.2190093994
40.2320861816
43.1390151978
19.1407489777
44.5555381775
27.5322322845
42.9257202148
41.8618621826
37.6676216125
28.9989852905
45.3343429565
46.9462623596
46.2849769592
45.6807632446
43.8059463501
43.9988594055
42.8392601013
41.1095924377
38.5839195251
34.1800575256
35.4137153625
32.1432914734
31.5710964203
34.8540039062
35.6039505005
36.3411102295
38.014957428
39.8505058289
30.0982608795
41.3788223267
35.804889679
30.3953819275
41.2387886047
42.3625717163
29.104227066
40.7509422302
42.1146583557
40.6050109863
38.3229026794
35.1931686401
35.2395362854
32.2132453918
29.0365333557
27.9356784821
16.338842392
14.74933815
10.4312705994
13.8371095657
17.1856975555
20.7875881195
22.075006485
25.1532211304
55.3205757141
45.8675498962
59.5346260071
49.50390625
52.2387390137
58.7556800842
59.4936103821
47.1359558105
48.942237854
48.9164848328
46.4007720947
44.7438430786
42.3143577576
39.8692436218
37.7131080627
37.2515029907
34.2526168823
17.9601173401
21.5015563965
22.3148822784
17.4177284241
17.6642570496
14.5398836136
15.4858922958
13.9379119873
56.7605400085
45.2471084595
59.9850578308
51.4442214966
50.186000824
59.5588989258
60.3408889771
47.3310623169
52.4258918762
52.7370681763
50.2876014709
48.1136550903
45.1955566406
43.2271652222
40.3395347595
38.9039230347
36.5982017517
9.87580871582
13.7385082245
15.5534830093
12.418545723
13.0122880936
11.6823139191
14.7502908707
13.9227676392
57.6254463196
43.2928466797
58.8361854553
52.7905044556
46.2969818115
58.8160934448
59.2902755737
46.5165634155
57.5318145752
58.5099372864
56.5417709351
53.9691963196
50.6803970337
49.8879394531
46.4647636414
43.6818885803
42.5617179871
14.7274827957
14.4024934769
14.9924249649
18.3667182922
20.0584449768
22.7021083832
25.8671264648
26.9509315491
43.8723144531
37.025062561
48.3565292358
37.5994033813
43.6166534424
47.2342834473
47.9181251526
36.2493934631
38.0185089111
38.2863845825
36.2085571289
35.0482826233
32.9616889954
31.1295795441
29.6585712433
29.2527427673
25.9170837402
22.9043617249
24.9440727234
23.4646224976
19.2743148804
20.7506008148
19.376625061
18.7101554871
19.6492538452
31.5744285583
28.7283420563
34.9489212036
28.3937397003
27.7147369385
34.5101737976
36.5358886719
23.2580566406
29.8633728027
31.085849762
29.5800933838
27.7764225006
25.0129547119
24.9763622284
22.7169132233
20.2137908936
18.1885643005
21.9308776855
21.2594833374
17.5585861206
16.9579162598
19.5723419189
21.6413116455
21.0592784882
24.3741054535
52.1481361389
57.1040229797
58.3296928406
53.8943901062
51.6750068665
58.6720695496
62.8172645569
50.8459777832
40.018447876
38.6871185303
35.4861450195
33.8803520203
32.177444458
28.3113975525
26.9066848755
28.5541133881
25.8934364319
28.3180389404
29.7826271057
30.8397140503
25.5950641632
23.5431995392
20.290178299
17.3495826721
16.3832893372
57.6962013245
68.2569503784
64.816116333
61.8311424255
60.6042137146
65.3250350952
70.3806838989
59.9519920349
42.6708259583
40.4672431946
37.4005241394
36.7211112976
36.336730957
32.1997566223
32.4109115601
35.5158309937
33.3128166199
43.6449165344
44.8694190979
45.754234314
40.7054481506
38.6568031311
35.6050262451
32.5238342285
31.635602951
59.1314582825
63.896697998
65.7851257324
59.6908187866
61.4633979797
65.6953582764
69.2709197998
58.4772338867
45.7937355042
44.1083106995
41.1333084106
40.3897628784
39.5341110229
35.5916366577
35.3223075867
37.7562789917
34.8827171326
39.0401191711
41.0797462463
42.0678138733
36.5930595398
34.8794555664
31.2075519562
28.6996822357
27.0816497803
43.847076416
40.4994316101
49.0567970276
38.6122550964
45.7728004456
47.9283409119
49.0796127319
38.1746940613
36.132774353
36.0323867798
33.8990097046
33.1433410645
31.5407867432
29.3481788635
28.5492649078
28.9978485107
25.4441680908
28.0723648071
30.0065917969
28.7194728851
24.2308063507
25.1010818481
23.2309608459
21.7933082581
22.4122753143
41.7503013611
43.3399505615
47.6807403564
38.469783783
45.9024162292
46.6753387451
48.6417732239
38.5986442566
32.1958351135
31.7334156036
29.6281051636
29.3449840546
28.3328075409
25.9622650146
25.997095108
27.2771091461
23.7070083618
33.3705329895
34.8804092407
33.4996643066
29.0888938904
29.6008148193
27.7963180542
25.6868171692
26.4807357788
40.5189552307
44.8196525574
46.7411575317
39.0998306274
44.5916023254
46.0572128296
48.8238716125
38.5962905884
29.9467468262
29.2663516998
26.963842392
26.5770206451
25.5941810608
22.971414566
23.0716190338
24.6425895691
21.1239814758
33.3280601501
34.5433540344
33.2352676392
28.8486881256
29.0807209015
27.3827629089
24.9339408875
25.9212036133
44.1767463684
56.0450592041
51.3916740417
47.4724998474
50.0358924866
51.4020805359
55.992980957
46.8140258789
29.7035884857
27.8159484863
25.223274231
25.3728561401
25.5352020264
22.0928382874
23.4416866302
26.6804275513
23.9875488281
42.1804962158
43.0125656128
42.3043746948
37.8300018311
37.0800361633
35.0928878784
31.9595165253
32.5784416199
44.1767463684
56.0450592041
51.3916740417
47.4724998474
50.0358924866
51.4020805359
55.992980957
46.8140258789
29.7035884857
27.8159484863
25.223274231
25.3728561401
25.5352020264
22.0928382874
23.4416866302
26.6804275513
23.9875488281
42.1804962158
43.0125656128
42.3043746948
37.8300018311
37.0800361633
35.0928878784
31.9595165253
32.5784416199
53.8548202515
56.6030578613
60.3335762024
51.8125534058
58.3674736023
59.5583572388
61.9411964417
52.2633476257
41.775554657
40.4837303162
38.0245285034
37.9142875671
37.3697319031
34.056427002
34.3862762451
36.662815094
33.3377876282
40.2514266968
42.3846664429
42.2898788452
37.0374832153
36.418006897
33.2540054321
30.9728622437
30.1543655396
62.0531730652
60.0771942139
68.0764083862
58.1323204041
64.7662811279
67.1570358276
68.7257080078
58.4041595459
50.936416626
49.8192710876
47.2296676636
46.7416381836
45.7352371216
42.3356781006
41.9912490845
43.7732582092
40.4054412842
39.3323554993
42.2150115967
42.8968009949
37.3848190308
36.5622558594
32.6984672546
31.1943302155
29.2206878662
63.5230751038
57.9517173767
69.0581665039
57.9417266846
65.1600036621
67.945526123
68.7668685913
58.1689567566
53.7197265625
52.9037818909
50.3640785217
49.6822166443
48.3552093506
45.1635169983
44.4295387268
45.698638916
42.2754173279
36.7050094604
39.9624519348
40.7585678101
35.3662376404
34.8139228821
30.9028530121
30.0611801147
27.8107681274
