139.855422974
152.176223755
75.6421203613
187.254333496
91.9413452148
89.0367202759
97.7646331787
86.2447738647
82.3339385986
79.6805725098
85.5040664673
93.314956665
81.5314178467
96.4771728516
86.4706878662
83.1876983643
81.5914001465
79.8575515747
96.8351669312
85.1250076294
86.4227905273
87.7614135742
97.3933944702
93.2720336914
83.9788665771
91.8025360107
97.575630188
96.138633728
99.407585144
100.938964844
101.835449219
89.4663619995
86.7980651855
89.0559463501
85.0804977417
85.7894515991
82.150138855
82.6692123413
79.1772994995
74.5206069946
84.6251907349
75.8303756714
88.2026824951
94.2678070068
75.4157180786
78.5446243286
76.12840271
93.4214782715
78.4415512085
76.6036224365
96.3329925537
102.657241821
83.5514221191
85.9868774414
84.6716156006
77.1056060791
80.301322937
81.6917648315
81.4927215576
76.6510009766
78.9780273438
84.3087997437
78.9084243774
87.0012664795
87.8838043213
82.245300293
92.5916442871
87.5015182495
78.8796157837
89.1844558716
92.9255752563
97.8679733276
85.3930587769
90.064743042
89.4146957397
91.5346069336
90.0171279907
90.8972244263
89.2464294434
83.9479751587
97.1680526733
90.7188491821
92.5496444702
92.5032730103
89.9600906372
92.4742355347
84.4509429932
94.5805511475
95.5992889404
78.3473358154
82.6181945801
77.7442626953
87.8689498901
88.5944671631
97.4804534912
110.51927948
95.3574905396
84.2863464355
92.4555435181
93.3904037476
92.8752822876
82.6153182983
94.495475769
111.917823792
91.9677352905
89.0126953125
90.1489181519
88.3566894531
85.8642654419
83.727142334
89.4808425903
95.8918075562
93.0877609253
92.2698745728
97.0402450562
98.9054260254
86.1357650757
88.9769515991
101.200119019
89.2752304077
83.0216140747
99.4575195312
83.1893234253
84.4755935669
85.6674346924
98.4205474854
88.4328765869
88.7582321167
94.1638259888
111.147102356
96.2962875366
95.3731307983
95.3264846802
92.6037063599
105.27596283
93.6510925293
92.7067337036
91.3395767212
85.8593444824
88.9548034668
91.8588638306
104.346191406
91.4893264771
93.2872238159
93.7952270508
94.5562057495
105.698989868
107.807304382
94.6533432007
94.6307067871
92.7911529541
94.5733032227
92.9722900391
90.4445571899
102.731132507
94.014503479
93.9235229492
96.0126953125
89.551361084
90.8852233887
103.899147034
88.6025314331
90.3738479614
86.2854385376
94.1467666626
88.104675293
88.589263916
90.3806381226
84.3792648315
85.1672897339
92.4575500488
82.7099609375
87.7163543701
97.573638916
84.744430542
81.1748046875
88.9629364014
89.5621566772
81.6225891113
94.0769271851
103.87033844
103.472755432
90.2088775635
90.8805389404
95.2680587769
98.766960144
105.622894287
102.337783813
116.146484375
101.960754395
101.849151611
97.831413269
97.0255889893
119.950294495
101.25743103
101.498916626
115.431915283
97.2848739624
97.9452590942
105.746559143
93.2978820801
104.027679443
238.266540527
236.858261108
269.830657959
249.967025757
141.183685303
155.849090576
66.5690765381
196.76902771
84.1515808105
82.756362915
91.6759643555
80.3535461426
74.5721740723
74.5246658325
81.255065918
94.2786026001
81.8771133423
97.1937484741
86.9824295044
80.8893051147
79.2204284668
79.3469009399
96.2843399048
82.1543655396
84.6103820801
86.9033050537
95.2133865356
90.1599655151
81.184753418
89.6337814331
95.6379623413
92.8897247314
95.9942626953
96.5696258545
97.9640655518
83.1892547607
81.6161727905
82.0123672485
77.9221191406
80.5719223022
73.3986968994
77.0191192627
69.7397918701
67.7406921387
82.2082519531
84.3088226318
76.1294631958
90.7595367432
96.2290039062
74.2513275146
79.3913879395
76.4064025879
92.9609527588
77.1827011108
76.5271072388
96.2840805054
102.456100464
80.1027069092
80.3644180298
79.5691452026
66.5962371826
71.2614364624
68.708770752
66.3522949219
60.8064155579
62.8113670349
57.4844474792
65.3972854614
68.2535629272
64.7796096802
75.1398086548
66.9488372803
61.3932380676
73.2590026855
76.8784332275
83.5137710571
71.2835083008
75.5442733765
74.2886810303
79.6352081299
78.2754592896
76.8211669922
76.7158279419
72.9642562866
88.0123672485
80.516746521
82.5394973755
83.6173934937
81.0020599365
86.7464904785
76.7493591309
91.4842224121
93.467124939
68.4977340698
74.7638092041
64.3866500854
75.1643218994
75.2612304688
82.8899383545
99.018661499
79.5813217163
69.048614502
79.9587478638
78.658203125
78.2543182373
68.9254608154
82.8619766235
104.205848694
80.7321548462
78.5907516479
82.4518814087
80.9208831787
80.8703918457
77.0587539673
85.0513687134
91.3871841431
87.9021987915
85.7157287598
89.9674606323
93.2074584961
79.731803894
80.1363677979
96.0456390381
83.368270874
77.8990936279
95.8102416992
79.7566223145
79.9222640991
80.0156555176
96.2947158813
85.7032470703
84.3408355713
90.0910263062
110.047927856
93.571182251
93.741317749
93.1255493164
89.7852783203
104.214042664
91.0015945435
87.4151992798
85.7674942017
77.5177383423
78.7824325562
81.9846420288
94.6145553589
77.7588424683
81.3252563477
83.3769226074
84.241394043
96.6600875854
101.288085938
85.4381256104
87.6066055298
86.4073867798
89.3220291138
87.6469268799
87.5522994995
100.905471802
92.3925094604
93.1346817017
94.8795623779
89.1395721436
89.928565979
105.643814087
88.2499237061
89.8849945068
85.2639694214
95.6795272827
88.8754730225
87.4002914429
89.6620559692
84.4041213989
84.2899093628
90.8572616577
81.2045211792
87.6857070923
97.5476455688
81.8403778076
79.6273422241
86.6180343628
86.2138900757
76.1615524292
90.7394866943
100.972038269
99.2350997925
84.7550201416
85.8233795166
89.7920074463
91.8391265869
100.493942261
96.5611877441
111.779525757
95.3620910645
94.7945175171
88.4697494507
86.6260452271
112.338821411
89.2805480957
90.3985977173
107.337265015
87.2977371216
89.5593338013
98.6497039795
85.3146057129
97.5355682373
258.356170654
254.331924438
289.175109863
266.582550049
137.269042969
153.584747314
54.6561203003
198.927062988
73.8189315796
74.1374282837
85.1252746582
75.6667098999
70.1448822021
74.1089630127
83.6630401611
96.7698364258
83.6057739258
97.8548431396
85.8683776855
78.0638046265
76.2576217651
76.3535461426
93.2824630737
76.3980560303
79.8125228882
82.2628326416
89.708442688
83.4031295776
75.0574417114
82.5483627319
88.037322998
83.9164047241
88.1102294922
87.2423706055
90.2427597046
74.5258331299
75.1053771973
74.5542526245
71.8908920288
77.6207122803
70.6658935547
78.4126586914
73.1776199341
73.3254852295
88.9075012207
90.0647583008
80.0272750854
93.5225601196
97.6441192627
75.4486465454
81.2491836548
75.6900558472
91.9748001099
76.9698791504
76.0168533325
94.1715774536
100.145484924
76.2728118896
76.998046875
78.6623306274
64.8600158691
74.9991073608
70.2102355957
74.8334884644
67.4640884399
73.009979248
75.5442352295
63.7218170166
71.8314208984
71.4038848877
64.8438339233
73.1225662231
68.9792480469
61.9701576233
68.9074325562
71.8017349243
80.800567627
65.5764541626
66.0408630371
72.5193557739
67.9021682739
64.9290237427
68.6061706543
64.393913269
77.493637085
69.9379882812
71.1160812378
73.7492370605
72.4965286255
80.2103729248
71.6336288452
89.1966934204
93.4656829834
66.802696228
76.2338180542
66.2051925659
74.3677825928
71.0805587769
78.991317749
94.1620254517
72.4920578003
59.8680763245
71.9495849609
69.2351531982
66.3191146851
56.3935966492
72.3491897583
95.8186950684
69.3935852051
70.1110076904
74.4794235229
76.0121612549
76.6661758423
74.2855453491
84.0000305176
89.7296295166
84.838684082
81.567855835
86.8819885254
91.7551193237
78.6070327759
78.5386657715
97.0749664307
85.2921676636
80.0891952515
97.1908721924
80.1605529785
82.8007736206
80.7734375
97.3071975708
87.2713623047
86.8318634033
91.0322952271
111.406036377
93.1846008301
92.617767334
91.0354690552
88.1317062378
102.990921021
87.474029541
83.1201248169
79.8159484863
70.7744979858
69.7589950562
74.9673538208
88.6922225952
70.9735565186
76.2119598389
80.0203933716
80.261505127
91.641998291
96.3470306396
77.0577926636
80.6459274292
78.3602523804
82.7310562134
82.2397155762
82.809928894
98.3497390747
90.3516998291
91.6183776855
94.6263275146
88.9558944702
90.3391189575
108.187545776
89.5637741089
92.755645752
87.8409347534
98.271270752
90.0864944458
87.7513580322
90.8136672974
84.7584762573
83.181060791
89.5709838867
80.3236999512
85.2831344604
94.448677063
78.7239685059
75.9602584839
81.6922302246
80.4461288452
69.9021987915
84.9585189819
94.7944030762
92.7942886353
76.1956863403
76.4444122314
80.477142334
82.333732605
91.4153442383
86.8169937134
102.550880432
85.5950622559
85.1929016113
77.34009552
76.4450683594
103.857551575
77.9028778076
80.644203186
99.8823928833
78.0785675049
80.3719787598
88.6740341187
74.9722900391
87.0356140137
267.422424316
264.334777832
298.78125
277.71295166
133.921112061
149.58442688
53.0488510132
193.829910278
73.0075302124
70.515007019
80.6472396851
67.8377532959
61.1871376038
62.0247383118
68.8795700073
83.5891113281
69.9063720703
85.8407211304
73.861907959
66.2849655151
66.5038452148
66.6855239868
83.8775100708
68.3402709961
72.6371917725
74.411529541
82.7677078247
78.0779876709
69.4380264282
76.7926559448
83.4250869751
79.7232131958
83.7122268677
84.1100387573
86.4092102051
71.7896728516
70.078918457
72.2434692383
68.3423538208
70.8662948608
63.394241333
67.7287139893
59.1742630005
58.0581588745
76.4032211304
77.7442779541
66.8565979004
81.7269058228
87.1207275391
65.4962234497
71.0259094238
65.4418182373
84.4521331787
69.4935455322
67.0854492188
87.8403015137
95.1584625244
70.8381500244
72.4344787598
72.5520706177
59.9766311646
65.6513900757
62.1901321411
62.4477081299
51.9729957581
57.8099937439
64.3866653442
54.0862770081
61.5425033569
60.7816009521
52.1756820679
66.3797683716
61.934463501
51.6601295471
62.6632614136
69.4803314209
77.8020629883
61.6187286377
66.2052307129
67.6711654663
72.3896560669
68.3902282715
67.8528518677
69.9788284302
64.3567657471
78.8431854248
69.6396789551
70.3289108276
70.4761810303
67.3245010376
72.8701095581
60.9084243774
77.7629776001
79.6942901611
52.5945701599
58.4833755493
58.7773742676
60.1348457336
70.5063476562
87.324180603
67.5340499878
55.6515808105
65.4362258911
64.8635940552
66.2766265869
55.1934738159
68.2482070923
91.4543151855
66.7066497803
63.2448196411
66.7270507812
64.1853942871
64.2247772217
59.2734603882
68.5562133789
75.1252670288
70.9051132202
68.2946166992
73.0782699585
76.8889541626
62.26197052
62.65650177
80.7255172729
67.4780731201
62.0160980225
80.9046096802
63.4629135132
64.5903244019
63.4136199951
81.253944397
70.1759643555
69.011756897
74.3153839111
96.2407150269
77.6799316406
77.7113418579
76.8326339722
73.3662719727
89.495765686
74.8020858765
70.612411499
69.2502746582
59.8976821899
62.0786895752
65.8333969116
79.6911087036
62.3393516541
64.849822998
66.4255218506
67.3134155273
81.2553100586
86.2591934204
68.5786209106
70.5839614868
69.8824005127
72.983757019
70.6210632324
70.9454727173
85.4773101807
76.5274276733
77.4421920776
79.551071167
73.7098922729
74.4496002197
92.6629867554
73.4119949341
76.0220108032
70.8756942749
82.7105255127
74.6021270752
72.0924911499
75.1433868408
70.0641937256
68.5758972168
75.5098648071
66.1221160889
72.7530212402
82.8079910278
65.8129043579
64.3587417603
70.9287261963
70.0925521851
59.9545707703
76.5174484253
87.0017471313
85.1002578735
70.1780471802
71.2084655762
74.5135192871
77.4877471924
87.7374725342
82.9736022949
99.2327880859
80.6156463623
79.8877792358
73.3427429199
71.0699081421
99.3957824707
74.4968414307
74.7746124268
93.4015274048
70.8191299438
73.2440109253
83.6476821899
68.5908126831
82.5914535522
260.485870361
256.074401855
294.2159729
269.52243042
134.201965332
148.342102051
55.5677642822
190.863677979
79.2124786377
76.1315917969
88.7991714478
76.6488723755
74.1025161743
74.6672210693
82.7130050659
92.2477035522
76.1821517944
90.0922164917
74.3744125366
66.8938827515
71.0703048706
67.4178390503
81.4267807007
68.3715820312
73.8004074097
71.7901306152
79.2164306641
77.4230194092
69.8291702271
71.7259674072
78.4943389893
74.0460739136
81.019569397
82.1931533813
86.7209014893
76.0832977295
75.6293258667
80.3757171631
79.2711791992
81.7844161987
78.5878601074
83.0685653687
78.6129455566
76.3544616699
91.8330917358
90.4445419312
79.2901229858
89.2332611084
94.1160430908
77.0664520264
79.7660064697
70.8240661621
90.9952697754
78.6192703247
72.7403793335
91.8235855103
100.085800171
78.5584259033
83.1154403687
85.1839828491
76.8475875854
83.5695877075
81.9031982422
84.3490905762
75.9367523193
80.9092559814
87.5522918701
78.5692520142
85.9257888794
84.2355957031
74.7874298096
87.1770248413
85.1899490356
74.9314117432
82.8784713745
88.7280502319
96.1958389282
80.4675979614
82.8099212646
85.2657852173
87.78565979
82.2090530396
82.4259262085
84.7588119507
77.3100204468
88.4772109985
79.8636627197
77.654335022
76.4183731079
76.384475708
78.7581253052
70.53956604
83.8380432129
87.8688735962
69.2638015747
74.0637664795
70.9454650879
77.6589813232
77.8907928467
88.2304534912
100.760345459
84.2645339966
72.8836135864
78.4467315674
77.9059066772
80.0374145508
67.8801040649
76.3636856079
95.771774292
74.411781311
72.3963775635
70.3305358887
69.3221435547
65.0053100586
61.1767044067
67.7974395752
71.3880462646
63.2198295593
65.8547058105
71.3595352173
74.5929489136
61.7297515869
67.6578903198
87.2057800293
76.1686782837
68.5697402954
81.8243637085
62.3783798218
68.2012863159
65.6669692993
78.242805481
67.7018432617
69.5802688599
72.0414199829
90.6645584106
70.4331359863
67.1402511597
65.642539978
64.3541183472
80.5015029907
65.9451599121
65.9841918945
65.9964447021
61.8740577698
65.1228790283
74.3010177612
87.6808319092
74.7994918823
74.2900085449
75.7057342529
72.9634475708
85.2887954712
88.308013916
68.7236785889
66.5301208496
65.2459869385
64.1526565552
60.2017707825
71.5129928589
63.8028144836
64.7642593384
69.8806838989
63.7141494751
65.0450592041
86.4716415405
67.1191635132
73.48046875
70.6118469238
80.4751663208
69.0739898682
66.1008682251
72.6258392334
65.5719833374
58.703086853
67.9810791016
62.9805870056
63.0709075928
71.4078445435
60.6632423401
58.6725311279
59.5492286682
60.7743911743
58.7864875793
71.3697967529
79.934928894
80.6451644897
69.1262512207
66.9804611206
68.6460723877
76.3624420166
86.5868148804
80.0012359619
95.7928695679
75.9058227539
76.3876419067
72.9165802002
73.4539031982
99.7743835449
77.8761749268
76.5447845459
95.3978347778
70.5875396729
70.411277771
79.9984741211
61.512928009
76.66847229
252.066650391
250.8409729
285.053894043
264.314605713
137.718582153
150.590255737
67.2749557495
188.776473999
87.6620864868
84.0212631226
94.5379867554
82.51512146
79.7306442261
78.8556213379
85.3590545654
94.0832672119
78.5891036987
92.6034088135
78.0775299072
72.0719604492
76.5196838379
73.3008041382
87.0599060059
75.9315948486
80.5108642578
79.0475997925
87.0369949341
85.4873275757
78.0454025269
81.2240905762
88.1182785034
84.919921875
90.2273178101
91.7697753906
94.7658996582
84.5520172119
82.8259735107
87.5372848511
85.5241241455
86.6745910645
83.6884536743
86.8942260742
82.2779159546
79.3174285889
94.0064620972
92.4575424194
82.0424575806
91.266166687
96.5653076172
81.1098937988
83.1989593506
75.3938446045
94.9186019897
83.368309021
77.6750869751
96.4442749023
104.4193573
84.4967727661
88.7469482422
89.663269043
82.3801269531
87.4657058716
86.4251708984
87.5836334229
79.9054260254
84.0680084229
90.8572692871
83.2975158691
90.3003082275
88.9985275269
80.3116836548
92.5068588257
90.0456924438
80.2040405273
88.2313766479
94.2341918945
100.605041504
86.1583251953
89.5709991455
91.5836410522
93.4041824341
88.8810958862
89.9577941895
91.3765487671
84.6388473511
95.9461288452
87.5889205933
86.6036376953
84.8507995605
83.7885665894
85.3951034546
76.8760528564
87.8459396362
90.8256072998
74.0949783325
77.5360641479
75.5098648071
82.4694519043
83.6288757324
93.6255722046
105.779685974
91.0703964233
80.2387924194
85.8679580688
86.1816253662
88.0273666382
76.8027648926
85.5046844482
103.096763611
83.614730835
80.4588165283
78.9119033813
76.1939086914
71.5866699219
67.2707595825
71.7672576904
77.1236495972
71.9699859619
74.2113876343
79.2842941284
80.9265365601
67.4609985352
73.8174362183
90.431312561
79.1791305542
71.2894592285
84.0394821167
64.7965316772
70.4057006836
69.776550293
81.5179977417
70.7667541504
72.8178787231
76.547164917
93.7966537476
75.8408889771
73.807258606
73.3714675903
70.6674041748
85.8093719482
73.814491272
74.5916061401
75.4844894409
71.1470870972
75.3837432861
82.0978851318
94.4177246094
82.7686004639
82.0526428223
82.2497406006
80.6205825806
92.9603500366
95.7183380127
79.3108444214
77.3128662109
76.654510498
75.9467391968
72.0169067383
67.9810791016
81.2685699463
70.9407653809
71.4785308838
74.4701766968
68.5888824463
70.0669326782
88.5432357788
70.0262680054
74.8701705933
71.9625473022
81.1303787231
71.080329895
68.2718887329
73.561416626
67.4420013428
62.7169685364
65.9527816772
68.5499725342
78.4475402832
66.4538192749
65.377784729
69.8818588257
71.3677062988
67.6521835327
80.0918502808
89.3912734985
89.7779846191
78.8647994995
78.1613693237
80.4531021118
86.4867095947
95.7266311646
90.672744751
105.087753296
87.6370925903
87.4367218018
84.5079498291
84.1943893433
108.240394592
89.0385894775
87.6424102783
103.807312012
82.0194549561
82.1761398315
91.4506225586
75.2422332764
89.1953048706
244.03427124
242.60269165
271.846374512
254.78968811
130.831665039
146.188018799
45.8782234192
192.163330078
71.1124343872
67.5867233276
81.3152160645
67.6896743774
65.7034988403
65.3788604736
74.7178955078
84.056022644
66.2218017578
81.0748519897
63.8285942078
57.0840568542
60.2766151428
55.4263725281
71.8283691406
58.5863761902
63.0078086853
61.2714500427
71.0329589844
68.5139312744
59.1575889587
63.1516685486
70.9619140625
67.1317062378
74.0353240967
75.8056259155
79.6342468262
67.0956573486
65.9641036987
70.8911895752
69.5065383911
72.052772522
69.4185180664
74.0040283203
70.2670822144
67.5016708374
82.9870834351
81.1748046875
69.2767410278
79.4907302856
84.8421401978
66.1931152344
68.5259246826
58.856502533
80.8563461304
66.9816741943
60.5656776428
81.5902404785
90.544670105
67.6756210327
72.7821884155
74.9820785522
66.5676422119
74.146522522
73.3055725098
76.0870895386
68.2918319702
73.1742401123
79.6273345947
70.5478134155
79.2598800659
78.221321106
69.1898803711
81.4991531372
78.3857040405
67.3289031982
76.6318588257
82.0441741943
89.3007354736
72.8397521973
75.9602432251
77.1106338501
79.5190124512
74.50415802
74.8457107544
75.8045959473
67.7562866211
80.8978347778
72.0563964844
70.8261871338
69.9995269775
69.7087097168
71.8436737061
63.7691764832
76.3931121826
81.1730117798
61.7917366028
67.5717163086
64.3587493896
72.9802093506
72.8184814453
83.9024658203
97.7911300659
79.9031143188
66.9027481079
74.2754440308
74.136428833
74.5921173096
61.2911262512
72.9590301514
93.3655929565
69.3872451782
67.3491821289
65.6812362671
64.96849823
60.097858429
58.7855377197
65.3726730347
71.9030151367
65.9671554565
66.8794021606
73.17943573
76.3227996826
62.0058059692
67.1976089478
85.4195480347
72.6901168823
64.8106689453
80.6604766846
59.4340248108
65.4524612427
64.5914001465
78.778968811
67.0109863281
68.9053726196
73.2626419067
93.0620574951
72.4116973877
69.4213027954
68.9198303223
66.3791275024
82.0878982544
65.9600524902
65.6783065796
63.9865455627
59.2928581238
62.4180641174
70.9635238647
86.2199935913
72.1373519897
73.0635757446
74.1929550171
72.7247390747
85.3843307495
88.1725463867
68.3249282837
67.1012191772
64.3480987549
64.3403244019
62.9671554565
58.6725311279
75.7819671631
65.6670227051
66.4202651978
71.0314178467
63.4975852966
65.6324539185
85.852142334
65.4840240479
70.6016693115
66.6929931641
76.1014022827
65.0227584839
63.8737564087
68.2198562622
59.058681488
56.1650238037
65.3777923584
55.2955665588
56.771522522
68.4589309692
54.457408905
55.5084457397
57.7603569031
51.7792053223
64.4929275513
76.5261917114
77.5139312744
62.9451828003
61.1325340271
65.4303512573
72.4629974365
81.7741012573
75.839263916
93.3372192383
73.8833389282
74.6361083984
70.6121902466
71.6698303223
99.5588684082
76.3291244507
76.4666671753
95.8009643555
70.8444595337
70.5730361938
79.8611373901
61.2230224609
75.5765914917
256.460571289
256.544372559
292.820709229
270.799346924
