22.2031574249
19.4958496094
16.3245029449
13.085149765
10.2627811432
7.17908382416
3.94727659225
4.40908384323
7.52761697769
10.2418575287
26.2740116119
30.1740684509
27.8560829163
30.1260375977
33.4040794373
35.5683784485
36.8231315613
38.5259628296
39.4402923584
41.4156112671
41.0717277527
41.6591720581
42.4628372192
42.542552948
44.0271453857
44.2777481079
50.6055755615
49.9022331238
48.6195755005
47.8104705811
46.4662284851
45.7309265137
45.340423584
45.308391571
44.9338607788
45.1706314087
21.8541908264
20.012714386
18.7221221924
17.7110671997
17.852848053
17.3887767792
17.8718528748
18.8819522858
20.364151001
21.2951145172
23.1210594177
22.8511199951
28.00233078
27.795293808
31.6895656586
32.4736862183
35.8763504028
36.3077926636
38.355506897
39.0853309631
42.1620368958
41.8502960205
42.9542617798
44.3338890076
44.9679679871
46.8053436279
47.9151992798
56.030834198
55.6088867188
54.2907829285
53.8593215942
52.1006393433
51.4489326477
50.8882026672
50.5005722046
49.9035186768
49.9485702515
24.7399654388
23.9556694031
23.9383163452
23.9775238037
24.8946151733
25.2952136993
26.1359901428
27.384103775
28.7747955322
29.8687648773
31.1322059631
24.4842987061
29.6105766296
30.2379341125
34.2204818726
33.489730835
37.0986595154
36.8699302673
38.7040519714
39.0285568237
42.2447319031
41.845954895
42.9869003296
44.4316940308
45.2231750488
47.0796737671
48.4923248291
57.2471542358
56.9972915649
55.8358573914
55.5450019836
53.7546615601
53.207069397
52.6918029785
52.3446159363
51.7318344116
51.9134712219
25.0744972229
24.4461345673
24.5666675568
24.4733867645
25.1590557098
25.9125556946
26.4685783386
27.6022853851
28.6715354919
30.0421943665
30.4832725525
21.2339916229
26.4665622711
26.622756958
30.0894412994
28.6962947845
32.1066970825
31.4654483795
32.8426246643
32.5190963745
35.7217903137
34.8549499512
35.9836044312
37.4232025146
38.1470298767
40.1509971619
41.5865974426
51.1908569336
51.0657463074
50.3250083923
50.2223167419
48.848400116
48.4961585999
48.1841087341
48.1082839966
47.6891784668
48.1076850891
30.4581451416
30.1046638489
30.3818702698
30.3587799072
30.9224300385
31.7415771484
32.0716438293
32.9897956848
33.7224121094
35.0187301636
34.8198204041
21.9992866516
26.5118312836
26.9060630798
29.8406677246
27.3388824463
30.4860630035
29.2758483887
30.1978092194
29.3465232849
32.4630393982
31.4063224792
32.4989242554
33.9440727234
34.772441864
36.8152923584
38.5039253235
48.9803695679
49.0436286926
48.6501693726
48.7540206909
47.645866394
47.4451522827
47.2802200317
47.3687591553
47.0758171082
47.6951370239
25.5134391785
23.8255805969
22.6543598175
21.3014774323
20.9106960297
20.2677898407
20.0495872498
20.3659095764
20.9191837311
21.6683139801
22.0091896057
15.5212688446
20.878238678
20.8235645294
24.7539367676
24.9514770508
28.4400672913
28.7199401855
30.6963691711
31.3897361755
34.6181678772
34.4043998718
35.6633377075
37.2886276245
38.1992683411
40.2925949097
41.669921875
51.2246322632
50.9646949768
49.9999313354
49.7768821716
48.2658157349
47.7407684326
47.3328742981
47.140663147
46.6317214966
46.9550895691
21.1041126251
20.9283332825
21.1237106323
21.5129203796
22.3093318939
24.3823261261
25.2677574158
26.9549217224
28.3808078766
30.6131076813
31.309463501
31.5449180603
36.3450393677
34.3992538452
36.2580413818
36.0718460083
38.3763465881
37.8383026123
38.3119430542
36.9019584656
39.0542602539
36.7494735718
37.3157730103
37.8669052124
37.444896698
39.0018844604
39.1507606506
46.0906906128
45.8205986023
45.4488754272
45.2553482056
44.549987793
44.5150642395
44.4810562134
44.8115501404
44.8736343384
45.3005752563
35.74451828
34.3852882385
33.4754257202
32.1774520874
31.5149421692
30.7836494446
29.9765892029
29.6090431213
29.2114677429
29.4551448822
28.1416072845
9.68404388428
13.5759410858
15.0404005051
18.6003780365
16.427280426
20.0659141541
19.6868667603
21.5271720886
22.3207740784
25.9096317291
26.3331661224
27.8890838623
30.0645542145
31.7290649414
34.200553894
36.2664260864
48.1202278137
48.1967048645
47.7394447327
47.9349975586
46.7601509094
46.4522132874
46.2310333252
46.263004303
45.8964614868
46.5570297241
37.4117202759
35.5035133362
33.7323379517
31.4752445221
29.6324863434
28.3301239014
26.4395027161
25.0186862946
23.4232997894
23.4602241516
20.3691959381
13.1490325928
14.5233097076
11.1246805191
11.0858945847
12.9395122528
14.1228885651
15.1584224701
16.0808105469
16.6320838928
18.9793071747
18.381319046
19.647069931
21.5245189667
22.7115135193
25.3444004059
26.6284675598
38.5560874939
38.579044342
38.651638031
39.049659729
38.7508621216
38.6103439331
38.8110733032
39.3963623047
39.5989608765
40.5249786377
36.2438697815
34.1168136597
32.163898468
29.7942142487
28.0157375336
25.9905033112
24.1225261688
22.4917201996
20.9875659943
20.2089118958
17.8961105347
5.87799358368
8.7802772522
8.19270515442
12.161813736
14.2524824142
17.2360115051
18.8003616333
21.1324863434
23.1048603058
26.2062931061
26.9714202881
28.462594986
30.4944343567
31.9154777527
34.2209434509
35.8299484253
46.7703514099
46.6137008667
45.9403114319
45.9361190796
44.6978797913
44.1752204895
43.9231643677
43.9066505432
43.5491600037
44.1400375366
32.0776557922
29.9088077545
27.9080104828
25.5123558044
23.7680568695
21.8644142151
20.1015663147
18.6898536682
17.4631710052
17.1057624817
15.2414197922
8.31373500824
12.6521921158
11.3051681519
14.9226093292
16.9851703644
19.9706420898
21.2546195984
23.387424469
24.8317565918
27.8678035736
28.1089439392
29.4778690338
31.3170967102
32.4492378235
34.7205429077
36.1026306152
46.4701843262
46.2332229614
45.4951248169
45.3974838257
44.1837387085
43.6652297974
43.4228286743
43.4199485779
43.0887985229
43.6224441528
36.5704574585
34.5445213318
32.7436752319
30.7886161804
29.5417118073
27.463054657
26.231338501
25.119758606
24.4747581482
23.5077724457
23.1247425079
16.0924472809
18.6518707275
19.8973121643
23.8522529602
25.04961586
28.2204246521
29.3250083923
31.8949432373
33.9511108398
37.0131568909
38.0301513672
39.4092254639
41.268825531
42.635269165
44.636882782
46.2644767761
55.9877319336
55.7307014465
54.5690002441
54.3272094727
52.5296516418
51.8430595398
51.2906723022
50.8822135925
50.1750030518
50.4414405823
40.6618270874
38.5557975769
36.6252593994
34.4705734253
32.938949585
30.6104774475
29.0373344421
27.4960269928
26.3545436859
24.9875221252
23.9288825989
15.9512958527
17.0337371826
18.5676879883
22.1376514435
23.6463031769
26.4667320251
27.8502349854
30.4703941345
32.9171028137
35.8261795044
37.202167511
38.6056022644
40.5341835022
42.038848877
44.0277404785
45.7187309265
55.6751823425
55.457862854
54.3537902832
54.174446106
52.3987846375
51.7024765015
51.1610984802
50.7693252563
50.0551490784
50.3903427124
53.4309997559
52.1241569519
51.043800354
49.8072662354
48.5862503052
48.3399887085
47.2693786621
46.3969726562
45.1234207153
45.8511505127
43.0616989136
37.9748497009
37.3096237183
35.5311279297
33.4753684998
32.6619911194
31.2311897278
29.9066581726
28.257686615
26.6518917084
24.0865688324
21.8974781036
19.0981178284
16.0261478424
13.3647670746
10.0120134354
7.67104721069
10.7084102631
12.1749582291
14.4374637604
16.7046394348
18.3387031555
19.7975978851
21.5569152832
23.7296333313
25.5789909363
28.1132297516
56.7054443359
55.4544792175
54.4968147278
53.4301338196
52.3220443726
52.2665634155
51.3877487183
50.6055679321
49.458694458
50.1384048462
47.771194458
45.3349914551
44.9504585266
43.0816459656
41.2949752808
40.8940010071
39.5227851868
38.2075119019
36.806804657
35.4096755981
32.9424629211
31.0068359375
28.3035163879
25.3040447235
22.4584922791
18.9806232452
16.8517417908
5.05816698074
7.71908473969
10.829413414
13.0790605545
15.3866500854
17.7456703186
20.2795982361
22.8791694641
25.4527626038
56.0705451965
54.8375968933
53.7946357727
52.7369155884
51.5860977173
51.5285873413
50.6631088257
49.9022293091
48.7865219116
49.532459259
47.1778030396
45.3417129517
45.0467529297
43.129650116
41.3952636719
41.2634811401
39.851020813
38.6398696899
37.2759933472
35.9809074402
33.7889633179
31.772851944
29.1437168121
26.2106533051
23.3922271729
20.0403556824
17.9234466553
5.05816602707
6.11239051819
8.32012939453
10.9015655518
12.9719924927
15.3694429398
17.9776496887
20.6438293457
23.207452774
