87.7524719238
72.6880950928
85.1193237305
84.977973938
77.9363250732
74.1010055542
85.8766479492
85.0905532837
88.8326416016
87.0180130005
73.0925827026
41.0604667664
97.0594482422
80.6196365356
91.3357009888
94.6742172241
89.5772323608
81.1446151733
87.9888000488
94.8156509399
81.6320266724
87.5140991211
79.9249038696
44.4667549133
84.4254837036
68.8333206177
79.0462493896
82.3910675049
79.2987747192
69.3902740479
77.7198104858
82.1660003662
64.6580810547
76.851776123
67.1184387207
43.3905258179
74.4643707275
60.2109375
67.9221801758
72.493560791
68.6150131226
59.0607643127
65.6541900635
73.2089233398
61.0559501648
65.5332794189
61.7422332764
33.5466384888
95.2665939331
76.5894622803
94.2186889648
92.2671585083
87.2392044067
80.5612945557
97.3261947632
90.5881500244
84.7506866455
97.2022018433
70.864906311
49.0529327393
76.6166152954
57.6888885498
76.8585128784
73.067024231
65.2359313965
61.4821853638
81.1941680908
72.0310134888
80.5401687622
82.5143127441
55.6360549927
28.0048294067
86.4187545776
70.2176437378
85.2229995728
83.2029342651
75.2759628296
72.1537246704
87.5398101807
83.0422897339
91.2480239868
89.0662307739
70.2513580322
41.4079780579
72.4676971436
55.079120636
71.6683578491
69.3081283569
62.9463996887
57.301399231
76.1573638916
68.6356430054
73.278175354
77.2395401001
53.8480949402
31.532951355
95.965171814
79.9457626343
92.6594238281
93.0950393677
85.9090499878
81.1216812134
91.7357711792
93.2501831055
93.8704147339
92.5808792114
80.3804473877
46.6898078918
62.7076797485
45.2118034363
62.9789848328
59.4215164185
52.9333000183
48.1140403748
68.8020858765
58.5831260681
65.9479904175
70.0547714233
43.5775222778
22.7475223541
71.0031585693
59.7674636841
65.3227844238
69.637260437
67.2224731445
58.4596977234
64.8213500977
70.6201629639
59.5317993164
64.7550964355
61.3871879578
38.4309425354
