44.2836761475
42.8294487
39.0064544678
43.0144042969
38.4346313477
37.5723114014
40.457485199
41.1808776855
38.6798782349
39.567817688
40.6140060425
44.350112915
44.5992698669
48.2210617065
47.0902824402
40.7639579773
46.2681465149
39.6454849243
36.9551429749
36.0074272156
34.0754928589
29.264755249
30.4578475952
28.3759250641
33.3165550232
27.811624527
28.4412670135
29.013710022
28.5053119659
31.0910549164
32.9027442932
35.7120628357
33.2090377808
36.5103492737
37.607219696
37.1105575562
38.5979576111
42.4630126953
35.7563552856
31.6830005646
30.4585399628
27.1592330933
28.807138443
29.1150054932
37.4834671021
34.5451469421
36.8396072388
36.763256073
37.6463890076
39.5465164185
39.6019859314
38.1795158386
38.2243041992
34.0542144775
30.5812358856
25.5094604492
30.3454418182
24.3537044525
28.4277381897
28.2807788849
24.8051929474
22.6438274384
24.3063983917
19.5017757416
20.0914039612
22.0115871429
22.9543418884
27.225610733
33.3822021484
32.4403953552
34.1034126282
33.1993103027
37.147605896
36.0316314697
43.4607543945
40.8810691833
45.1200218201
36.3834228516
29.4394130707
34.4451065063
32.9410057068
27.6241207123
24.1899814606
26.9181537628
22.2798748016
22.9598007202
24.6579380035
26.2071743011
29.7596645355
30.6416950226
31.8827438354
35.983631134
40.7424583435
32.8406105042
33.4428367615
30.8645877838
26.8906936646
27.2973842621
19.0934104919
28.3882064819
23.2144527435
23.9761486053
31.8485546112
29.2209472656
30.5454807281
30.2184143066
35.8034057617
39.0460662842
41.516998291
42.6476631165
36.6394424438
36.2567939758
40.0929641724
41.3198890686
47.3967056274
38.6415176392
39.5033454895
33.7463912964
33.023475647
40.5096702576
30.5567893982
32.7215499878
34.4786224365
30.8315906525
35.0247612
33.8695259094
35.7123641968
34.9602546692
35.081653595
36.1287345886
32.6682853699
32.4279975891
31.7033786774
33.7843704224
30.6578655243
27.2400894165
26.71326828
28.1374130249
26.1496315002
28.9681491852
30.6003952026
26.8574314117
28.211774826
31.1266174316
29.3417053223
26.632352829
32.0296058655
30.7079563141
35.2351417542
34.8206939697
32.4822273254
33.9506988525
35.2842750549
38.9841995239
39.7439613342
42.8812179565
43.1921157837
48.2313117981
49.2544593811
75.9529571533
84.6854553223
71.1198577881
69.5026321411
76.2902984619
87.2068862915
68.808631897
77.6166610718
83.1063308716
72.7930831909
78.6753387451
90.7638320923
46.7547950745
46.8201942444
44.0866775513
45.4840927124
41.1877975464
35.6885032654
36.539516449
33.9670066833
40.5358428955
40.0452461243
39.8155670166
44.4555511475
44.1477661133
45.9160842896
42.1649169922
44.8625984192
48.8345336914
55.8187484741
51.6942443848
45.357131958
48.6350860596
43.841506958
46.0551109314
44.1729393005
39.022857666
43.6870880127
39.0240020752
34.7688865662
37.3731269836
36.6459083557
36.8166694641
41.3135185242
46.7163276672
46.185333252
51.2885551453
53.6327514648
55.5420951843
55.3027038574
56.4506149292
54.906665802
57.4481506348
57.068561554
58.7128639221
56.3851737976
54.8810424805
58.2097740173
53.9280738831
52.754776001
50.0149154663
48.751739502
50.2138442993
48.966884613
44.704662323
46.249004364
42.0360832214
39.6769676208
40.6631011963
37.3937187195
36.4843711853
35.2629585266
34.1855964661
34.5383338928
37.5963783264
40.460357666
42.7312774658
44.5436210632
42.2885360718
46.5930595398
46.8688049316
50.4447975159
52.6752624512
50.4720649719
50.755821228
54.4352989197
54.8592758179
53.3411064148
54.6093444824
57.8547782898
57.4810256958
55.6361656189
58.9993667603
61.2419090271
60.0531616211
60.1164016724
63.6833572388
64.2929458618
63.0066261292
63.8266830444
59.3533248901
59.1172409058
58.8573036194
55.1845092773
54.3433456421
55.1570396423
52.3320350647
50.0118293762
52.5703048706
54.8143310547
52.6732635498
55.5917167664
57.125793457
58.0335350037
61.3208007812
58.7980194092
59.0991172791
60.3565330505
57.0722236633
58.8777656555
54.6907272339
59.0390472412
59.9970741272
56.2715263367
55.4408836365
53.6882667542
50.5476226807
50.4206619263
47.0722465515
50.0903549194
44.735912323
44.5087013245
44.8079109192
43.2182655334
47.1823616028
49.0320854187
51.4163322449
48.2600440979
48.8773651123
45.9982910156
50.6138687134
46.0919914246
49.3894729614
48.0643959045
50.424243927
51.7891769409
50.3906517029
46.7669029236
49.9513893127
50.6179008484
45.6941795349
47.9160842896
48.4085159302
48.606098175
55.1027488708
52.991733551
52.1796836853
48.2558250427
50.4748153687
46.4157676697
48.0310668945
46.1250991821
47.8883476257
44.4536132812
43.7158660889
40.5052108765
42.3642959595
42.5389938354
40.1591377258
40.4095573425
39.5395622253
39.7423591614
43.190196991
42.7222938538
38.8896713257
41.7775230408
43.6817054749
42.886806488
38.6685714722
37.2395324707
36.0923538208
33.3546066284
34.2991218567
29.6163978577
32.5515327454
36.0095252991
35.2230796814
37.5696182251
37.3987846375
38.8918991089
41.1649360657
42.754650116
45.3989448547
43.5259552002
44.5612449646
43.7877845764
46.6104164124
47.6996269226
50.9351577759
54.5951385498
58.19556427
59.2051696777
55.2595062256
51.8260269165
48.8739242554
48.7112388611
46.9560241699
50.6661148071
50.4446754456
51.3632736206
52.3105239868
54.0804138184
51.832408905
53.8530273438
52.3973236084
48.3050270081
46.6664390564
49.971786499
47.4840507507
45.3229179382
44.8346672058
44.258480072
44.2958221436
46.5765304565
42.5259742737
46.9981842041
44.743347168
40.7202949524
40.6776771545
40.4084701538
39.1266136169
35.9161834717
37.2243385315
37.7446060181
34.4499473572
32.9226226807
32.8684616089
29.8921985626
37.9043540955
29.7707386017
33.4020423889
37.9269371033
40.2769241333
36.8227958679
43.3841972351
42.0088043213
50.7192993164
48.8701171875
48.5057182312
46.4018821716
43.5728225708
41.2861595154
39.9960021973
38.4725341797
33.4799461365
30.920337677
31.6828536987
27.7214107513
28.3475418091
29.5221691132
25.6232757568
27.5982761383
29.3765907288
33.127368927
32.0957183838
34.5808677673
41.5189781189
41.0218963623
41.0585861206
40.3315620422
35.5404853821
37.0451126099
32.5157470703
37.9329528809
38.922744751
39.271697998
38.6496124268
39.0811080933
44.3140983582
40.7737884521
45.8099975586
46.6492424011
46.529548645
47.1879692078
48.6126823425
41.9909286499
43.7158622742
39.9699554443
37.9990539551
40.1407661438
36.6185073853
37.0215454102
32.3856163025
27.0357379913
25.9713001251
23.1483135223
19.176700592
19.6268291473
19.8363571167
31.4331531525
25.1794681549
24.9467830658
32.2514839172
36.0844802856
36.8800010681
34.4749984741
40.2959747314
40.99426651
43.3784446716
44.7532501221
40.2635917664
43.6866989136
40.2109298706
41.4006958008
42.7412605286
48.8956832886
41.8281860352
46.3562583923
45.4331092834
44.251285553
43.663898468
39.9464073181
43.5100288391
33.8253822327
35.6482315063
37.328868866
37.1558685303
32.7305831909
35.0278358459
33.8294563293
32.2661437988
30.1757202148
27.574016571
27.5888805389
30.5400791168
30.6753177643
32.7502174377
41.9412651062
33.6331596375
36.2274932861
28.6306800842
34.2029533386
40.3851928711
26.3673343658
31.9886341095
31.3130264282
27.4348545074
30.5796909332
27.599527359
34.329536438
26.2070064545
25.3869037628
31.0291481018
25.3999137878
31.7036590576
30.292175293
33.0027160645
36.0476760864
31.751033783
34.4032440186
31.7707271576
32.7423248291
32.1583938599
36.0179023743
37.4668273926
38.1276626587
38.0409965515
41.3831100464
42.0964126587
44.5921287537
44.4480628967
43.2249755859
41.3609046936
34.4544487
33.969367981
32.3092155457
35.4750709534
31.6014175415
35.1327323914
31.3117847443
38.6594161987
38.0174293518
89.2258300781
77.7397232056
85.9217147827
80.6771240234
89.1122207642
97.5488510132
78.9585189819
87.6975479126
91.3306655884
82.7891159058
78.6674499512
92.8499755859
36.0467185974
37.4669761658
38.5408821106
38.7309150696
37.2341804504
33.8192138672
36.3803520203
36.5516853333
42.530040741
42.8874511719
38.0245780945
42.6101303101
42.0705604553
43.4796981812
36.9185295105
36.7425498962
39.1400184631
48.0793838501
41.9761009216
36.759929657
33.960395813
32.5257835388
29.8219394684
29.0452957153
26.4545001984
24.397687912
23.7792491913
26.3495197296
20.2229499817
19.0408172607
24.5895423889
22.0894260406
27.1623382568
23.5940113068
25.5411758423
29.9651851654
28.7807579041
27.5157146454
28.7737216949
21.7923603058
26.6897888184
26.573846817
25.9481124878
22.9674224854
19.0791759491
22.9955844879
16.9385623932
17.2545146942
17.0214996338
15.2613515854
12.4537000656
14.4389801025
12.3664093018
8.29745578766
7.83938837051
9.32010555267
12.1258029938
12.5190553665
16.5079307556
14.895275116
18.7180099487
16.2599220276
14.0719432831
16.3516120911
13.6472558975
13.6626176834
8.53377246857
9.94247341156
7.69596147537
8.24495983124
11.4799556732
11.855764389
11.8030891418
13.4273843765
15.994559288
16.1348342896
16.8605461121
19.5616493225
21.2057704926
20.6385803223
21.8350372314
25.2020874023
26.078130722
26.2449493408
28.5918006897
31.2991065979
30.6560592651
28.6804523468
25.6131820679
24.0114402771
21.0811100006
19.1529426575
20.5337963104
19.085855484
14.8088502884
16.1121520996
17.6592254639
21.9523849487
23.4885406494
25.5778579712
29.1631240845
29.9656639099
36.453754425
36.4557266235
36.8872146606
35.6682510376
31.3128566742
30.6857967377
28.9915046692
31.7690792084
29.2943649292
25.6600456238
24.3655700684
24.9560508728
20.6965351105
22.0223903656
19.0494327545
23.0827274323
21.061674118
22.4632873535
25.833864212
29.2060775757
30.648059845
30.5161800385
29.6131954193
28.881942749
26.5815181732
25.3206634521
26.5097045898
22.5561676025
25.0495166779
22.1390705109
25.5779438019
24.6604652405
26.5538196564
22.928194046
20.4932441711
22.7271251678
21.3163719177
25.3658409119
25.1546974182
29.4544334412
31.5530605316
27.6267814636
25.9941616058
19.1614303589
17.6574821472
16.2210865021
14.4342842102
10.2665529251
8.07822704315
4.25886058807
4.60363483429
6.08471107483
9.80516910553
10.631652832
15.0017194748
15.9455757141
18.9619979858
18.5109958649
18.8425273895
20.9104671478
23.6544189453
25.2652454376
24.6656074524
29.030626297
24.5026092529
26.8945198059
23.6099205017
28.104391098
26.3495597839
30.27891922
31.6217784882
25.3980960846
27.7772045135
22.8434829712
25.6528701782
23.9238204956
28.4882564545
30.0841732025
29.8699264526
33.3679885864
31.3402919769
29.7168083191
29.0457801819
32.2911224365
33.0551567078
37.7706985474
36.2391357422
30.4739875793
31.3560085297
28.4161109924
27.8904151917
28.2918357849
29.7637653351
31.5145549774
32.2759284973
29.3553161621
30.5573616028
26.4314746857
28.0341491699
25.2885837555
23.2502117157
22.6788845062
21.0962123871
17.6046009064
16.3850574493
12.6406183243
16.3024921417
40.1170043945
44.5594558716
43.00258255
46.2434844971
46.7256240845
43.1848945618
40.3564949036
41.5302581787
42.2743377686
40.0059318542
41.0377960205
41.5437736511
40.0233726501
35.5955734253
37.0243453979
38.9184417725
42.8466911316
34.9808273315
41.1801834106
44.9296264648
48.0265235901
46.4190864563
52.9337081909
53.6931266785
59.3192825317
60.0884056091
59.401638031
56.6020355225
55.5740356445
50.9615402222
50.3077697754
47.8662338257
43.092590332
41.0338859558
39.0364837646
38.5072441101
36.9750671387
39.4348907471
37.4797363281
40.8804779053
44.6434249878
47.021900177
46.2986526489
48.3666419983
52.2822303772
53.8598899841
54.7305221558
54.2644004822
50.9326972961
50.532169342
46.0522613525
50.7561416626
49.7019615173
50.6025543213
53.3412399292
54.065738678
58.3404579163
57.1576957703
60.4737892151
60.2109451294
59.8055305481
60.1719474792
60.7952880859
58.2082901001
58.7128715515
56.9502601624
54.3663139343
58.4409408569
55.2468261719
51.9481925964
49.6125450134
48.2550468445
45.1835289001
42.3670082092
38.1349906921
38.6440467834
38.2436103821
47.1498031616
44.2448539734
44.4340133667
51.2178535461
50.8421058655
54.1774368286
51.3470611572
52.1400108337
54.0385246277
56.5570487976
56.0608787537
50.6422958374
52.1810188293
47.9560623169
47.670879364
47.598991394
51.6117553711
46.5002670288
51.4167137146
52.4052772522
53.0470237732
53.3247909546
52.6386756897
54.6013259888
47.7918891907
50.1516685486
50.4706230164
52.2392311096
49.0991516113
53.0197906494
52.6257324219
47.6800346375
47.6519622803
44.4309501648
43.4757347107
45.7304992676
43.0634346008
44.9701156616
49.8014221191
43.9377441406
44.2214660645
41.3932304382
46.4742851257
49.6681480408
40.5302276611
42.3342208862
40.1939163208
37.3820457458
41.3116493225
38.8829307556
46.9760818481
41.5078735352
40.9358100891
44.5582008362
44.0562057495
49.382194519
47.566570282
48.0905990601
51.1625823975
47.1198959351
47.0137901306
44.3491249084
43.7032012939
40.9498977661
46.4041366577
47.6673812866
47.0625343323
45.2806091309
51.0383720398
51.7707252502
50.8661651611
50.6804771423
47.9586868286
45.4988365173
40.212978363
37.689414978
37.8245887756
37.5278549194
34.3008308411
34.4326858521
32.1003761292
37.0212860107
35.9905967712
79.9660949707
64.0408782959
78.3689346313
72.6076507568
79.6671447754
84.6789703369
70.5203018188
78.7697219849
77.6189422607
73.6877365112
66.9107208252
75.3711166382
36.3593940735
38.7131500244
39.1887435913
37.8081016541
38.4195976257
37.6925086975
38.3876647949
40.5573387146
42.7957763672
43.9868049622
36.958026886
39.5179595947
37.8272438049
38.9191207886
33.8390960693
31.0734329224
30.0856113434
37.9284172058
33.0484008789
31.6397476196
25.6729049683
29.2740020752
27.8385028839
29.3417625427
31.3952217102
31.3703861237
35.3683395386
35.9962539673
34.0608177185
33.6938095093
33.240486145
31.0653133392
30.4207363129
25.1329956055
23.5879211426
24.3307056427
16.1865615845
17.8921413422
12.3261556625
6.04411125183
6.20734977722
4.1735124588
5.965675354
8.02947807312
9.16104125977
12.5601711273
16.4772338867
16.1319084167
20.6139507294
17.8117790222
14.2081928253
19.7204856873
23.0514259338
25.4541435242
25.0130214691
21.7693595886
24.6201877594
24.8261585236
27.075712204
28.882434845
29.5794887543
26.4698867798
25.4917907715
22.6123447418
17.984380722
22.5252475739
17.0391921997
18.676864624
20.9080448151
18.2629699707
14.5753288269
16.7549972534
16.8413734436
11.8781042099
11.361697197
13.7498989105
11.9614772797
8.45626449585
11.2103624344
14.7799930573
11.1077098846
10.0429821014
13.7166490555
15.2215147018
16.8675251007
19.7705879211
20.8807621002
20.6019973755
23.9647731781
22.5903568268
24.3546600342
21.5864582062
18.3364524841
23.1259403229
24.9605960846
27.3690567017
26.9934444427
27.5785140991
24.7674388885
27.5522003174
24.6659221649
30.6032676697
30.5727748871
28.5921497345
26.8357372284
23.1945610046
20.2961807251
19.705904007
16.5158348083
15.4243211746
14.9352741241
10.289648056
9.7767906189
10.7559709549
9.8796377182
13.1670150757
11.8952169418
17.5090770721
20.9505233765
22.1501083374
26.2546787262
25.1470184326
25.3119316101
21.8556480408
21.106672287
17.3691501617
18.0506858826
12.7921361923
15.393116951
13.4282245636
14.6428260803
15.8827905655
16.2491359711
19.5880146027
19.1839885712
15.9517192841
19.7099571228
24.6681976318
26.6447792053
29.5461006165
33.3549423218
28.9414100647
28.4087181091
24.6153297424
24.6025257111
18.8687458038
20.3824558258
17.4205703735
20.5480175018
21.8569355011
22.8499355316
25.9481201172
26.1258411407
22.3782901764
19.8409023285
22.2203559875
20.6671085358
22.8208465576
24.2278995514
20.6506881714
19.1188545227
23.9344463348
24.2217655182
21.3604202271
20.8831157684
28.0411243439
26.289264679
28.8011455536
29.7679042816
32.0670318604
35.3346977234
36.0973777771
34.5387458801
31.9020824432
29.4716205597
25.7666912079
25.2996006012
21.930814743
23.3389701843
22.3524093628
24.9052734375
27.6157436371
27.48371315
22.8460006714
23.3495559692
22.3996124268
20.5383090973
22.821062088
19.4230651855
15.2421340942
18.1070213318
17.7663402557
16.4610939026
18.5242156982
15.7924699783
18.5394248962
19.3847560883
15.124630928
17.4424037933
16.7413425446
19.3508377075
20.8456249237
20.0728244781
24.209444046
22.1626815796
19.5914211273
23.1488418579
25.7592411041
28.4071750641
33.5904884338
37.1716804504
35.3934211731
40.3227996826
39.4029998779
35.9327430725
36.1290588379
38.1735725403
37.3446922302
35.4850730896
39.216960907
38.6177749634
40.3444290161
37.9993400574
37.843421936
37.8094100952
40.2328453064
32.9499359131
37.4480628967
38.4950408936
41.3256988525
38.1321983337
43.8388824463
44.1366004944
49.9445915222
49.3006210327
50.345867157
47.2840118408
47.4131355286
43.7311553955
43.9255104065
42.2139663696
37.0062065125
35.5567626953
33.083065033
31.0342769623
28.3252696991
30.6305236816
28.9514102936
29.356678009
34.0039367676
37.0346641541
36.8830986023
40.1003875732
45.9631729126
46.9306297302
48.0302391052
49.8440246582
46.8652305603
47.7279434204
44.4218101501
46.3860282898
46.4741821289
45.5797653198
47.3311729431
45.1262168884
50.4392738342
47.7371406555
51.9411201477
51.0156745911
48.8321762085
48.8942222595
49.5608978271
46.9430770874
46.185344696
45.338344574
42.1751403809
46.5322341919
43.0832748413
42.0115661621
40.6594810486
40.018081665
36.183506012
35.3045272827
32.3128890991
34.1574707031
35.8050537109
41.4188270569
38.417175293
36.4286766052
43.4191665649
41.6581726074
45.1017036438
40.1617584229
41.8311004639
42.929019928
45.0739021301
44.7272872925
39.7584114075
42.5586051941
38.7617683411
39.9260787964
40.9720573425
43.2861251831
37.5361480713
41.8135757446
40.9489898682
41.3072052002
41.4905815125
40.7664260864
42.9355659485
36.0699043274
39.3966064453
41.654384613
42.4146957397
41.3660888672
44.8534812927
46.0315742493
42.9431762695
43.7778015137
41.9627151489
38.9093093872
41.2273178101
40.6770248413
43.9597816467
47.4099998474
40.8792991638
41.9759979248
37.007648468
40.6539268494
43.2760429382
33.4798240662
33.9364585876
31.5100860596
27.143699646
29.21925354
25.497756958
33.3038635254
27.5630226135
29.2989826202
33.5893745422
33.762386322
37.4190750122
34.6078338623
34.3750572205
36.8269119263
34.4829330444
34.378704071
31.2899551392
32.736415863
29.3995742798
32.919303894
34.269859314
34.2056312561
32.1970214844
37.0064888
38.5000114441
38.5142822266
36.9859199524
36.1906814575
33.4201202393
27.3666305542
26.5488796234
27.9654045105
29.0098552704
28.1274585724
31.2677307129
30.2796974182
36.9056434631
36.5786437988
69.6186141968
57.4040718079
67.765914917
59.6103973389
68.9407348633
76.8578796387
57.6930885315
65.0956802368
71.6737289429
60.8284378052
56.0887565613
71.1151809692
38.9092750549
39.1488227844
36.4603424072
35.506401062
33.2119903564
31.1766853333
30.7488422394
31.9449806213
34.2882156372
33.9312057495
28.8216323853
34.8201332092
32.3618812561
35.0738449097
30.5938835144
27.8735580444
30.4342384338
35.8903274536
29.5870456696
25.5911636353
21.871547699
20.7873134613
18.2320156097
16.8885040283
17.9503440857
17.6861820221
20.9031600952
21.6826248169
21.7415142059
22.2579040527
21.6778049469
17.7266864777
19.0788860321
18.7723140717
19.9507598877
21.6104774475
23.5506381989
24.0177192688
23.6429958344
26.6266860962
24.0192890167
25.1329994202
21.2026176453
21.1915130615
22.5595016479
19.7520542145
17.9026527405
14.2415218353
15.4974241257
18.101940155
15.2509727478
12.349319458
18.8662624359
17.6281509399
16.0253105164
12.8066244125
16.0709323883
16.9855422974
21.2023544312
23.8556423187
25.304309845
24.0441970825
26.574054718
24.8857746124
20.9947471619
22.1501731873
20.0595378876
19.4566307068
25.2598457336
23.5200443268
20.253534317
24.8340148926
26.7245197296
24.3588733673
23.955078125
27.3982810974
28.6342277527
27.0774784088
27.7832641602
32.2071266174
32.0150108337
31.140296936
33.3994789124
36.340587616
38.0243759155
39.1191673279
39.7613105774
37.1044235229
38.6731071472
36.6794891357
35.8700942993
34.1294059753
31.9301834106
32.2917518616
33.0182380676
36.1971321106
38.2217750549
37.9709205627
37.9305915833
41.0403366089
39.6034851074
45.5714645386
44.1292991638
42.7302894592
42.3488960266
37.9374694824
37.1086044312
33.7500076294
34.3716621399
34.6140136719
31.6393280029
27.704656601
25.1099624634
21.886636734
19.0796470642
15.7593164444
15.6685962677
12.0291061401
10.628276825
13.004983902
15.981921196
16.4705562592
16.744468689
16.7493648529
15.614405632
14.8539066315
15.0405483246
18.9276485443
17.3942661285
21.4441738129
22.5171527863
26.5800247192
28.783914566
30.086687088
26.2411289215
26.7504920959
30.684091568
30.8835697174
34.5192527771
37.2219085693
40.5584144592
40.9633369446
39.2342338562
35.7835655212
32.4700469971
29.1600494385
26.8375434875
24.9437294006
24.8246212006
26.1033821106
22.4671192169
23.5940093994
20.9484138489
18.2402496338
16.0284290314
18.8177032471
16.7821178436
21.2629165649
24.2444190979
23.8151760101
20.167137146
21.7529945374
26.1969223022
23.8027591705
21.4442501068
23.9006099701
20.4879417419
20.3203144073
20.0361423492
19.92304039
21.9506397247
21.9042472839
20.9524688721
17.0426559448
17.585187912
15.5900859833
17.8190059662
17.2446117401
21.6373081207
24.1982727051
26.2377071381
29.39686203
29.9597702026
28.0664043427
30.4949893951
31.4888591766
33.2062644958
36.607509613
35.1608924866
30.0155258179
27.9111251831
24.8828620911
22.2166481018
20.2896595001
21.00299263
19.9648780823
19.5612564087
18.566734314
18.6577243805
15.5419816971
17.4330101013
16.2807350159
12.3834733963
13.029337883
15.0726337433
11.8388652802
12.435842514
16.9021110535
17.2428188324
44.6020393372
46.3019752502
44.2402420044
45.0113792419
45.481426239
43.202293396
37.4963378906
36.3112640381
39.3306083679
37.6651992798
33.3360061646
37.5357284546
31.309885025
28.9032230377
32.0162696838
31.8685207367
39.7236442566
31.0408172607
35.9754753113
42.3677368164
43.9142417908
44.3346328735
51.0030860901
52.9257774353
58.8214988708
59.0508270264
54.8403511047
52.9139213562
50.7646026611
45.9421577454
45.7825431824
42.71849823
41.2434120178
39.3263244629
39.4631385803
41.5537452698
42.0360527039
47.2322235107
43.1048316956
47.0193519592
48.6217002869
47.8825111389
46.7816581726
47.0955314636
50.8110847473
52.3814163208
52.7813720703
47.9136238098
44.8032341003
42.7001266479
38.3835220337
45.1827545166
41.2773933411
43.7555618286
46.6118164062
51.2228546143
53.885093689
54.3812065125
56.8466148376
56.5493125916
58.1838226318
58.4382667542
60.4510688782
57.2411231995
60.3565254211
57.6736869812
57.6898460388
60.7323455811
59.2150192261
56.6166305542
52.3940467834
50.5381240845
48.2689285278
46.0907821655
40.8797149658
43.0498542786
37.8201141357
49.8847312927
45.0238189697
44.7067680359
52.287815094
53.4464378357
54.0868110657
53.8562355042
55.3627090454
56.3234863281
56.8381385803
56.6460342407
51.4442024231
50.4108047485
46.574924469
44.6503219604
43.7639541626
51.7977485657
46.6859207153
51.781124115
53.9283485413
54.241355896
55.0817489624
54.3707923889
56.9026527405
51.7735977173
51.3596687317
52.4305725098
52.9511642456
47.8060760498
51.0177078247
50.8057098389
46.7691917419
45.5492286682
41.4603614807
41.1582832336
41.772983551
36.9559440613
35.8863258362
43.1343040466
36.9332809448
37.041847229
36.3303108215
42.1597747803
49.0632019043
40.0879325867
44.03931427
44.0732078552
41.4372367859
48.0957298279
47.8021316528
55.5247993469
52.2819213867
48.3040504456
52.4702568054
49.2904968262
55.8480033875
56.0406570435
56.8030509949
59.1979942322
53.5881767273
52.9642410278
50.4666557312
46.7041015625
45.3433113098
52.9692268372
53.2042694092
51.5336380005
52.6159896851
57.219543457
56.6915435791
55.6447410583
55.2995529175
53.3522644043
50.4838218689
47.4270744324
43.8044013977
42.5016403198
42.1949195862
37.9023590088
34.6027870178
32.1887969971
33.4112167358
31.9285125732
85.5269622803
85.9552154541
82.2855453491
82.8757476807
86.2981185913
90.8059768677
81.2682723999
92.0204544067
82.3990936279
85.2082672119
85.9273452759
86.8202056885
26.8520278931
31.7849369049
35.5713882446
37.5493431091
38.914276123
38.4886779785
40.2490539551
43.0202217102
47.4516792297
48.524520874
42.0340690613
40.7971038818
41.0556755066
39.5881004333
34.2494621277
35.7906417847
33.2587661743
45.4028396606
43.1726074219
40.7778320312
39.2559356689
41.4610404968
42.2911987305
44.5919456482
43.8903160095
46.5694656372
48.8752365112
47.1511878967
45.3173370361
43.3922653198
42.4572029114
44.7598419189
44.1162376404
42.3488922119
39.6919746399
44.1682052612
37.7687568665
37.5801315308
33.2737159729
23.5470314026
21.5874481201
25.9653129578
26.8357429504
30.9479656219
29.745141983
34.15599823
34.1354255676
38.6443519592
37.5490112305
40.8271102905
36.6749382019
33.325958252
36.7424545288
38.7527999878
39.4180831909
37.6029205322
35.1383514404
34.3594779968
32.7298698425
31.4889583588
30.2951393127
30.3632621765
28.2328205109
24.0364513397
24.0829257965
24.6145534515
28.9879760742
28.142572403
31.9546966553
32.5339241028
34.3567886353
30.3675632477
26.4291553497
29.6497535706
28.0480823517
25.0609531403
23.1997947693
24.5950775146
23.4859333038
19.9889354706
20.9493408203
21.0713348389
18.8008289337
16.1236038208
18.0300655365
14.7783641815
12.1236715317
16.9977893829
14.6056556702
18.4893741608
22.673204422
21.8210868835
17.2864227295
19.4841041565
24.4668769836
22.2523288727
24.1313247681
19.4998703003
16.4194698334
12.523680687
10.4031934738
7.51476621628
5.93396234512
5.12884140015
3.97573399544
5.03846883774
7.0494389534
9.44893169403
11.5239992142
12.2333230972
13.1803445816
17.4968090057
19.7548732758
21.9743213654
25.7654647827
28.2440547943
31.5933609009
33.7044868469
39.144405365
39.9251670837
42.2855415344
44.1541290283
46.2501983643
44.143825531
40.3138275146
36.8364067078
33.8095207214
29.256772995
27.5261287689
23.6135082245
20.9093742371
17.1043739319
14.181851387
13.5451602936
17.8991661072
17.0966587067
13.6276321411
17.4102096558
14.1233644485
15.9476442337
16.3268108368
8.03635692596
11.8942699432
10.8801002502
18.1191310883
18.4199829102
20.0501480103
21.8486194611
25.6000461578
28.8279037476
32.1061058044
35.6682548523
35.8083610535
33.7951965332
31.7537822723
30.0138454437
29.2642993927
26.4497509003
24.2244110107
21.7573719025
24.6220207214
26.7754669189
21.9223670959
23.1124610901
25.8353061676
31.2361793518
31.5955162048
35.7890548706
36.2938308716
41.5066261292
43.44190979
46.2794761658
46.164642334
44.9019393921
41.3044967651
36.3865318298
34.5143318176
31.4140090942
29.6520328522
26.5740127563
25.1392173767
25.3552570343
22.8075828552
20.5081329346
16.4182281494
16.519701004
13.4255399704
14.562918663
14.8598232269
16.111497879
20.1137123108
21.8424968719
25.1389636993
29.0375804901
29.546913147
34.5378036499
37.5526351929
34.998008728
40.1197547913
39.4964752197
43.4069099426
44.5235824585
41.4120140076
44.9904022217
44.4115371704
40.1194839478
42.351474762
43.1191749573
46.5737113953
28.3090515137
26.1783561707
22.8836135864
24.993724823
20.8465766907
20.9886779785
21.3585720062
22.5823898315
21.2128067017
24.4016437531
23.5584640503
31.2737178802
31.7637176514
35.4877548218
34.6697273254
29.9413394928
34.0493812561
25.8192214966
23.7809314728
22.1649112701
19.1033630371
18.3503952026
21.8240375519
25.997335434
31.624792099
29.0408535004
25.4556808472
22.6052646637
24.2220039368
20.4515113831
24.1856803894
24.2594261169
23.8509540558
27.1715507507
26.7636451721
30.3498840332
30.8338947296
37.8031196594
31.8155918121
30.2881011963
31.1153297424
25.6761703491
27.0930805206
27.4096717834
34.8149147034
35.4207038879
37.4932556152
35.2200813293
35.2537384033
34.9147644043
34.0471954346
33.5288963318
29.72955513
26.0219745636
28.3390808105
27.4298286438
31.4292106628
30.6368618011
33.4745407104
30.7637119293
29.4221401215
28.1748085022
30.9198493958
29.9608020782
31.8827438354
32.560295105
33.9135093689
37.2471008301
38.2354812622
39.8969345093
37.5624427795
39.1620140076
35.5368537903
38.1108818054
35.1349830627
41.6771850586
37.7851753235
43.9259529114
37.6883544922
31.3708629608
39.4928016663
36.8574752808
35.2199783325
32.3901977539
33.3459968567
31.0117912292
28.0574398041
26.3818283081
22.3585262299
19.4067993164
16.6912307739
17.3194732666
24.7872600555
18.7840957642
21.0750656128
22.3010463715
22.2942733765
25.2146263123
25.7099781036
30.3661804199
28.382194519
27.5877361298
34.2165031433
32.7848167419
31.7516403198
34.0491790771
39.0043563843
38.7962684631
40.6280136108
39.7161941528
33.4142799377
32.748966217
32.5861968994
33.6786651611
38.1797218323
29.142999649
27.7963218689
25.5146827698
26.2683601379
33.9723930359
25.7922153473
26.0409507751
28.3042545319
23.7290592194
31.0637435913
31.6909275055
36.8820571899
37.4155349731
34.8347511292
37.9605903625
35.7446479797
38.775062561
38.6654777527
38.5059547424
37.5608634949
33.2280273438
30.3868980408
28.5947532654
22.40325737
22.7908153534
29.6990451813
26.8986949921
23.8207626343
27.8269004822
30.5540981293
27.7807006836
27.4806022644
24.8402118683
27.3330287933
25.3830280304
25.5258598328
23.552072525
24.9902744293
26.3578395844
27.158821106
27.3078918457
29.0022201538
32.2637329102
34.2886123657
62.4677696228
78.5934829712
57.5403671265
58.6333656311
63.2776947021
72.9290542603
57.731880188
69.252532959
67.0512695312
62.3656578064
71.9047241211
77.8043136597
30.6990299225
31.4732685089
28.248418808
29.5963859558
25.7321720123
21.1145763397
21.246307373
20.7697315216
27.8628845215
27.1822547913
25.4792385101
27.2463569641
27.7301692963
28.456659317
24.724855423
29.076965332
31.6312103271
40.8179244995
38.0311203003
32.1404571533
36.581111908
33.0673713684
37.2434806824
36.9220542908
32.760307312
39.8626022339
37.9889411926
32.1328468323
36.0664024353
34.3428268433
31.106546402
37.4305839539
39.8525695801
39.9260749817
42.9442672729
45.9661521912
46.0113639832
46.4821357727
45.9719047546
43.9674377441
44.8358840942
45.1961669922
47.6708831787
47.0547065735
46.3754615784
50.1759147644
47.3876113892
47.7470436096
44.3320045471
45.2362174988
45.6931533813
42.3316612244
39.9483985901
43.792011261
40.2615089417
36.7434959412
35.3241767883
31.9063796997
28.5619544983
27.9758052826
24.6465702057
26.8749465942
29.6487293243
30.6672458649
33.8168640137
35.2516708374
36.1020317078
39.4855804443
41.5713882446
46.0257415771
48.0170478821
43.886554718
43.5378646851
48.2050323486
47.1431236267
44.5870361328
45.7678718567
48.9453773499
47.4927177429
44.9803466797
49.2234840393
50.4239883423
48.1769371033
48.1302032471
52.0232887268
51.3953437805
50.1524200439
52.7172470093
48.1177101135
49.5167617798
50.6517028809
47.1185493469
44.3663597107
45.6781082153
45.3063545227
42.1454620361
45.6059761047
45.8466796875
42.2371482849
43.8794822693
44.5424079895
44.4818840027
46.4373931885
42.9662094116
42.5950469971
44.6503334045
42.0466918945
44.4405212402
39.7119789124
43.9036712646
46.3685798645
43.2142906189
42.7985877991
40.567363739
38.8040428162
38.9013786316
36.8356552124
39.8553962708
35.4748344421
37.3030204773
36.533531189
34.5993423462
39.0677070618
42.2671699524
44.018825531
38.9973182678
39.07264328
35.1120071411
38.3007965088
34.1044845581
35.9399604797
35.0738220215
35.9907798767
37.9580345154
35.4540939331
32.9424858093
37.7939414978
37.7697029114
33.5139579773
34.3372612
36.2970123291
35.2984771729
40.6392860413
40.2307777405
38.9531784058
38.0185966492
40.2572975159
36.1508216858
38.6307678223
38.8356399536
42.373008728
40.1526870728
41.4006919861
37.9364891052
38.0886650085
36.3958015442
33.3346405029
31.5796146393
29.5830917358
28.0477657318
31.3748188019
31.0520591736
26.6071281433
27.4580192566
28.8904495239
28.8906002045
23.5772705078
24.6800785065
24.3874168396
23.9005622864
25.8660011292
24.6727790833
26.9290218353
28.9890327454
30.9379272461
29.0539131165
28.3615589142
27.4076461792
29.2758903503
28.1489143372
29.5437259674
26.9303073883
26.5539493561
26.0830249786
29.9173431396
31.2376976013
33.7175750732
37.7641181946
40.4493942261
42.3579864502
39.8259239197
35.5776023865
33.4878501892
34.2382926941
33.066532135
37.0467224121
37.6790428162
39.6150779724
41.053768158
44.5915145874
43.5957603455
46.9385147095
47.106628418
42.0600585938
42.6591262817
46.2368736267
42.7188072205
42.2596321106
43.6323051453
44.0652046204
43.7421875
41.57006073
38.369720459
41.2505493164
36.8360443115
36.5755195618
38.3983726501
38.5968513489
36.9706459045
38.2151603699
37.8436393738
42.4238166809
42.3307914734
46.7660751343
45.6170692444
38.8188171387
44.8691215515
38.3762588501
35.0051841736
34.4386329651
31.402507782
27.614648819
28.1805210114
26.4960784912
30.8981800079
24.4669189453
23.2240924835
24.5759010315
23.8689479828
26.99792099
30.0206127167
32.9970054626
32.273891449
35.9645843506
37.6114425659
38.4069671631
39.9851951599
44.7839012146
38.1798210144
34.7166786194
33.4469718933
28.6247215271
29.5157985687
28.5653820038
36.3104896545
33.4370994568
35.3180389404
33.8801307678
35.598651886
36.7387123108
37.3604240417
35.7243995667
34.6231842041
30.3098602295
26.809047699
23.4348278046
26.1501731873
22.9402942657
24.7064628601
22.8900966644
20.1948261261
24.6536121368
21.3261547089
24.8051986694
25.0912532806
28.5156326294
28.8533382416
32.8388023376
37.5118904114
36.0157928467
37.0485801697
35.6197052002
39.654838562
38.0781555176
45.2508468628
41.5981407166
46.2695808411
37.853805542
31.2034721375
36.6667289734
35.1597976685
30.0467624664
28.6475372314
31.2254714966
27.49467659
24.1070137024
25.7039928436
26.6306438446
28.4019851685
29.4614276886
29.4221382141
33.57081604
39.6345291138
32.4558296204
32.8750724792
31.2959270477
27.6069030762
29.4644527435
23.9835300446
31.5811309814
28.013628006
26.1779193878
34.0527801514
29.924489975
30.7189064026
30.416021347
36.336101532
39.4015579224
41.7771224976
42.5376205444
36.6985397339
35.3121147156
38.3387489319
38.8138160706
44.7810020447
36.0976142883
36.6887779236
32.0709381104
30.7693538666
39.9054260254
31.1901798248
33.8256607056
36.1262626648
32.5588302612
37.4304618835
37.6908416748
39.9673500061
39.9494476318
38.7307281494
40.6535224915
36.6638870239
37.4830932617
37.7089004517
39.4908332825
36.6504516602
32.9111824036
32.2685508728
32.0947685242
28.6389484406
31.4502620697
34.7105140686
30.8651752472
30.7653999329
34.7477798462
34.2988319397
31.1277523041
34.862953186
32.6997146606
37.2895011902
36.168384552
35.0220756531
35.3668861389
36.4981536865
39.1411056519
40.089263916
42.0059432983
42.7268676758
46.6973114014
47.4666786194
72.9190139771
87.3363494873
67.9075088501
66.671043396
73.3851470947
84.7461395264
66.0075759888
75.7164230347
80.4837188721
70.1769638062
79.9859085083
90.863243103
44.1983528137
44.8621711731
41.8819007874
44.4244422913
40.3279914856
35.358165741
36.1265296936
34.3567886353
41.2251472473
39.9661483765
39.7899894714
43.5126533508
43.2871818542
44.2406959534
40.9434509277
44.4884109497
47.7871818542
55.4972419739
51.956741333
45.6066818237
49.772315979
45.4473800659
48.270450592
46.7836799622
41.8646125793
47.2173881531
43.2244377136
38.7004776001
41.4694671631
39.9231452942
39.5600738525
44.4858894348
49.1640396118
48.8321762085
53.2544441223
55.7261581421
57.183506012
56.8466186523
57.7033958435
55.7995605469
57.8547325134
57.9491539001
59.8055305481
58.1352005005
56.6856002808
60.3773498535
56.3956947327
55.8513717651
52.9791069031
52.3237991333
53.2183456421
51.4329948425
47.7943191528
49.6985778809
45.7080459595
43.0325279236
43.4849395752
39.9569015503
38.3908119202
36.7703170776
34.8433990479
35.2967910767
38.4130783081
40.4463195801
43.2311325073
45.4843559265
43.885471344
48.3141860962
49.2334136963
52.7213058472
55.2649612427
52.5662956238
52.1737251282
56.2674751282
56.5287857056
54.6169128418
55.5678215027
58.9570808411
58.4388008118
56.155330658
59.5228157043
61.7545280457
60.2875289917
60.0235404968
63.670589447
63.8139839172
62.2262611389
63.4893493652
58.8512191772
58.8013648987
59.2126159668
55.3027687073
54.0823173523
55.4144210815
52.9995498657
50.1045188904
52.7145576477
54.2828865051
51.5531082153
54.4476547241
55.4567756653
56.4623184204
58.9103469849
56.1445732117
56.5870018005
58.1838264465
55.3571281433
57.5855827332
53.3900756836
58.0434303284
59.3536300659
55.7857284546
55.4945678711
53.8386383057
51.125617981
51.3763237
48.4581298828
51.7193527222
46.7044639587
47.2565116882
47.2654190063
45.5598602295
49.6815910339
51.968132019
54.174987793
50.4102096558
50.8193817139
47.5281562805
51.5638885498
46.9925308228
49.6835403442
48.1991462708
49.9138259888
51.1624450684
49.2971496582
46.2024650574
49.8037528992
49.8360366821
44.7120170593
46.2113265991
46.6043624878
45.9957389832
52.82629776
51.1395683289
50.6968803406
47.6455459595
50.4943771362
46.471862793
48.6370773315
47.2210273743
49.4983634949
46.7134819031
46.5295600891
43.4297790527
45.0239067078
44.8162879944
41.9414100647
41.9025764465
40.2633781433
39.7024536133
43.2038726807
43.2387962341
39.1985359192
41.0275154114
43.2831954956
42.9606018066
38.5709114075
37.9520149231
37.2938232422
35.1188278198
36.6635093689
32.9648323059
35.8139190674
38.7847824097
38.9446640015
39.9208908081
39.4715499878
40.1870613098
42.2160072327
42.8849449158
44.9824867249
42.6484527588
43.1101837158
42.1607475281
45.4348716736
46.1777992249
49.3875007629
53.0991020203
56.414691925
57.8666915894
54.5012741089
51.0175971985
48.4269943237
48.7769050598
47.3749542236
51.2179832458
51.3990592957
52.6914329529
53.7675209045
56.172870636
54.286403656
56.7500801086
55.7627868652
51.3634986877
50.4156837463
53.7231140137
50.8306884766
49.1650695801
48.9789581299
48.8844566345
29.5992870331
29.313085556
27.6973838806
29.2472267151
28.5143604279
26.6917324066
23.0333023071
22.1161956787
24.5044059753
23.4582767487
22.1116027832
27.3871879578
27.8668708801
29.2993373871
30.1638526917
27.7883358002
31.0473651886
21.7399406433
25.1005420685
27.7566642761
29.1793212891
29.0664196014
34.9614372253
37.9703941345
43.0769386292
42.33070755
39.4630050659
36.5407333374
36.9148902893
31.8094577789
33.538974762
30.3308048248
29.4938850403
28.9986362457
27.7634735107
31.2993030548
30.9020881653
37.3953399658
33.5459709167
34.1161117554
36.3250427246
34.0772018433
33.7806282043
35.0389900208
40.7430877686
42.5625267029
43.9243850708
41.9141464233
39.9269523621
39.1065597534
36.5680274963
38.4204826355
34.5909805298
34.0520820618
37.572593689
38.4203681946
42.2068328857
41.8477287292
44.922908783
43.0284347534
41.8818969727
41.6644706726
43.8349914551
42.3124198914
44.0866699219
43.4651679993
43.4434814453
47.4289779663
46.2467041016
45.5483016968
43.1926498413
43.6883888245
39.4195137024
40.3865432739
36.5608024597
40.7322120667
37.641040802
44.3215141296
40.5372085571
36.604511261
44.8213882446
42.5252342224
43.6643180847
40.8613243103
41.6166343689
41.5280303955
40.3484764099
39.5473747253
34.4907722473
33.1540336609
29.2018280029
28.2484130859
27.7210941315
34.1852455139
29.597492218
33.8869018555
34.7070922852
35.5178565979
37.0568618774
38.0433731079
40.1872787476
37.3473777771
37.0871734619
40.877696991
40.1583442688
38.1526412964
41.4868087769
44.3258895874
41.9491157532
42.7156600952
40.4137535095
35.9783172607
36.0249519348
32.9916992188
34.6830368042
37.8424224854
30.3881168365
29.8980522156
28.1704616547
32.2261810303
37.79347229
30.246805191
31.1733722687
31.8936271667
27.6961593628
33.917350769
34.776008606
40.9042396545
40.4007072449
37.6484680176
41.361831665
39.8600578308
43.985710144
43.8923339844
43.4698143005
43.787940979
40.0314331055
38.1461143494
34.9619674683
31.3607177734
29.5998535156
36.4433326721
35.5213394165
33.1580963135
35.1612701416
39.2293548584
38.3620986938
37.0224494934
34.4759025574
35.111289978
31.906961441
30.6400604248
27.4896755219
27.7219238281
26.7712306976
25.3980579376
22.7842998505
23.1296691895
24.5271110535
26.2889957428
61.7115478516
72.1624221802
58.4541740417
55.9211845398
61.9605407715
70.2124328613
54.459941864
65.4895782471
64.356842041
58.6690864563
66.4493255615
71.8421783447
24.5140666962
24.4057388306
24.9660549164
24.2534637451
23.9730358124
24.1927089691
27.1005725861
31.96068573
30.3935775757
26.5080108643
27.4748477936
27.3751850128
26.5134277344
22.3273983002
25.7771778107
26.8286590576
36.1800117493
33.7836875916
29.3772106171
32.1918945312
30.9512138367
34.1746444702
34.8512382507
32.6725463867
38.6388816833
38.5522575378
34.4546394348
36.8417205811
34.7389755249
31.5441322327
36.1798667908
36.9579162598
36.4603424072
38.0576019287
40.9065933228
39.520401001
39.8567352295
38.4448204041
35.7047538757
35.9117660522
36.7545051575
39.1887435913
39.4927330017
39.0716705322
42.840045929
41.0369949341
42.3464698792
39.2423973083
41.2008247375
40.7266769409
36.8115653992
36.1577987671
40.3940010071
38.1119766235
34.8148384094
32.3363990784
29.8444824219
26.3128032684
26.046875
22.7756462097
25.262134552
26.2631587982
25.4339694977
28.2311515808
29.0376243591
31.8586940765
33.835144043
36.6989326477
40.9456939697
42.467414856
37.8321266174
37.1181983948
41.7282295227
39.9699745178
37.1568641663
38.1539115906
40.9666290283
39.1626014709
36.5564613342
40.9021682739
41.5076370239
39.0280303955
38.9760284424
42.7822647095
41.8656425476
40.8653793335
43.9158325195
39.5926704407
41.8484382629
43.3260421753
40.3834609985
36.7505645752
37.9481887817
39.1339950562
36.1434020996
39.9090499878
39.1688232422
35.3727722168
35.8967552185
36.5649604797
35.765625
38.0315818787
34.5692901611
33.7280387878
35.5713920593
32.7972450256
35.0097465515
30.2825374603
34.2384643555
36.8506698608
34.0293197632
33.7977867126
31.8136539459
30.8026771545
31.4319534302
30.4702796936
33.4674034119
30.7732505798
33.8205490112
33.1780548096
32.4482307434
35.8497505188
38.7893218994
39.4732131958
34.7148590088
33.9283790588
30.1735801697
31.3987979889
27.7140598297
28.1702194214
27.0335578918
27.1011543274
28.8580112457
26.2289085388
24.423576355
29.3970222473
29.1318721771
26.0723514557
26.3545093536
29.5763320923
29.1500415802
32.4772262573
32.636177063
30.616481781
31.2124481201
32.6951942444
29.1077365875
31.6534366608
33.208946228
37.2829666138
36.2175979614
38.5408782959
35.7459144592
34.6851196289
32.250995636
29.4843845367
27.1169948578
24.5789489746
22.0717430115
24.2858715057
24.578704834
21.4702625275
19.7639560699
21.5185031891
22.5927715302
20.8834476471
22.0562038422
23.9208126068
24.4873695374
27.6417598724
28.9243602753
30.5692749023
31.0270671844
32.3097610474
29.0561485291
26.9178829193
25.103099823
25.1730155945
23.3398666382
23.3176803589
20.4257774353
20.4530086517
18.6100635529
21.6780662537
22.1274814606
24.8337497711
28.4437656403
31.2873458862
32.9340553284
30.5636768341
27.080745697
25.4619503021
26.9184455872
26.976644516
30.2896900177
31.9135437012
34.119342804
34.7791976929
38.7051353455
38.1484985352
41.6607055664
42.4580307007
37.9157218933
39.7020950317
42.3305892944
38.6952056885
39.3383865356
41.2806510925
42.4575500488
49.3848648071
48.6666107178
44.63514328
48.790813446
44.2928276062
42.6999092102
45.2728424072
45.528301239
43.0537986755
42.9138031006
43.8300552368
46.6914329529
45.9684906006
49.2205619812
48.1198196411
41.3612670898
48.4201164246
41.672870636
39.3182106018
39.74061203
38.3204116821
33.2577323914
35.5295677185
32.4617958069
39.0271720886
33.4367523193
33.6011772156
34.3554611206
32.228263855
34.93724823
35.8973655701
38.4992523193
35.5164375305
38.0506134033
39.9495506287
38.2519226074
40.2485466003
43.1360321045
35.8675804138
32.1346626282
30.2526130676
29.1449375153
29.5032558441
29.8595371246
38.1743125916
34.1128997803
35.6474304199
35.2610054016
35.7862281799
38.071434021
38.043586731
38.0128822327
39.2805786133
35.9001235962
30.7069473267
27.2241268158
31.6441364288
24.2535476685
29.072473526
30.7134017944
28.8533363342
27.6890583038
30.5987796783
21.9621543884
22.9543418884
17.7756519318
19.4099578857
21.6759395599
28.6571979523
28.4137401581
28.7333602905
29.9624862671
33.2885627747
32.9545860291
40.5881347656
37.7946357727
42.9085083008
32.1698417664
26.3791332245
29.7682437897
29.7705955505
23.7282295227
21.6564865112
28.0108089447
26.2336330414
28.2436676025
31.1667919159
31.5415554047
35.6787796021
35.987323761
37.2470932007
41.2896232605
46.8305168152
38.7623710632
40.1023368835
37.5759925842
33.6645240784
33.6188011169
25.2046089172
33.0973014832
24.9540405273
25.6593379974
31.7148971558
28.1885604858
28.6996536255
26.8842086792
31.4658317566
36.1110916138
38.1458091736
39.8060531616
34.9520721436
34.9766998291
39.6518325806
40.4913482666
48.4058990479
39.3907241821
41.0850601196
34.2146606445
34.0527534485
42.3940010071
30.9344749451
35.0868873596
36.2555465698
33.1014060974
36.7046966553
35.040512085
36.3990821838
33.8409500122
34.2673530579
35.2879714966
29.9941234589
29.1866836548
28.8186683655
32.8028488159
29.9003295898
26.5782852173
28.824010849
30.0503234863
29.7211952209
32.6957015991
33.9267616272
31.1773338318
33.3084373474
35.7031822205
33.9617500305
32.5626029968
38.3041038513
37.1395225525
40.9866790771
40.2568130493
36.5232963562
38.1937904358
38.7996063232
42.8504600525
42.7013511658
46.3286590576
45.6853065491
51.4145507812
51.9420318604
84.086807251
88.995513916
79.2612457275
76.7753372192
84.350692749
95.5461044312
75.8942947388
84.9241333008
91.0202407837
80.0270080566
84.2005615234
98.3182601929
48.7606315613
49.4410438538
47.4289779663
48.859828949
45.0103034973
39.4547042847
41.0817680359
38.650100708
45.6023101807
45.2380218506
44.4066696167
49.4167289734
49.0758361816
50.7612495422
46.3340759277
48.7214126587
52.6595878601
60.2723922729
55.5161209106
48.9877433777
51.3708839417
46.7306518555
47.8980674744
45.7109413147
40.4902648926
43.7250595093
38.6226119995
35.7446632385
36.4844360352
35.8972663879
38.124961853
41.3655433655
47.762802124
46.5322418213
51.7729682922
54.4706687927
56.1821899414
55.704082489
57.0288887024
54.453754425
57.594493866
57.2775268555
58.4409179688
55.7934684753
53.726726532
57.0947341919
52.2329559326
50.9226379395
48.7540588379
46.7823295593
47.9304962158
47.6852607727
43.2399749756
43.2892799377
39.2780303955
37.6791038513
39.6894493103
36.6280021667
36.8763504028
34.981098175
34.8227958679
34.0949287415
36.788066864
39.818523407
41.5908546448
43.7513999939
40.3216323853
44.8777427673
44.5606460571
47.1703529358
49.7470703125
48.4899902344
48.5079078674
51.6708297729
52.9205322266
51.8026199341
52.7660484314
56.0098991394
56.2607421875
54.5563850403
57.19115448
60.0098457336
59.3498497009
59.2217330933
62.5034942627
63.5765571594
62.1316184998
62.1071853638
57.8014717102
56.7473373413
56.026889801
52.3646240234
52.4515533447
53.1949157715
49.3710441589
47.4230651855
49.3524169922
52.2758026123
50.8700714111
54.2550926208
56.0441169739
57.4526901245
61.1562042236
59.21484375
59.9097595215
60.7323532104
57.3176956177
58.8674240112
55.202003479
59.6531105042
59.7981414795
55.9714698792
55.3172492981
54.1133232117
50.6007804871
50.814956665
47.2959327698
50.5905227661
45.4546165466
45.0913963318
46.0848579407
45.2825698853
48.8385772705
50.1338577271
52.1952629089
49.7216300964
50.0117721558
47.4638137817
51.8305549622
47.1828041077
50.5536422729
48.7369537354
51.3514823914
52.1262397766
51.2250747681
47.4933357239
49.6790771484
50.3387184143
45.3667640686
47.9076309204
47.624382019
48.3424339294
55.0004119873
52.1974182129
51.7518424988
46.8053627014
49.1090049744
45.4150466919
46.7245674133
44.0526847839
44.9554290771
41.5938110352
40.1407699585
37.5804634094
40.1148872375
41.1803436279
39.0288124084
40.3607368469
39.5711936951
40.2385253906
43.3930168152
43.3233528137
40.1850471497
43.1537208557
45.503528595
44.7551841736
41.8905410767
39.59897995
39.0127067566
35.6044807434
37.2835884094
32.1578025818
35.7262916565
39.1959075928
36.7733459473
40.1028785706
39.1502151489
41.2909317017
43.0411071777
45.44688797
48.0820732117
46.3141822815
47.8647499084
46.6292686462
48.8743515015
49.4348068237
53.0175857544
56.2440643311
60.2196044922
60.836025238
56.4527130127
53.8183288574
50.7404823303
50.5436935425
49.077545166
52.5294342041
52.5334320068
53.3102035522
53.6208152771
55.0499076843
52.2653617859
53.9592475891
51.8969154358
48.3052368164
46.2150611877
48.7477874756
46.4036331177
43.8314170837
42.1660118103
41.7942352295
19.6226005554
19.7880096436
20.6429100037
22.8353710175
24.138261795
23.567325592
19.068561554
22.9209136963
25.6639175415
27.5614509583
27.9753684998
33.5192070007
35.6108856201
35.9527893066
35.2958526611
35.2178840637
35.9444847107
28.0438842773
31.667640686
30.8670501709
32.3402137756
31.7559871674
36.8703117371
40.738155365
43.8835220337
43.7834434509
41.1888313293
38.2909736633
40.2812690735
35.2530860901
37.7338294983
35.4375076294
33.9587097168
33.9725151062
31.1125621796
34.6728515625
32.3584938049
39.2150917053
36.0822143555
36.0081176758
39.418888092
37.3675460815
37.2238464355
39.3677062988
44.4752616882
46.8731384277
48.9989128113
47.7135810852
46.8763847351
45.6688270569
44.1868667603
44.9760437012
41.3954162598
39.8541870117
43.4058113098
42.8745079041
46.7944793701
46.0605812073
49.0535354614
46.6360321045
44.2406959534
43.0501976013
45.0704612732
45.3981590271
45.9160957336
46.2004127502
45.8904457092
50.7612495422
49.4957427979
48.1763153076
46.9905357361
49.0400772095
43.9576835632
44.9393005371
42.1235122681
45.7052268982
43.7885551453
48.8249435425
46.6216850281
42.278263092
50.287563324
45.8196907043
47.9867553711
44.0647010803
43.0786590576
43.1879310608
42.1671028137
40.4722328186
35.4997291565
33.2429389954
29.3252468109
28.456653595
27.8329029083
31.3887138367
26.7840003967
31.1457252502
32.4946708679
34.6220664978
36.4190177917
38.8751029968
40.5939865112
39.290309906
40.0923347473
43.9395370483
43.9628791809
43.3421287537
46.6211624146
50.2995147705
47.7400169373
49.036907196
47.128112793
42.381816864
42.9674491882
40.0508460999
42.0953559875
43.6406707764
37.1006965637
36.6177444458
35.3074455261
38.305316925
41.4920158386
35.5160217285
33.9410171509
32.9080657959
28.6379833221
34.1614303589
34.7024421692
41.0067672729
41.5450706482
39.4590606689
42.9591217041
43.4465675354
46.6898994446
46.1338729858
44.3301391602
44.6610031128
41.9857139587
38.6767158508
35.7462425232
32.3238601685
28.53474617
35.5614547729
34.8054466248
31.7249698639
32.6410446167
37.2732086182
36.9383964539
33.8453292847
29.8713035583
31.1698055267
26.7245521545
26.8663825989
22.8012123108
25.8781681061
23.387752533
25.0871810913
21.3846530914
25.908208847
27.5563163757
29.6044120789
51.701877594
65.451675415
48.6680717468
46.5959281921
51.9579811096
60.0159263611
45.4372291565
56.6937561035
54.150592804
49.3580284119
59.0433349609
62.4299087524
30.8018703461
31.2944049835
26.5134239197
27.2973861694
23.6902484894
23.7020015717
20.0175533295
24.408870697
26.4971618652
23.9812602997
18.6245670319
17.9789581299
16.0474891663
14.5617790222
16.5522174835
18.0336761475
26.8738307953
25.4778404236
21.8101444244
25.9961147308
25.1503200531
30.6514263153
31.5429992676
30.3486843109
37.5932044983
38.4816360474
33.1749610901
38.0405883789
36.7230148315
31.6032524109
36.0927124023
35.6940803528
35.0738449097
37.0421485901
38.7151603699
37.5157966614
39.1345748901
37.0614967346
36.6872596741
35.8688545227
35.7540245056
38.919128418
39.2212753296
40.1419944763
42.9648551941
42.3122062683
43.1736526489
39.4959106445
42.1499290466
42.7474555969
37.9514274597
37.427318573
43.3285980225
41.0499000549
37.5313796997
33.9867744446
32.3851356506
28.0923500061
30.3670654297
27.7149829865
31.4285392761
32.2501296997
32.2657318115
34.1589164734
32.9537582397
36.9030799866
37.4656181335
40.1922492981
45.498664856
45.8300247192
40.6611366272
41.4975776672
45.7545471191
42.8111991882
40.1143798828
42.0506896973
44.1919975281
41.4292373657
39.5932884216
44.8487510681
44.1057167053
41.0972709656
42.0554733276
45.8790512085
44.6993141174
44.7054901123
48.5444145203
44.7500724792
48.0284690857
49.2057800293
47.0300636292
42.8481750488
43.1576042175
45.5101585388
43.2478294373
47.2613296509
46.4442596436
42.9425926208
42.3791999817
43.1619911194
41.1957359314
43.4049301147
39.6380310059
37.5792236328
39.5881004333
36.9519577026
38.5461502075
33.4788627625
35.4694862366
39.3715019226
37.1154060364
35.4927062988
32.0668334961
31.8794956207
30.7739830017
30.2448596954
31.4805698395
28.8331260681
31.3570976257
29.3501567841
27.321723938
30.9162406921
34.5997467041
35.6879806519
30.0834217072
30.0887184143
26.3694133759
28.2173480988
26.049036026
26.6329803467
27.9810352325
28.1255283356
31.6911220551
29.2502498627
27.5927848816
33.2080421448
34.2324142456
33.0803947449
33.6255912781
37.7813987732
37.6314849854
38.8020133972
39.9211730957
36.9075927734
38.3877983093
38.2047538757
34.8732337952
36.4122848511
38.6575622559
42.7496833801
41.0443649292
43.4796943665
40.1942100525
38.3613243103
35.0905418396
33.4026832581
29.4186038971
28.8454475403
27.3504238129
28.7256908417
26.7186927795
23.8358249664
23.9540481567
21.4219017029
21.2300605774
16.0287208557
20.2267475128
19.9003734589
23.4494400024
23.5431175232
27.3512077332
26.6661472321
25.9026966095
29.7659435272
24.5021362305
24.5301151276
21.0842018127
22.1716842651
17.9483737946
17.9937591553
16.8727455139
14.9535570145
17.8864707947
20.6784572601
24.3830566406
24.1246356964
28.3406219482
29.8214321136
31.6599731445
30.0330638885
24.3074684143
23.0602912903
23.4529018402
22.1494007111
25.516910553
26.0497188568
28.3628425598
30.4980316162
34.6418914795
35.1960945129
38.9029426575
40.6251335144
35.7777824402
38.1214675903
41.6876907349
38.4943389893
39.6291999817
43.092250824
43.5446395874
37.7433509827
41.4465141296
40.4402732849
44.644367218
44.4783821106
41.3499908447
40.8465652466
42.8303985596
42.5489807129
40.8335762024
44.2393493652
43.4579849243
45.0412597656
42.1543083191
42.1847610474
43.3052787781
44.6640548706
38.3501014709
43.257144928
44.1980247498
47.1924781799
44.7784729004
49.9583892822
50.8048744202
55.4182853699
55.7233467102
56.7381324768
53.6017303467
53.942741394
50.0533752441
50.085269928
47.9693870544
43.3707237244
41.7229042053
39.0935325623
37.6066436768
34.8868331909
37.0217247009
36.0836524963
37.168182373
41.4444236755
44.2142524719
44.1446075439
47.0577392578
51.6864738464
53.1737060547
54.3291130066
56.1806907654
53.1879272461
53.8504905701
50.5301818848
52.4484100342
52.3051109314
51.7872276306
54.1986846924
52.1554794312
57.0145072937
55.0502281189
58.7984619141
57.8571624756
55.726146698
55.9505729675
56.0743980408
54.4199562073
53.6327781677
53.1258430481
49.972076416
54.4706764221
50.6943359375
48.9592552185
47.9194641113
47.5336227417
43.7211761475
42.4727096558
39.557926178
40.3408889771
42.2323150635
46.9719467163
45.5891799927
44.2343482971
50.5756454468
48.5757980347
52.478099823
47.9314727783
48.5988082886
50.0513801575
51.821434021
51.4253616333
46.630115509
48.8266601562
45.0655021667
45.9661598206
46.364440918
47.9363899231
43.4920425415
47.6067504883
46.9652938843
47.9420585632
48.0373840332
48.2321472168
49.4034576416
43.8142051697
46.855178833
48.2711219788
49.507610321
48.4805717468
52.1949310303
52.8962478638
49.3064002991
49.992729187
47.9872512817
45.5444526672
47.6526985168
46.512928009
49.782585144
51.6884841919
46.744884491
47.4956474304
43.6037712097
47.2561531067
48.5843315125
40.7300262451
40.6894264221
38.2055130005
34.6651649475
36.5696144104
33.537109375
40.4553794861
35.8597488403
37.1844558716
40.8081169128
41.5227165222
44.9090614319
42.6627464294
42.119720459
44.4160346985
42.4636993408
42.0889511108
39.1758842468
40.2223854065
36.8395805359
40.1993865967
41.7437667847
41.3398094177
39.230884552
44.1612663269
45.5418167114
44.8004608154
43.5126800537
42.2499580383
39.6561546326
34.5197219849
33.2115440369
34.5477714539
34.7140235901
33.7961769104
35.8183746338
35.0170478821
40.4542541504
40.0102272034
68.8699798584
56.9196777344
67.9799041748
59.8414764404
68.0058746338
74.4100875854
58.1126441956
63.7055015564
69.9252243042
60.4211120605
56.2514801025
68.1881332397
42.9730491638
43.1888465881
40.9065933228
39.7781105042
38.2742347717
37.1004257202
36.4600639343
38.0822715759
39.4680671692
39.1592750549
34.0109329224
39.0150032043
36.393157959
38.7151565552
34.9579620361
31.7563285828
33.1863670349
37.4909095764
31.9472446442
29.5076332092
24.7382221222
25.7391262054
23.8120326996
23.5576782227
25.8781509399
25.7767562866
29.358795166
30.0949859619
30.2137527466
30.511505127
29.4674072266
26.0987129211
26.0811653137
19.950756073
21.9784736633
20.4863796234
23.7105388641
23.7028312683
24.0085906982
26.5097007751
23.319984436
24.33070755
20.2616825104
21.3725509644
21.8870620728
20.6574058533
19.6961765289
16.1450595856
19.8753795624
21.5329971313
17.6611328125
18.4677791595
24.7275867462
25.0791301727
24.0576877594
20.5633029938
24.0898971558
24.5204620361
28.567773819
30.8706970215
32.3972358704
30.6161994934
32.2143440247
30.1392555237
25.468290329
27.9835700989
24.2785282135
24.1300792694
29.4311599731
26.6956481934
23.0688724518
28.1004962921
29.360578537
25.8924674988
25.7001590729
29.4308452606
29.8324775696
27.7017440796
29.1287574768
33.6490325928
32.483631134
31.5354576111
34.3037910461
36.9323616028
38.5703659058
40.2416038513
41.1327323914
39.089969635
41.2612113953
39.2987670898
39.2396812439
37.1200408936
34.4840202332
36.0898895264
37.2352409363
40.3374137878
41.783657074
41.6896972656
40.8342971802
43.8710517883
41.8883628845
47.7811088562
46.5088615417
44.7519493103
44.1682014465
39.9605369568
38.6409301758
35.7191619873
35.2093849182
35.4990959167
33.1079025269
28.6549625397
25.9551181793
23.5148906708
19.9957561493
18.079914093
15.9104003906
15.8380498886
15.7962694168
17.3950252533
21.0664653778
20.1342163086
20.0716514587
18.5073165894
18.0200977325
16.1081752777
17.8535480499
19.6842479706
20.2030887604
23.1386318207
25.0714836121
28.7120742798
30.9563503265
32.7000579834
29.5990219116
29.466217041
33.658115387
35.1985206604
38.4326782227
41.456653595
44.8437271118
43.9172744751
42.6768836975
38.9479026794
36.6240081787
32.4268951416
30.9827270508
28.5870857239
29.4789428711
30.7768955231
28.2097930908
29.9651813507
28.144323349
24.7876796722
22.1360816956
25.3133735657
22.9153995514
27.1731033325
29.7616004944
28.3780250549
24.7507514954
27.4144458771
30.8606491089
27.71616745
25.5487442017
29.1221904755
26.5627155304
26.7783565521
27.4990100861
27.2329311371
30.2379589081
29.618844986
27.9861888885
25.3808364868
24.4537849426
22.7390651703
23.7208747864
22.3555831909
25.7282829285
27.4268131256
30.0975475311
33.0276985168
33.879032135
31.2131900787
33.6530342102
33.7897758484
34.8148498535
37.6750869751
35.8269805908
31.0462627411
29.5215759277
27.1064147949
24.2061672211
22.8143444061
22.1237411499
21.2376327515
20.6267490387
18.6776256561
18.5473594666
15.546456337
17.999994278
18.1209487915
15.2433004379
18.453792572
18.8712673187
16.106962204
19.1697063446
23.8735580444
24.6445541382
