21.8871326447
22.1431064606
23.7698802948
29.010602951
18.0167560577
19.4286823273
17.5128574371
19.1313228607
32.3393821716
32.6090087891
33.6152687073
35.6387176514
25.7197799683
30.1017608643
28.0574951172
27.3309268951
27.253818512
62.6268043518
65.4639968872
59.1254310608
58.5760192871
56.6975860596
60.1723442078
57.554058075
62.5435600281
58.6052780151
53.0289382935
56.3210601807
51.3813972473
51.8904953003
48.0311203003
52.7385940552
50.3012237549
54.3389320374
51.8660011292
41.6911621094
42.679058075
40.1977615356
45.8775062561
39.3080558777
45.0183258057
44.9911956787
47.2598953247
44.7968406677
57.0338516235
59.426815033
54.4543876648
56.8521881104
52.5898857117
57.5777893066
56.432434082
60.5373039246
56.9810714722
53.9387016296
56.9140090942
52.3613471985
54.2125358582
50.0297927856
55.1401252747
53.227973938
57.4316215515
55.0241966248
46.532081604
49.0416107178
45.4855041504
49.0040245056
43.6398849487
49.3633003235
48.1204910278
51.7793769836
49.9349212646
55.4539337158
57.0336875916
54.0574378967
58.6030960083
54.0164489746
59.1357498169
58.9260559082
62.0356292725
59.906867981
59.284538269
61.6734809875
57.4007530212
61.2210273743
56.9008331299
62.108215332
61.0358505249
65.157043457
62.4854011536
44.6600875854
45.4979782104
42.1660079956
45.2803955078
38.2237358093
43.3819351196
43.1946601868
45.0374641418
40.7453536987
39.195892334
40.9187355042
37.7300758362
40.4163818359
32.7368774414
38.6991615295
37.5667495728
39.7082633972
36.4294509888
41.6642189026
43.4000282288
40.670841217
42.0448913574
34.4088783264
39.7544898987
37.9458961487
39.2437820435
36.2088088989
57.0020904541
58.8703117371
53.7018089294
53.8899269104
49.7186012268
53.577671051
51.3138809204
54.5083427429
49.8018379211
57.0020904541
58.8703117371
53.7018089294
53.8899269104
49.7186012268
53.577671051
51.3138809204
54.5083427429
49.8018379211
60.6298561096
61.7872619629
57.2019920349
56.8695602417
52.8827667236
56.1423492432
54.312335968
56.6387825012
51.7076301575
48.7026977539
51.5331573486
46.7587890625
47.9878959656
42.6473884583
47.7417526245
45.4305648804
48.8594665527
45.4856185913
45.961391449
48.2244873047
44.1850662231
45.5624008179
39.2342376709
44.4214057922
42.4100379944
44.9447402954
41.411781311
42.1633758545
43.9402046204
40.6193809509
42.5062980652
35.1851882935
40.6359443665
39.138710022
41.0554008484
37.568687439
58.7609405518
60.0945205688
55.2798042297
57.2294425964
52.4674682617
56.7031860352
55.9748573303
59.0115013123
54.0758247375
61.1670608521
62.4297866821
57.6111106873
59.8463973999
55.2517127991
59.4662971497
58.9708862305
62.0795593262
57.1362075806
57.247718811
58.2131576538
54.1363105774
57.6717338562
52.259475708
56.9227981567
56.9784698486
59.689655304
55.1827354431
50.857093811
51.6308403015
48.0267295837
51.7775802612
45.5747528076
50.5036773682
50.6582717896
52.9224433899
48.5672035217
49.8353805542
50.7096786499
47.169960022
51.3380813599
45.1033973694
50.2720069885
50.4520187378
52.8775558472
48.7927780151
