17.3792171478
18.2114543915
20.9658851624
21.1770362854
23.1748809814
23.4816036224
21.1739711761
19.3391437531
15.4120235443
12.7258443832
9.4653711319
9.811627388
10.7944126129
7.44541168213
6.86261987686
5.05546712875
6.63144636154
9.13182830811
11.4416618347
10.6052618027
10.6891403198
15.4637670517
16.3697872162
20.2087898254
23.1661472321
22.6044311523
22.3791255951
23.128692627
23.8566265106
21.785905838
21.4685821533
19.4322357178
19.9111862183
20.8378124237
18.8029251099
18.2226352692
19.7063007355
16.2136917114
16.1202869415
12.1020975113
13.0478286743
18.3445587158
14.9888677597
18.4582633972
14.6970310211
15.222287178
13.8651561737
15.1078557968
15.0049037933
14.8997545242
17.9985332489
17.2968196869
21.3742618561
19.8275356293
21.1283416748
20.0705184937
21.3426876068
19.4725570679
15.2573690414
17.1007575989
18.498790741
13.4538202286
12.4341840744
16.0289058685
15.8747587204
11.9769983292
13.2978115082
17.0923805237
15.4038066864
13.005232811
15.5447120667
19.19880867
20.6883792877
24.1463108063
25.0254268646
25.7897224426
21.4680709839
18.6960258484
17.4715690613
11.9703302383
10.8234472275
7.6254324913
5.49917173386
5.94825458527
6.787566185
6.36238145828
8.95918369293
12.785741806
13.0867261887
10.9396762848
10.1567287445
10.7299537659
9.71056938171
14.0466651917
17.926858902
19.4210624695
22.2664680481
25.1081809998
27.3586387634
26.2320518494
27.7337265015
30.8012866974
33.047744751
31.8353500366
33.0712509155
35.6489257812
37.0293922424
44.4359779358
41.0168533325
40.1017608643
42.1758232117
43.4148254395
40.8794937134
38.0757064819
38.5070800781
39.367351532
36.2518081665
33.1102752686
34.5586662292
34.2771530151
30.5458106995
29.8692893982
32.2705154419
30.1831302643
27.5860004425
29.5383930206
31.611536026
25.3509349823
26.3406143188
31.9491710663
30.0869312286
26.5256137848
29.4440994263
24.7751483917
28.4822826385
26.1208953857
28.6225471497
28.3198852539
30.0088367462
30.1141090393
30.6217288971
28.8705558777
25.7848014832
26.8290119171
24.3146648407
27.5670528412
25.4891719818
28.7427101135
31.1396579742
33.1737327576
35.1408004761
31.9297924042
32.3153266907
27.7713890076
27.7361373901
23.9321670532
24.0463199615
21.027929306
21.5692253113
20.6708755493
22.1265506744
25.8900642395
23.6781692505
35.7050514221
31.5181274414
33.4660644531
33.0407485962
37.6153678894
38.5592193604
34.6996040344
36.4446182251
38.6395378113
42.1841926575
40.1036567688
37.519695282
40.1452865601
42.2869606018
41.4500808716
36.66456604
37.5971183777
33.301322937
34.8050956726
33.5077590942
37.9439849854
34.9152679443
31.9864730835
36.5483551025
39.4175109863
34.4953422546
34.9337997437
38.1940994263
37.5308647156
34.2948150635
38.3197479248
41.4865455627
36.2171211243
36.7501373291
41.0813179016
41.3851776123
40.0306129456
37.597442627
41.6586341858
38.7878265381
39.4769096375
42.8912658691
44.96667099
46.6724319458
45.8813209534
43.9246139526
40.3489646912
44.9766426086
47.0132141113
43.6143035889
43.8950958252
48.3594017029
48.2533531189
45.2936401367
47.3636245728
51.0128746033
49.9029388428
48.3752441406
46.945022583
44.9290122986
49.1016235352
48.3484649658
45.4618034363
48.8839683533
49.2437934875
47.1286430359
47.8177909851
49.3277587891
47.9349555969
44.3178329468
47.2413520813
48.7349433899
42.8658981323
42.7552642822
46.1400299072
45.2865180969
40.8873786926
42.7882423401
45.9573936462
46.4165267944
46.4617424011
42.2215690613
44.7043228149
46.3229293823
41.3684272766
40.8373947144
38.3119354248
34.3810081482
37.5997390747
41.0135688782
38.5104827881
36.8338470459
41.7756080627
43.5811576843
39.5144004822
40.5716552734
47.2480506897
44.5204658508
42.6757659912
46.0995025635
49.1580581665
50.6746902466
52.4067153931
47.5606117249
46.3240890503
50.2435722351
48.9200744629
48.9844017029
45.4228858948
47.0075759888
48.6859207153
46.0937271118
51.5764198303
23.4791812897
24.3577442169
27.6327495575
27.5897350311
30.1868476868
30.8882198334
28.9348964691
26.9816417694
22.8020076752
20.1211509705
16.1706104279
17.8398227692
18.9144363403
14.7099542618
14.1684236526
9.13183021545
7.50647544861
6.53707456589
7.19738483429
7.78290224075
5.8252620697
9.39067745209
9.82488059998
14.3514099121
17.6560192108
17.2482318878
18.4392108917
19.1461315155
19.9315509796
19.5708255768
20.1119346619
18.1902580261
16.6332759857
16.1242656708
15.3499927521
12.981388092
15.429930687
12.2838830948
12.2641992569
10.5978603363
11.5909986496
16.7672634125
14.625746727
17.001783371
13.0884075165
13.5903129578
10.7687911987
13.9127645493
11.4758844376
12.7074518204
14.5128240585
12.8265037537
17.7574195862
17.9706630707
20.622636795
20.9737815857
22.8541946411
19.3384017944
16.0458164215
19.853515625
20.359369278
14.2944087982
16.5017757416
20.2578849792
18.4320888519
16.3642883301
19.1217193604
21.8912734985
19.4298114777
18.7852840424
22.1324653625
24.2741336823
26.2713985443
28.4997520447
28.7041244507
28.7798652649
24.9610118866
21.0359687805
21.0642852783
15.9424734116
13.7362089157
11.4528970718
9.6646270752
5.94576644897
9.38625240326
8.95673942566
5.7557425499
8.66095638275
7.8126373291
9.76672649384
6.82147026062
11.5322914124
10.3959035873
15.0038518906
19.1062927246
18.2081184387
21.8482723236
23.3273944855
25.7651443481
24.7304000854
26.2899837494
30.3539867401
31.6335468292
29.6882572174
31.6556549072
34.4746513367
34.6530265808
42.8318481445
39.3629150391
39.1340713501
41.9045791626
43.7251968384
41.702167511
38.2219085693
38.8581314087
40.7221221924
37.6936569214
34.1274185181
36.341884613
36.6913375854
32.7224769592
32.0942802429
35.3584480286
33.8028450012
31.2787666321
33.1549072266
36.1149978638
30.461019516
30.8850097656
36.8132095337
35.6724510193
32.4105529785
35.2840385437
29.473285675
32.6639976501
28.9816703796
31.6407279968
29.7539253235
31.9604473114
30.8466377258
30.5792694092
28.5360603333
26.3313274384
27.3048191071
24.3593978882
27.2655258179
25.5054512024
27.9724369049
29.5194301605
32.2029457092
34.6751937866
32.3691749573
32.2724571228
29.0050163269
29.1024417877
25.7398777008
26.339641571
22.2904834747
22.740278244
23.5173740387
23.9022102356
27.8246879578
27.017583847
35.2294273376
31.0675640106
34.1287078857
33.7235679626
38.2633476257
38.6167106628
35.3414726257
38.1260032654
40.9720840454
44.479133606
43.1312484741
40.0573654175
41.873085022
44.4149932861
44.4810752869
39.7187843323
41.1879386902
36.6916885376
38.9806976318
37.7426109314
41.8447570801
38.1107749939
35.1809005737
39.6595649719
41.555606842
36.5056228638
37.1423912048
39.8793983459
38.5683135986
35.3462104797
39.5852661133
41.6055221558
36.1888313293
37.0524864197
41.4886054993
40.7397842407
38.9569244385
36.3731575012
40.2879524231
37.6778488159
39.1285743713
42.9590415955
43.9849586487
45.3137817383
45.2558288574
43.1237869263
40.0451698303
45.0246276855
46.5828857422
43.8962860107
44.7442626953
48.9161148071
48.8294029236
46.5653190613
48.9292259216
52.3461036682
51.403049469
49.4869422913
48.2931022644
45.4121551514
49.2840576172
48.6721839905
45.4622306824
48.0955200195
48.8918190002
47.568561554
48.6760978699
50.697303772
49.6842041016
45.7553977966
48.452293396
50.7567710876
45.1285362244
44.2933654785
48.1343994141
48.1009788513
43.4450531006
44.5414810181
48.7573738098
49.1270065308
49.9168739319
45.9284248352
48.82421875
49.9719200134
44.7055473328
44.4320373535
42.6153335571
38.1085128784
41.8866882324
44.9820976257
41.7365226746
40.3236427307
45.5714378357
46.6960754395
41.9833831787
43.665561676
50.0296669006
46.5561027527
44.6429748535
48.5766906738
50.9323120117
52.0504341125
53.5816688538
48.674030304
47.2236595154
50.6980018616
49.077960968
48.4627532959
44.6409263611
45.7365226746
46.7165756226
43.6145553589
48.4839744568
30.9872112274
29.1831054688
32.7946891785
30.9440860748
34.2929992676
36.2921600342
35.5465202332
34.5943260193
30.6649837494
29.6960697174
26.8123607635
29.5286502838
28.9564323425
24.2965679169
24.1324234009
22.6044330597
19.8353309631
21.2452144623
17.2482337952
21.1029891968
19.2415370941
14.7318992615
12.3324632645
8.91537761688
7.65723514557
5.22311592102
4.43145751953
5.81690740585
8.70990562439
11.7786960602
14.9601945877
16.3929576874
10.7180328369
6.37327957153
6.54852676392
5.70423364639
6.8968000412
9.64159011841
13.2924098969
16.5946483612
19.8814277649
19.2143573761
17.1825790405
14.2265100479
11.8427667618
10.1848478317
9.44390201569
12.0574522018
11.2062091827
15.9354801178
15.6249094009
18.3830490112
19.9737644196
21.2201557159
23.8475666046
26.9110832214
25.935842514
21.3720550537
22.3367271423
25.278837204
22.3891639709
17.9020805359
23.0791625977
24.3826007843
19.1725845337
20.939453125
24.9814281464
24.2389736176
20.735250473
23.4290447235
27.1055812836
25.3920707703
28.0782299042
27.0024929047
26.2291927338
24.4139404297
22.6470661163
18.2549533844
21.3024196625
19.3114871979
18.148235321
18.4566764832
19.2577762604
17.8786411285
20.6248092651
23.6683444977
19.713602066
19.2680664062
15.2102575302
18.521282196
13.7174568176
15.1141986847
14.9853553772
14.3127784729
16.1750869751
11.88144207
13.8155632019
12.7636051178
13.8367185593
12.7527313232
13.7608070374
18.6474914551
18.2933273315
15.2024307251
18.309797287
20.8875370026
19.4259262085
28.974275589
25.3986873627
25.8988037109
29.5095252991
31.8249721527
31.2838230133
26.9891242981
27.4125404358
30.8936958313
28.8255462646
24.561504364
27.7279701233
29.5985603333
25.8011360168
25.106552124
29.4409732819
29.3679103851
27.444568634
28.8120288849
33.0578536987
29.843957901
29.1145591736
34.6136741638
35.1538162231
33.2680892944
35.925113678
28.9654121399
30.7838935852
24.9853630066
28.3754463196
23.2128448486
25.0220336914
21.7772407532
19.8212146759
18.5208454132
18.2344226837
18.1694946289
15.4714956284
17.0926704407
17.467124939
18.0424518585
17.5585098267
21.1247825623
24.3688812256
23.8875045776
22.0948257446
21.7807426453
21.4367427826
20.0547065735
21.1467132568
16.8489608765
17.6810493469
21.2610015869
21.0609645844
24.0957260132
25.7416477203
27.6484012604
24.2359867096
27.530330658
26.0024528503
29.8718757629
28.3408565521
25.984128952
31.0972003937
34.4304084778
37.8476295471
38.1057281494
34.9677352905
35.2634544373
38.8317337036
40.7167816162
36.4341049194
38.0539779663
33.513507843
36.1035690308
34.531414032
37.3796539307
33.1677894592
30.2308235168
33.5529441833
33.8454818726
28.9924106598
29.3267269135
30.8257827759
28.7460575104
25.638376236
29.5506858826
29.6115875244
24.5293540955
25.5829563141
29.6999149323
27.3805942535
25.0599594116
22.627664566
26.1503543854
24.8124713898
27.2797088623
31.7060718536
30.8397865295
32.1706161499
33.4061088562
32.0833740234
30.3352622986
35.9079742432
35.7286605835
33.8309593201
36.2758102417
39.6446990967
38.374206543
37.538028717
40.7422676086
43.2146034241
42.043888092
39.4790763855
38.470615387
34.0404663086
36.9435691833
36.3228416443
32.7481384277
34.0270080566
35.3850746155
35.3232955933
37.0535545349
39.7774620056
39.5105552673
35.3350944519
37.5573196411
41.0230751038
36.31508255
34.3548812866
38.8126525879
40.2656402588
35.7069549561
35.3979606628
41.2683563232
42.2099494934
44.1617507935
40.9766540527
44.2798652649
44.0277023315
38.7446784973
38.4882240295
38.28074646
33.149269104
37.5099868774
39.5755996704
35.1691932678
34.5330352783
39.8118171692
39.3785171509
33.9614982605
36.9119529724
41.9608154297
37.330619812
35.76978302
40.4264678955
41.0636482239
41.6325492859
42.4519195557
37.688243866
36.3115653992
38.8836364746
36.5433616638
34.950466156
30.9152851105
31.1663303375
31.4105129242
27.7261562347
32.0030174255
22.9742851257
22.3083629608
25.8283691406
25.5667800903
29.2187862396
30.5130634308
30.3094711304
28.209280014
24.4294757843
23.3503952026
20.612159729
24.2608394623
24.1263027191
19.8118038177
21.8021316528
19.9111881256
19.2551307678
21.3216438293
16.6332778931
22.8706474304
21.6264476776
16.7922077179
17.4366016388
13.5290241241
15.9656019211
15.0394744873
10.7180318832
10.4045991898
6.99408817291
5.50935459137
4.30661725998
5.50783491135
6.02246284485
5.13857841492
6.28551054001
8.76571750641
14.3212995529
15.2451992035
19.0190200806
19.9608058929
23.5501766205
25.0075969696
21.328918457
19.7711849213
15.3429203033
11.9319124222
9.55905914307
7.50167179108
5.66077804565
7.81712436676
7.16486024857
12.2059288025
11.8251371384
11.7880373001
13.7361488342
17.1475696564
15.616063118
11.1093111038
13.3532791138
15.8575439453
12.7179870605
9.86623764038
15.3636684418
16.3262672424
12.204914093
15.0936355591
18.6749515533
18.0326919556
16.5160312653
19.4517326355
22.5955142975
21.4827880859
26.227640152
25.6840209961
26.4146366119
24.0283985138
20.7618179321
17.2682647705
20.9644069672
17.5135498047
18.3221054077
16.566493988
15.9634141922
14.9055318832
15.3874120712
19.53956604
16.3323802948
14.6263198853
11.1625728607
12.3997621536
11.305188179
11.0300683975
14.1385211945
13.4759559631
17.7635059357
16.3521652222
17.0362644196
18.7748317719
18.8741359711
16.4544239044
15.3370933533
19.7031345367
18.5456180573
18.0177059174
22.2524871826
23.2604598999
21.8549785614
34.7539672852
30.8543777466
30.2087230682
33.2286567688
34.2679176331
34.2651252747
30.445608139
29.4010334015
32.244594574
31.0072536469
25.8007011414
27.7203063965
30.3356494904
26.3840904236
23.9586143494
27.7779026031
28.0785617828
25.1531906128
25.605424881
30.2705383301
26.7469577789
24.8124275208
30.2090930939
31.4573364258
28.6567821503
30.2442932129
23.0392227173
24.2528324127
19.3025856018
21.1380348206
17.3603992462
20.8581867218
18.5189189911
18.309047699
14.920501709
14.6492681503
17.2886447906
16.2678756714
20.1698322296
21.5556297302
23.453962326
23.815568924
27.0274887085
30.070268631
28.5071601868
26.3064651489
24.367609024
22.5559425354
20.3942337036
18.7082366943
14.0918703079
12.4293222427
15.7157564163
13.1324157715
16.1692733765
18.0954399109
19.7185211182
15.8376369476
19.6677570343
19.3557777405
23.5032711029
23.6306934357
21.4734287262
24.7138977051
28.2874259949
31.3837184906
31.184343338
27.5577430725
28.1233997345
31.0697803497
32.4968261719
28.144651413
30.3046894073
25.9699382782
29.5611934662
29.0222263336
32.0943336487
27.231306076
25.1246013641
29.3148345947
29.0677604675
24.591550827
26.76404953
28.027961731
25.6526489258
23.7701416016
28.368560791
28.315158844
23.2804870605
25.9253311157
30.3614616394
27.9623279572
27.0055446625
23.1477584839
26.3792114258
22.6859989166
24.4647979736
28.1394882202
28.7591285706
29.4500408173
29.5122814178
27.0483951569
24.3019256592
29.4103660583
30.6779079437
28.654510498
29.8453712463
33.6259231567
33.8798027039
32.2648048401
34.6827163696
37.8196792603
37.3308067322
35.1828460693
34.5636940002
31.4169445038
35.3279762268
35.5526847839
32.6553535461
35.3598480225
37.1043586731
35.8452987671
37.7875328064
39.5473365784
39.3512611389
35.0841712952
36.1732826233
39.6866188049
34.6604309082
32.4047355652
36.0444946289
37.1473731995
32.1604499817
31.8680725098
36.9479637146
36.5541954041
38.4801712036
35.1917762756
38.695186615
39.3260536194
33.868106842
34.8835411072
34.7016143799
29.9438800812
35.0894393921
37.0485725403
33.0029411316
33.3757133484
38.5915985107
37.8852462769
33.7825126648
37.1374053955
42.2438430786
38.0312805176
37.3706359863
41.914932251
42.6231880188
44.0632514954
44.3767662048
39.3955993652
39.0440139771
42.1458206177
39.1591377258
38.1308288574
34.0466842651
34.0848617554
35.6809005737
31.3695545197
36.5648651123
22.8940734863
21.3860626221
24.9756851196
23.5233192444
26.6922283173
28.3459587097
27.2293891907
26.0841293335
22.0263786316
20.8379230499
17.9741630554
20.4189090729
19.8749752045
15.2309551239
15.1918020248
13.8651571274
11.5593109131
13.7581224442
10.7687940598
15.4288377762
13.1639184952
8.71941661835
9.66201305389
7.46136379242
9.95880317688
11.0476293564
9.44390201569
8.95876216888
9.92723846436
11.652592659
11.035736084
12.7455310822
12.8461828232
9.55905818939
8.61489295959
5.84083175659
6.00640773773
8.01576709747
6.87128973007
10.2371425629
10.684387207
14.4088382721
15.8066606522
12.1315793991
11.3943796158
6.6263461113
4.42703866959
5.77561283112
6.32271909714
10.6784620285
12.4388799667
14.8364362717
17.5678577423
17.3249721527
19.5031261444
21.3435001373
20.6169872284
16.7153530121
16.0097694397
18.54454422
16.5553379059
10.9237318039
15.1221551895
16.9923725128
12.5066423416
12.7156534195
16.6797981262
16.986366272
13.4835567474
15.1861095428
18.9885234833
18.5896263123
21.3383693695
21.7187595367
21.6702880859
20.6393375397
17.4234886169
12.9996023178
14.9772901535
11.3213615417
10.3406066895
9.56574249268
10.2151937485
9.5275888443
12.2730970383
15.6788129807
12.9303236008
13.7923660278
10.2065696716
11.5141143799
6.30052423477
6.57988834381
6.40815067291
7.35508346558
11.3287677765
9.72214221954
12.4613656998
14.1908102036
15.966334343
14.5331506729
15.8429460526
19.9971294403
21.2515621185
19.3152675629
21.4787368774
24.0697078705
24.3966236115
33.2335281372
29.5871982574
29.1500072479
31.9996433258
33.700843811
32.2015342712
28.5162181854
28.8069419861
31.0600547791
28.4711399078
24.3850345612
26.8036136627
27.857301712
23.7918357849
22.8968830109
26.65483284
25.740530014
23.3007335663
24.9893360138
28.6638641357
24.0869998932
23.8583469391
29.7818393707
29.5113964081
26.914598465
29.7837619781
23.1610431671
25.860168457
20.973482132
24.4044742584
20.9762020111
22.8414897919
21.0680332184
20.3625202179
18.7102870941
16.6639270782
17.2688369751
14.3397417068
17.4411468506
16.6827812195
19.0367889404
20.3037166595
23.2110099792
25.960773468
23.8830890656
22.9830474854
20.2360076904
19.8060112
16.9651031494
17.4840335846
13.0364093781
13.9403629303
15.9828958511
16.6692199707
20.4768238068
20.5563869476
27.7280693054
23.6709117889
26.3416843414
25.1192131042
29.6012763977
29.2417297363
25.8799324036
29.6313152313
32.5604934692
36.2178649902
35.4393768311
32.4515991211
33.862651825
36.9698181152
37.7317810059
33.0524482727
34.3848953247
29.703250885
31.906255722
30.3367805481
33.9784202576
30.0842037201
26.9416484833
31.0152282715
32.5382919312
27.3730640411
27.784734726
30.2350521088
28.7826519012
25.41664505
29.6430149078
31.3695316315
25.9386463165
26.8030872345
31.2548408508
30.2993679047
28.5189933777
25.9435768127
29.926618576
27.6424751282
29.1532230377
33.2230644226
33.9696998596
35.6223831177
35.7536888123
34.1477584839
31.355222702
36.694519043
37.5832328796
34.7535171509
36.2496910095
40.2786026001
39.4422836304
37.506439209
40.3059921265
43.390838623
42.1696472168
40.0377540588
38.7743721008
35.4201660156
39.086555481
38.3827171326
35.0918235779
37.6458320618
38.5054359436
37.2812728882
38.5409698486
40.6832618713
39.8667182922
35.820186615
38.4249572754
41.0256271362
35.5981826782
34.4589042664
38.5317268372
38.9429016113
34.2782173157
35.0338020325
39.826374054
40.6229057312
41.7739372253
38.0275917053
41.0923118591
41.6103019714
36.2905235291
35.9022521973
34.71616745
29.8332862854
33.9856338501
36.6846046448
32.916343689
31.8593788147
37.2323188782
37.7199516296
32.7649269104
35.0564002991
40.9897651672
37.1011505127
35.4379425049
39.7066192627
41.4506149292
42.5684432983
43.7800331116
38.8301696777
37.5880317688
40.9480209351
38.9841537476
38.267539978
34.3771629333
35.370803833
36.5643234253
33.4316062927
38.5917549133
19.5558547974
17.8060817719
21.3783550262
20.2958755493
23.7445049286
25.3041267395
24.742099762
23.287815094
19.4426879883
18.6966228485
16.3663253784
19.3623752594
18.6289730072
14.3168268204
15.723856926
15.1078605652
14.1797199249
16.9441261292
13.9127645493
19.516002655
17.4449520111
13.1988630295
14.8920497894
12.2712535858
14.7596931458
14.8697843552
12.0574512482
10.5781545639
9.83087539673
10.42760849
7.78068733215
8.5687456131
9.08829879761
7.50167274475
9.00726795197
6.31497812271
9.06240653992
12.1919937134
11.8433351517
15.283662796
15.051407814
18.8245620728
20.2824726105
16.0112457275
15.1095514297
10.4771871567
7.16966342926
5.7756114006
5.8337726593
8.86708450317
10.9187507629
14.6961078644
16.1203365326
14.9312858582
16.3216228485
18.2962646484
16.5081424713
13.0766372681
13.3019733429
14.8484888077
12.1153173447
7.71976423264
12.0447731018
12.9733095169
8.12407588959
9.84782600403
13.7322807312
13.2118597031
10.6375494003
13.2767019272
16.6871814728
15.7766857147
19.8948955536
19.9129486084
20.640417099
18.891450882
15.2024879456
11.5248651505
14.5760917664
10.9611902237
11.9756889343
10.4068536758
10.6358499527
10.9580249786
11.9398651123
16.4716625214
14.4649353027
14.6096124649
11.3241653442
10.9981908798
8.17732810974
5.62278223038
8.27269363403
7.38070106506
12.039390564
11.9998426437
12.9566917419
15.8062963486
16.5452690125
14.3962659836
14.4430103302
18.1444778442
19.0423622131
18.2775974274
20.9811763763
22.6678543091
23.0880413055
33.4850769043
29.6879272461
28.6909141541
31.2600345612
32.3014564514
31.2860336304
27.8194484711
27.2671203613
29.3195896149
27.3677272797
22.714630127
24.5153942108
26.1883182526
22.1294689178
20.234205246
23.8055877686
23.3342647552
20.4375686646
21.5413379669
25.6100196838
21.3240509033
20.2199840546
26.0233707428
26.3913536072
23.5700073242
25.8645591736
18.9337177277
21.2067279816
16.4072246552
19.4199542999
16.2887248993
18.7096939087
17.284942627
17.3241214752
15.0076618195
12.8447694778
14.6616344452
12.8831110001
17.0316390991
17.3741950989
20.0549850464
21.3956031799
24.1348266602
26.8188495636
24.465221405
23.0338191986
19.8922710419
18.4592285156
15.6030273438
14.4018249512
9.79050159454
9.44299793243
11.6516103745
11.5124330521
15.3335313797
15.5893135071
23.128282547
19.0305919647
21.4014930725
20.3481121063
24.9016513824
25.0478363037
21.6618671417
24.7959213257
27.7510948181
31.3264732361
30.4551868439
27.3626651764
28.8704681396
31.8462791443
32.5202598572
27.8429908752
29.2776756287
24.6458377838
27.1628684998
25.9504833221
29.5613002777
25.3871841431
22.5446548462
26.882932663
28.1287174225
23.111158371
24.2779998779
26.5346755981
24.974943161
22.1352539062
26.6126785278
28.2467041016
22.9047203064
24.4511470795
28.9856452942
27.9706249237
26.8255500793
23.6950778961
27.5275096893
24.4337387085
25.5640087128
29.3224716187
30.6875305176
32.2320289612
31.8822612762
30.0626583099
26.9431190491
32.1064109802
33.3876609802
30.3783988953
31.5054531097
35.666015625
35.1855125427
32.96616745
35.5441856384
38.8058738708
37.7573356628
35.7753486633
34.6289176941
31.7573032379
35.7795066833
35.3973426819
32.4131660461
35.5676078796
36.5971946716
34.864780426
36.2503890991
37.9644012451
37.2406463623
33.1547355652
35.2093772888
37.8727722168
32.391708374
31.0586681366
34.7942848206
35.1421928406
30.3170661926
31.0280075073
35.5638923645
35.9331588745
37.1172676086
33.3875350952
36.5580253601
37.2973709106
31.9193592072
32.0535087585
31.0620994568
26.2931518555
30.9057025909
33.4059486389
29.6914367676
29.2652454376
34.5769386292
34.7316665649
30.3955726624
33.0618400574
38.8076477051
35.0253372192
33.9105300903
38.1800308228
39.7300949097
41.2476387024
42.102935791
37.0833969116
36.4129371643
39.9363288879
37.5721931458
37.0822067261
33.1887321472
34.0378875732
35.8815155029
32.5004119873
38.0999832153
21.0825538635
20.9190597534
24.5275821686
24.381975174
27.8184452057
28.9330883026
28.1677017212
26.0090255737
21.9272670746
20.3049716949
17.0511760712
20.4241886139
20.5935649872
16.0309619904
17.6185855865
15.0049028397
14.2860155106
16.1284809113
11.4758825302
17.7892665863
16.7234554291
12.035443306
13.5461425781
10.1466388702
13.8587818146
14.3914890289
11.2062120438
11.4536819458
9.91519927979
9.71374034882
8.60566806793
9.21136951447
8.06966590881
5.66077852249
6.93693590164
6.81609153748
7.29935503006
12.7755699158
12.3186349869
15.5022544861
15.724738121
19.038394928
21.4498443604
17.8110389709
17.3346042633
12.4540967941
9.73784351349
6.32271909714
5.83377218246
5.36628484726
6.5940618515
9.87577915192
11.7251138687
11.5226821899
13.9399967194
16.3063335419
15.9544343948
11.534529686
11.4927501678
14.743765831
12.8649511337
7.70148563385
12.9947118759
15.1516895294
11.6068649292
12.7476615906
16.4433994293
17.050655365
15.0937585831
16.9915313721
20.4241504669
20.4451408386
24.553937912
25.0006389618
25.6606082916
24.0743579865
20.3350830078
16.4822311401
19.0907592773
14.6893053055
14.8136463165
12.5433597565
11.5117444992
9.84250545502
10.9258022308
14.6857938766
11.3914709091
10.4895172119
6.87176370621
8.19458866119
6.36505365372
7.5566740036
10.2351179123
11.3224315643
16.2306995392
15.1111745834
16.9679412842
18.9299926758
19.9606742859
17.939496994
17.9402217865
22.251159668
22.2302207947
21.1611976624
24.5136985779
26.2547035217
25.6227798462
36.8562278748
33.0413360596
32.460849762
35.3790206909
36.6600418091
35.8731040955
32.157169342
31.6885509491
34.1213798523
32.198223114
27.4794254303
29.4827327728
31.2850017548
27.2111949921
25.3473167419
29.0044879913
28.5918426514
25.6731910706
26.6733131409
30.799118042
26.3405094147
25.1865787506
30.950345993
31.3519268036
28.2552509308
30.3265457153
23.4111022949
25.4799213409
20.9598789215
23.1862373352
20.2722320557
23.3136863708
21.5664787292
21.4350719452
18.5553531647
17.2428951263
19.3163776398
17.4381771088
21.2589626312
21.4866523743
23.797164917
24.7107067108
27.7964515686
30.6910266876
28.7177219391
27.2397899628
24.5883617401
23.3750667572
20.5842933655
19.5830230713
14.9122219086
14.0685176849
16.3131790161
14.9219198227
18.5835418701
19.269744873
24.2752780914
20.1965827942
23.6236133575
23.2829837799
27.6780414581
27.9990291595
25.2688694
28.2255535126
31.5035877228
34.8061447144
34.075553894
30.6417369843
31.8077030182
34.5775680542
35.394618988
30.8020935059
32.6971702576
28.2246322632
31.347360611
30.5464019775
34.1131324768
29.6280441284
27.1510353088
31.5909442902
32.2610321045
27.4836521149
29.1062259674
31.0278663635
29.1007022858
26.6397800446
31.1900119781
32.0766105652
26.8191890717
28.7732086182
33.2941818237
31.6142463684
30.3688297272
26.9713306427
30.5439796448
27.2156887054
28.7761993408
32.4968185425
33.4187889099
34.4056930542
34.3259391785
31.9884700775
29.0160713196
34.0541419983
35.5218162537
33.1404418945
34.1186790466
38.1180229187
38.2626457214
36.296131134
38.669631958
41.9716262817
41.2999153137
39.2706069946
38.4059753418
35.4393844604
39.4117355347
39.312286377
36.3040885925
39.1032218933
40.466053009
39.0784606934
40.6934356689
42.5109558105
41.9770774841
37.8057594299
39.5237007141
42.5463790894
37.2035217285
35.5187416077
39.2267112732
39.8349380493
34.9158439636
35.2351989746
39.9348487854
39.8111572266
41.2622566223
37.6440811157
40.940826416
41.8260803223
36.3887939453
36.9365119934
36.0931396484
31.3709888458
36.1091270447
38.5376167297
34.7750282288
34.4966316223
39.8049354553
39.7941665649
35.4703445435
38.245174408
43.9049911499
39.9657478333
38.8606147766
43.2213859558
44.5799636841
45.9703941345
46.730632782
41.7179794312
40.9960517883
44.3205795288
41.8105010986
40.9912834167
36.9733924866
37.4623527527
38.9245529175
35.0733718872
40.2642021179
13.3828382492
16.4685993195
19.3899936676
21.983297348
25.1213626862
24.8379898071
24.3953132629
20.5477428436
16.9782123566
14.6667299271
11.6615219116
15.7791070938
17.1721820831
14.2685260773
18.3019733429
15.2573680878
17.666437149
19.409620285
16.0458221436
22.4221611023
22.3756504059
19.1211662292
22.5576133728
20.1661434174
24.5717201233
25.5728626251
22.336725235
22.0766506195
19.868850708
18.3232536316
15.1996850967
12.8548545837
9.34403514862
13.3532791138
17.1641521454
17.1230144501
18.2084178925
23.5097980499
22.1952934265
24.5425453186
22.8565998077
25.4319190979
29.4534034729
25.3079795837
26.2437496185
21.1888408661
18.7608890533
16.009771347
13.3019733429
11.4927492142
6.97432851791
8.94685554504
10.1468410492
10.2653675079
6.76854658127
6.552257061
6.2846903801
7.54909706116
5.80892848969
5.72542285919
7.55630588531
6.94051885605
7.60175085068
10.3196792603
11.8930835724
12.0115976334
13.1779346466
15.4417285919
16.7351913452
17.2504901886
19.1258010864
21.0996208191
26.2794876099
27.9352111816
29.9108123779
28.5235805511
23.7763366699
21.5890159607
23.5055446625
18.2465991974
19.8604412079
16.0040664673
13.1530227661
12.3691120148
9.24847126007
12.6119260788
12.2577514648
10.5547599792
11.1360435486
7.34767723083
12.6521320343
12.0598640442
16.1983261108
17.750711441
23.166097641
24.1555042267
25.2833023071
28.4987201691
29.1663246155
26.8189373016
26.0377464294
29.326965332
29.2311553955
29.6516342163
33.0418205261
33.9113082886
33.6564407349
45.844379425
41.9762420654
40.7059669495
43.0217895508
43.3907012939
42.701915741
39.6058807373
38.3432044983
39.9052848816
38.4614868164
33.6602935791
34.4842529297
36.306854248
32.4662628174
29.6752796173
32.2545013428
31.8026371002
28.303319931
28.5787391663
32.2121429443
27.3140277863
25.5769786835
30.6641731262
31.1594867706
27.0754489899
27.9152774811
22.0502910614
23.7250156403
21.6537189484
21.6517868042
22.0077896118
25.8020381927
25.6677932739
27.0645751953
23.3850364685
21.849281311
25.2949790955
24.672492981
29.227399826
29.6325778961
32.6400375366
34.1129188538
36.775932312
39.3372535706
36.6178321838
35.2504005432
31.4542312622
29.5761890411
26.3515625
23.5417098999
19.9710464478
17.6074371338
17.657535553
14.788646698
17.7194538116
17.2076282501
24.0315132141
20.2127590179
23.0486526489
24.2327861786
28.3301086426
30.4628486633
27.9661693573
28.2374305725
31.1150035858
33.835105896
32.1734924316
28.6885967255
30.568561554
32.1016693115
31.679485321
27.2262039185
29.4062633514
25.6437091827
29.2491283417
29.6176643372
33.4749832153
29.0394802094
27.6025848389
32.6095466614
33.2998199463
29.3150024414
32.1873207092
34.0725669861
32.3749694824
31.0058555603
35.5900115967
36.8131942749
32.0552101135
34.6914482117
39.1072387695
37.8399772644
37.5652313232
33.6517829895
36.8416099548
32.2095527649
32.8693885803
35.5005531311
37.8529815674
38.3581771851
37.1399345398
34.008934021
30.2475013733
34.0865135193
37.0878295898
34.5810852051
33.9358520508
38.1806945801
39.8414916992
36.9965286255
38.2628097534
42.1681671143
42.14012146
40.7798919678
40.1994552612
38.8584938049
43.4741706848
43.9431648254
41.6501159668
45.4793128967
46.893611908
44.5441703796
46.0724906921
46.9852294922
46.3559989929
42.4139633179
43.3611068726
45.9499435425
40.4730072021
38.9840240479
41.6696395874
41.5598526001
36.6544723511
37.3666000366
40.6000747681
39.205909729
40.1527328491
36.4260597229
39.5345077515
41.5766487122
36.3906784058
37.9376029968
36.7145767212
32.9163131714
37.7092094421
40.1479492188
37.2644309998
37.5877761841
42.463142395
42.6225700378
39.7355384827
42.3297843933
48.0273704529
44.8351249695
44.3372650146
48.2580490112
49.9689483643
52.0177650452
52.5542793274
47.559387207
47.5256347656
51.2467575073
48.5475730896
48.2983055115
44.4472198486
44.9459381104
47.2599639893
43.3028030396
48.9421463013
21.5868549347
16.6240215302
18.9961547852
14.5559530258
16.4599304199
19.2882976532
18.2288913727
19.9148426056
17.4022045135
18.7053585052
18.8768539429
19.1486988068
16.2773609161
14.2695589066
12.7687740326
17.4715690613
15.981795311
19.4713001251
21.0642871857
23.2469215393
19.5525474548
18.3879470825
20.2867183685
20.5712833405
20.8265705109
21.4794979095
21.3024215698
18.4489212036
20.4417724609
22.4379749298
19.7670192719
20.5238494873
21.5561599731
20.9644050598
21.4583187103
17.2770671844
19.5613155365
17.235616684
15.8639469147
17.3415298462
15.1960926056
18.1779613495
17.316701889
12.8516044617
12.881070137
11.9368524551
11.8689346313
14.9772920609
14.5760889053
19.090763092
21.5391330719
24.4878311157
27.4192333221
29.6021137238
27.5960407257
28.0442810059
28.5314044952
25.9871101379
24.5372543335
23.5055332184
22.8506412506
20.8740634918
17.7700939178
17.8550434113
17.2850894928
13.7959871292
12.363986969
14.191491127
12.7172708511
8.48188304901
8.99536705017
11.0903148651
8.9937286377
7.65991687775
8.4156961441
8.29871463776
9.54381942749
7.05133962631
5.74906778336
6.36030817032
8.26887798309
10.6459054947
14.0612487793
17.6191139221
18.8565597534
22.3764629364
23.0649337769
25.381439209
23.0167007446
21.3776760101
17.6519985199
13.0476446152
11.2779960632
8.45403862
6.43360042572
11.1667985916
10.822930336
14.8815784454
16.1298236847
15.5739564896
17.5778541565
18.2569274902
22.6526565552
21.7430610657
20.6472454071
23.1272678375
26.8164710999
30.6282215118
27.5980491638
25.9060592651
26.961019516
27.8111591339
24.6225337982
22.6266078949
23.283821106
23.1484622955
19.7658843994
17.6576690674
18.8131389618
17.5736732483
14.20586586
14.7860422134
16.7662773132
14.1663160324
12.6471242905
15.5983018875
16.9966392517
11.9777431488
14.2532291412
19.4764766693
17.3593158722
15.9261655807
20.1380081177
15.9547281265
19.7571601868
16.5279636383
21.2905406952
19.5558605194
18.4353218079
19.0293502808
19.1697425842
19.9949321747
15.9697608948
14.5578489304
12.2889308929
14.2569389343
11.9596481323
15.7016763687
18.955739975
19.6406707764
20.7635822296
16.7673301697
17.5357971191
12.0458984375
12.2824048996
8.91992282867
10.9783239365
10.7153186798
13.8743495941
12.4931774139
17.6003284454
20.4302043915
18.1251239777
31.8315067291
28.1873188019
28.0789985657
25.7199516296
29.8492221832
29.487783432
24.7601032257
27.6739273071
28.9050521851
32.9158210754
31.2324142456
29.8087215424
32.4907417297
35.4425086975
35.0968170166
30.6068649292
30.27734375
25.8735809326
25.3550853729
22.4188213348
26.2720470428
24.5674686432
20.6056442261
23.7488327026
27.9126605988
22.8229885101
20.9557247162
24.8732852936
25.3372612
21.0569095612
23.9897937775
28.7510185242
23.9912014008
22.7011299133
26.4273853302
28.4580039978
27.1053848267
26.0823554993
30.3096561432
29.0185413361
28.9641075134
32.4040679932
34.6185073853
37.5824356079
36.7685089111
36.4906578064
33.4089317322
38.2593841553
38.996006012
34.6716651917
35.9826927185
40.2194671631
38.0116996765
35.2010612488
38.0700759888
40.9946327209
38.7814064026
37.17786026
35.0676498413
32.7589797974
36.2882614136
34.6142807007
31.7554607391
35.2915420532
34.7124481201
32.2890014648
32.298160553
33.8548088074
32.0596427917
28.8728504181
32.9070129395
33.5077667236
27.762714386
28.6745414734
32.3003959656
31.1712322235
27.4864330292
30.1037349701
33.2365684509
35.565990448
35.2607307434
31.1853504181
33.2486419678
33.6724395752
29.1783542633
26.9318504333
24.3358039856
20.1648159027
22.4190940857
25.8988227844
23.290807724
20.6663475037
25.6399860382
27.8169937134
23.1654682159
23.7350673676
30.4607925415
27.9435100555
25.7946605682
29.0311164856
32.3587760925
33.8790779114
35.8873062134
31.2545280457
29.8967781067
34.0209617615
33.2536392212
33.9805183411
30.9938488007
33.4022827148
35.5871925354
34.4519615173
40.2979698181
15.7650289536
15.4630880356
18.6474246979
18.3470287323
20.8873252869
21.6637783051
19.8628501892
18.1726360321
13.9957523346
12.0363826752
9.0838136673
10.7238473892
10.622926712
6.1829199791
6.79742527008
5.49917268753
6.05732870102
9.1721200943
9.66462802887
13.6560697556
11.8868789673
10.1285142899
14.528711319
14.4956188202
18.0658035278
20.3417739868
19.2577724457
18.4985542297
19.0480937958
19.8043117523
17.3494377136
17.1035690308
15.5521697998
15.9634180069
17.1893291473
14.7345552444
15.055059433
16.708688736
13.7637119293
14.7633161545
11.4272546768
13.8197040558
17.8409881592
13.6309556961
16.0090618134
11.6813278198
11.2924633026
10.2151947021
10.6358470917
11.5117464066
11.9842329025
15.3077106476
16.084690094
19.4530448914
17.6457080841
18.7944602966
18.4515285492
18.556974411
16.4334049225
13.1530218124
14.5817461014
14.8782758713
9.64618110657
9.52813720703
12.551024437
11.3207063675
7.79327392578
10.247836113
13.1821079254
11.0917673111
9.65581035614
12.8953742981
15.5358524323
17.9294261932
20.6413059235
21.6385803223
21.8157520294
17.3802146912
14.4050912857
14.0612487793
8.24199867249
8.1263256073
4.12575864792
4.78190994263
5.80280590057
8.85459423065
9.86219215393
12.6902751923
11.7097454071
9.38130378723
7.50286006927
6.15414953232
6.06012439728
9.69155025482
14.1439638138
15.8272247314
18.1870250702
21.3674526215
23.2697849274
21.895324707
23.1196098328
26.1404209137
28.2992172241
27.2959918976
28.7105312347
31.0547046661
32.4507331848
40.438129425
36.9145774841
35.8543891907
37.946472168
39.043422699
36.811794281
33.9214363098
34.0714225769
35.077293396
32.2274436951
28.7282047272
30.1567173004
30.2830696106
26.4330482483
25.4346961975
28.0392990112
26.2569293976
23.496805191
25.3056201935
27.8357906342
21.8561401367
22.3862266541
28.1754436493
26.8157405853
23.3327732086
26.203874588
20.8516426086
24.4125881195
21.562795639
24.2935371399
23.550655365
25.2787361145
25.2537727356
25.7799682617
24.011598587
20.915096283
22.0887184143
19.7558116913
23.3042144775
21.7211647034
25.0461921692
27.3606510162
29.4891815186
31.5883846283
28.4078216553
28.3871879578
23.9059505463
23.4820709229
19.7407207489
19.4644298553
16.2320365906
16.7127342224
16.0635070801
17.5438480377
21.3885955811
19.4291820526
31.338470459
27.1493320465
28.9744873047
28.3386287689
32.9359817505
33.7489128113
29.8704414368
31.8236732483
34.1044654846
37.709777832
35.8252258301
33.1832427979
35.6777000427
38.0189437866
37.4554405212
32.6348075867
33.5981063843
29.1622333527
30.7895336151
29.4402923584
33.7737960815
30.5302352905
27.543302536
32.1114387512
34.7731971741
29.79454422
30.3414821625
33.4768714905
32.7152290344
29.5246734619
33.6386413574
36.6506156921
31.3808403015
32.0663986206
36.4458045959
36.6182327271
35.3762550354
32.826587677
36.8642654419
33.9414291382
34.5992736816
38.0418434143
40.1078414917
41.8651809692
41.0738296509
39.2216873169
35.6869354248
40.4191169739
42.3028411865
38.8590431213
39.2973594666
43.7406539917
43.4749908447
40.5931854248
42.7834129333
46.3617095947
45.208732605
43.6121101379
42.1969833374
40.0786094666
44.2522583008
43.5509910583
40.6809768677
44.1622848511
44.611782074
42.4650344849
43.2646179199
44.7588615417
43.4756546021
39.7678260803
42.5326728821
44.2046356201
38.3686561584
38.0678405762
41.4986305237
40.8320922852
36.3356971741
38.0822296143
41.4726829529
41.9707756042
42.2064323425
38.0293769836
40.6606292725
42.0906982422
37.0288734436
36.596282959
34.3570899963
30.2102947235
33.775844574
37.0271873474
34.2659645081
32.8573036194
37.9296188354
39.3929862976
35.3012199402
36.7202262878
43.2432327271
40.3144454956
38.6648826599
42.28125
45.0398864746
46.6278991699
48.1547622681
43.2492141724
42.1937789917
46.0963973999
44.5346717834
44.5653266907
40.9539070129
42.4434700012
44.2830924988
41.5925827026
47.209312439
16.953660965
19.0235996246
22.2786502838
23.6392211914
26.658744812
26.8506221771
25.6836128235
22.5826816559
18.4981327057
15.7739162445
11.7921562195
15.2408618927
16.6576290131
12.7392206192
15.2311010361
10.9396772385
12.3839006424
13.6459789276
9.76672840118
16.1489086151
16.2163848877
12.9148015976
16.4046115875
14.4498176575
19.1994991302
20.9580764771
18.5212802887
18.8812026978
17.6956005096
17.097869873
15.1705989838
14.2714920044
11.3952989578
12.399764061
14.4914207458
14.2047519684
13.9273166656
18.7905788422
16.8856697083
18.7466888428
17.1620254517
19.4807929993
23.812921524
20.1698322296
21.4892692566
16.4837722778
14.7950458527
11.5141153336
10.9981899261
8.19458770752
6.09666442871
8.4973526001
8.32157421112
11.3772344589
10.0096578598
11.9196138382
12.1051111221
13.96671772
10.8693780899
7.34767770767
11.3949193954
12.3684930801
7.59774589539
9.82596874237
13.5772094727
13.110203743
12.0756587982
14.3943014145
17.1007080078
16.4666423798
16.5538272858
19.3482055664
21.4653816223
25.469745636
27.3698139191
28.619436264
27.7630977631
23.2542552948
20.0742588043
21.3776760101
15.7808656693
15.9991235733
12.29043293
9.38130283356
6.96465063095
5.78360080719
8.46018886566
6.69721364975
6.24121904373
6.01685094833
7.14655447006
9.1191740036
11.8715353012
14.8471364975
20.2154808044
20.4112300873
22.613286972
25.2279510498
26.6199970245
24.7023124695
24.8793830872
28.7100296021
29.1624908447
28.5066223145
31.4610481262
33.1932029724
33.0441055298
43.874797821
40.0969848633
39.2644424438
41.8537063599
42.8683929443
41.6429710388
38.2897567749
37.8057975769
39.5880508423
37.4544792175
33.0329704285
34.5281105042
35.799118042
31.7899456024
29.8637504578
32.876411438
31.9543533325
28.7928848267
29.8090057373
33.2779159546
27.9298801422
27.1161804199
32.7531318665
32.5438613892
28.7525653839
30.5807323456
24.520608902
26.9810714722
23.9539432526
25.3355674744
24.4359760284
27.5967273712
26.9051380157
27.5138206482
24.4548110962
22.5816383362
25.0165271759
23.2911300659
27.3463249207
26.9234580994
29.778295517
31.2718582153
34.0539207458
36.6698722839
34.1032752991
33.1719055176
29.5548839569
28.4402275085
25.0608520508
23.6672286987
19.5817184448
18.4545097351
19.0219116211
17.679649353
21.2858314514
20.6953620911
28.1446704865
24.0763664246
27.1662158966
27.5561714172
31.9456520081
33.2061691284
30.3210105896
31.8990116119
34.8387107849
37.9674186707
36.4882926941
33.14453125
34.9597930908
37.0251731873
36.8948898315
32.2653846741
34.1355247498
29.9569530487
32.9979705811
32.594455719
36.6082115173
32.4052238464
30.2123851776
35.0579338074
36.2685432434
31.7005023956
33.5975036621
35.8787727356
34.2878990173
32.0286026001
36.5734443665
38.1063652039
32.9403610229
34.8672523499
39.39112854
38.261631012
37.2973976135
33.8647766113
37.4385757446
33.6412696838
34.7318763733
37.9959030151
39.7038230896
40.5708084106
39.9190979004
37.2100791931
33.759513855
38.2198829651
40.5290489197
37.9541931152
38.0575332642
42.2817840576
43.135597229
40.5784721375
42.3948516846
46.0827598572
45.6387405396
43.9841384888
43.129650116
41.0071144104
45.327041626
45.328754425
42.5784797668
45.8931999207
47.0884017944
45.1968231201
46.5896873474
48.0251350403
47.2438201904
43.236000061
44.9553260803
47.4969139099
41.8983192444
40.6367912292
43.9083709717
43.8810768127
39.0121917725
39.8619728088
43.6512527466
43.0624427795
43.9856834412
40.1198196411
43.1796569824
44.796207428
39.5036811829
40.2385406494
38.7670974731
34.5429000854
38.9969024658
41.7490997314
38.6152992249
38.1866073608
43.3241119385
43.8720550537
40.0994796753
42.3815994263
48.4245414734
45.0276527405
43.9176597595
47.9292602539
49.8908081055
51.5501441956
52.4960212708
47.4754257202
46.8350219727
50.4747810364
48.1734352112
47.7268066406
43.8153076172
44.5442848206
46.293838501
42.5999107361
47.967414856
32.2416801453
28.0303688049
31.0992107391
27.1397323608
29.8146190643
32.7290649414
32.0945701599
33.0004119873
29.8426189423
30.2841091156
28.8949737549
30.4513492584
28.4648628235
24.7673549652
23.3236103058
25.1081848145
21.8675994873
24.3238887787
23.3273925781
25.5125083923
21.9645786285
19.2338695526
17.4990272522
16.7237014771
13.6767425537
11.8028755188
12.7636070251
9.98711872101
13.5586566925
16.968454361
17.4083824158
20.2819595337
22.7746486664
18.7748298645
16.4686183929
13.2354478836
14.822930336
9.70102310181
11.9832019806
14.5422143936
16.873884201
20.2496871948
16.4139232635
14.2576675415
9.49384403229
11.0491304398
10.7598924637
14.1908082962
15.8062944412
18.9299907684
23.4947566986
24.721200943
28.1505851746
29.896697998
29.673374176
31.2682876587
33.5866165161
31.1513843536
27.8482456207
28.4987201691
29.6084480286
26.2705631256
22.469499588
25.911026001
25.833240509
20.1576538086
21.3926773071
24.8716144562
22.7600593567
18.2449932098
20.9956245422
24.0455341339
20.7372226715
21.1248264313
18.734128952
16.6370620728
15.2878627777
15.8525161743
12.448431015
14.8815784454
16.5528945923
15.7470321655
18.5154781342
21.3674564362
22.4475917816
25.1766281128
28.7080974579
26.606010437
27.7137413025
23.9459533691
25.2279434204
19.7279472351
17.7908172607
15.9977340698
12.6863498688
9.71127700806
6.19605445862
5.19513177872
3.89355707169
5.51460981369
9.60674095154
11.9265499115
15.1495628357
11.5679197311
10.1989965439
14.3131198883
16.5428962708
19.7715377808
16.4667110443
16.4383716583
19.3479118347
22.0215492249
20.0606575012
16.1110668182
17.8540477753
20.5520496368
17.4920444489
14.6712036133
18.3360424042
18.8750686646
15.5241346359
16.7981014252
20.8248138428
20.2439250946
19.6302528381
21.8197612762
24.9884548187
22.8552761078
23.3381652832
28.1436748505
27.9746665955
27.5341434479
30.9877853394
25.2655277252
27.491268158
21.8170394897
26.7153129578
21.4322891235
20.5907592773
17.9815483093
15.425573349
17.1870594025
15.5002765656
12.2902822495
8.68999862671
6.92099285126
5.70003032684
5.77122545242
6.51049089432
9.37104034424
12.3129167557
11.3877773285
10.3638858795
10.35587883
11.4620704651
11.3878879547
15.1417140961
13.1941709518
16.4989128113
18.9781112671
21.8204917908
24.3508491516
24.9033279419
30.974603653
27.8169212341
28.9492855072
25.9614887238
29.5906181335
27.2429695129
23.6641330719
29.3659820557
31.5976047516
35.435295105
35.511390686
33.526676178
34.4191131592
38.3206367493
39.8689117432
35.7260131836
36.133441925
31.6379699707
32.3033294678
29.5019760132
32.0507545471
29.3158721924
25.5431175232
27.6641941071
29.5887908936
24.5270404816
22.4343719482
24.8121757507
24.050863266
19.5093917847
22.2399330139
24.4658355713
19.6182041168
18.0659484863
21.6939067841
21.6581382751
18.7480239868
18.4615364075
22.6410293579
23.3111152649
24.8218898773
29.3031330109
28.9145507812
31.7827682495
32.7244796753
33.0015945435
31.3439903259
36.9117012024
35.9753189087
32.8509178162
35.8380584717
39.2459182739
36.1255874634
35.0595550537
38.8030319214
40.8340301514
38.5755691528
36.0997657776
34.2833213806
29.751750946
32.0804100037
30.2245368958
26.4572467804
27.8337898254
27.8333930969
27.5274467468
28.326423645
31.3470058441
30.453420639
26.7369880676
30.6290206909
32.9039611816
28.2092037201
27.5588340759
32.3316650391
33.201499939
29.4516639709
30.1541023254
35.6214523315
38.290058136
39.4883499146
36.2750053406
38.9469566345
37.9812889099
33.2829322815
31.3102645874
30.6844062805
25.6921234131
28.7138004303
30.9320278168
26.7320289612
24.9053936005
29.9339408875
30.232919693
24.0302352905
26.135307312
31.3360805511
26.9850997925
24.6033592224
29.0086555481
30.2889289856
30.5975131989
32.1679840088
27.5578536987
25.4605178833
28.3435668945
27.0475559235
26.1589374542
22.6060829163
24.2952537537
24.8460788727
23.3338451385
28.2185173035
42.4488868713
37.8120307922
40.3363075256
36.6087226868
39.3973426819
42.3982582092
43.1684379578
43.9751434326
41.596862793
42.8069114685
42.0289039612
44.4318275452
42.3042945862
38.9987945557
39.0599632263
40.8823127747
38.5413703918
41.256362915
38.8335037231
42.5148849487
39.4184684753
35.7362670898
33.8579216003
31.5090408325
28.6391067505
24.8635692596
23.6916389465
21.1340312958
21.4856948853
23.0817775726
23.9370613098
26.3857326508
30.2538719177
26.9689769745
25.6925106049
24.451002121
27.4290103912
25.3253192902
28.784532547
31.9940376282
34.7028541565
38.3127593994
34.6471824646
32.4390525818
27.6938800812
28.2457790375
26.2870635986
28.554567337
27.5038585663
30.4150390625
34.0070343018
33.946559906
38.7550201416
38.0472183228
37.9364738464
38.6933784485
42.0862083435
38.1182365417
35.4569473267
38.5308227539
38.7128410339
34.1139183044
33.2399978638
37.1176338196
35.4531211853
30.0306186676
33.4905509949
36.474445343
32.6090698242
29.9780273438
34.0210800171
36.0952301025
31.1323776245
33.0394592285
28.4550266266
27.1951675415
23.7766666412
26.0797405243
25.0410633087
29.0705966949
31.4153900146
32.3257255554
34.1556434631
36.3586502075
37.3946151733
38.9453048706
43.4114532471
40.9126968384
40.5036354065
36.5683326721
37.7630653381
33.9126281738
31.3316822052
31.7051067352
27.4655780792
25.3852233887
23.4879436493
20.1699104309
18.526216507
15.2016115189
15.2641353607
13.6689386368
11.9295492172
10.305606842
9.7695980072
9.55966377258
7.03960895538
6.53266334534
12.0966911316
9.28732204437
9.31802082062
12.1996879578
13.6759195328
16.8407058716
13.5320253372
12.1203336716
16.9486370087
18.3430233002
15.2789516449
17.6595630646
21.3352031708
20.2669219971
19.865688324
22.9426803589
25.2143173218
25.3703937531
25.3329906464
29.1160697937
30.8003349304
29.2564563751
31.5069351196
33.9163818359
34.7533454895
36.4427032471
31.3260631561
30.920873642
25.6117515564
28.7924308777
22.4249801636
20.9759998322
17.2687282562
14.055065155
17.1710929871
19.0800247192
16.6668395996
17.7953529358
15.5347261429
19.5844898224
17.4390697479
14.8693180084
15.7411222458
17.4427680969
19.4852352142
15.5224199295
19.8553714752
18.472946167
21.4251232147
22.2015399933
22.1625671387
23.3751888275
26.7003955841
27.3961906433
27.3684329987
30.12657547
27.5320720673
26.749879837
26.6884040833
23.177318573
24.1039085388
19.6485996246
18.9352073669
25.4259815216
27.3587055206
29.9236354828
32.1359481812
30.7311706543
29.4497261047
33.6603965759
37.0419311523
34.5344696045
34.9944152832
31.8555831909
32.7454032898
30.6424770355
30.6905708313
28.0901679993
25.9392318726
25.5500679016
24.2626857758
21.6502780914
20.1887435913
19.0956192017
17.4953136444
15.7239723206
16.0471153259
13.3782844543
12.1274747849
11.4976482391
12.2872982025
8.43005084991
5.89574623108
7.43779563904
8.32884216309
13.0071382523
14.9642076492
18.6696472168
15.3626565933
18.4553451538
20.9557323456
23.1524505615
23.9428539276
28.5518569946
25.2328090668
23.5314044952
28.0927448273
29.6528568268
24.9770011902
26.2432079315
30.4065189362
30.6812343597
28.3706798553
25.4233150482
24.1767044067
18.2488460541
18.2621097565
16.7057533264
13.068110466
11.8799705505
13.3771400452
15.2376775742
17.5096893311
20.8807621002
21.8011379242
18.3548431396
19.7879085541
23.9472846985
22.0012836456
19.1899833679
23.6356449127
26.8429641724
24.1761035919
22.2373104095
28.9119968414
31.6557846069
34.2901802063
32.9178657532
35.6364173889
33.0877151489
29.4432220459
28.4321422577
30.5536212921
26.5165691376
29.7347373962
29.5916423798
24.9318981171
25.6888198853
29.1081638336
26.4110736847
21.6882514954
25.7296943665
27.1657447815
21.8467292786
21.7641410828
26.263753891
23.8343009949
23.8088092804
23.0461807251
19.2792167664
18.9476394653
19.7501239777
16.0688686371
13.4537553787
9.77529811859
8.57852268219
9.48221588135
6.66510057449
12.3229551315
33.5576972961
27.1470546722
28.382358551
22.8925762177
24.0824222565
27.5883960724
28.3714466095
31.2270259857
30.2743206024
32.8823776245
34.0133895874
34.6958389282
31.4478816986
30.176525116
29.4691524506
34.2771530151
32.6885681152
36.1208953857
36.6913337708
39.2591209412
35.3733444214
33.5292472839
33.8100471497
33.2028579712
31.525434494
29.934923172
29.5985546112
25.8456115723
27.4412899017
29.421245575
27.2267589569
28.3780384064
31.2568759918
30.3356456757
30.6422595978
26.9504299164
30.4700832367
27.1527061462
28.2061767578
30.3494853973
30.2186985016
33.3562774658
29.9625473022
26.7850151062
24.0403137207
25.1544895172
24.2290077209
27.8572978973
26.1883182526
31.2849979401
34.0628662109
36.0975265503
40.500038147
41.0953903198
39.1515884399
38.9671707153
40.4251747131
36.0465736389
35.1689987183
36.3068580627
34.6300544739
31.1069164276
30.4169311523
31.2378234863
28.702495575
24.8228359222
26.1471595764
27.4209880829
23.3233089447
20.9916038513
23.4276809692
23.7408504486
18.5675373077
17.321439743
12.153386116
10.9259214401
8.97209072113
13.7643098831
16.2809352875
17.5736751556
22.5668392181
24.5887889862
27.1477680206
30.28307724
33.5196228027
34.4217643738
38.6844329834
38.7085075378
40.0485687256
36.9873657227
35.7991218567
32.229675293
27.3528137207
26.7943248749
22.2305793762
18.1017551422
20.7501335144
16.7789287567
18.8750686646
17.1545276642
17.375328064
17.9316673279
13.9382638931
19.1537055969
19.6358547211
15.8656511307
16.1705303192
22.0970535278
20.6057071686
18.7498340607
15.6506204605
14.0908460617
13.1680383682
9.9443397522
10.6277761459
10.3544855118
7.47781991959
5.7244644165
7.05587816238
5.68214511871
5.04175043106
7.8087477684
7.11586904526
7.21753406525
9.94013881683
11.4171981812
11.5931243896
14.5204820633
15.4117136002
16.2239055634
16.3698921204
18.9811477661
21.72706604
19.8131427765
20.910358429
18.1495380402
22.6935119629
19.7666397095
15.2771062851
16.1342144012
15.7118549347
19.8547077179
17.461397171
13.7455854416
14.752409935
13.1727819443
14.1613941193
15.1125249863
17.0545482635
15.265540123
14.5188436508
11.6959218979
11.4431705475
9.4959602356
8.66059589386
11.674489975
13.146645546
16.9469738007
19.8081016541
19.4043731689
23.955034256
24.2035274506
23.4259853363
32.6357498169
30.6415843964
28.4218578339
24.5984783173
26.6877384186
24.6437988281
20.4452781677
24.0385856628
23.7358283997
27.2877216339
26.8810195923
27.1847782135
28.9431877136
32.3494491577
33.0024490356
29.9745159149
28.4715080261
25.3002243042
22.8084774017
18.8908977509
19.963060379
20.44140625
16.8410968781
15.8820257187
20.2901649475
16.8003864288
11.3609714508
14.7973546982
17.0718574524
12.9131221771
12.0212316513
18.4499454498
16.3343753815
12.1961240768
13.2548980713
18.1917552948
17.6391677856
19.1191444397
22.2385787964
23.4283275604
22.2123775482
24.7138385773
26.6832256317
30.7868843079
30.0411014557
31.9851264954
30.2477779388
34.3272895813
33.2778129578
28.6433258057
31.1044635773
34.2219581604
29.5735702515
27.6251583099
31.1406478882
32.5675964355
29.1691589355
27.6085128784
24.8949642181
22.4422969818
24.3473434448
21.4850959778
19.1974582672
22.6701583862
20.7057056427
17.7352676392
16.6144733429
18.0602798462
15.8254890442
13.5482769012
19.0048313141
18.3313026428
13.5060825348
16.0051956177
19.5774097443
18.6204681396
16.8073329926
19.7308731079
22.6447601318
27.329410553
27.0050182343
24.1954860687
25.4883480072
23.7011890411
20.6725215912
16.3441200256
15.3430976868
11.9560871124
12.0977020264
13.8872432709
10.7312202454
7.58131694794
11.7545509338
13.0194635391
7.15083932877
8.13464832306
13.8214645386
11.0324010849
8.98135089874
12.5727586746
15.3148355484
17.1787204742
19.0309448242
14.698012352
13.8742771149
18.2843971252
17.9082336426
19.8677940369
18.2767028809
21.5368881226
24.700214386
25.7304286957
31.4104785919
24.6079902649
19.3660106659
21.0382938385
17.9821853638
20.7628593445
23.2812843323
24.9674892426
25.4538059235
24.1220760345
26.3103313446
27.1034507751
29.3110370636
26.8885593414
25.1467838287
26.9143486023
30.0088329315
29.7365703583
33.3292160034
31.9604377747
36.8111190796
33.8220329285
30.5081539154
31.6516056061
29.4258117676
29.5547847748
27.6989116669
25.0220375061
21.4380779266
20.5038375854
20.691860199
17.162311554
16.9773902893
19.9882030487
20.8581829071
23.155790329
20.4721679688
25.0328426361
25.3636951447
26.5937976837
30.0131187439
29.7660732269
33.6298561096
32.6085166931
28.1371326447
25.731180191
23.8146858215
20.9121360779
22.8414955139
18.7096939087
23.3136920929
24.5693778992
26.0433673859
31.1675205231
30.1436309814
27.7545166016
26.7733783722
28.6398620605
23.460729599
23.2377510071
25.8020401001
23.5276908875
19.3397693634
21.0175132751
22.2445678711
18.8639183044
15.5547437668
18.9811687469
20.2139587402
15.3844175339
15.3981466293
19.2573642731
19.7072353363
14.6364021301
18.9135437012
15.1713056564
16.9334831238
12.9213056564
12.4892425537
14.3016223907
18.4353199005
19.9784030914
23.3531684875
23.6712169647
25.2787380219
27.95378685
27.4379825592
32.5092010498
32.1994819641
32.1578941345
29.3996391296
27.5967273712
26.2156925201
20.9958629608
23.1078090668
18.6330604553
18.4823684692
20.821893692
17.0911369324
20.59075737
18.3250617981
16.1898078918
13.7727413177
11.6470518112
13.2363033295
16.3267841339
17.3366222382
15.578453064
18.6023845673
27.7697925568
24.4957675934
21.5864543915
22.101524353
20.6084976196
21.1510372162
19.4719562531
16.2997684479
16.8038158417
17.6959247589
12.7936248779
11.4868526459
15.2771091461
13.0202140808
8.38712310791
10.023431778
12.4352445602
10.0789375305
8.03229808807
13.169424057
14.1600313187
10.485669136
12.9145059586
16.363735199
15.9824638367
16.4791679382
11.429224968
10.2697324753
6.04093837738
9.07338047028
5.36074733734
4.82319116592
8.00899410248
8.90205478668
7.34912967682
8.6410074234
12.5239934921
15.2639808655
18.5371685028
20.582365036
21.7632541656
22.6040706635
24.0458335876
21.6486320496
19.0785388947
16.52277565
12.6375360489
12.8081769943
8.0922164917
10.4480581284
9.73619556427
10.1395616531
11.3784217834
10.2027359009
11.0906219482
18.0612220764
16.1622009277
13.5443935394
9.99124240875
12.8150997162
12.4222145081
7.77471971512
10.3948459625
11.6104001999
15.6099061966
15.2602128983
13.8040437698
15.4892282486
19.0476894379
20.1418247223
16.5066108704
16.2963790894
12.453622818
12.9003839493
11.0058259964
12.822467804
9.19627189636
6.32365655899
8.97984027863
10.4024877548
5.31491613388
7.08103179932
8.76651668549
8.35457420349
6.87675857544
10.6495475769
13.6766643524
10.1436471939
11.9847249985
15.4504232407
16.1295280457
17.3600177765
14.7081594467
17.4916152954
14.4891757965
12.7901153564
15.0958557129
18.7755374908
21.6243228912
19.783367157
19.8982391357
16.9651870728
21.1898212433
21.6989212036
16.9077720642
18.3400764465
22.3517169952
20.0032024384
17.05377388
20.1065807343
22.886724472
20.8571166992
19.1983032227
17.4799118042
15.8389854431
20.2253761292
19.8220653534
18.0182285309
23.0915164948
23.6367950439
20.0700035095
21.233379364
21.5307941437
20.8942718506
17.1521701813
18.2279605865
20.3305797577
14.9715614319
13.7046070099
16.6196289062
16.7545394897
11.9164514542
13.1482896805
17.2172756195
18.6399288177
19.6935710907
16.4042472839
19.5416641235
19.2969112396
14.1486215591
14.3317308426
14.8911352158
10.4058618546
15.9976911545
17.0222434998
13.0370874405
15.052072525
19.4724769592
18.0544376373
15.7032604218
19.6504421234
23.7333469391
20.4116401672
21.2541923523
25.1177158356
25.6651477814
28.2421264648
28.0269527435
23.2896175385
24.4910144806
28.2076683044
25.1571750641
25.8999481201
22.9071826935
23.9473400116
27.9156627655
25.6884059906
32.1505851746
14.2919006348
10.4817047119
12.3046388626
12.2140665054
15.5170640945
16.6621208191
18.3057670593
16.9296607971
15.4669313431
17.2734775543
18.3128757477
20.919084549
19.2018089294
18.0328464508
21.4301319122
23.6781711578
24.9134502411
28.371389389
27.017583847
32.4791221619
30.2705993652
27.1552619934
29.7638778687
27.5576515198
29.5552215576
28.9083557129
25.7416496277
22.940322876
21.2514305115
20.4856109619
15.6631441116
13.578587532
14.4849100113
18.0954418182
21.9468803406
19.661113739
23.7352924347
26.0674324036
26.0078372955
29.1406955719
27.6301822662
31.1831302643
32.3283424377
27.3438415527
26.6348552704
23.1075229645
20.0770072937
20.5563869476
15.5893115997
19.2697467804
18.4312114716
20.5250816345
24.9576206207
23.8792304993
20.4634895325
18.623052597
19.3198223114
14.1098670959
15.4338579178
17.2076301575
13.7261180878
10.4952611923
13.9474010468
13.3456544876
9.2972240448
9.16412353516
12.0419893265
12.0173606873
7.94686365128
11.1940631866
13.9696140289
13.9026546478
11.4718227386
17.8610630035
17.1721363068
20.1129322052
17.4891529083
13.7858448029
14.9758338928
18.125125885
16.7897987366
20.7555618286
19.2210350037
19.4291820526
22.147693634
20.1666755676
25.1024513245
25.7732849121
25.5921363831
23.9652290344
20.6953620911
21.5496139526
16.211769104
19.7104988098
16.8835964203
19.4713172913
22.5322647095
20.5326023102
24.9033298492
23.9259033203
21.4273262024
19.583688736
19.8907680511
20.901884079
23.2631187439
25.3399620056
24.6983299255
26.5274295807
37.2400474548
33.6786079407
31.1705169678
32.1570205688
31.1067695618
30.8485927582
28.9361305237
26.4839267731
26.7857246399
26.5879878998
21.9467849731
21.0578079224
23.4259815216
20.4770717621
16.4585418701
17.6464328766
18.1858444214
14.5749588013
13.3952226639
17.2218666077
14.6620035172
10.8889369965
14.7301797867
16.9538421631
13.7673692703
13.4285926819
7.13753032684
7.08601379395
6.1826415062
5.83794546127
8.60269641876
11.0906200409
13.3334522247
16.3875637054
14.0789251328
11.7392873764
15.3351230621
17.3039779663
21.6578292847
23.4736804962
26.5711650848
28.3697052002
29.8479557037
31.6223640442
28.4993400574
26.7000217438
22.5918083191
19.3804550171
17.2882804871
12.0311231613
11.9305257797
9.0721540451
6.78691864014
5.45034646988
5.11610984802
17.5573711395
14.6115617752
13.0400257111
12.5041818619
16.3351230621
18.6784286499
15.0431184769
13.9142246246
15.5696516037
18.8531665802
16.6765956879
14.1078109741
17.2195587158
19.2066059113
18.4200649261
13.6331424713
14.4637241364
10.1148414612
12.6112709045
12.723484993
16.4599437714
12.3218040466
10.8869762421
15.8988161087
17.4727916718
13.739695549
16.9063835144
18.8464660645
18.1506099701
17.4375953674
21.3423194885
23.8756656647
20.0707607269
22.4384803772
26.1917724609
26.3920402527
27.2932548523
23.8851108551
26.7758274078
22.3083305359
21.2182502747
22.9426345825
27.0239715576
28.6555309296
26.3029193878
24.5630207062
20.4544334412
24.0096569061
26.6474628448
22.4472770691
21.7388153076
26.3520259857
26.6153717041
22.8579177856
24.346200943
28.2034873962
27.3668708801
26.3902244568
25.2787704468
25.0969429016
29.9219169617
30.1657676697
28.6197109222
33.6258430481
34.4383392334
30.9023208618
32.003162384
31.9911499023
31.1816539764
27.7087459564
28.4024448395
30.1238555908
24.7038230896
23.7928676605
25.7205448151
24.9416236877
20.273317337
21.8236598969
24.0149269104
23.3054084778
23.6735515594
19.7181167603
22.7648792267
24.6176643372
19.5507831573
21.0568447113
20.1047859192
16.7639446259
21.8483562469
23.7642440796
21.2443199158
22.561668396
26.8499679565
26.596282959
25.0618000031
27.8917503357
32.8505020142
30.3034763336
30.7482624054
34.1924057007
35.7002639771
38.3940200806
38.523979187
33.8062820435
34.7234573364
38.6821365356
35.9057693481
36.6047515869
33.4017105103
34.3359985352
37.9548606873
35.045375824
41.4396400452
35.7559280396
31.8744945526
34.0784721375
31.7782363892
34.8692626953
37.2162513733
38.7167854309
38.5084190369
36.5024414062
37.8004188538
37.3602600098
40.387512207
38.5942001343
35.6941795349
37.3494873047
38.787815094
37.7564506531
40.8005867004
37.6778564453
42.9229469299
40.3139266968
36.0301132202
35.5282020569
32.2895469666
31.352306366
27.9978313446
24.8124675751
22.0490760803
20.1382637024
19.8524551392
19.0053768158
20.0102558136
23.8819904327
22.6859970093
23.6905612946
22.9756317139
27.026506424
27.8664512634
30.7351512909
34.6516685486
36.3206710815
40.3388137817
38.5495414734
34.9870147705
31.1644802094
29.6104011536
26.4166526794
27.6424751282
24.4337387085
27.2156867981
29.1739788055
28.8738861084
34.2905693054
32.1105918884
31.2640857697
31.0067882538
34.4325408936
29.7161769867
28.0884609222
32.2095565796
31.4722042084
26.6809711456
28.0520496368
31.4980239868
29.0548248291
24.7734413147
29.1957855225
31.5489082336
27.353427887
26.5861721039
30.9647808075
32.4646148682
27.7218093872
31.8208694458
27.6547641754
28.1037921906
23.8826599121
24.4431343079
24.1449565887
29.0185489655
30.0497112274
32.2653427124
32.6726303101
33.9414367676
35.0969390869
35.2640419006
40.2454566956
38.1823387146
36.9522628784
33.5493888855
33.6412734985
31.8590278625
28.5134353638
30.713891983
26.5047683716
26.4980163574
25.9795093536
22.4853305817
23.3111133575
20.0167217255
18.1371612549
14.2553987503
13.043753624
8.52476406097
12.7298622131
16.0269260406
12.1703596115
10.4840135574
24.1562290192
21.0589370728
19.2936687469
20.9692192078
19.9283237457
23.4660224915
20.8672714233
17.0957717896
20.5002269745
22.9402275085
17.9134864807
18.3133525848
23.4283256531
21.7940979004
18.573797226
21.1857299805
24.3042240143
23.0760593414
21.5246219635
26.2950229645
27.9697666168
24.6972808838
26.5032615662
30.3122768402
30.2582092285
30.4842414856
25.1729316711
23.3191757202
18.8277225494
19.8858318329
14.1646728516
14.4891748428
11.1320676804
10.2514743805
10.6173372269
14.1026296616
14.9803667068
18.1911582947
19.1600093842
23.893497467
23.8079853058
22.6650753021
24.2193870544
26.2522678375
26.2740859985
22.2408218384
23.5088825226
20.261133194
21.9135742188
19.4624156952
19.3278617859
18.2505283356
21.4609336853
19.9287223816
18.4628009796
22.3083305359
15.5816173553
15.8210906982
15.0161561966
11.9935741425
11.9451189041
7.68090629578
8.9236164093
14.470252037
17.0558300018
19.0591335297
21.7185535431
19.6665210724
17.602722168
21.6925449371
25.5517196655
23.4295463562
24.572309494
21.9921894073
24.2544956207
23.5775756836
23.2962207794
19.424489975
18.7924213409
19.0561237335
15.4231958389
13.8604955673
15.9252166748
13.3582305908
10.0128984451
11.6251277924
13.6249990463
8.58251190186
7.81811332703
12.2449769974
14.1992330551
9.35715579987
11.3651943207
7.0112452507
6.70218276978
4.34292840958
8.09762191772
6.69514513016
9.11293125153
9.96778583527
11.0324239731
11.328745842
16.0159130096
13.5693655014
11.5484409332
15.8478603363
17.8053474426
14.6698846817
15.4215698242
19.2100772858
20.2545337677
18.9677295685
16.027381897
15.7108249664
10.7144804001
13.4908781052
14.497130394
12.4388151169
15.2108678818
18.0180072784
16.9023761749
19.9114246368
21.1587371826
22.4365215302
18.5423088074
16.9057502747
22.0658760071
19.5095386505
15.2056655884
18.3893718719
21.8198051453
18.0407047272
14.9277114868
21.629360199
22.1865253448
25.5957965851
24.4189128876
27.7722473145
26.0926818848
21.9223690033
23.3271694183
26.1387805939
22.4715995789
27.2610168457
26.718788147
22.2263317108
24.9857196808
28.4836769104
24.9449768066
22.4329051971
27.4153690338
29.0409984589
24.3570041656
25.8651180267
30.2317504883
28.0476303101
29.6363162994
28.0036029816
23.8747749329
25.4503364563
27.3193092346
22.7283496857
21.5506420135
18.2430610657
16.7013645172
20.0511131287
15.7740087509
21.4899234772
27.8440418243
21.5826358795
21.8266563416
17.4926948547
18.5520744324
21.4225788116
23.5212497711
25.7353401184
25.8061752319
29.003780365
31.0428886414
32.0578575134
28.9542045593
28.6509227753
29.6708621979
34.3810081482
34.2436141968
37.9679374695
38.1085128784
41.9599075317
38.5770874023
36.3017272949
37.7984199524
36.4841270447
36.3112220764
34.9048347473
33.149269104
29.3628292084
29.407787323
30.1347122192
26.531370163
26.273519516
28.7289886475
29.9438781738
31.9984912872
28.6869449615
32.9381980896
31.9217758179
32.5739479065
35.2608337402
34.2317047119
37.6378822327
36.086769104
31.8034744263
29.9728507996
29.1395778656
27.1713924408
29.8332939148
26.2931480408
31.3709850311
32.5519714355
34.6733474731
39.3717956543
38.9380493164
36.1149597168
34.8350028992
35.7982215881
30.6536426544
31.3160953522
32.9163131714
29.8526172638
26.5362548828
28.1238441467
27.7499980927
24.0396366119
22.0168685913
23.8468914032
23.8600578308
19.1770610809
19.4601650238
21.9017314911
20.9038085938
15.9055557251
17.4219589233
13.242067337
15.2807731628
12.6773614883
14.1738977432
18.1732139587
20.1648082733
23.5326213837
27.0256290436
28.03947258
30.2102947235
33.7791213989
33.2079925537
37.8723068237
38.6440162659
39.4226264954
37.0005455017
34.5429077148
32.9700584412
27.2593212128
28.4212417603
24.0457897186
22.2654457092
25.9303722382
22.051656723
25.6921253204
23.7679252625
22.5666675568
21.3969955444
17.8558635712
21.2894096375
23.8095397949
22.5353546143
21.1584262848
25.8868026733
29.9226913452
27.5413379669
24.0932693481
22.8566188812
20.4099712372
19.6796855927
20.1419048309
17.4377231598
14.9757986069
16.0449829102
14.1275014877
10.6493911743
11.9560880661
12.0764856339
9.32859230042
5.99641227722
8.11383533478
8.06255245209
5.66389894485
6.06242465973
11.0111608505
9.13652229309
6.73772954941
10.0847234726
12.4371337891
12.862490654
12.4967784882
11.8097839355
12.0707559586
14.6397676468
14.7036094666
10.4058628082
14.063996315
16.2154884338
18.5454559326
16.2911148071
15.4973592758
18.4624710083
19.7054367065
21.71342659
23.8194561005
25.7294521332
25.1333389282
25.2641601562
22.2437381744
21.0003414154
17.7509307861
14.8170871735
15.757979393
12.6251125336
17.0889339447
17.7764625549
15.9814338684
19.3503990173
18.1295280457
16.7639465332
27.030544281
25.5692272186
21.9418487549
18.8192195892
20.3172969818
20.1213493347
15.9795513153
16.2936649323
14.735449791
18.088312149
16.6032848358
17.6533660889
20.4043769836
22.9481468201
22.6088676453
19.9429855347
17.7872009277
15.402639389
11.799665451
7.97910308838
9.01080036163
10.4294013977
7.77286863327
6.4391503334
12.4359445572
10.1695547104
7.45106315613
10.5375614166
13.3867664337
11.9591331482
11.9275913239
17.9489498138
16.5856838226
15.5414495468
16.9549312592
20.7095432281
22.1000385284
21.4625167847
23.852142334
22.4716053009
19.9832000732
20.8703613281
25.1461143494
28.5971107483
26.2788486481
27.5153484344
24.9314689636
27.8636035919
28.1955451965
22.9791812897
23.8247089386
27.3124256134
23.9814796448
20.5548992157
23.0601997375
25.2437000275
22.3169307709
21.6299552917
19.1108951569
19.3769683838
22.738735199
21.3209648132
20.4760951996
25.8121356964
24.838684082
20.2929477692
19.839132309
19.0235843658
17.2131481171
15.1347875595
17.5981082916
16.6211681366
11.1904792786
13.3691558838
14.8105039597
12.2910528183
9.69050788879
13.9793682098
14.5326595306
18.0743732452
16.918296814
13.465212822
14.8336315155
14.2875404358
10.8729009628
7.47767066956
5.77999067307
6.04250955582
7.73029899597
5.87088823318
7.35018920898
10.5455188751
10.90391922
10.6715078354
12.7124223709
16.9092082977
15.7037811279
16.7979888916
19.0486373901
20.9706039429
24.1612510681
24.5058403015
20.5071620941
21.9832019806
26.1335029602
24.3714027405
26.5441207886
24.8452072144
26.9650936127
31.2748336792
30.8921337128
37.1208114624
44.6640853882
38.0874710083
38.6800384521
33.1568527222
33.5029258728
36.9034843445
37.9807014465
41.4851799011
41.2282676697
44.1908950806
45.7241363525
46.0987968445
42.6821060181
41.8914031982
40.9338150024
46.0994987488
44.4087371826
47.7405662537
48.5766830444
50.7117156982
46.7083129883
45.1547622681
45.0398025513
44.6005821228
42.3066215515
40.3694381714
40.4264717102
36.7551002502
38.4285354614
40.4393424988
38.6027336121
39.8214836121
42.9190444946
41.9149284363
41.9753341675
38.5070152283
41.9406013489
38.0579948425
39.4252471924
41.2628898621
41.4127120972
44.2458648682
40.0718574524
37.6157341003
34.7007865906
36.6207389832
35.9777603149
39.7066192627
38.1800270081
43.2213935852
46.071811676
47.9594459534
52.4946708679
52.878112793
50.9676208496
50.6235618591
52.1427650452
47.4502830505
46.8479766846
48.2580528259
46.3047637939
42.7069854736
42.4415283203
43.1177520752
40.2978248596
36.7284889221
38.0939216614
39.0351104736
34.8323669434
32.9034805298
35.0577888489
34.8719558716
29.8370723724
27.7425708771
22.962890625
21.5802440643
20.6807460785
25.5610771179
28.3089866638
29.0311088562
34.4225769043
36.2319908142
39.0451469421
42.2812614441
45.5758628845
46.5216903687
50.7006645203
50.7990570068
52.1636924744
49.0306091309
47.9292526245
44.2581787109
39.4693946838
38.7465934753
34.218421936
29.7378749847
31.9260597229
28.0260238647
29.0086612701
27.0343856812
27.818813324
28.1847457886
23.5328502655
27.8129043579
28.4614181519
23.9430408478
23.3834114075
29.1537475586
22.0576610565
22.2782592773
19.3543186188
15.551566124
13.3592882156
10.8777198792
15.1437721252
15.2363109589
10.8100337982
12.0243787766
16.5108318329
14.7297258377
12.5727596283
16.4514389038
18.9480495453
16.7817592621
17.4675312042
20.823261261
21.31291008
19.5782928467
24.5071182251
25.4991035461
23.8057594299
24.1233253479
28.0297622681
29.9332294464
30.0166015625
30.2849292755
28.7326717377
32.3962554932
29.9347610474
25.1177139282
26.0322151184
25.4200611115
29.9771270752
28.4978160858
24.8417015076
26.1675224304
23.5619258881
24.6040039062
24.2026824951
25.2032241821
22.333562851
20.2102584839
19.3028068542
19.547044754
20.1509590149
20.1175708771
23.4725055695
24.9217758179
28.8791275024
31.444694519
31.0330123901
35.2270736694
34.7376556396
34.1924095154
41.5204277039
40.3642730713
37.4241828918
33.5029754639
34.2715759277
31.71875
28.6111679077
31.575340271
30.218296051
32.7781715393
32.9480209351
34.4515953064
35.6810874939
38.7487030029
39.5538024902
37.6942367554
35.5332946777
33.5634841919
30.0554199219
26.360918045
25.5336303711
27.8963661194
25.4143657684
22.2562198639
26.0408287048
24.7100391388
19.17710495
20.7030658722
23.7087039948
21.2027435303
17.6371498108
23.0460987091
23.5753269196
18.9540481567
16.6272125244
22.6076755524
22.5654525757
25.8203811646
27.3914432526
30.2317504883
28.5904502869
29.8570098877
31.2775230408
35.6064338684
34.9947624207
38.2100601196
37.4298019409
40.5222091675
38.5143127441
34.2378425598
36.9543037415
38.98487854
33.1430702209
32.0409469604
35.3516998291
35.4649429321
31.5055580139
30.4227256775
27.5955543518
25.8155403137
25.6442871094
21.9505157471
21.0170459747
23.1206550598
19.5609931946
17.0791492462
14.0536384583
14.8001728058
12.0658369064
13.3913173676
19.0446891785
15.8648681641
14.8118028641
18.7462978363
20.638589859
19.4897003174
20.8394241333
23.4658870697
24.624874115
30.6072120667
29.8213157654
28.4346103668
28.4225139618
25.3371772766
24.7301483154
19.540014267
19.5592269897
19.0486392975
16.0191383362
15.607003212
14.9324302673
12.6102180481
11.1937465668
12.1913766861
9.79448413849
7.34324884415
6.21401405334
6.75765991211
5.44983434677
6.2592754364
7.89392089844
10.8038597107
9.5838136673
9.11587905884
12.2705516815
14.3466730118
17.8506546021
19.038061142
22.5679569244
25.511920929
28.8159503937
33.1571807861
49.3259658813
43.6022109985
45.3623924255
40.6650085449
42.5469856262
45.882774353
46.9382171631
48.9647026062
47.4512443542
49.5032730103
49.669303894
51.3467674255
48.5686912537
46.1458244324
45.6894950867
48.9844093323
46.6546440125
49.6555023193
48.4627494812
51.4265289307
47.8097381592
44.9263572693
43.3539199829
41.7971115112
38.6281013489
35.2846565247
34.9504623413
31.9173030853
32.9832649231
34.8281555176
34.7780303955
36.8378715515
40.6675949097
38.1308364868
37.1925086975
35.0774269104
38.2516059875
34.9046630859
37.851600647
40.4625396729
42.5464820862
45.8784866333
41.3181343079
39.3370552063
34.8374061584
36.5092964172
35.1649398804
38.2675323486
37.0822067261
40.9912834167
44.4938850403
45.0939102173
49.9750213623
49.5430679321
48.8112411499
49.1062469482
51.9754104614
47.4349937439
45.5816078186
48.2983131409
47.5717544556
43.0763816833
42.600189209
45.4056587219
43.0674972534
38.121181488
41.0156784058
43.2988777161
38.9315719604
36.475440979
40.0440483093
41.2550735474
35.7806472778
36.0369415283
30.7765274048
29.1525001526
26.4004268646
30.4624671936
31.0742778778
33.9805183411
38.0161933899
39.2256546021
41.7506370544
44.5653266907
46.5226554871
47.9824447632
52.4863891602
50.8296318054
51.0731658936
47.2640380859
47.7268028259
43.6786842346
40.1581192017
39.9786148071
35.3116416931
31.7314968109
31.2154483795
27.3211860657
26.1589412689
23.0954933167
23.9138755798
23.218952179
19.2347621918
20.4001121521
20.5870437622
17.2314243317
15.1270008087
18.3091487885
10.6559400558
11.6483879089
10.089176178
7.91353130341
7.15895462036
11.6531391144
12.1692533493
11.2415142059
13.1470031738
16.1783390045
16.9805164337
17.6918506622
19.8677940369
21.3497333527
22.4083099365
23.351234436
25.6852760315
27.4837837219
27.38971138
29.1996631622
32.9744491577
32.2244262695
32.4249191284
34.5609092712
36.9916343689
38.5976600647
35.5833015442
34.9997901917
31.1072750092
34.4160690308
29.2922763824
25.8999443054
23.9635295868
21.6228466034
26.0653457642
26.9160251617
23.5071277618
25.0129947662
21.6606864929
24.7959480286
22.4625148773
20.7596149445
19.1537342072
18.4954948425
20.7734413147
18.1912078857
22.8118247986
22.1021556854
26.1217632294
27.43201828
29.4282741547
31.3239402771
33.3176498413
35.4394302368
34.8334732056
36.6047592163
36.6081733704
36.2307891846
34.5589523315
30.6059474945
30.6328048706
26.3280715942
25.3008613586
30.4670562744
30.719499588
32.8504562378
34.9940376282
35.1659507751
34.2855911255
38.1437911987
41.0411529541
39.3296356201
38.5947761536
36.3037872314
35.2499008179
32.5053520203
31.3806648254
31.0309963226
29.0214881897
26.5099544525
26.4268093109
25.2156562805
21.5995407104
20.4560260773
21.0452079773
19.5070266724
16.5175857544
16.2165031433
17.8606872559
14.3600511551
11.0712499619
12.5502586365
11.7017660141
16.4399490356
16.0720558167
21.5506439209
21.4771366119
23.3601207733
21.222442627
25.1226482391
26.6735458374
30.4413547516
31.4538612366
34.8740005493
31.0773487091
28.7196903229
33.0844078064
33.9856567383
27.6518783569
29.0114631653
33.0499420166
32.228061676
28.8536167145
26.5501594543
24.6267223358
19.8732910156
17.6161956787
14.0776605606
11.8776063919
9.21086406708
6.0731139183
9.37885093689
9.44447135925
13.366727829
14.1999168396
13.2227201462
16.0676612854
17.8966693878
18.4798679352
17.7213630676
21.0859851837
23.8218479156
23.6328144073
22.6043243408
27.4639015198
32.1026763916
33.826171875
33.2484130859
34.7730369568
31.1016082764
29.3016853333
26.6240539551
29.008523941
26.5441169739
27.3466300964
26.2315635681
22.7621192932
23.0751094818
24.2981204987
21.4842987061
17.7657814026
20.5073127747
19.049703598
14.5369167328
14.9442052841
17.85064888
13.6534929276
12.5044326782
11.1698265076
9.38846874237
9.33234882355
7.79710912704
4.31350469589
4.68192195892
6.55821943283
8.62475585938
13.0197019577
15.9997110367
47.639503479
43.0834465027
45.5697784424
41.8986549377
44.6651687622
47.6649436951
48.5274047852
49.3203811646
46.9719810486
48.1655960083
47.3202667236
49.8167495728
47.7346687317
44.3715705872
44.4424667358
46.0937309265
43.674861908
46.271194458
43.6145477295
47.2583084106
44.2601585388
40.5102005005
38.3125076294
35.8723983765
32.7685775757
28.7908325195
27.72615242
25.5597019196
25.7480430603
27.148891449
28.4535560608
30.9106178284
34.7903137207
31.3695583344
29.8846817017
29.0998573303
31.8202362061
29.8015804291
33.4591751099
36.5898857117
39.6128044128
43.143409729
39.2836799622
37.3824958801
32.5172729492
33.2362937927
31.3340530396
33.4315986633
32.5004234314
35.0733718872
38.6520233154
38.2842521667
43.047542572
42.0881881714
42.2469406128
43.0492706299
46.6477241516
42.6924552917
39.9720077515
43.3028106689
43.5968666077
38.930519104
38.2080879211
42.2681884766
40.5974578857
35.2117156982
38.8015365601
41.8090248108
37.9042472839
35.3729324341
39.4549331665
41.5187911987
36.5007972717
38.3862686157
33.6792182922
32.3573455811
28.9669589996
31.4435997009
30.4548225403
34.4519577026
36.8150596619
37.6237411499
39.4554443359
41.5925788879
42.4291915894
44.0282058716
48.455619812
45.7173576355
45.0973167419
41.1209030151
42.5999107361
38.7739868164
36.4830589294
36.887966156
32.7433509827
30.6798324585
28.5107555389
25.3631801605
23.3338451385
20.143611908
20.3552837372
18.7482662201
17.1187095642
14.9156570435
14.5036430359
14.4667425156
11.9078025818
10.2062606812
13.0237207413
11.6976480484
12.4383115768
14.65072155
15.8532209396
19.8944816589
17.2249069214
15.8587150574
20.4481678009
22.4097385406
20.0224380493
22.0937805176
25.7304267883
25.1391067505
24.8329162598
27.5914993286
30.0627002716
30.4209804535
30.1970787048
33.8293228149
35.94972229
34.3150444031
36.1582870483
38.7936859131
39.8312301636
41.3243942261
36.3781433105
35.6720733643
30.5464572906
33.379863739
27.0683841705
25.6884040833
22.0376091003
18.9782428741
21.8380775452
24.1391811371
21.9285678864
23.1224708557
20.7339496613
24.6353378296
22.1584911346
19.26171875
19.8914375305
21.242193222
23.8804893494
20.0973300934
24.896364212
23.6622753143
26.750421524
27.4898319244
27.4904251099
28.5120334625
31.9155921936
32.2919960022
32.0043067932
35.0453681946
30.5992126465
30.3674793243
30.3322181702
27.0073795319
27.2501850128
22.5448760986
22.8027095795
28.9987659454
30.8001728058
32.8883361816
35.5669174194
34.3201980591
32.5088920593
36.6130981445
40.3824577332
38.3138046265
38.8226470947
36.0433807373
36.9746856689
35.0426673889
34.6050720215
32.1795387268
30.4031848907
29.531211853
27.6021003723
25.7634429932
24.423406601
22.6964435577
21.1033935547
20.1112442017
19.7221240997
15.9247922897
16.1861839294
15.6858301163
15.2213630676
11.0338745117
9.33849906921
11.4718198776
10.1288166046
15.7740106583
17.7559280396
20.6727809906
16.2364311218
18.7873668671
22.0235595703
24.6824111938
26.3433647156
30.3891277313
26.3535251617
25.5397510529
30.3403892517
31.1355648041
26.2200031281
28.3601360321
32.4190673828
32.0313529968
29.8416481018
26.8854904175
25.9330825806
19.9648933411
18.6722240448
17.2997589111
14.2349834442
10.7750473022
12.7874393463
16.2085723877
18.6557655334
22.0399589539
23.515209198
20.6938858032
21.3079814911
25.6686859131
24.9051132202
21.8712520599
25.8148212433
29.5305786133
27.4503002167
24.9398593903
31.5081501007
34.2141342163
37.1445541382
36.3097953796
38.9106521606
35.9947052002
32.8292350769
31.9771003723
34.5633049011
30.8921489716
33.8442192078
33.2453765869
28.7621078491
29.7946205139
32.6577682495
29.5003623962
25.2937240601
29.2734107971
29.6316661835
24.4314823151
24.7094669342
28.8159484863
25.4640808105
24.9729118347
23.6299533844
20.7653045654
20.6797332764
20.2906742096
16.4490203857
13.0196990967
10.3743247986
7.35378599167
6.29215908051
6.98627948761
