19.2887935638
15.9233350754
16.5413169861
14.4003696442
11.8641643524
9.55462169647
7.16969156265
6.68448257446
5.39912509918
4.64635133743
6.00387859344
8.32708454132
11.1869287491
12.5214204788
26.1861114502
29.8306617737
31.6250209808
34.7252807617
37.4826927185
35.0870132446
41.399055481
38.3823280334
39.9104995728
40.4887161255
38.2203903198
41.2558174133
38.1274223328
40.8330383301
39.3378829956
13.8345861435
17.9194869995
17.1578025818
22.0291366577
23.3827552795
23.3328151703
28.5553684235
28.1147651672
30.1461143494
28.8610439301
25.859413147
29.9451637268
28.0605983734
30.8872680664
31.449760437
37.1861915588
36.9778900146
36.6791534424
38.463394165
36.0009307861
34.3559837341
34.2961273193
33.1351890564
30.4849815369
28.5296592712
26.1261920929
23.4293231964
20.8478279114
18.1529941559
19.6050930023
