22.7243499756
19.7574005127
17.9248390198
13.8661136627
12.9069023132
13.0544691086
17.0838375092
15.4164972305
20.2700500488
16.5804901123
13.9569368362
18.3308773041
21.0432014465
16.5868816376
14.9655122757
22.5732975006
22.9445304871
18.7838573456
20.8364601135
26.7040462494
24.6775665283
22.6687831879
27.5526199341
30.7929344177
26.2204818726
28.4225616455
23.2819766998
21.4333381653
21.9229431152
18.8174533844
16.4829692841
13.1612195969
13.5434379578
16.9065895081
17.5677528381
15.6762914658
18.6518821716
22.1548557281
22.3586940765
22.0307979584
24.1417598724
26.331413269
26.9103813171
27.7347812653
29.8547229767
32.4459266663
32.2870903015
33.2607154846
36.2971343994
37.8831596375
39.2349472046
43.967666626
39.6564788818
35.8172035217
38.0611457825
42.9066772461
40.7391586304
38.4358673096
42.746383667
43.7805137634
38.3306236267
42.7759666443
38.700252533
40.0856552124
37.3585014343
39.9668922424
40.4887199402
36.0131187439
34.6523628235
37.5894889832
37.327381134
32.7590637207
35.3589439392
39.4259147644
36.0794487
33.3894042969
37.5445976257
39.1362838745
35.4004325867
35.5886611938
41.8696517944
40.6472015381
37.3645515442
32.7241287231
33.2361946106
29.1452846527
32.1449546814
35.0358734131
28.1921100616
28.9702091217
31.7975120544
28.9204711914
25.1134281158
29.7336940765
33.2719688416
28.7965278625
27.8342399597
32.1579818726
32.0156059265
28.1007652283
30.195186615
34.5644874573
32.5755310059
30.9494438171
35.4625511169
39.1106185913
35.9772796631
33.9766845703
41.7582321167
37.7460289001
39.2288856506
42.4085083008
36.5668258667
34.0370979309
32.1088409424
28.3165168762
24.4848384857
25.6965065002
27.6574268341
26.0038928986
21.3226032257
24.7074756622
28.4756183624
22.8567523956
20.3452358246
25.159576416
28.7661323547
22.01820755
21.9094982147
27.2582397461
26.739938736
25.535068512
27.5445823669
23.7114067078
27.5142230988
22.1790943146
23.9447288513
23.5605297089
26.6434268951
34.5230636597
36.6633491516
37.6987342834
33.307888031
31.3128566742
34.6278266907
33.2232627869
27.9907112122
27.6330890656
32.5323753357
30.1136856079
26.5294952393
27.4202480316
30.2568073273
25.5677471161
24.5010280609
28.9930973053
31.439037323
26.245059967
26.6180076599
26.0580711365
21.2008705139
19.7674369812
18.4839363098
19.1521663666
16.1177501678
13.6089496613
14.0781440735
10.9228067398
9.1557264328
8.55980682373
9.4497423172
5.72563409805
7.52955293655
6.74195289612
5.20375108719
8.46075057983
5.79863357544
6.27907085419
10.504576683
10.7013177872
10.3653030396
11.9990005493
14.9896593094
15.6845312119
16.4009094238
19.0094108582
21.6229228973
21.0424365997
25.8343906403
26.0359115601
25.7473125458
28.72930336
30.790304184
27.2948970795
24.39727211
24.8243694305
25.177646637
21.8289680481
18.7727565765
21.9128818512
20.5583324432
15.6014194489
15.6970014572
17.5363636017
16.633348465
11.929356575
15.2891435623
17.4667472839
13.534327507
12.908613205
17.3452301025
17.1263160706
15.3316316605
17.0282726288
12.6835069656
39.4578132629
34.9100189209
35.0548324585
35.8520851135
29.9739589691
28.0686702728
28.0710945129
22.8909702301
21.8124923706
20.0611820221
19.6073265076
20.0738754272
15.8614034653
14.4652042389
17.4823436737
15.7475595474
11.5876684189
12.2064199448
16.668794632
12.4670009613
8.1779499054
12.616563797
14.6226854324
11.7389593124
11.4830389023
7.8594584465
10.131275177
8.39545345306
8.54920005798
10.6166391373
13.5183057785
26.8821582794
27.0495147705
29.7917842865
26.8112659454
23.0083007812
25.2918453217
27.0362968445
23.0028610229
19.0447654724
25.0880832672
25.1266975403
22.0569496155
21.025894165
25.1389942169
24.2384872437
21.4886264801
23.2186546326
29.3497581482
26.9114189148
24.5592365265
27.9832248688
24.2697620392
20.4378395081
19.331703186
23.2726955414
22.3915290833
17.1343784332
19.5906219482
21.6187229156
15.6230697632
17.493188858
12.2724647522
14.5992546082
12.6320400238
17.1125221252
17.904127121
13.7779836655
17.5789928436
18.8913345337
15.8290863037
17.1702041626
20.5389900208
22.7332019806
19.8763542175
21.5232315063
25.6418762207
25.5205230713
24.5736865997
28.654882431
31.0871982574
34.1297912598
32.5985374451
29.8959178925
31.4827842712
30.821264267
28.310251236
28.5202636719
25.4526958466
24.0084114075
22.9641399384
20.10222435
19.4316234589
18.0425567627
17.988161087
14.2443828583
12.5123462677
14.1035242081
12.3787622452
8.51243305206
8.81048297882
10.5589408875
6.5729136467
5.26649665833
9.5821685791
10.8917646408
7.61055040359
6.58396863937
30.8173503876
28.4204673767
25.6507415771
26.5758590698
22.5734901428
25.6481819153
24.6144580841
26.2790794373
26.7828502655
29.3740139008
24.993850708
21.7684230804
25.328371048
26.6495685577
22.2274971008
21.9140167236
25.7753448486
25.8406143188
20.170873642
24.587305069
28.1777057648
25.4156074524
24.1483154297
30.6711387634
29.4918670654
32.47706604
32.6805953979
30.3935890198
34.9546890259
31.5314102173
32.9268798828
19.0559711456
15.7566642761
13.1018209457
15.6230897903
17.3784122467
12.4916906357
11.4519491196
16.4910564423
17.3014335632
11.1647853851
13.0777950287
16.5889396667
16.7278728485
14.0383272171
19.1923885345
20.4070186615
19.0654373169
17.0838050842
22.5254764557
24.9318027496
28.9955482483
27.7505702972
26.1653385162
29.3624897003
32.811668396
32.4072151184
33.1408691406
36.892162323
39.0816307068
36.2686843872
41.5318984985
39.7203941345
43.0247650146
43.2462844849
46.3460884094
42.9664878845
39.0889053345
40.1892967224
40.1027908325
37.7570877075
34.151725769
35.9260864258
37.3637428284
32.8170585632
31.1271076202
34.6087875366
32.7322998047
28.0068149567
30.4895153046
34.2265930176
31.9557437897
29.1509552002
26.0574264526
22.4930381775
18.7879581451
19.6780223846
24.8373718262
21.8883285522
18.9862289429
22.7385921478
25.7918243408
22.3428821564
22.8449401855
28.2010192871
27.5925102234
26.4284591675
27.8683490753
31.7685489655
30.3757858276
29.9745483398
33.5904960632
35.7063560486
33.8736724854
35.1308441162
40.9213218689
41.5510406494
39.6884994507
