75.8888702393
96.786857605
100.843460083
73.8288726807
96.6396560669
88.4203414917
68.8588562012
65.2887878418
86.4486541748
91.4352264404
65.8781356812
88.2565689087
80.7389373779
63.5071716309
69.5168914795
91.0137710571
95.8404541016
70.3475952148
92.4217910767
84.8994064331
67.1884002686
69.5168914795
91.0137710571
95.8404541016
70.3475952148
92.4217910767
84.8994064331
67.1884002686
68.4227600098
89.9225463867
94.7035446167
69.4220352173
91.2814254761
83.9073562622
66.1642456055
66.7195739746
87.7646560669
92.2246246338
67.6221542358
88.7278289795
81.8341827393
63.7970733643
77.5331268311
98.874458313
103.644844055
78.1308288574
100.173248291
92.5400390625
74.789390564
84.4808044434
104.755645752
109.570899963
84.6272888184
106.37991333
98.9494934082
82.1008300781
83.4816360474
103.10949707
107.964569092
83.556602478
104.999382019
97.809173584
81.5806884766
77.9164123535
96.3243331909
101.321868896
78.2258987427
98.8923797607
92.307510376
77.4177627563
77.9164123535
96.3243331909
101.321868896
78.2258987427
98.8923797607
92.307510376
77.4177627563
80.5953979492
101.495643616
106.007911682
79.683883667
102.296966553
94.3121566772
75.9588775635
77.1188201904
98.3024215698
103.100997925
77.5041122437
99.674621582
92.0012512207
74.3600921631
67.1301422119
86.9084243774
92.091835022
67.849609375
89.5214004517
82.5885314941
66.7815246582
85.4735794067
105.868011475
110.458404541
84.6823348999
106.96446228
99.208366394
81.4931335449
72.0326080322
91.731048584
96.7553863525
72.2937774658
94.0083770752
86.8994750977
70.8244171143
53.413772583
68.5376052856
73.9993362427
52.8800621033
73.3014907837
68.5473175049
55.2125282288
53.413772583
68.5376052856
73.9993362427
52.8800621033
73.3014907837
68.5473175049
55.2125282288
57.6474609375
70.2592697144
75.3486022949
57.5284233093
74.9180603027
71.0755233765
60.2410964966
61.6140174866
76.4111404419
81.5323791504
61.1879920959
80.4918518066
75.5389556885
62.9151344299
69.5886688232
90.2421646118
95.274887085
71.0967178345
92.3734893799
85.4340438843
69.0646362305
55.656993866
75.6657409668
80.8018188477
55.481048584
78.262298584
71.1925582886
54.8178825378
62.1446609497
78.6845932007
84.089881897
63.0535697937
82.7184371948
77.3488082886
64.2948684692
64.2215042114
84.1334533691
88.4080734253
62.1917381287
84.9310836792
77.1818695068
59.2256202698
64.2215042114
84.1334533691
88.4080734253
62.1917381287
84.9310836792
77.1818695068
59.2256202698
56.8623695374
76.3607025146
80.7609863281
54.8582305908
77.7392578125
70.3855361938
53.170589447
52.6647262573
72.5926055908
77.1976089478
51.0891227722
74.2992095947
67.0235443115
50.0111351013
58.2281303406
78.8015594482
82.4415817261
55.156539917
77.8231277466
69.6177902222
49.6729660034
55.5380477905
77.2357025146
81.766708374
55.8724822998
78.0634384155
71.0519485474
52.4104766846
67.5313339233
65.6873779297
66.6600646973
70.7115707397
67.8098602295
67.8999176025
70.3863754272
70.4541625977
68.3179168701
68.6480789185
74.0233383179
70.967956543
71.8956375122
75.2132263184
66.3866729736
60.8484077454
61.4254798889
68.3319091797
62.4560127258
64.5968093872
70.8713150024
61.4610519409
65.2891693115
68.1309204102
64.0021286011
69.1201095581
68.6592178345
66.4649124146
62.6000061035
67.4300231934
69.8094711304
65.0228424072
69.2470855713
67.9089584351
64.9381561279
