31.5843582153
28.1621208191
25.6578426361
24.254655838
21.1950531006
23.3003692627
21.2439918518
19.6342372894
21.2079715729
16.1804428101
14.6207723618
10.6824569702
8.40739154816
6.85938978195
5.75295972824
5.18865203857
7.78132963181
10.7662944794
13.9924821854
15.8706245422
10.0051393509
6.90187597275
6.97939634323
6.45609426498
10.3387508392
12.3472681046
16.1397514343
19.7110366821
22.4299278259
18.6068305969
16.2351951599
14.3951015472
12.2556991577
10.7083873749
11.748673439
10.6966848373
13.9314174652
13.7118520737
13.3725538254
17.1472702026
19.5750541687
20.3271770477
21.3603248596
24.4075622559
21.5512771606
18.451177597
22.3109207153
24.2314300537
20.2640476227
19.4088859558
23.7044563293
23.4768505096
19.2300815582
21.8719902039
25.1768779755
24.51171875
21.8247051239
26.7334804535
28.7851753235
25.6400756836
28.6720428467
28.1137638092
26.995136261
25.7376708984
23.4814128876
18.6596698761
21.2226791382
21.1149253845
20.3074016571
19.4948959351
21.3869743347
18.1445636749
20.2171115875
21.8361568451
17.4918823242
14.4997615814
16.5498867035
14.9379606247
15.3217315674
16.1245517731
15.9407501221
18.2150402069
13.6563405991
15.9812364578
16.5246810913
16.2528209686
15.1062040329
15.7623033524
20.352022171
17.3747024536
15.6312618256
19.817697525
22.3548564911
20.806427002
17.377494812
19.4034996033
23.3954162598
23.5414237976
28.0728569031
26.6904525757
32.4183959961
33.9620056152
34.3654174805
29.1176071167
29.4796504974
32.8460845947
30.4150924683
26.6025218964
29.3566703796
32.0545005798
27.8688526154
26.4480361938
29.9994792938
31.2945098877
27.9588508606
27.9565143585
32.809715271
30.0431365967
27.8536758423
31.2967777252
34.0689735413
31.8797225952
32.5143013
28.1546459198
27.958656311
22.5145587921
24.8359413147
19.9239521027
22.7478656769
18.7967853546
19.3124103546
15.6891422272
16.8884449005
19.845867157
16.2790431976
20.4349880219
20.7556266785
22.2354354858
22.7916507721
26.2503833771
24.2621555328
23.5213928223
21.106798172
21.5343456268
17.7114830017
15.971373558
20.3877239227
18.7184619904
20.566619873
23.4797039032
27.1819190979
30.3586368561
19.5362873077
19.725189209
23.76994133
24.1563739777
22.9782066345
26.3319892883
30.0648975372
32.7045516968
33.4385948181
29.4861068726
29.7598457336
34.7515220642
31.464838028
36.5063362122
36.9660873413
35.4066162109
33.3622322083
32.0112075806
28.4291229248
32.3037834167
33.0577659607
34.5630340576
29.8617210388
28.0382099152
31.3444290161
30.3437404633
26.6170005798
28.6720981598
29.5626888275
27.2647705078
25.5999221802
29.8787784576
29.6768894196
24.8303909302
27.490272522
31.4122810364
29.8186359406
26.7870731354
27.5551490784
24.0094718933
27.1259803772
29.2737350464
28.1908531189
31.6104011536
30.2407722473
28.6367473602
28.9219169617
24.1937656403
28.344493866
32.3213310242
29.0218887329
28.8745861053
34.777633667
34.5894699097
32.2994270325
34.4299049377
38.5001144409
37.9154129028
39.1147499084
34.2297019958
35.0286178589
33.012878418
35.4565048218
36.388710022
38.0557289124
33.8409461975
35.5590171814
33.7120628357
39.3549156189
37.720085144
37.3500366211
39.009098053
43.0574302673
40.4765625
36.1179771423
38.612953186
42.057674408
36.6637001038
34.4056816101
37.512512207
39.2025337219
34.2792205811
33.7383766174
38.6441917419
37.8704872131
41.0523605347
37.3190193176
40.9873733521
41.7087936401
36.1143531799
37.365486145
37.1440162659
32.6126403809
37.4025421143
39.9500198364
35.3745880127
35.4556884766
39.4651260376
39.1659088135
35.6272354126
38.0758857727
42.348361969
39.201374054
38.7415351868
42.1308097839
43.4661254883
40.1975975037
41.4060249329
46.669757843
29.6688632965
26.8766078949
23.7016639709
23.7513237
20.4230728149
23.0556850433
22.0846939087
20.0456161499
20.656211853
15.7689771652
14.3151025772
11.3166227341
8.82964420319
6.63062572479
5.75296068192
4.47120952606
7.66117429733
10.263010025
13.4846639633
16.4337501526
11.1014862061
8.42164325714
5.48393201828
6.88714838028
7.57104301453
10.2461385727
14.2979841232
17.838306427
20.1125068665
15.8271942139
12.8941373825
11.4423542023
9.14882850647
9.31294822693
10.8901166916
11.9296770096
14.9915046692
16.1056060791
16.8446102142
20.6356258392
22.5687904358
22.6580047607
23.6229686737
26.2265071869
23.0464744568
20.2037239075
23.423784256
24.6218452454
20.4003791809
19.4346237183
23.5530929565
22.6723060608
17.931968689
20.5644874573
23.6193637848
22.4668674469
19.4001674652
24.7506713867
26.3354911804
22.4851264954
25.2691669464
24.0199394226
22.5552654266
21.3355007172
19.5844326019
14.7363557816
17.5448303223
18.5602760315
17.4668693542
17.6952857971
20.6138916016
18.2662792206
21.0620594025
22.9588050842
19.1627445221
16.4986343384
17.6324825287
14.8979587555
14.0248832703
14.0981149673
12.7709875107
14.1411361694
9.24780845642
11.1206674576
11.8178911209
11.3223991394
10.39382267
11.4366989136
16.177646637
14.4180412292
11.9389238358
15.5373153687
18.6864891052
17.8885154724
14.6273317337
15.8948364258
20.2421875
19.4881458282
24.1863937378
22.2496376038
27.8702087402
29.5818538666
29.6770687103
24.3599338531
25.09075737
28.3557720184
25.6695384979
22.0298137665
25.0227413177
27.4724712372
23.244550705
22.2877864838
25.9287605286
27.0467472076
24.029460907
24.4262275696
29.092590332
26.4522628784
24.6573982239
28.2757205963
30.8846492767
28.932762146
30.0538101196
25.5669975281
25.790391922
19.9841785431
23.3694210052
17.9509658813
19.7996330261
16.1911582947
15.8206939697
12.6504611969
13.6423063278
15.7184009552
11.8122930527
15.549990654
15.8360958099
17.3284130096
17.8714389801
21.2519378662
19.3441410065
18.8494586945
16.5689582825
17.6492919922
14.2808218002
13.6088943481
17.898317337
17.6031723022
19.5331039429
21.8656311035
25.669298172
28.579656601
19.4183197021
18.730764389
22.8839626312
22.5107574463
20.6670875549
24.9715709686
28.380437851
31.2743396759
31.983045578
28.4349250793
29.0356521606
34.0010261536
31.2892570496
35.9555969238
36.4355735779
35.1739501953
32.4285736084
30.9499359131
27.1664886475
30.2594146729
30.464214325
32.0730628967
27.7024688721
25.4009189606
28.3667316437
27.9552764893
23.8571434021
25.1511363983
26.3938140869
24.4352283478
22.1092357635
26.2030620575
26.6811218262
21.5173034668
23.5355472565
27.6161823273
26.5429382324
23.4922943115
24.8314361572
21.7159233093
24.9727993011
27.6281108856
26.5653381348
30.3141479492
29.4074897766
28.4983444214
29.0544013977
24.315984726
28.7878856659
32.2554168701
28.3116397858
28.5742721558
34.5678329468
33.8189125061
31.1324939728
33.5629959106
37.9483375549
36.6389350891
38.157169342
32.8074035645
33.0552482605
30.6726531982
32.9941558838
33.4636535645
35.1736335754
31.0295810699
32.1687088013
29.947473526
35.5901527405
33.6451911926
33.3847465515
34.8952865601
39.2213935852
36.5041923523
32.1618766785
35.1100769043
38.3971366882
33.0043067932
31.0248298645
34.4178543091
36.0285949707
31.2192764282
31.0316009521
36.0367584229
35.8981971741
38.9945259094
35.3626251221
38.6898574829
39.1396827698
33.5120277405
34.1429748535
33.9502449036
29.0837154388
33.7113838196
36.2736816406
31.6112174988
31.3060760498
35.2804756165
35.0537834167
31.3353824615
33.6022605896
37.9332199097
34.8140068054
34.1108169556
37.4758911133
38.8829460144
35.5965843201
36.6495628357
41.9864425659
30.0737895966
26.9053401947
24.036485672
23.5962963104
20.9414253235
23.6753253937
22.3467254639
21.0328006744
21.9932632446
16.8962039948
16.2870368958
12.6174163818
10.8949146271
9.30693149567
5.18865203857
4.47120952606
3.94335842133
6.95424985886
10.4259176254
13.1014699936
7.66677522659
5.74535226822
4.50220966339
7.11702537537
10.7816019058
12.8924341202
17.0992050171
19.5951480865
22.4342193604
18.7148113251
16.1093635559
13.7398729324
10.658372879
9.79262447357
9.31858539581
10.3785715103
12.4284620285
13.6456718445
14.3607778549
18.1328411102
19.9287052155
20.0104675293
20.4159889221
23.0882377625
19.6071434021
17.0516033173
20.8638191223
21.9187755585
17.6843223572
17.5368709564
21.6930198669
20.496679306
16.1432571411
19.4032726288
22.3350028992
21.2162189484
18.7546043396
24.2431221008
25.6332321167
22.3915920258
25.9262561798
24.7212257385
23.8328971863
22.1576423645
19.9216213226
15.4002151489
18.685382843
18.7658576965
18.7105484009
18.0093669891
20.1473522186
17.7589511871
19.9703922272
22.3780441284
18.4497394562
15.2006378174
15.80879879
13.9960842133
13.311841011
14.7589998245
13.7725925446
16.0230789185
12.3398313522
13.7574625015
15.2122430801
14.0652446747
12.2830190659
12.1742773056
16.6217689514
13.7679681778
12.9298887253
16.9704780579
19.0530643463
17.5859088898
14.9861965179
17.3201656342
21.057056427
20.9805774689
25.5446014404
23.7056293488
29.5386142731
30.5619812012
31.1109313965
25.9904022217
25.9588775635
29.1396331787
26.9057865143
22.9279327393
25.3949680328
28.3069992065
24.2149276733
22.3663825989
25.8888912201
27.4301319122
23.9911937714
23.7616939545
28.7606582642
26.3512210846
23.889093399
27.1486473083
30.1760311127
28.2585048676
28.6725006104
24.2820472717
23.876203537
18.2824077606
20.8116226196
15.6009216309
18.3476810455
14.4270496368
15.1482725143
11.4419317245
12.5321455002
15.7584991455
12.5447225571
17.3068313599
18.3342514038
20.310508728
20.3916091919
23.5408763885
21.2580890656
19.9459037781
17.7498207092
17.5393447876
13.6362600327
11.893825531
16.5739612579
15.1004562378
16.7355823517
19.6867084503
23.4504852295
26.7399692535
15.9526348114
15.7571249008
19.9882907867
20.2600841522
18.7674312592
22.2484149933
25.8775749207
28.6307582855
29.3158340454
25.4841823578
25.9530830383
30.9203205109
27.8690547943
32.7454299927
33.2514266968
31.9163818359
29.5338535309
28.0454406738
24.3998203278
28.0790309906
28.8390216827
30.2303600311
25.5505752563
23.6888122559
26.9588413239
26.0496368408
22.241727829
24.3621387482
25.2761058807
23.0694313049
21.4049777985
25.751953125
25.7780761719
20.9144668579
23.682975769
27.6585559845
26.2453708649
23.4221496582
24.2026100159
20.4349060059
23.3845214844
25.6301555634
25.059419632
28.589597702
27.1948242188
26.15001297
26.2121219635
21.1533527374
25.5055522919
29.2920799255
25.6096038818
25.4340000153
31.4318790436
31.0834827423
28.4710884094
30.6418876648
34.903427124
34.0600395203
35.4821205139
30.5104808807
31.1194667816
29.0471286774
31.7485237122
32.4558486938
34.4050178528
30.3533420563
31.8721466064
30.3535766602
35.9635238647
34.3428840637
33.6515045166
35.2144508362
39.1334152222
36.4291992188
32.0984306335
34.6272506714
37.9084739685
32.4293670654
30.2397212982
33.273349762
34.880153656
29.9363250732
29.4829463959
34.3458099365
33.7169303894
36.8031768799
33.0805358887
36.6804008484
37.3726577759
31.7619743347
33.00207901
32.8341064453
28.3323116302
33.2190170288
35.6773948669
31.1132125854
31.3908042908
35.387588501
35.0412712097
31.6133079529
34.2140045166
38.4218292236
35.3238868713
35.0691604614
38.4581756592
39.801109314
36.702796936
38.1346740723
43.3568878174
27.2442741394
24.0207920074
21.3937683105
21.3182525635
19.9861392975
23.2018299103
22.4600582123
22.2301101685
22.8034095764
18.0093135834
19.2352714539
15.8542890549
15.6060686111
15.3134593964
10.7662944794
10.263010025
6.95424938202
4.12115764618
3.83107566833
7.0257358551
4.35653209686
6.54929828644
6.62134981155
10.5070972443
15.0797996521
16.0610389709
20.202287674
20.2519664764
23.616809845
21.040178299
19.0415019989
15.4692087173
11.6250638962
10.6190414429
6.49779224396
9.7676858902
8.70527553558
11.7757024765
13.8882694244
17.0089550018
17.5700416565
16.6575145721
16.0408935547
18.0170326233
13.9656076431
12.3767662048
15.9583063126
15.9059333801
11.6008987427
12.9158334732
16.585931778
14.3360862732
10.5984315872
14.7330608368
17.0464096069
15.8022928238
14.3896999359
19.9723567963
20.733259201
18.44764328
22.9820919037
21.982301712
22.1416320801
20.048822403
16.9501647949
13.4666805267
17.0950317383
15.9285163879
17.709897995
16.0359077454
17.3040485382
16.0619907379
17.6493206024
21.1598186493
18.0654735565
14.6470184326
12.9306221008
12.0210237503
10.5362119675
13.8337955475
12.8991918564
16.0594043732
15.1629581451
15.6550340652
18.766166687
17.095243454
14.9717063904
13.3999052048
16.7780418396
14.3900337219
15.9936475754
19.2158317566
20.1129302979
18.6767616272
18.1047649384
20.8754882812
23.803560257
23.4701519012
27.8066062927
25.1169815063
30.8027305603
30.641828537
31.3385677338
26.6566066742
25.8941440582
28.2355461121
26.2834300995
22.2938537598
23.6343631744
26.5841064453
22.7685012817
19.8239574432
22.7863750458
24.505399704
20.4743289948
19.543214798
24.6072788239
22.3025436401
19.0850276947
21.9684944153
25.1871013641
23.2642097473
22.8550662994
18.7100009918
17.808013916
12.8588438034
14.474105835
10.2765684128
14.1831388474
11.1150999069
13.8268671036
10.2039375305
9.44078540802
14.2496557236
12.2012853622
18.2848434448
19.587474823
22.5141010284
22.5398368835
24.4741268158
21.3842468262
18.962770462
16.6765537262
14.4748878479
10.1515884399
6.85931968689
11.3578958511
8.57508468628
10.086306572
13.2833786011
16.9402618408
20.4678478241
11.5082988739
11.6886320114
16.2980422974
17.540594101
15.6378231049
17.4776477814
20.9408988953
23.7920646667
23.8106002808
19.8798789978
21.0890026093
25.6178512573
21.9785022736
26.8179759979
26.8555831909
25.264421463
22.9375610352
21.8010139465
18.1065235138
22.1202697754
23.1975040436
24.8246364594
20.083814621
18.5246219635
22.4486484528
21.8386363983
18.2030563354
21.0748977661
22.1410503387
20.3008098602
19.1971721649
23.6249713898
24.2211475372
19.8753528595
22.9629211426
26.8802280426
25.9008903503
23.8476829529
24.2613964081
19.8102626801
21.770275116
23.547706604
24.6884059906
27.9617500305
25.9593696594
25.6710968018
24.5759963989
18.6131286621
22.7590141296
26.7000293732
22.9269676208
21.7132282257
27.6847782135
27.8361110687
24.6194591522
26.1892910004
30.5640926361
30.0806541443
31.8884124756
27.5631828308
28.1933002472
26.4509944916
30.120010376
30.4194755554
33.222743988
29.7574062347
30.9851741791
30.5781497955
35.9067382812
34.4104995728
32.8344688416
34.0220527649
37.3863792419
34.2440605164
30.1725234985
32.6718597412
35.2280311584
29.4128112793
27.6256942749
30.0162296295
31.0866184235
26.0547351837
25.8918380737
30.1486206055
29.4027500153
31.8294448853
27.4354171753
31.2312469482
32.6022109985
26.9497699738
28.5906524658
27.9867286682
24.098493576
28.9838695526
31.6638278961
27.4695281982
28.2372131348
32.3042793274
32.152141571
29.3097114563
31.9091873169
36.1925354004
33.5945663452
33.8133201599
36.8329429626
38.5862998962
36.1578521729
37.9984664917
43.1012077332
26.8352718353
23.0507488251
21.0670452118
19.5875053406
18.3814277649
21.1573810577
19.7091732025
19.8584842682
21.0368003845
16.2341785431
17.6406669617
13.9363946915
14.2991771698
14.8431653976
10.0051403046
11.1014871597
7.66677570343
5.74355173111
4.3565325737
5.54770231247
6.18482351303
4.29889154434
6.9501619339
9.13752937317
15.2089805603
15.6310958862
19.5712966919
19.5025615692
23.1859169006
21.0101318359
19.4929733276
15.6214447021
12.1406345367
9.82699871063
6.1251168251
6.75697565079
5.8218832016
7.94430494308
9.95853996277
13.0509777069
13.7658033371
13.1915512085
13.0942258835
15.5507211685
12.189661026
9.65195846558
13.5937986374
14.724653244
10.7277107239
11.3004999161
15.3134870529
14.468460083
11.1317310333
14.5162734985
17.3603115082
16.9575958252
15.5158205032
20.2280330658
21.8958396912
20.1947135925
24.4250717163
24.5343990326
24.7609996796
23.1019172668
19.5873241425
15.7864084244
18.5956268311
16.4749164581
18.0398273468
15.5244493484
15.9334144592
13.7969007492
14.8677682877
18.1685848236
14.7795696259
11.189166069
9.96496009827
9.94903278351
9.94729423523
13.48853302
13.7908201218
17.6139678955
16.5141010284
17.8562774658
20.7619991302
19.7104415894
17.9619579315
16.8980178833
20.5889034271
17.9896297455
19.0766925812
22.5872440338
23.8195705414
22.2295742035
21.0906200409
23.865114212
27.0479049683
26.8604221344
31.2972145081
28.7503585815
34.4579772949
34.5357437134
35.0957717896
30.2755031586
29.7726898193
32.1221504211
29.9418373108
26.0697078705
27.4910888672
30.1800460815
26.2496776581
23.5277404785
26.3795013428
27.7816448212
23.6570701599
22.8692893982
27.6985301971
24.8190937042
21.7745571136
24.8383255005
27.6560878754
25.2548160553
24.8864822388
20.9324951172
20.2784786224
15.9554548264
16.8486289978
13.7475299835
17.9547691345
15.0496892929
17.812128067
14.0872421265
13.3049278259
18.068113327
15.5259037018
21.5881080627
22.1501579285
24.9774589539
25.5600719452
27.5478458405
24.4289264679
22.3546485901
19.6228122711
17.7693347931
13.4173488617
9.93387699127
13.6615257263
10.0944004059
12.1047019958
15.1199321747
18.5401153564
21.8951816559
13.9157238007
14.8628206253
19.3039722443
21.0162963867
19.4070606232
20.5869731903
24.1169624329
26.8119449615
26.6160449982
22.4993038177
23.6953105927
28.0438537598
23.7534389496
28.8152542114
28.5170955658
26.3877010345
24.7016658783
24.0184936523
20.4671478271
24.8675842285
26.0136547089
27.9514369965
23.2293777466
21.8414707184
26.0275707245
25.427690506
21.9705028534
24.9498729706
26.0611076355
24.2004623413
23.216791153
27.6354370117
28.1387481689
23.8458538055
26.9486656189
30.8821182251
29.8007640839
27.6475086212
27.9673175812
23.4527187347
25.4253959656
26.9621982574
28.0043029785
31.1266078949
28.8978004456
28.1403045654
26.8753623962
20.9152832031
24.7581520081
29.1019992828
25.7958755493
24.2139492035
30.0649242401
30.6679592133
27.6657009125
28.9286518097
33.0621147156
33.1212272644
34.7708892822
30.8138465881
31.7197322845
30.160402298
33.8614959717
34.310005188
37.0827026367
33.5593338013
34.9551620483
34.4871788025
39.8648262024
38.3597221375
36.8531684875
38.0363769531
41.4065284729
38.2247848511
34.1755065918
36.667427063
39.1739883423
33.3136329651
31.5831451416
33.8627243042
34.8347206116
29.8034191132
29.6364536285
33.7220916748
32.7332305908
35.0022926331
30.302740097
34.2578964233
35.9736671448
30.3529434204
32.1341934204
31.2468643188
27.5642871857
32.2717399597
35.1997489929
31.1385822296
31.7757167816
35.9156837463
35.9254112244
33.1260948181
35.5099449158
39.9643287659
37.4878921509
37.5985031128
40.4916534424
42.4381332397
40.0244636536
41.7511863708
46.9277420044
26.1440391541
23.015707016
20.1411209106
19.8365592957
17.1457519531
20.040725708
19.1909732819
17.9250068665
18.5244808197
13.5276575089
13.6074123383
10.3619270325
9.54108142853
9.4228811264
6.97939538956
5.48393201828
4.50220918655
5.66112375259
6.62135028839
9.34070301056
12.0014343262
6.9501619339
4.8663649559
5.2967247963
8.96769046783
10.1425714493
14.3836250305
15.9500780106
18.958234787
15.690577507
13.5525569916
10.4479570389
7.18162250519
6.15488672256
6.26309728622
7.92815160751
10.2926921844
12.0508718491
13.6666717529
17.2729816437
18.6446666718
18.2857685089
19.2058544159
21.5864315033
18.5521755219
15.6641407013
18.5823249817
19.7475852966
15.5723409653
14.5857896805
18.7026691437
17.9845371246
13.3440914154
16.0245132446
19.1612567902
18.3157081604
15.4828557968
20.6808948517
22.4839286804
19.2753601074
22.5475616455
22.1205558777
21.3602313995
20.133480072
17.3962440491
12.6140613556
15.3284435272
15.064991951
14.9444980621
14.0868330002
16.4012298584
14.2504072189
16.801448822
19.2648468018
15.7428207397
12.8691921234
13.0608816147
10.5486421585
9.66638851166
10.8777084351
10.1684131622
12.9563426971
10.3155546188
12.0658740997
14.4095258713
13.8438901901
12.794916153
12.8488855362
17.2739830017
15.7745475769
14.9007863998
18.1132698059
20.6773033142
19.8470020294
17.7292194366
19.4391059875
23.4153251648
22.4467449188
27.1402130127
24.4807548523
30.0820503235
31.0947322845
31.131652832
25.9509506226
26.3789653778
29.0376148224
26.2646751404
22.6418781281
24.9580917358
27.2303886414
22.9836769104
21.4243011475
24.7267494202
25.6987667084
22.1456108093
22.3029537201
26.9370250702
23.8438282013
21.7348461151
25.4592380524
27.893075943
25.5817508698
26.4359092712
22.0531253815
22.3447170258
16.9742393494
19.913892746
15.3639955521
18.0122203827
14.9489955902
15.9020996094
12.4349880219
12.0192804337
15.3637037277
11.5309200287
16.8275623322
16.7326850891
19.0984516144
20.0863437653
22.4887275696
19.7953338623
18.6742038727
15.7963218689
15.7994174957
11.8460674286
10.1819486618
14.2739496231
13.3257017136
15.6866941452
17.8456363678
21.6017036438
24.4689464569
17.4120178223
17.1229667664
21.6561641693
22.0311031342
19.8525466919
23.0846652985
26.4346599579
29.4324436188
29.5764923096
25.8955078125
27.056186676
31.7161159515
28.3549137115
33.0841407776
33.0616226196
31.3692760468
28.8143520355
27.7959575653
23.9254188538
27.2770004272
27.5319347382
29.6084690094
25.2160758972
22.985912323
26.5794048309
26.5498428345
22.4402866364
24.175453186
25.7082271576
24.0161628723
21.9242935181
26.1850318909
27.1895637512
22.1950035095
24.4262714386
28.6259269714
27.8868465424
25.2652645111
26.3846359253
22.6649532318
25.3736991882
27.7293052673
27.7681388855
31.3871612549
29.9712982178
29.3584346771
29.1033802032
23.6464290619
27.9985904694
31.7904624939
27.8662776947
27.3305244446
33.368309021
33.0937461853
30.0087184906
31.9763469696
36.4194908142
35.5040512085
37.2671051025
32.3888244629
32.7163200378
30.5480823517
33.5943756104
33.7876358032
36.1286239624
32.3059120178
33.2580833435
31.716753006
37.2665100098
35.3189239502
34.4579620361
35.6732788086
39.7233772278
36.5807762146
32.371509552
35.4609107971
38.1996841431
32.4331130981
30.8201007843
33.8211097717
34.9901313782
30.0510349274
30.1582546234
34.7566757202
34.5455207825
37.1154098511
32.8081130981
36.3144836426
37.3875427246
31.6437225342
32.4684867859
31.763677597
27.2368679047
31.7948703766
34.7685623169
30.34516716
30.1618824005
34.3255348206
34.3886756897
31.0072498322
33.0950660706
37.7142906189
35.0227088928
34.5160369873
37.5440063477
39.4539489746
36.641418457
37.8936042786
43.269317627
23.191078186
18.9843063354
17.8407440186
15.2914886475
14.9983615875
17.5439796448
16.2010478973
17.274646759
18.4646015167
14.3427305222
17.0407657623
13.9968671799
15.713684082
17.6443119049
13.9314184189
14.9915046692
12.4284582138
10.9348955154
8.70527648926
7.85687637329
6.57683753967
5.82188272476
7.73738861084
10.2926940918
11.135597229
17.0947856903
16.249710083
19.5338668823
17.7691249847
21.7697582245
20.8263225555
20.2709255219
15.8461408615
12.9371290207
10.0570278168
6.5396194458
5.84893226624
5.17383718491
8.75117588043
10.7623910904
10.3716449738
8.99371528625
9.83145427704
11.9063644409
9.99013137817
6.58848190308
8.98850059509
11.084651947
7.8046875
6.95479917526
10.9082622528
11.7542409897
9.28639030457
11.2215776443
14.3492164612
15.0331068039
13.8697433472
17.1308383942
19.6856498718
19.0206623077
22.9263782501
24.575920105
25.2668972015
24.1857700348
19.9843196869
16.5328769684
18.141664505
14.5287313461
16.5730552673
12.8998155594
11.9340982437
9.84176063538
10.1312770844
13.8101215363
11.2275152206
8.16012477875
5.3968667984
6.69773626328
7.92358541489
11.9954738617
13.6337194443
18.13397789
18.42710495
20.0682086945
23.4742527008
22.996383667
21.8069972992
20.9187030792
24.4452438354
22.7205295563
23.7360553741
26.769323349
28.2771034241
27.056936264
26.1561756134
28.5823326111
31.9339065552
31.2149105072
35.7159042358
32.6075401306
38.064781189
38.0491676331
38.1951255798
33.4302711487
33.2478904724
35.0349693298
32.4553222656
28.9936904907
30.0823421478
32.0915908813
28.1786117554
25.6381340027
28.0098991394
28.777381897
24.5094966888
23.9579143524
28.1531925201
24.4533786774
21.7365093231
25.0549449921
27.0228881836
23.9945449829
23.7862148285
20.2507915497
20.3076229095
17.1364097595
17.5459423065
16.295923233
20.4856815338
18.6706066132
21.7165527344
18.3136711121
16.3850383759
21.1277770996
18.432510376
24.6318740845
24.151266098
27.230802536
28.6229991913
29.8646717072
26.404592514
24.4914264679
21.207359314
19.2988967896
15.2305841446
11.7642316818
13.7479133606
10.0453481674
12.8552331924
14.6133317947
17.5322093964
20.2272319794
17.5448684692
18.6996631622
23.0667877197
25.1080417633
23.1056957245
23.4552688599
26.5770225525
29.3181800842
28.3828792572
24.4502716064
26.3582038879
30.0768623352
25.1536941528
29.9899291992
28.8527736664
25.9857120514
24.6516914368
24.8674736023
21.3686294556
25.5770816803
26.3479366302
29.1016311646
24.8070735931
23.3421993256
27.9408683777
28.1583614349
24.719789505
27.498216629
29.0983695984
27.7418823242
26.6292610168
30.8635463715
32.1308097839
27.9364871979
30.6486129761
34.6650810242
34.0987472534
32.1683578491
32.6400909424
28.1248703003
29.7731666565
31.187538147
32.8408851624
35.894077301
33.5085449219
32.9839057922
31.2905311584
25.1260299683
28.6348190308
33.0600814819
29.8483467102
27.7019176483
33.3252334595
34.2868499756
30.9739208221
31.7569694519
35.8295669556
36.1870346069
38.0768318176
34.5764350891
35.3777618408
33.9193992615
37.9961929321
38.0484848022
41.2137985229
37.9596405029
38.9568824768
38.6223182678
43.8889465332
42.1737480164
40.4401893616
41.2779312134
44.6049118042
41.0147285461
37.1874351501
40.058139801
41.9395103455
35.8553962708
34.7163581848
36.7448120117
37.1794929504
32.2457237244
32.5894622803
36.15467453
35.3734931946
36.9230422974
31.4672927856
35.3929214478
37.7792930603
32.1847572327
33.7443885803
32.1391029358
28.8412284851
33.0223770142
36.5241508484
32.8434333801
33.1409797668
37.3775558472
37.8539543152
35.3091468811
37.1190910339
41.9318618774
39.9885215759
39.9492492676
42.3613090515
44.9196624756
42.9004020691
44.4932899475
49.745059967
16.5444259644
12.6316461563
13.1264200211
11.361199379
14.2389354706
16.7666149139
17.7200927734
20.0415477753
19.7537822723
17.9402256012
22.3703174591
21.128950119
23.6888217926
26.3192157745
23.7044487
23.5530929565
21.693025589
19.8710308075
16.585931778
13.9446468353
12.2204761505
15.3134870529
17.5951309204
18.702671051
19.8671703339
23.9313182831
21.9421710968
24.133058548
19.0617008209
22.7600231171
23.9952030182
24.6171741486
20.0195541382
18.0027770996
16.3857688904
13.3046360016
14.6122350693
10.9082603455
13.6450881958
17.5695400238
17.7594261169
15.2753582001
12.0000982285
12.5225315094
11.3519601822
11.7591571808
10.6840553284
6.68306684494
6.42947483063
6.96810626984
5.36111116409
6.48421764374
8.27246952057
6.39906597137
7.37515163422
10.1620426178
11.1282262802
10.3856782913
13.253194809
15.4355545044
18.8417663574
22.5345230103
24.4747219086
24.1054153442
19.2991046906
18.0378303528
17.9384689331
12.5205850601
16.3587970734
12.0891342163
8.6999130249
10.9127206802
9.83830070496
14.1193685532
15.150053978
14.3967914581
9.407995224
10.756857872
10.7423934937
14.1911087036
16.1646366119
20.3246612549
23.6136341095
24.5307235718
28.9000072479
28.6110839844
27.9147129059
26.7387809753
29.1880016327
29.1946182251
30.8251419067
32.619972229
33.9234466553
33.4863586426
33.7887191772
35.7109184265
38.8210792542
37.1187171936
41.392375946
37.1732330322
41.860244751
41.1152648926
40.6862030029
36.5635261536
36.5047111511
36.9161911011
34.0941772461
31.5524024963
31.5343647003
32.3319473267
29.0296192169
26.5772724152
27.6310157776
27.3929042816
23.2238693237
22.8634185791
25.3862533569
20.9326572418
18.8879451752
21.9441547394
22.1676483154
18.4695644379
18.2682647705
16.2305221558
17.6379776001
17.4394359589
17.0645828247
19.2357997894
22.5403518677
23.0585327148
26.4347553253
24.0970687866
20.5135974884
24.6407852173
22.81183815
28.6804409027
27.3012905121
30.8674716949
32.8946762085
32.4089202881
28.4599704742
26.4015865326
23.0082740784
20.4207611084
17.8381328583
15.3188562393
13.612402916
11.4493045807
14.1097068787
12.5778141022
13.581653595
14.1862592697
22.968963623
23.7880535126
27.7023296356
29.8640537262
27.0679626465
26.1353397369
27.9878063202
30.7631168365
28.4534168243
25.5178337097
28.8344516754
31.1010799408
25.9781799316
29.590265274
26.9756908417
23.3175773621
21.9786777496
23.8027992249
20.6820850372
23.4913330078
23.2624607086
27.3632411957
24.4652137756
22.9413394928
27.7424888611
29.6845779419
26.5506858826
28.6946201324
31.0657997131
30.8919448853
29.6918754578
33.1935348511
35.9921951294
32.3648872375
34.2313690186
38.0811309814
38.6613273621
37.4749450684
38.1999549866
33.8608360291
34.6555252075
35.9003257751
38.9481124878
41.8719024658
39.4255828857
39.9411621094
37.5699882507
31.2020378113
34.2387046814
38.1969680786
34.7781677246
31.9574451447
36.9724998474
38.125831604
34.0531082153
34.0766067505
38.1259307861
38.4624481201
41.0091781616
38.2550773621
38.5188026428
37.2178497314
41.948425293
41.0029373169
44.9877471924
42.552898407
42.544467926
42.7939071655
47.523311615
45.5316925049
43.1545829773
43.2012138367
46.1367683411
41.8330574036
38.7101898193
42.1490898132
42.5668106079
36.3424873352
36.4957008362
37.8539848328
37.1336479187
32.7331428528
34.155254364
36.4594993591
36.4068908691
36.3847160339
29.8159999847
33.2493782043
36.7350578308
31.5302410126
32.4296531677
29.5470142365
27.3919830322
30.2145805359
34.52186203
31.8979568481
31.7577857971
35.8307571411
37.1304626465
35.4166297913
36.1689300537
41.2685699463
40.5186309814
40.4528427124
41.7997894287
45.3709182739
44.3954124451
45.9136276245
50.9883117676
18.6090545654
15.7807121277
13.6546764374
14.8829030991
15.5349597931
19.1209468842
20.2462368011
21.0988006592
20.4276676178
17.2762718201
20.7435894012
19.0273933411
20.488067627
21.9779090881
19.2300796509
17.9319667816
16.1432571411
14.0908880234
10.5984315872
7.99712467194
8.71810913086
11.1317310333
13.597779274
13.3440876007
16.0657558441
19.3294315338
18.351360321
21.3898620605
17.7377796173
21.1959571838
20.8781871796
20.3885974884
16.0217170715
13.0521764755
12.5967092514
8.37770652771
12.5771226883
9.28639030457
13.7992515564
17.695268631
19.4238834381
18.1296653748
15.488612175
15.2402696609
15.1972379684
12.7491998672
11.7699127197
11.2776269913
9.57145595551
6.41745758057
6.89304971695
8.27246952057
5.60557031631
5.4065079689
6.72928094864
6.46210050583
6.36088275909
10.3702449799
11.3045082092
10.9893846512
15.7406177521
17.0831184387
18.6650466919
17.5117282867
12.9483680725
11.4578943253
13.022441864
9.3467168808
13.4258184433
10.6713752747
10.7299089432
12.4914245605
13.6750450134
17.9597091675
17.2822761536
15.3138837814
10.9228096008
9.92817687988
7.18755435944
11.1624002457
11.1318559647
14.8871870041
17.9751358032
18.0853500366
22.6188392639
21.6809387207
20.6498947144
19.1525497437
21.389503479
21.6775722504
23.4751415253
25.0266246796
26.1505508423
25.896030426
26.4959545135
28.3182487488
31.2393360138
29.4546356201
33.6405067444
29.4421062469
34.2200469971
33.4386138916
33.2106742859
29.0558605194
28.7897472382
29.4621982574
26.8285312653
23.9790630341
24.1427326202
25.4535484314
21.9954948425
19.2963905334
20.8394794464
21.1634216309
16.8269290924
16.383934021
19.8482780457
16.0242786407
13.3451461792
16.8154373169
18.1969871521
15.1787605286
15.1676464081
11.6777076721
12.7649374008
10.6285877228
12.0559854507
12.2652397156
15.2088813782
15.5882263184
18.6636638641
16.5213813782
12.77647686
16.8718452454
15.3216094971
21.2666397095
20.7602767944
24.4236373901
25.7483272552
25.515750885
21.6050949097
19.1416416168
16.0971717834
13.0715675354
10.1467123032
7.73628902435
6.59161615372
5.38081693649
8.60429954529
7.55449962616
10.2995653152
12.1792850494
17.3952255249
17.3873977661
21.5608253479
23.0287590027
19.9173545837
20.1760559082
22.2163658142
25.3356285095
23.6238708496
20.6398105621
23.7710952759
26.7660121918
22.5750217438
26.3493022919
24.6896705627
22.1197319031
19.4159641266
20.0530662537
16.281206131
18.8728942871
18.5850639343
22.2026100159
18.8266906738
16.729221344
21.3811321259
23.1974220276
19.5634918213
21.5114650726
23.8777942657
23.6070156097
22.0730648041
25.7107753754
28.5019073486
24.6518344879
26.4566478729
30.3714561462
30.9442119598
29.7050857544
30.5948925018
26.463054657
27.4480686188
29.0990314484
31.8478832245
35.0084190369
32.9522438049
33.7629966736
31.8810806274
25.6004753113
29.1760215759
32.7465324402
28.7396774292
26.618473053
32.0293922424
32.4514846802
28.2462024689
28.9510116577
33.4347229004
32.9167709351
35.5447311401
31.9839382172
31.9402732849
30.2804164886
34.7577018738
33.7884788513
37.5886878967
35.0215110779
34.9369544983
35.0003738403
39.7923660278
37.8038368225
35.5532150269
35.7703208923
38.9136428833
34.7754325867
31.4044589996
34.8741340637
35.7205619812
29.4769115448
29.3384876251
31.1130752563
30.7945098877
26.1706752777
27.4843883514
30.4180049896
30.6555023193
31.3034934998
25.3356266022
28.718126297
31.3845043182
25.8423709869
26.5413684845
24.2892036438
21.2353630066
24.8023319244
28.7525501251
25.5092926025
25.4912605286
29.6811599731
30.6105461121
28.5062046051
29.7645130157
34.7297821045
33.4878196716
33.4757957458
35.2991447449
38.4171638489
37.1101341248
38.7445144653
43.8433113098
30.3912849426
29.3377723694
25.0416355133
28.1297397614
24.672832489
27.8070831299
28.7171459198
26.0773162842
24.9804420471
21.3049907684
19.9669284821
19.1151409149
16.7820911407
14.4142827988
16.2528190613
11.3224010468
14.065243721
15.7629470825
17.0952415466
19.321767807
23.2880973816
19.7104377747
18.146478653
13.8438920975
16.1367759705
11.5978841782
14.3171052933
16.9276046753
20.0945415497
20.6027641296
15.9563293457
12.3731651306
13.4654254913
12.4701423645
15.7095012665
17.4139404297
20.7428321838
22.9963855743
25.5075531006
27.1791381836
30.8506011963
32.1980361938
31.4989929199
32.2031059265
34.0527496338
30.4889011383
28.3418655396
30.5177192688
30.364610672
26.1829795837
25.3409309387
28.6110801697
26.4796180725
21.6809406281
23.8724975586
25.8694553375
23.6956787109
20.4135398865
25.9239120483
26.056678772
20.842798233
22.4395885468
18.8343467712
16.1071987152
15.0778045654
15.9187231064
12.6506605148
15.3813514709
19.4413127899
17.7515583038
20.5481891632
25.0076065063
24.5073871613
28.0567836761
30.0913906097
27.4021587372
25.423532486
25.3992786407
21.5506534576
18.8926753998
17.432559967
13.9651641846
11.5913906097
8.06622886658
5.49072694778
4.41394233704
4.02903032303
7.11779975891
10.1997690201
12.8759651184
8.79054450989
8.00752544403
13.157075882
14.9711933136
12.8658771515
10.8862524033
15.329123497
11.7100963593
16.3078689575
13.0331201553
17.8857345581
20.4849224091
19.6312351227
14.2033424377
16.4321060181
19.5252532959
16.2480010986
13.5298070908
17.4770355225
19.0891418457
15.1211681366
16.2265357971
19.8681201935
20.5131034851
19.1106414795
20.6439208984
24.3083381653
22.6595783234
22.2248477936
25.681936264
27.790348053
26.8590431213
29.0476074219
24.7455863953
25.7733249664
19.9448986053
25.1278133392
19.353094101
18.1390457153
16.0717487335
12.9197845459
12.6026296616
13.1717987061
11.1057662964
8.05080795288
6.2591176033
7.13314819336
7.44618797302
6.94680213928
10.7683935165
10.1789474487
11.2098836899
10.70682621
14.2017803192
13.567530632
15.9958610535
18.7574863434
21.4882774353
22.9558010101
23.8767204285
27.3504371643
29.4514713287
23.7573356628
21.4999637604
24.9126091003
22.7249259949
19.9085235596
25.9823799133
28.3082542419
31.4003353119
32.2478981018
29.9506034851
30.905752182
35.5084075928
34.4385604858
37.9927368164
38.717502594
38.3316497803
34.320224762
32.4785842896
28.7286777496
29.7228164673
28.6752490997
30.1048355103
26.9307041168
23.8071079254
25.2420978546
26.0892028809
21.6778659821
20.5557479858
22.4181957245
21.4766845703
17.6387462616
20.4892044067
22.4967021942
17.2233257294
16.7696399689
20.7916259766
21.180978775
18.2852172852
21.1427059174
19.9906902313
23.231924057
26.8356571198
25.4916763306
29.6014499664
30.0019817352
30.5089607239
31.8262825012
27.8640327454
32.4639129639
34.5423240662
29.6715049744
31.0308170319
36.6781616211
34.6446418762
31.5259208679
34.5701293945
39.267539978
36.3522605896
38.3472480774
32.1941223145
31.1396427155
28.0146789551
29.4857616425
28.8848514557
30.2697429657
26.4881763458
26.0718822479
22.5933380127
27.9290924072
25.1858634949
25.5952968597
26.7634239197
31.8182144165
29.0939388275
24.9641819
28.8891811371
31.8831367493
27.0155925751
25.7294235229
29.8026790619
31.3455886841
27.2531585693
27.8097572327
32.8553619385
34.2279472351
37.1871757507
34.3479156494
36.6084861755
36.0877876282
30.8330383301
29.8215465546
30.0120315552
24.5551280975
28.4217090607
30.5874233246
25.8695392609
24.4977321625
28.0020027161
27.7838821411
23.5786762238
25.3435592651
29.4463806152
26.2550048828
24.7632484436
28.1839122772
29.4176559448
25.8833236694
26.3448638916
31.7696971893
21.2655181885
20.9489860535
18.1745643616
22.8095855713
23.9481639862
27.7236366272
30.1745738983
30.7599639893
28.9785766602
26.6587429047
29.9645061493
28.9113445282
29.8177661896
30.497209549
28.1546401978
25.5669994354
24.2820491791
22.0094528198
18.7100048065
16.07629776
17.4300746918
20.9324970245
23.5257930756
22.0531272888
25.6313266754
26.9602413177
26.4422779083
29.1429405212
24.9865245819
27.3429965973
27.2397518158
26.5387039185
23.1604175568
20.6330909729
21.9270820618
18.2675323486
23.433303833
20.250793457
24.893371582
28.7211608887
30.4123630524
28.8190727234
25.8664913177
24.6371135712
23.5251255035
20.7193317413
21.5742664337
20.5229148865
16.5200157166
15.1813030243
17.0234661102
16.2305221558
11.1057806015
11.6777086258
12.8411197662
10.0746488571
7.07041025162
9.87738037109
12.5950460434
8.14075374603
8.60048675537
13.6844625473
12.3682575226
15.5161294937
13.740899086
10.5170326233
13.7602910995
15.463145256
14.2981452942
18.7814712524
18.1922035217
19.1818637848
22.6146335602
23.9404087067
28.0744495392
28.1592063904
26.4582901001
21.9019527435
20.5617523193
16.9807701111
19.270565033
17.4683952332
18.6480636597
23.4784832001
21.6999912262
26.4546546936
24.7455883026
23.659324646
21.4207077026
21.1083450317
23.4941329956
26.429107666
26.1261043549
25.9600563049
26.7121067047
29.3485336304
30.5851249695
32.3013648987
29.7754955292
32.9413604736
27.9721736908
31.3781261444
29.0910949707
28.7748241425
26.1734962463
25.1926555634
24.0689620972
22.2471599579
20.51039505
18.6782455444
19.199010849
17.3700523376
14.1111068726
13.4767227173
13.6820983887
9.81470584869
8.61020946503
10.1060819626
8.2753868103
4.83230066299
6.38175868988
7.52062320709
6.34238767624
5.00703525543
5.45527839661
7.98671627045
10.0117168427
12.7159881592
12.3175096512
16.1245651245
18.6463108063
18.8757019043
14.5821008682
16.2047195435
17.5576305389
21.5200176239
21.9757232666
25.708990097
26.0902862549
24.064119339
20.2513256073
16.9001998901
15.7979316711
11.1590538025
12.0908021927
12.6457223892
8.3681268692
11.5528230667
11.4731111526
7.28056812286
6.77530765533
6.24801206589
20.3594894409
19.0796756744
21.7143039703
22.27227211
18.4861793518
18.1178379059
17.9096069336
21.020904541
18.3665733337
17.5847187042
21.8203277588
23.2757797241
21.0879058838
22.6121692657
20.7049293518
19.4922161102
14.9039821625
15.6769742966
12.5826425552
11.1003694534
8.60198116302
13.4420728683
12.4887113571
9.8940410614
13.6350345612
17.8619327545
14.9865875244
15.4662942886
18.4432868958
19.9581680298
18.5520954132
20.534368515
25.0214672089
22.6280498505
23.1373081207
26.1827297211
28.1536083221
28.2068576813
29.2802295685
26.0587902069
25.7473640442
27.273935318
31.3856754303
34.2183952332
32.6535263062
35.0680885315
33.0063247681
27.440032959
30.4646644592
32.5703315735
28.0913143158
26.2201385498
30.6099624634
30.2957515717
25.3749961853
25.8256130219
30.3728923798
28.6919136047
32.1129951477
28.9202632904
27.7617969513
26.1425495148
30.8837680817
28.5945072174
33.1185112
31.842376709
30.4009742737
31.4740009308
35.1357383728
33.1463279724
30.0494976044
29.3710842133
31.7117176056
27.045124054
24.7088546753
28.4666519165
27.6612300873
21.5959434509
22.9919471741
23.9268836975
22.3932952881
18.6954898834
21.3787899017
22.870262146
24.5467720032
23.7478370667
17.600440979
19.7430591583
22.6562232971
17.6939678192
17.0560569763
13.848772049
11.9902067184
14.2952890396
18.5948505402
16.459980011
16.6168498993
20.3099460602
21.7116069794
20.8359184265
21.5330066681
26.1156921387
25.9905014038
26.485660553
27.4058609009
30.9425601959
30.8837718964
32.8215522766
37.2730751038
27.5783996582
25.8917999268
22.1309185028
25.031211853
23.6239871979
27.4298305511
28.2423591614
27.4246025085
26.6673469543
22.5082130432
23.6359233856
21.4391307831
20.6173267365
19.4629764557
16.8884410858
13.6423063278
12.5321455002
10.8024759293
9.44078540802
9.69827651978
13.7220220566
13.3049268723
14.6808872223
12.019276619
16.4999599457
17.4052772522
18.8340778351
22.6042022705
22.322599411
24.6735191345
21.8410663605
19.3445835114
16.865530014
13.4123249054
15.1220521927
12.1357326508
17.4008331299
16.3850440979
20.3579597473
22.9339733124
26.0147895813
26.2061519623
24.664056778
23.7723884583
24.8093757629
20.482011795
19.9407348633
22.1960144043
20.3931655884
16.3969039917
17.9759082794
20.5136032104
16.3618412018
12.7764797211
16.6863765717
17.5450363159
14.7090330124
13.4545555115
19.7998027802
18.5030574799
14.8633432388
19.3788146973
15.6514892578
15.6226110458
12.5495452881
11.0659885406
9.58482265472
14.3783540726
15.7133455276
17.6946125031
18.0739383698
20.841802597
21.4124908447
23.7894878387
27.4252090454
25.1705913544
22.3450984955
19.9508647919
17.7112464905
14.2893304825
16.1722412109
13.0298109055
13.7264442444
14.4510269165
12.4210357666
16.0201091766
13.1717996597
10.8407011032
8.03558063507
9.30449581146
10.0139322281
12.5317182541
13.5241184235
13.7750720978
13.8302211761
15.3220090866
17.0195598602
19.2127971649
17.5755558014
21.4783725739
17.7157535553
22.9051589966
22.0895881653
22.6819419861
18.4701747894
17.3664035797
19.1778011322
17.4570941925
13.4937734604
14.4697971344
17.6460437775
14.1602687836
10.8538713455
14.0434827805
16.2600784302
12.7507886887
11.9091281891
17.1259860992
16.2544956207
13.2604007721
15.7859210968
19.4217605591
18.7797050476
18.8386707306
14.5820999146
13.913854599
7.92855978012
12.3557195663
6.62735366821
6.8826842308
5.40143013
6.44337511063
5.23989105225
5.64712619781
6.45758104324
11.4179821014
14.2946805954
17.458978653
16.3555164337
17.3321838379
14.2373447418
10.8381929398
10.0313148499
7.05961179733
4.66414785385
5.87995004654
8.88458919525
10.4088602066
10.7077484131
12.1272411346
15.5351696014
18.5098819733
12.8008356094
10.5036964417
14.3893966675
13.6538658142
10.1438465118
14.2183322906
16.5902233124
19.9011936188
20.0844554901
17.4302787781
19.1344566345
23.411901474
21.7441959381
25.303155899
25.7572212219
25.3494338989
21.424036026
19.6117229462
15.8584260941
17.5758113861
17.6437988281
18.892906189
14.9032440186
12.3179731369
15.1470088959
15.6631555557
11.198466301
12.598282814
14.2785005569
13.2847757339
10.9222822189
15.0778217316
17.1602630615
12.6175031662
14.614200592
18.6681995392
18.8221225739
17.2967243195
18.5039100647
14.9741153717
16.6131954193
19.2834835052
20.8812789917
24.5163440704
23.4637012482
24.7615566254
24.1812496185
18.8955402374
23.2021598816
25.6618366241
20.7411785126
20.5973548889
26.3048591614
25.1492500305
21.2006072998
23.4454727173
28.3158397675
26.1742076874
28.6072864532
23.441242218
22.8354721069
20.3985099792
23.9448242188
23.2317657471
26.3128566742
23.2810382843
23.3167533875
22.8771877289
27.9307498932
26.1077251434
24.2892913818
25.1601982117
28.7306346893
25.3335647583
21.3038806915
24.4653167725
26.6873664856
20.8221817017
19.4948539734
22.3260669708
23.3004570007
18.4423656464
18.9525775909
23.4381752014
24.0224380493
26.3686161041
22.6168460846
25.5688934326
26.1011619568
20.4532299042
20.9279880524
20.7629966736
16.1390857697
21.1153659821
23.4325485229
18.9399909973
19.535741806
23.469865799
23.1835021973
20.1552848816
22.9340877533
27.0382843018
24.3971977234
24.6408805847
27.7483158112
29.3847560883
27.1142902374
29.0803985596
34.0936965942
28.8938159943
28.9638805389
24.443857193
28.8520412445
25.3762512207
28.3787879944
30.3816661835
27.501947403
25.440870285
22.9852046967
21.9290676117
22.456161499
20.7317695618
19.3473052979
22.2354335785
17.3284130096
20.3105106354
21.8585700989
22.5140972137
24.0903549194
27.9350261688
24.9774608612
23.4986228943
19.0984477997
20.9059772491
15.0087013245
16.5457382202
17.7189617157
19.9784965515
19.2012729645
15.2686357498
12.5906076431
14.8465747833
15.2891559601
19.1243038177
21.483423233
24.9748897552
27.2308101654
29.9841537476
32.1181907654
35.5754737854
36.5895996094
35.5336418152
36.6019630432
38.0478553772
34.8967094421
32.7088813782
33.8766937256
33.5211906433
29.7036514282
28.2078456879
30.8674716949
29.005235672
24.4236373901
25.5035896301
27.0792446136
24.9749565125
21.4982376099
25.9778347015
25.9445972443
20.4249019623
20.3345603943
16.7350502014
13.1876440048
13.641330719
15.6694355011
13.7432985306
14.5716533661
19.7775726318
17.329460144
21.3458404541
26.3039913177
26.665977478
30.5028209686
32.1958694458
30.3644771576
29.129114151
28.8407154083
24.4772052765
21.5592842102
18.9453907013
15.4253730774
11.3366537094
10.4556503296
7.66673994064
6.7565331459
7.44618797302
10.523144722
12.9182453156
14.221362114
18.7925491333
15.2088022232
12.5244150162
17.515001297
20.3940258026
19.1291885376
16.2121963501
19.9942321777
15.0279598236
18.6205844879
14.2913980484
17.0718307495
20.2534942627
17.8459091187
12.8748445511
16.9551563263
18.7504501343
14.2910375595
13.6792030334
17.4779758453
17.0382537842
13.4490699768
16.7327957153
19.5675029755
18.8100471497
18.6442604065
21.3152828217
23.4903278351
21.5642623901
22.6343154907
26.2811965942
27.1479091644
26.3112487793
29.57396698
25.708990097
27.8137073517
22.7528476715
28.4783287048
23.5696735382
21.3802185059
20.7548217773
17.5606174469
18.1648139954
17.4589767456
14.3652448654
11.8074817657
7.98094701767
4.79343128204
5.81623792648
6.53358125687
7.26555490494
10.766664505
10.5089645386
15.67445755
16.5858764648
19.8638515472
21.108745575
25.1498947144
26.8485927582
26.599155426
29.6461677551
30.8165092468
29.4168968201
26.9403457642
30.2415466309
27.827747345
24.4777851105
30.4180164337
32.0774879456
35.295211792
35.6866912842
34.0172157288
35.5716285706
39.6769256592
38.8699417114
41.8832626343
42.210269928
41.8045730591
37.3696327209
35.8931121826
32.1276550293
32.0107688904
29.929567337
31.9416046143
29.7439651489
26.1587524414
27.1223335266
29.3025074005
24.8524856567
22.3274326324
24.9937438965
25.0540828705
20.6245765686
22.4040870667
25.9083328247
21.0653476715
18.9555015564
22.6381111145
24.4147014618
22.0978927612
25.5237293243
25.1365146637
27.93800354
31.6758918762
30.7517490387
34.8240814209
35.5527114868
36.6348304749
37.8991470337
33.9097671509
38.4502487183
40.2058181763
35.0786323547
36.4001083374
41.866733551
39.5860328674
36.0897941589
39.0539627075
43.8639564514
40.4663963318
42.8333511353
36.6885414124
35.0198364258
31.7060146332
33.0547676086
31.577501297
33.0851097107
29.8830661774
28.2632217407
24.3588199615
28.9802398682
25.5526275635
26.2233505249
26.6610279083
32.0640640259
28.9595050812
25.3977470398
30.2592868805
32.3222541809
27.7022323608
27.5442028046
31.6537685394
32.6097106934
29.1120967865
30.5437107086
35.0673484802
37.3977203369
39.7161407471
36.7303543091
38.3565292358
37.8190994263
32.8155174255
30.6236400604
30.3614902496
24.9019889832
27.5825843811
30.0921039581
25.8027629852
23.1289367676
26.3396530151
26.7427902222
22.5232315063
22.9265785217
27.3250160217
24.8456039429
22.3637542725
25.0586166382
27.0178432465
23.8586654663
23.4011306763
28.9504451752
32.7978019714
32.6785354614
28.0807189941
32.4522972107
29.2307395935
32.4626274109
34.0853652954
31.4044494629
29.7030677795
26.6524162292
25.5498085022
25.2732524872
23.1130046844
20.8181705475
22.7916507721
17.8714370728
20.3916110992
21.6455383301
22.5398349762
24.2581310272
28.3386116028
25.5600681305
24.4239673615
20.0863399506
22.5971775055
17.591053009
19.9178676605
21.8015975952
24.3119411469
24.0687160492
19.9148159027
16.7637252808
18.4513244629
17.9152393341
21.5503425598
22.9246921539
26.8253822327
28.623003006
31.5661449432
33.5191917419
37.1244621277
38.2245483398
37.2241325378
37.711391449
39.2089805603
35.5047874451
33.7618675232
35.5416183472
34.7388305664
30.7500648499
30.1428508759
32.8946685791
30.1805038452
25.7483215332
27.687746048
28.9780845642
26.4000988007
23.4328479767
28.6220703125
27.8246974945
22.361661911
23.2028636932
18.1848564148
14.9779005051
14.0853681564
16.8478393555
15.4780550003
17.6993484497
22.7027606964
21.1559696198
24.6926059723
29.4186954498
29.7196121216
33.3595199585
35.4852561951
33.2644424438
31.469078064
30.9660110474
26.9767723083
23.8392276764
22.1299266815
18.2892246246
14.6857280731
13.2760133743
9.85674476624
8.67394161224
6.94680166245
8.71507167816
10.5780391693
10.6801576614
15.4929189682
12.1106891632
8.29879570007
12.9562444687
16.2287940979
15.4918785095
12.1918363571
15.2757987976
10.0417356491
13.4159564972
9.17545604706
12.43055439
15.6339979172
13.8984413147
8.67677116394
12.4224309921
15.0114030838
11.4773902893
10.2463541031
14.4796676636
15.2060060501
12.0802230835
14.8850431442
17.9705429077
18.2819633484
18.3551712036
20.4225673676
23.0314445496
22.4245147705
22.8461647034
25.7513942719
27.4783878326
27.3699893951
29.9372787476
26.0902805328
27.3822250366
22.1523532867
27.703546524
22.2843227386
19.5459499359
18.6727962494
14.6957769394
16.0860347748
16.3555145264
12.401506424
11.2850351334
5.74940824509
7.22539806366
5.81623649597
5.75150156021
7.55081129074
9.81657409668
11.4678535461
15.484588623
16.6431999207
20.0159358978
21.7079181671
25.5010490417
26.5494499207
26.7880401611
29.8153686523
31.4050140381
27.5655708313
24.778459549
27.4883022308
24.5310649872
21.536687851
27.9384117126
29.4824523926
32.4720344543
33.3798675537
31.927904129
32.9894218445
37.1571807861
37.0645256042
39.8647003174
40.7384605408
40.8877906799
36.3603477478
34.3621635437
30.8745498657
30.63347435
28.955286026
30.0894470215
27.8582019806
24.5499649048
24.8179626465
26.3520870209
22.213968277
19.571264267
21.6292915344
21.4905128479
17.1628818512
18.6220169067
21.5433750153
16.9453792572
14.5715637207
17.974571228
19.5404949188
17.2008838654
20.7806034088
21.0300807953
23.8395957947
27.681388855
26.3351516724
30.3440551758
31.4576587677
32.7482147217
34.3607521057
30.9973335266
35.4092712402
36.6631507874
31.543970108
33.4047546387
38.5962371826
35.9305267334
32.7309341431
35.9652862549
40.6361122131
36.9023361206
39.0970497131
32.7680587769
30.9732074738
27.5868492126
28.4108161926
27.0940952301
28.1916217804
24.9424095154
23.386472702
19.2347736359
23.9444675446
20.6692466736
21.5771770477
22.383518219
27.7974319458
25.1896324158
21.4631671906
25.8988399506
28.5349903107
24.3435192108
23.6493473053
27.9283695221
29.3601474762
26.0328979492
27.0358333588
31.7934608459
34.0511016846
36.8140487671
34.637046814
36.1341781616
34.9798049927
30.252954483
28.2360496521
28.7473335266
23.3073062897
26.3649330139
28.0300197601
23.5481853485
21.532743454
24.3984107971
24.1284255981
19.7818660736
21.1031284332
24.7549610138
21.5787906647
19.5006771088
22.9229106903
23.8944835663
20.2311725616
20.2091121674
25.6267166138
23.87150383
23.3128986359
19.1347827911
23.8445014954
22.713766098
26.680524826
28.7063217163
27.8442344666
26.1230697632
22.9173431396
24.6265544891
23.5366458893
23.2226161957
22.7692584991
21.5343475342
17.6492881775
17.5393428802
16.3123054504
14.4748868942
13.8763008118
17.4154720306
17.7693367004
18.9478321075
15.7994203568
19.7577934265
19.1237716675
19.7221508026
22.7375259399
21.0707874298
22.8052940369
20.8002262115
18.9119167328
16.7024879456
14.1295261383
16.7926521301
14.7149553299
20.3172626495
19.2988929749
23.6488628387
26.8540058136
29.6815013885
29.4028835297
27.3338603973
26.8692436218
27.263507843
23.5889644623
23.0216331482
23.7889175415
21.5013828278
18.1138534546
18.8318405151
20.420759201
16.2922992706
13.0715694427
15.4846954346
15.4760370255
12.2825670242
10.8845214844
16.5650310516
14.405216217
9.98778629303
13.9201574326
9.33087730408
9.6800994873
6.59391784668
5.38833236694
6.62565469742
10.6167173386
13.0254392624
15.2479486465
16.6152534485
19.9538249969
21.8419513702
24.5460357666
28.0821552277
26.8102684021
24.7272262573
21.8175849915
18.8772010803
14.8154830933
15.6011562347
11.9968233109
11.3898324966
14.7969970703
12.0087966919
16.3522205353
14.2017822266
13.2465028763
11.380522728
11.3318929672
14.9720649719
16.5606746674
15.7256336212
16.6329669952
18.1088943481
19.986076355
20.3868484497
22.6195297241
19.5025997162
23.0491733551
18.0183029175
22.0316753387
21.0208091736
20.4910202026
16.7542800903
16.5501976013
16.7967815399
14.1084899902
11.4866933823
11.6619853973
13.077630043
9.5715007782
7.07417058945
9.41561698914
10.3600416183
6.79116773605
7.53945398331
11.6601343155
10.2902173996
8.49245262146
11.9341974258
14.2768144608
13.8043308258
15.2034578323
11.1590557098
12.4609622955
7.87335586548
13.6716461182
10.4247455597
8.13892173767
10.2046136856
10.3116130829
10.9616069794
7.0596113205
6.57499933243
7.56325531006
10.8464202881
12.1094961166
15.6744556427
15.484588623
14.3588762283
10.6529130936
7.10123682022
6.20337057114
4.68559360504
8.45946121216
7.67291879654
12.4410495758
13.2472820282
12.0877370834
14.7426958084
16.2620830536
18.4558353424
16.0672988892
19.3727779388
18.2620563507
14.0778264999
17.6975784302
18.7768306732
22.256778717
21.5705738068
20.0350933075
22.7482204437
26.0693225861
24.7943153381
27.3908824921
27.1482849121
26.6884536743
22.0744132996
20.9437446594
17.2284698486
16.8823413849
15.1456594467
17.6374664307
15.2212629318
11.5558815002
13.9552183151
16.9726657867
12.4124364853
11.4148931503
14.7087755203
15.4246397018
12.0444803238
14.8511476517
19.2545757294
15.2427177429
15.0957651138
19.0655860901
20.8991737366
19.9800720215
21.9395484924
19.4057502747
20.4979610443
23.3134231567
25.4578304291
29.055557251
28.4018421173
30.4025726318
29.7728633881
24.6506290436
28.6933307648
30.6633739471
25.5201282501
25.3000183105
30.5645122528
29.1439113617
24.6844825745
26.6899280548
31.6371021271
28.920747757
31.8924331665
26.885137558
25.4530582428
22.8063659668
26.3844280243
24.4908866882
28.0012588501
25.667093277
24.2973232269
23.6868209839
28.175069809
25.7145938873
23.6934566498
23.6974964142
27.4957962036
23.3011817932
19.7892589569
24.1947498322
25.1323318481
19.0000362396
19.2866439819
22.0800228119
22.0835399628
17.7521858215
19.7320709229
23.4275360107
25.3511753082
26.6243858337
22.3766536713
24.5043087006
25.2674160004
19.7659988403
18.5522670746
17.4395542145
12.4124002457
16.4184417725
19.6677322388
15.4679908752
14.6711111069
18.8982181549
19.4821834564
16.5329399109
18.111869812
22.9747600555
21.2428035736
20.9193820953
23.2515125275
25.942609787
24.3707103729
25.959651947
31.0926647186
23.7523288727
21.5178661346
18.2428379059
20.3878822327
19.5079555511
23.2882022858
24.0419368744
23.7902946472
23.186006546
19.1322231293
21.1253757477
18.8914775848
18.9598674774
18.9231052399
15.9713687897
13.6088933945
11.8938293457
9.69829082489
6.85932016373
5.83525848389
9.56036949158
9.93387508392
11.950838089
10.1819486618
14.3651895523
16.6735858917
17.1562576294
20.8879013062
19.4364433289
22.3802757263
20.3668270111
18.5866661072
15.0585803986
11.3882961273
12.1560239792
8.06079387665
13.5516395569
11.7642307281
16.0908184052
19.1711845398
21.9125652313
21.6811790466
19.8429088593
19.1612434387
20.0214595795
16.1150436401
15.3093175888
17.0514278412
15.4519462585
11.4074907303
12.7806940079
15.3188562393
11.6045055389
7.73628902435
11.809967041
13.0337276459
10.7615528107
9.51707649231
15.7209348679
15.2658843994
12.4882297516
17.4417667389
15.7542514801
16.4092540741
14.1157245636
10.7887325287
8.66990756989
12.6619405746
12.1477146149
14.9099788666
14.0813407898
16.11444664
16.7953586578
18.8547973633
22.7260875702
20.7944469452
18.0909156799
15.0867404938
13.1724901199
9.827085495
12.6842489243
10.505648613
12.9177722931
14.5509319305
13.6834897995
17.8964920044
15.9958591461
14.2691240311
12.2306451797
14.3761072159
14.4805898666
16.5480861664
18.1161575317
18.9085865021
18.6268577576
19.4346752167
21.335899353
23.9982147217
22.4293479919
26.5494365692
22.6869354248
27.7902202606
27.0763893127
27.3084411621
23.011182785
22.3453464508
23.713388443
21.5051460266
17.9953422546
18.6506023407
21.0000305176
17.3583049774
14.2700166702
16.7829208374
18.1682796478
13.9891662598
13.2549352646
18.0484313965
15.7287750244
12.5249986649
15.7628278732
18.6974449158
16.9964008331
16.9787788391
12.6457214355
12.5009412766
7.25647497177
10.8829936981
7.2113404274
9.66384220123
8.95731735229
11.5257291794
9.36314964294
5.87994861603
10.2826385498
9.1903924942
15.2528343201
16.3657970428
19.8638496399
20.0159301758
20.5812664032
16.9966278076
14.0395078659
11.794090271
8.45946216583
4.43407821655
5.5344376564
5.9139084816
7.70823383331
8.79055213928
12.5478925705
15.511507988
13.1458711624
12.0646600723
16.4477863312
16.990940094
13.7577409744
15.8606548309
18.3430500031
21.648733139
21.013999939
17.9274196625
20.2725639343
24.1948165894
21.2078781128
25.1454105377
24.7634525299
23.4184112549
19.9704170227
19.0729122162
15.0590639114
17.5589885712
17.6340274811
19.9559822083
15.9100198746
13.4724435806
17.489938736
18.4788608551
14.3194580078
16.2569541931
18.2490100861
17.4773178101
15.6380462646
19.6601428986
21.922700882
17.6859207153
19.7499046326
23.7587604523
23.9697742462
22.5035095215
23.4710483551
19.5006313324
20.8898353577
23.0173892975
25.1137542725
28.5295753479
26.9063167572
27.8210277557
26.6057949066
20.6632575989
24.7652816772
27.9209480286
23.4349193573
22.2857780457
28.0415534973
27.6866950989
23.6303215027
25.1888465881
29.947259903
28.6392745972
31.1219177246
26.6599025726
26.442155838
24.3999500275
28.4236412048
27.7137393951
31.1048183441
28.2084197998
28.3351631165
28.1211433411
33.1133460999
31.24659729
29.2595901489
29.885717392
33.2731132507
29.5567054749
25.7676963806
29.0177879333
30.7036075592
24.5965442657
23.7280044556
26.0731754303
26.5117664337
21.6246318817
22.427728653
26.2936592102
26.5788402557
28.2736911774
23.4499835968
26.7629966736
28.2756175995
22.5255050659
23.261510849
22.1631450653
18.1001224518
22.6708431244
25.7788944244
21.7381763458
22.1000804901
26.2632408142
26.509721756
23.8483505249
25.9912910461
30.5554924011
28.4878139496
28.6129112244
31.2002372742
33.4978675842
31.5997695923
33.4158630371
38.5139045715
20.8044719696
19.1884040833
15.9521150589
19.241268158
19.2000141144
23.0907745361
24.7129993439
24.8402385712
23.628534317
20.3842792511
23.1600627899
21.6174278259
22.2544784546
22.8003787994
20.3877239227
17.8983192444
16.5739593506
14.5064153671
11.3578958511
9.21079921722
11.6174707413
13.6615285873
15.8949308395
14.2739496231
17.9528102875
19.6973934174
19.4669971466
22.6518306732
19.6919441223
22.4629173279
21.4248313904
20.2702274323
16.6510848999
13.5770139694
14.6416931152
10.8406820297
16.2547016144
13.7479133606
18.3989334106
22.0082206726
24.2515411377
23.3504600525
20.9114875793
20.2080669403
20.2188491821
16.8705615997
16.5462379456
16.8098773956
14.2737855911
11.0455799103
12.3678808212
13.612402916
9.23504066467
6.59161329269
9.587474823
9.56155204773
6.77508544922
6.59262895584
12.237203598
10.85942173
8.5608215332
13.9934749603
12.7804431915
14.4047689438
12.4134407043
8.33340358734
8.45142459869
11.4094018936
10.3496961594
14.1811008453
13.3586120605
15.088924408
17.1450691223
19.0154132843
23.0717277527
22.1302394867
19.9876480103
16.1206474304
14.2537441254
10.5316324234
13.20225811
11.2083911896
13.3050422668
16.8785114288
15.6725816727
20.3606777191
18.7574901581
17.5522174835
15.6036891937
16.8162269592
18.2282276154
20.4241638184
21.0861434937
21.7869319916
22.0875091553
23.5304374695
24.987159729
27.4563999176
25.2619781494
29.1220817566
24.5965690613
29.0524559021
27.8849258423
27.6844177246
23.8678283691
23.3474006653
23.7036457062
21.2853088379
18.5133647919
18.3285560608
19.7579860687
16.4910030365
13.4775075912
14.9855232239
15.6502170563
11.23021698
10.7531547546
14.6507015228
11.7398405075
8.53939628601
12.2403650284
14.3559684753
12.3905324936
12.6012516022
8.36812782288
9.46415233612
6.11436271667
9.86400127411
8.94924068451
10.2409696579
11.7495470047
14.2715072632
13.1796722412
8.88458633423
11.987830162
11.6840705872
16.9812908173
17.3456726074
21.1087436676
21.7079162598
21.031332016
17.1145744324
14.0342540741
11.7779169083
7.67291688919
5.92568206787
5.53443861008
5.99461936951
7.87141227722
6.21058225632
9.40195178986
11.462015152
16.1916561127
15.0878143311
18.9477405548
19.5316200256
15.8694858551
17.0669136047
18.6185798645
21.9917869568
20.5109767914
18.1230354309
21.3680343628
24.4311218262
21.4664173126
24.6816062927
23.5844860077
22.0241260529
18.1795730591
18.033121109
14.0886611938
15.4169836044
14.5713157654
17.937702179
14.8226928711
12.0031309128
16.2419643402
18.6581916809
14.6785640717
15.9004812241
18.5806808472
18.7694282532
16.8063640594
20.1489124298
23.5660896301
19.8445491791
21.1140213013
24.9415912628
25.9941253662
25.054895401
26.2107372284
22.5432910919
23.3366241455
25.328207016
28.2076015472
31.48138237
29.8821392059
31.3608379364
29.8032722473
23.8656826019
27.6150341034
30.4744262695
25.9265117645
24.420167923
29.7758102417
29.4745540619
24.989074707
26.1304321289
30.893863678
29.46443367
32.3508987427
28.2998771667
27.68983078
25.7214603424
30.0702133179
28.676525116
32.5447463989
30.2080516815
29.6214466095
29.7359523773
34.3111915588
32.245426178
29.8798179626
29.9610481262
33.1448402405
28.9370937347
25.6065177917
29.3103218079
30.0388965607
23.7799854279
23.8620891571
25.8222408295
25.4992580414
20.9311294556
22.568605423
25.6549282074
26.5400276184
27.3013763428
21.8140850067
24.777589798
26.8487110138
21.2310161591
21.3355751038
19.3871994019
15.7371282578
19.5870170593
23.3440036774
19.8355903625
19.7961902618
23.9991149902
24.8064441681
22.6151943207
24.0547943115
28.9112682343
27.5923137665
27.6621627808
29.5981788635
32.5633544922
31.3209762573
33.0722923279
38.080619812
23.1764087677
20.4348335266
18.1549091339
19.2905387878
19.6921463013
23.2667350769
23.8002948761
24.5276050568
24.2321434021
20.5013465881
23.3707103729
20.969493866
21.8125953674
22.4768714905
18.7184619904
17.6031742096
15.1004562378
12.3170137405
8.57508468628
5.38902330399
6.45957326889
10.0943984985
13.358382225
13.3257007599
16.8243103027
20.6086673737
20.466835022
24.0138874054
21.40417099
24.8386535645
23.7524585724
22.5924797058
18.4555606842
14.9086055756
14.5121059418
9.25661373138
13.8455314636
10.0453481674
14.6082897186
18.0354652405
19.9645328522
18.8764514923
16.510389328
15.0788297653
15.2186794281
11.371008873
11.5571126938
12.7521133423
10.2438077927
6.55511474609
9.71786403656
11.4493055344
6.9761838913
5.38081789017
9.74980163574
10.3688297272
8.8155412674
9.56155204773
14.4688272476
14.0527992249
13.4228134155
18.8179645538
18.4688034058
20.0297641754
17.943529129
13.9166584015
12.7438526154
15.7227258682
13.1726140976
17.0449829102
14.7757387161
15.0449495316
16.0957622528
17.0355587006
21.4122543335
20.0177345276
17.3407917023
13.1726074219
12.8774671555
10.2558526993
14.4761648178
13.6541881561
16.976890564
19.2001056671
18.8409252167
23.1701126099
21.4882793427
19.7132320404
17.5407314301
19.3615646362
18.8043994904
21.5910739899
23.4249515533
23.6392230988
22.9073886871
24.0563468933
26.452419281
28.810251236
27.6626529694
31.6288585663
27.8502979279
32.845741272
31.5877017975
32.0072937012
28.0350017548
26.9651355743
27.9072437286
26.0142326355
22.6587314606
22.5640201569
24.8009757996
21.5578804016
17.9515342712
19.6772823334
21.013092041
16.5388336182
15.1017217636
19.4452800751
16.9822826385
13.2047576904
15.7134809494
18.5010929108
16.4127063751
15.15122509
11.5528230667
10.6710004807
7.92836523056
8.34396266937
8.19388198853
12.0570907593
12.1167860031
15.8916158676
13.7330121994
10.4088582993
15.1280231476
14.5963106155
20.6659107208
21.5244522095
25.1498947144
25.5010490417
25.7243995667
21.9602642059
18.8030719757
16.5254650116
12.4410486221
9.15826320648
5.91390800476
5.99461984634
4.18674945831
5.39309120178
8.80815410614
12.2236356735
12.7523899078
12.8669862747
16.8979911804
18.6920757294
15.9423599243
15.6045656204
17.917093277
20.9423217773
19.5353374481
16.1851921082
19.0763130188
22.3202991486
18.1862602234
22.2565078735
21.128288269
19.0117530823
16.2553291321
16.2202644348
12.4048194885
15.8787527084
16.6570987701
19.3162746429
15.2466459274
13.7153587341
18.4458560944
19.3261127472
15.9872646332
18.8642101288
20.5987758636
19.942029953
19.1015319824
22.9386768341
24.9869441986
21.4976577759
23.9787921906
27.6623973846
27.7588615417
26.6918754578
27.1227836609
22.7102336884
23.4037437439
24.7563095093
27.7775802612
30.7343387604
28.4789237976
29.3573608398
27.2616786957
20.9765663147
24.4540100098
27.9815731049
24.0666904449
21.8243904114
27.2409896851
27.7375583649
23.6247367859
24.3144111633
28.7895679474
28.3988838196
30.9133701324
27.4646244049
27.6656494141
26.2169704437
30.8166103363
30.1667938232
33.9633331299
31.4369277954
31.7665596008
32.3371315002
37.0837287903
35.4884300232
33.035785675
33.4977989197
36.2872085571
32.4562416077
28.9941673279
31.8389148712
33.0361557007
26.9138774872
26.2357730865
27.798664093
27.7977657318
23.0082607269
23.803440094
26.8632793427
26.5831279755
27.6112422943
21.9987773895
25.7072963715
28.1541175842
22.5990333557
24.080947876
22.4451541901
19.5364093781
23.7934074402
27.0804042816
23.6708869934
24.5579967499
28.605047226
29.0207138062
27.0338935852
29.063741684
33.5368385315
31.9176483154
32.4215393066
34.634311676
37.1695823669
35.7450637817
37.7791748047
42.6837272644
26.1208152771
23.6056537628
21.3340454102
22.7066478729
23.2583885193
26.8258571625
27.2642650604
28.0259990692
27.7845630646
23.9828052521
26.6567134857
24.0496501923
24.5984897614
24.801612854
20.566614151
19.5331001282
16.735584259
13.6050081253
10.0863084793
7.10993146896
7.91454648972
12.1047010422
15.6231145859
15.6866931915
19.4565639496
23.290309906
23.5322036743
27.2064380646
24.8582611084
28.2040195465
26.9207267761
25.5050735474
21.5763454437
17.9244823456
17.683599472
12.3537492752
16.8038387299
12.8552312851
17.15102005
20.2335548401
22.0820903778
20.9741230011
18.6997470856
16.5123653412
16.4525775909
12.0941953659
13.3509836197
14.980550766
11.7772302628
8.78998279572
12.8460931778
14.1097068787
8.81459331512
8.60429763794
12.8764390945
12.7072286606
10.6920862198
12.3149614334
17.0762119293
15.6784257889
15.3532819748
20.9816856384
19.7544975281
21.5186042786
18.9396018982
15.4067659378
15.0084171295
18.4227733612
16.3223896027
20.2902355194
18.2813129425
18.492401123
19.6023197174
20.3171100616
24.7367477417
23.2477283478
20.3777332306
16.2687587738
16.3526878357
13.8044195175
17.9371910095
16.7751350403
19.642829895
21.6819210052
20.9169158936
25.0969276428
22.9557991028
20.7652263641
18.1163482666
19.2506942749
18.2913703918
21.944606781
23.7221050262
23.0867099762
22.0943641663
23.9309310913
26.6585979462
28.4209365845
27.6730670929
31.3116931915
27.7712287903
32.6864738464
30.8828449249
31.7474040985
28.1489028931
26.4294967651
27.2939414978
26.0468845367
22.5572414398
21.9822826385
24.702747345
21.8826370239
17.65899086
19.1474952698
21.1010761261
16.7127189636
14.4995384216
19.0415630341
17.6514434814
13.3187904358
14.7130069733
18.2899341583
16.9164867401
14.6671495438
11.473107338
9.11302852631
7.1046257019
5.80016851425
6.5016412735
10.6890439987
11.0490970612
15.2959032059
13.5366792679
10.7077465057
15.2876291275
15.8541469574
21.5655078888
23.2749500275
26.8485832214
26.549446106
26.8029747009
23.1773929596
19.5656547546
18.0025730133
13.2472810745
10.5345344543
7.70823192596
7.87141227722
4.18674945831
5.01899051666
7.84952163696
11.9243469238
10.4450883865
10.6248254776
14.1604576111
16.2873859406
13.8582220078
12.4869022369
14.7054185867
17.6003284454
16.2066268921
12.770611763
15.7149791718
18.8581390381
14.868727684
18.8887195587
18.0410499573
16.3563747406
13.4511966705
12.9974727631
9.28484249115
13.2308044434
14.8225955963
16.7759017944
12.4246520996
11.590057373
16.2631835938
16.5797367096
13.7703704834
17.3329906464
18.5577831268
17.819196701
17.7158470154
21.4232521057
23.0445480347
20.1575164795
23.0055236816
26.3316192627
26.2270469666
25.5091609955
25.5506763458
21.020570755
21.2030544281
22.1782474518
25.7244186401
28.4084873199
25.9803009033
27.133184433
24.7241725922
18.5173187256
21.7228813171
25.0490875244
21.2201595306
18.7456073761
23.9765491486
24.5602054596
20.4051322937
20.9102725983
25.3582382202
25.0561656952
27.595949173
24.4360256195
24.7517566681
23.5698280334
28.3703479767
27.8146438599
31.7383804321
29.4622840881
29.9605560303
31.1175060272
35.6382141113
34.3627700806
31.6280269623
32.1365890503
34.4838485718
30.8282718658
27.4932022095
29.8310585022
31.0217208862
25.0698795319
24.1832351685
25.358455658
25.4028167725
20.6508541107
21.1712932587
24.0185203552
23.4029159546
24.4545688629
19.0068588257
22.878578186
25.3170986176
19.8924980164
21.9680290222
20.6634693146
18.2437171936
22.7155780792
25.5110282898
22.2478981018
23.8512649536
27.6553077698
27.7764434814
26.1210441589
28.5695667267
32.599319458
30.9183521271
31.8686161041
34.1693763733
36.3697547913
35.076335907
37.4172744751
42.0636291504
30.3588294983
29.594701767
26.3824882507
30.3963718414
30.6965789795
34.6229171753
36.1879005432
36.3132629395
35.0876083374
31.7032737732
33.9881401062
32.0513458252
31.9221897125
31.2322559357
28.0382194519
25.4009208679
23.6888103485
21.0927200317
18.5246181488
16.6421451569
18.7664489746
21.841468811
24.5956306458
22.985906601
27.3494777679
28.8065414429
29.6051635742
33.0077285767
30.7714290619
33.1269378662
31.5637664795
29.7265853882
26.9007892609
23.686504364
25.159992218
20.9397087097
26.3941516876
23.3421974182
27.8674411774
30.9676246643
33.1598548889
32.1909255981
29.8022670746
27.6309013367
27.1540546417
22.9369659424
24.4771614075
25.4658889771
21.4139328003
19.1889858246
22.5084991455
22.9413433075
16.9261169434
16.7292175293
20.0343647003
18.3446044922
14.9674854279
16.8403549194
21.4709968567
17.4317474365
16.2318077087
21.2687149048
16.8082733154
18.9216308594
15.4329833984
14.3674058914
17.0351200104
20.7504081726
21.070268631
24.827747345
24.717124939
26.2654190063
28.5016727448
29.96043396
34.2485809326
33.1226463318
30.5005569458
26.5120658875
25.3982944489
21.7629375458
24.4455280304
21.732465744
22.2956790924
25.2797813416
22.7648715973
26.7222709656
23.8071079254
21.6312561035
18.4488182068
16.6131420135
18.1713924408
22.570728302
22.2027435303
20.0675144196
20.3508071899
24.357049942
26.1557979584
26.4959030151
25.0080471039
27.37383461
23.3421020508
26.8136119843
23.4444351196
24.6098327637
22.6627349854
19.8870487213
19.2753925323
19.4395179749
16.786031723
14.2293758392
17.1482257843
16.1362571716
11.1188344955
10.9389839172
14.1519355774
11.0737724304
7.4128818512
11.3996744156
13.7833776474
9.67344284058
7.54986476898
12.9139003754
14.4870910645
11.9194173813
9.89403915405
6.82889795303
7.09487009048
8.19840621948
8.8461561203
6.69877910614
11.0225105286
13.4055891037
14.8489789963
12.3179712296
13.0703372955
16.7646923065
19.7747001648
22.8725223541
26.1587486267
24.5499668121
23.5331306458
20.4906711578
16.1375694275
17.0316677094
11.5558805466
12.6839132309
13.4724445343
12.0031337738
13.7153606415
11.590057373
10.6308908463
11.0393381119
13.1843881607
15.3638248444
13.1847190857
14.2251310349
14.0260295868
10.6752004623
10.1856431961
9.14925003052
12.3943567276
10.8815832138
10.7016630173
14.212802887
16.0748062134
16.0231304169
17.1335468292
17.2283535004
18.0519428253
12.9866914749
11.0703668594
8.70363712311
6.56939172745
6.99842405319
7.17890167236
4.56898403168
5.30760335922
8.27284145355
6.06554937363
8.19958496094
9.58076763153
11.0795297623
11.2076206207
12.9546194077
16.306432724
15.2244310379
16.5796661377
18.7958660126
20.1084785461
20.8506069183
21.2038822174
18.1722984314
16.9344902039
18.1348304749
22.8053817749
25.257692337
23.8839988708
26.967502594
25.0352973938
20.4003124237
23.0928668976
24.2033939362
19.5168266296
18.3610343933
22.3820934296
21.3117141724
16.3539352417
17.3771495819
22.1190280914
19.5590019226
23.0227279663
19.4438896179
18.0621204376
16.5111198425
21.4087181091
19.3388767242
23.9661483765
22.9938468933
21.9787273407
24.1748962402
27.5499095917
26.3746147156
22.8303909302
22.6806526184
24.30219841
20.3503475189
17.7497558594
20.1710357666
20.238111496
14.3471565247
14.4813127518
15.1032810211
14.4485254288
10.0174360275
11.9198417664
14.1007642746
15.4503326416
15.8576421738
11.4094686508
13.8742351532
15.2624320984
9.79398536682
10.7825527191
10.323179245
8.20021247864
12.9657592773
14.6428108215
11.5497674942
14.4485473633
17.4973182678
17.2127304077
16.4713077545
19.4003696442
22.4418430328
21.1234703064
22.8633403778
24.9240055084
26.7411708832
26.2736320496
29.0821723938
33.0237350464
40.2289848328
40.617980957
36.6445808411
42.0128631592
41.4551124573
45.4444656372
47.4644508362
46.6916122437
44.9512672424
41.70885849
42.9873428345
41.5059928894
40.4466171265
38.645160675
36.6636962891
33.0043106079
32.4293670654
30.7340698242
29.4128112793
28.7119445801
31.6927165985
33.3136329651
35.1528091431
32.4331130981
36.8262901306
36.0436286926
37.6711044312
40.6766777039
39.6994514465
40.9369544983
38.6101989746
36.1986541748
34.9847297668
32.4436950684
35.044506073
32.1552314758
37.7526016235
35.8553962708
40.2360343933
43.0042953491
45.7447929382
45.3381919861
43.2303276062
41.2896766663
41.1569213867
36.708114624
37.8984260559
39.2454681396
35.4397315979
32.9069671631
35.5868301392
36.3424987793
30.6068496704
29.4769115448
32.4374847412
30.8691520691
27.292142868
28.0640773773
32.6748313904
28.1772708893
25.6331653595
28.7742233276
21.7460746765
22.6115760803
19.1718425751
21.7362346649
25.0806674957
28.5714950562
31.2264232635
33.6854667664
35.2682380676
38.0597343445
40.2885932922
42.4879951477
46.4080886841
45.0284004211
42.4336471558
39.1584854126
37.1126899719
33.1331176758
34.4652175903
30.7793693542
29.2064247131
31.5309810638
27.8832912445
30.3366909027
27.0155944824
25.2249298096
22.5016403198
18.1140861511
21.6877498627
25.2792873383
22.6049442291
19.1742115021
21.0760154724
26.217508316
26.4544830322
24.8711795807
22.8951148987
22.8128604889
19.4333267212
19.9081192017
14.591791153
16.6166820526
17.9309806824
14.0056247711
11.4390306473
14.9403181076
14.4730911255
10.4554948807
13.2835607529
15.7042169571
13.021194458
11.3518419266
15.0696783066
16.1180038452
14.4669189453
15.0916137695
20.5151519775
19.1611824036
16.5434532166
20.0317440033
23.5152111053
22.5795440674
21.5959453583
20.1324329376
19.5851860046
21.982831955
20.3959999084
15.6707401276
18.9299373627
17.7474861145
21.4550018311
20.822177887
17.7413749695
22.6231403351
21.4267673492
25.8417301178
27.7022304535
24.3435173035
22.7064361572
21.7865867615
18.3639240265
22.0245838165
19.0000324249
22.0449180603
24.5965423584
23.7799873352
26.9138774872
25.0698852539
24.4046192169
24.7953586578
25.8588008881
25.457698822
22.3283615112
21.4976634979
18.6006546021
16.4752178192
18.6456394196
16.3618278503
17.7812404633
18.4055118561
20.5811805725
21.9207286835
22.8930778503
26.3600883484
25.6248073578
27.2175636292
29.7958889008
24.8220729828
22.1625843048
21.3655414581
17.5015048981
16.5013446808
13.8241043091
15.2762041092
14.3471565247
9.80811214447
12.0867910385
12.3480968475
8.84325122833
8.41013717651
11.8474349976
11.6113586426
7.8412976265
12.3288230896
14.36759758
12.4439888
11.2066860199
14.6796941757
17.2966060638
18.3577594757
18.832857132
16.9298629761
18.6476974487
22.0231380463
23.9057159424
24.7166404724
29.1020622253
28.7877025604
26.7923202515
28.9802417755
27.7070236206
23.0259895325
24.391576767
26.6749515533
23.4081001282
19.6753349304
21.8317184448
25.5904655457
20.3726062775
23.612953186
19.3395862579
15.7022333145
13.4561910629
15.5484571457
11.2019634247
15.2748250961
16.3920211792
12.6193609238
15.6959466934
16.4978046417
15.6465997696
11.3595733643
10.1231546402
10.5611000061
6.533223629
5.88084125519
8.12389564514
6.7351231575
5.44594812393
6.24495220184
6.17051887512
6.40554046631
9.10649490356
10.3995838165
15.0595054626
16.0685806274
16.86003685
15.8783216476
12.7557344437
11.0215206146
7.88496303558
11.6716003418
10.6020479202
12.2340497971
9.01310920715
6.86933803558
10.4892549515
10.1190929413
7.1387295723
7.95239019394
12.3374233246
11.655664444
9.58652877808
13.0657196045
15.5560512543
14.9212112427
15.2256002426
18.7597942352
21.1263332367
