5.92192554474
4.92121362686
5.23637723923
8.99889945984
11.295375824
13.8748254776
17.3158855438
19.200838089
19.4301147461
20.7452888489
22.7277755737
22.5608196259
24.5714988708
22.9810428619
20.0776767731
17.6595230103
17.2068157196
14.6357336044
14.8300952911
10.3972883224
10.2131309509
6.44064950943
6.21992874146
6.96602010727
9.26019287109
10.3563594818
10.4791374207
13.1394748688
11.4160633087
13.4273023605
11.1332063675
16.3186836243
15.2561254501
17.9245529175
24.1096630096
25.8918952942
22.6178779602
20.1334342957
24.3500747681
24.6659240723
19.6674289703
19.8592376709
23.7901134491
21.7840328217
18.2218074799
22.4494800568
24.4606742859
22.9153232574
27.326751709
26.5418395996
27.9133911133
24.4073753357
20.6858940125
17.9016208649
16.3471565247
13.2433242798
11.2246398926
13.0211038589
9.84573173523
14.906244278
12.6052246094
15.4228925705
19.2569961548
15.2402477264
15.4163637161
11.4894609451
14.3493251801
11.132932663
15.5559883118
17.4878520966
17.2779865265
20.8228874207
21.8326454163
26.4524478912
26.9385623932
31.1365337372
31.4044933319
29.4775791168
32.7579116821
35.1689338684
35.3082847595
35.4924545288
37.8477172852
40.439781189
43.3378486633
42.8595619202
41.4691238403
38.7962722778
40.7725753784
43.445640564
41.3699760437
36.8148841858
39.2424430847
41.2704277039
36.3066062927
33.4076004028
37.4171829224
37.449092865
32.4249191284
32.1861953735
36.2187538147
33.849811554
30.8213119507
32.857460022
34.3832321167
29.9188785553
30.2795791626
34.279132843
34.135433197
31.0536766052
34.0565338135
29.8765544891
31.9578742981
28.7183380127
32.1606025696
30.1494808197
31.5700855255
30.2222900391
31.1652736664
28.2655563354
26.4541740417
28.2768974304
24.1236553192
27.0511760712
26.1225910187
27.7952289581
28.684047699
30.7565612793
28.3940734863
29.0656967163
24.7886962891
26.6864147186
23.6370792389
23.0094108582
26.2548503876
25.2321777344
23.012714386
27.5194969177
29.425989151
25.2120552063
23.5927181244
32.777507782
34.1228485107
37.7664642334
38.1150169373
36.0458946228
37.6399002075
40.2693405151
43.7650489807
42.6468582153
39.6217346191
42.5423431396
46.3260002136
43.5423431396
42.3961334229
41.317943573
40.6622581482
37.3486289978
38.7579078674
36.9995727539
39.5121307373
37.2621040344
34.5133514404
38.6957015991
41.4556808472
36.4460868835
36.305896759
39.9784736633
39.6071815491
36.2203598022
40.9418373108
42.065158844
38.8506622314
38.4488601685
43.4046401978
44.376209259
43.1108703613
44.5593795776
41.3455467224
43.634727478
43.8110389709
42.428691864
41.5826644897
42.7053985596
43.0188560486
42.0144500732
47.1268234253
45.9353713989
42.8587532043
46.7831878662
50.2639884949
46.7710227966
46.7852363586
50.7096557617
51.7213134766
50.7085037231
50.311466217
53.2157211304
54.6193161011
52.9259414673
56.6089744568
56.9249076843
58.3098831177
54.6009407043
50.1240119934
53.8110160828
52.8400115967
52.099193573
54.9480781555
52.8757743835
48.9706993103
48.0395622253
47.2609176636
53.0162391663
53.0289764404
57.548210144
57.186000824
53.5448112488
56.2620201111
58.6170654297
55.4153442383
57.6241455078
54.4339103699
55.5137405396
56.5341415405
51.1020240784
54.3651771545
54.2745513916
49.5944252014
48.0795059204
50.3400611877
50.2329711914
48.1363067627
49.8960800171
53.2150154114
49.8411941528
47.2329597473
51.0661239624
49.6862487793
45.1696205139
45.3272209167
48.5587882996
47.6377906799
42.625869751
45.1012535095
48.2732925415
48.9081001282
48.6776161194
44.9927749634
46.8238983154
49.3478088379
43.9699554443
43.9157562256
41.5467224121
38.6191329956
40.3755531311
43.4289588928
42.2284927368
40.1471252441
45.0471343994
46.7550315857
48.6665687561
45.1986465454
42.4739341736
48.0734825134
45.8049049377
41.4531440735
40.2436790466
35.0053825378
36.8198013306
34.2586517334
32.6470413208
34.4117431641
29.8561935425
31.7120685577
18.7889881134
23.4218959808
22.9810466766
19.8116817474
23.0721950531
18.8634262085
21.4156742096
19.6203632355
15.654747963
14.9232683182
12.1042737961
10.3545103073
6.76549768448
4.80426931381
6.20838117599
9.93849658966
10.8784322739
14.5260887146
18.7672214508
18.8314552307
24.1158428192
23.221364975
25.5503406525
27.319480896
26.2322387695
25.8868350983
22.7084312439
21.5594177246
17.8164920807
14.0623722076
13.4806013107
7.76132535934
10.5782051086
6.77175474167
16.6989593506
14.7456741333
11.7506380081
14.3093118668
17.73944664
13.3699102402
11.5905427933
15.8667106628
16.7796554565
13.4645853043
17.0571537018
20.0294589996
17.1355113983
20.0512905121
21.3220844269
22.4207572937
20.4623718262
16.7791557312
14.5046224594
17.7408275604
14.1191101074
17.5841960907
17.0119819641
14.5238323212
15.6382741928
15.5490274429
17.4174022675
18.505022049
14.8899354935
14.2724933624
10.6234560013
13.0668468475
10.0462446213
14.4791584015
12.2742500305
17.2289161682
18.3203792572
17.8869609833
21.442363739
20.2234535217
16.8039093018
19.1476516724
17.6583423615
20.569311142
23.8236351013
22.646774292
23.5965633392
26.5160503387
27.8049507141
28.7530727386
32.5491294861
32.9529342651
30.7305831909
28.0441493988
31.3529224396
32.3936729431
32.4000015259
28.1147098541
27.5648670197
30.4398326874
27.3997802734
23.9097652435
24.6267242432
27.5735015869
23.9079380035
20.1310997009
23.4682369232
24.6847267151
20.0874652863
19.1587028503
22.6454544067
21.2297706604
18.2829647064
19.901922226
23.1576061249
21.4971504211
21.6692714691
16.1390171051
14.8658485413
11.1410980225
11.8883504868
9.67970371246
13.6118583679
12.0304298401
15.7090129852
12.8221731186
10.7578411102
15.4963407516
15.7645540237
20.5322933197
23.4098987579
26.8385391235
28.2751102448
26.1417236328
23.3187179565
20.4231853485
18.0586833954
14.8728294373
10.8156576157
7.51582717896
12.2507381439
9.59275150299
6.38896799088
7.6114563942
12.7326002121
8.91783714294
6.52016115189
11.9662122726
13.4995174408
16.0306091309
18.4134311676
16.6308994293
15.6778860092
18.9685249329
22.2044086456
21.4405441284
17.6766033173
20.1404514313
24.0212268829
21.517988205
21.0609951019
20.7441043854
21.297618866
16.9922084808
20.0965042114
19.8715000153
20.973651886
17.6432933807
16.6465950012
21.4134044647
21.6366539001
17.6308498383
20.1044597626
22.56757164
21.2916316986
19.782617569
25.7226791382
25.5513134003
22.6318359375
24.6547298431
28.8789272308
28.7392463684
29.3911075592
27.6770477295
23.3433647156
24.7311420441
23.6292514801
22.6082553864
20.6627082825
21.8076114655
21.1101646423
19.4639263153
24.7041301727
24.3014621735
21.219701767
24.5447063446
28.1065750122
25.9370098114
25.517906189
28.8570480347
30.5297317505
30.425655365
29.9050140381
32.0053253174
32.7885665894
31.2079753876
35.1510047913
35.6488456726
37.5797805786
34.035282135
29.1041088104
33.3462715149
31.6749954224
30.4013214111
32.9681396484
31.2223434448
27.1470947266
25.997013092
24.7125911713
30.5724048615
30.3447704315
34.8978309631
34.4519805908
30.9283771515
33.8821640015
36.4173202515
33.6565170288
36.5943374634
34.3617630005
35.6320571899
37.8668479919
32.9695281982
37.0123405457
35.9535064697
31.4865570068
31.4654197693
34.338924408
35.8027114868
33.3408737183
36.0292625427
37.9694099426
35.9943809509
32.2693328857
34.9503479004
33.6723365784
29.7290248871
28.2204227448
30.7451477051
30.7069358826
25.4031219482
26.0796070099
29.3627910614
28.1268692017
28.9405956268
25.4273109436
28.5187835693
31.1420135498
25.2203216553
27.6262836456
26.3955345154
24.7477207184
28.5178833008
29.8129901886
28.5660800934
28.6626586914
33.0477294922
33.2107276917
36.1382904053
32.5123176575
31.1014919281
38.2686233521
36.5227470398
32.9872436523
33.358089447
30.0717811584
31.0536727905
30.5316104889
27.8532333374
31.1953125
26.4594745636
28.8226680756
15.6718473434
20.1586837769
20.0776786804
16.5745563507
18.5203971863
13.8627490997
16.6067485809
14.5924854279
10.1186351776
10.5367670059
7.16442918777
5.6987247467
4.05110406876
5.9777097702
6.20838117599
4.29817533493
6.47274255753
9.37687015533
14.6541662216
15.0270872116
20.4436569214
20.4351329803
21.8483371735
24.7510814667
23.9673099518
22.9859008789
20.5291652679
18.7235374451
15.2133178711
11.6102075577
10.123333931
5.95319986343
6.6539812088
6.30439472198
19.7685947418
18.8155059814
15.4075298309
16.9722976685
21.3561153412
17.9161834717
14.726143837
18.8178348541
20.7210063934
17.0767498016
19.2797241211
23.0461044312
20.6744003296
22.5360088348
23.9918823242
24.2875652313
22.604642868
19.2419338226
15.6447601318
18.6091098785
15.402463913
17.483921051
16.896982193
15.0888290405
14.6320981979
15.616686821
15.9670972824
16.8077774048
14.281668663
12.1425352097
10.4565820694
10.823384285
9.96590232849
13.4102830887
12.110909462
16.7896251678
15.9458456039
16.6886997223
19.0171813965
18.4807567596
15.6154060364
19.3238010406
16.9019870758
18.4247264862
23.0028247833
22.4150600433
22.250711441
24.9113578796
26.9536838531
27.9473991394
31.3835811615
32.2598724365
30.5125923157
28.2619228363
31.6782436371
33.6881637573
33.4112205505
28.7426548004
28.9064769745
32.3766288757
28.950378418
24.9597835541
27.1985797882
30.1972522736
25.8821182251
22.7858161926
26.9350547791
27.7328472137
23.5622138977
23.2184867859
26.8433799744
25.0590515137
22.7283039093
24.7983570099
27.8842220306
26.0708465576
26.9572982788
21.217206955
20.3524456024
15.7417497635
17.355506897
13.8143663406
17.1930656433
14.0916023254
16.6495418549
12.8779830933
12.5255784988
16.723482132
15.6478748322
20.0306053162
22.7923355103
25.5795631409
27.8076534271
26.3513393402
23.7577648163
21.5568599701
19.1526355743
17.4526748657
12.8588466644
10.3590621948
16.3870544434
14.611579895
10.9208726883
13.399230957
18.3939590454
13.9556932449
10.834941864
13.1273431778
15.3101196289
18.8140926361
20.0386180878
19.2784690857
19.7562427521
23.534866333
26.765619278
26.5527534485
22.6663684845
24.4120788574
28.738489151
26.6125526428
26.5230579376
26.3281974792
27.1033096313
22.6979045868
25.7014026642
25.1907348633
26.0820045471
22.700717926
21.3299980164
25.7831611633
25.7387599945
21.3952960968
23.3638401031
25.7491950989
24.1330547333
22.0276126862
28.1354045868
27.6173667908
23.8713150024
25.8794136047
30.2746753693
29.8569431305
29.5723438263
28.3804206848
24.640001297
27.0128936768
26.2982597351
24.1201953888
22.4935493469
23.0796375275
23.3176116943
22.7877426147
27.6687679291
26.5591392517
24.1496906281
28.171913147
31.2124996185
28.1673812866
28.9711341858
32.5272102356
33.1695289612
33.4095954895
33.5240249634
35.746421814
36.7333374023
35.5955467224
39.7894592285
40.6971893311
42.4276237488
38.7742347717
34.1341590881
38.6386146545
36.9763565063
35.3902702332
37.9105949402
36.4307136536
32.2781829834
30.9639225006
29.1947879791
35.1076126099
34.437461853
39.1144294739
38.1633491516
34.8089141846
37.2816810608
40.1803855896
36.8212471008
39.9407730103
37.9804344177
38.5340003967
40.7102928162
36.0270347595
39.4534645081
38.1160125732
33.8548469543
33.6262664795
35.9829902649
37.2767829895
35.468208313
38.32056427
40.8772239685
38.9088783264
35.1044883728
37.7394332886
37.1623725891
33.2050170898
31.4741306305
34.531627655
34.8592910767
29.3140563965
29.9519348145
33.8472824097
32.5704689026
34.0849227905
30.6928958893
33.9614334106
36.2486801147
30.0473155975
32.1119155884
31.0454158783
29.0146980286
32.8017616272
34.091545105
32.4332962036
32.2211952209
36.7715568542
36.7125473022
39.3947753906
35.1661224365
33.9176750183
40.9289360046
38.5633926392
35.0219039917
34.70652771
31.0429592133
31.5314426422
30.1890163422
27.1769771576
29.6127166748
24.682800293
25.9201030731
14.0829257965
18.1729679108
17.2068119049
13.1664123535
14.1311368942
10.2300815582
11.1166028976
9.14146614075
6.72201538086
5.44972753525
4.70063400269
7.09672451019
6.74595499039
9.96764278412
10.8784313202
6.47274303436
4.68399429321
5.54803848267
8.70125484467
9.76237201691
15.1432790756
16.1164588928
17.7960205078
20.8202209473
19.4968242645
17.8421325684
15.7547664642
13.0833511353
10.1929759979
6.9591293335
6.6712808609
6.11536312103
8.38602542877
10.1481389999
23.5030403137
22.7911701202
19.0152320862
19.7296581268
24.1567344666
20.5893268585
16.5847587585
19.9545001984
22.0597381592
17.7919902802
18.8793869019
22.7040729523
20.3498630524
20.9153423309
22.0803546906
21.4939785004
20.2398490906
17.5140590668
13.0775346756
15.8122777939
14.0488939285
14.6333150864
15.1951303482
15.1612539291
14.5069532394
17.7225246429
17.4488143921
19.0945644379
18.2139949799
14.704079628
12.943113327
11.1777019501
9.8551568985
10.8781099319
9.61664199829
12.6693611145
10.3278179169
11.8553256989
13.387547493
14.0239601135
12.4177246094
16.936794281
15.4270601273
14.9546012878
19.5251693726
20.2490196228
19.9299297333
21.5397758484
23.9096107483
25.5593757629
28.7739849091
29.2387676239
27.7334918976
25.4911689758
28.5617332458
31.2541065216
30.380487442
25.5183753967
26.6638450623
30.1376800537
26.1614837646
22.0968513489
25.7686023712
28.2115688324
23.3493213654
21.3429317474
26.0857181549
26.0701351166
22.5894165039
23.1389579773
26.5744972229
24.4446144104
23.0283622742
25.6869602203
28.3362140656
26.5747280121
28.6022853851
22.6480293274
22.5461292267
17.2116889954
20.5808601379
16.2430515289
18.0780391693
14.947022438
15.8273696899
12.2864398956
12.2418775558
14.9274816513
12.2105407715
15.9624185562
18.0945835114
20.394159317
22.9381332397
22.2424964905
19.871761322
18.6329059601
16.1282672882
16.2090759277
11.8994884491
11.0965967178
16.9672775269
16.778011322
13.5187320709
17.1835098267
21.8692646027
17.8944606781
15.2392406464
16.798740387
17.9438076019
22.0633888245
21.7073478699
20.5977745056
23.1208782196
26.3772792816
29.7979888916
29.8103694916
26.4217815399
28.2317638397
32.7691726685
31.1204586029
30.6511383057
30.9456291199
31.2813434601
26.2680225372
28.2950229645
26.985830307
27.980512619
24.9712867737
22.6883182526
26.6605224609
27.475725174
22.5517559052
23.2860870361
26.0274810791
24.7413444519
21.6954059601
27.329246521
27.2230529785
23.322933197
24.2923297882
28.9701080322
29.0038986206
27.9407157898
28.241153717
25.0454273224
27.8447589874
27.9481525421
25.7867431641
25.0914916992
26.1811237335
27.0619602203
27.0446929932
31.5779666901
29.6692810059
27.0148220062
31.5501213074
34.5138664246
30.3994522095
31.3765659332
35.4444732666
35.5350151062
35.0356903076
35.3364677429
38.1049156189
39.6535301208
38.6249275208
42.794834137
44.035610199
45.1213722229
41.2601585388
37.1801109314
41.7028121948
40.6180152893
39.0050239563
41.8893280029
40.6736450195
36.4392852783
35.6630592346
33.8561897278
39.2418518066
38.9431114197
43.3866195679
42.3453025818
38.7039718628
40.7223815918
43.4129714966
39.5842514038
42.0633354187
39.5897483826
39.8763961792
41.3752174377
36.5088195801
39.4406433105
38.551612854
34.2025718689
33.2640266418
35.2964706421
35.9496421814
34.4000167847
37.0035896301
40.21509552
37.8481369019
34.3336868286
37.333530426
37.0215072632
32.9030723572
31.6255378723
35.1702575684
35.4161071777
29.8437480927
31.1603355408
35.3409576416
34.9932136536
36.5185165405
33.1776885986
36.2206802368
38.0363922119
31.7680511475
32.7485389709
31.5910205841
28.9856872559
32.4854049683
33.9658470154
31.9721927643
31.1520061493
35.8610725403
35.9346885681
38.2165718079
33.695941925
32.264289856
38.8526725769
36.0449905396
32.3806533813
31.4392852783
27.3473968506
27.686384201
25.7092475891
22.7467460632
24.7499237061
19.7354030609
20.9806365967
10.9673299789
14.424870491
13.0211038589
12.0473089218
18.221912384
16.8813209534
19.9167919159
21.092458725
20.3857707977
19.346786499
19.1367206573
19.7242412567
17.3273124695
17.2841739655
14.5238342285
15.0888271332
15.4398155212
15.1612520218
16.0249004364
18.0209522247
14.9913473129
18.1854438782
14.260392189
17.4732398987
16.5518169403
16.2717475891
17.9765834808
14.6305503845
16.880865097
13.0102014542
11.9391956329
10.8222484589
10.7967920303
12.5936222076
10.5771341324
13.1308870316
13.9043254852
10.5940971375
8.46134090424
12.3581562042
11.8893508911
7.14123487473
7.54834127426
11.4355916977
9.99757385254
7.6146273613
12.152141571
13.9699869156
14.4795999527
19.4327507019
20.2649784088
20.9773292542
16.2566738129
13.9570398331
11.9069652557
7.38082838058
8.58916473389
5.13506937027
5.04470825195
7.89005899429
10.1498947144
13.6218605042
13.831114769
12.039100647
7.45296382904
8.16044712067
6.30993700027
6.99311923981
9.6687335968
14.0488643646
17.3565731049
18.5762062073
22.3970985413
24.7546405792
23.5383758545
26.4276943207
27.2116794586
27.7215061188
29.9943504333
31.10704422
32.536567688
33.7812767029
35.2143936157
37.4803619385
41.1443443298
40.3670845032
38.165397644
34.8476829529
37.0970153809
38.3244857788
36.9312286377
32.6930351257
33.7789726257
35.2421607971
30.8761863708
28.3537807465
30.1176109314
30.3795719147
26.1612358093
24.5406494141
27.5783195496
25.9320812225
21.8418560028
23.137928009
24.4455757141
20.0886192322
19.5289039612
23.2559280396
23.0974082947
19.8330993652
21.9235973358
18.0718803406
20.2541713715
18.5223064423
21.1121120453
20.8775138855
22.6524963379
22.8024234772
25.0883636475
22.6794071198
19.2275867462
22.034040451
19.5847167969
23.95054245
24.1147899628
27.4342746735
27.4559574127
27.6338844299
24.5675086975
23.6380977631
19.1796607971
18.6187591553
15.8437833786
14.2139110565
15.8889255524
13.6294298172
12.2900819778
16.316028595
17.0500106812
13.3061323166
12.8086338043
25.7469787598
26.7284183502
29.3940620422
31.050661087
28.0637760162
28.0418014526
30.0300636292
33.3696098328
31.5734767914
28.8499183655
32.4336357117
35.5047531128
32.275894165
30.7401332855
29.3316650391
28.3078613281
25.6295547485
26.9994773865
25.5940513611
28.5204734802
26.4830722809
24.1886463165
28.7465267181
31.7804508209
27.3101043701
27.833234787
31.5721302032
31.524269104
28.9297046661
33.6945533752
35.0861663818
32.7278022766
32.7284355164
37.5366134644
38.6490631104
38.7581596375
39.0189285278
34.9302749634
36.0972518921
35.6848831177
35.4956741333
34.1432914734
35.7231826782
35.0005226135
32.8491859436
38.2329902649
37.9393959045
34.2745094299
37.2858695984
41.2624740601
38.9631919861
37.6441307068
41.1478157043
43.3980636597
42.1825675964
41.0268478394
43.6302719116
44.653301239
42.4523658752
45.7497062683
45.4731903076
47.2178382874
43.7551269531
38.9201126099
42.1510887146
41.0961532593
40.797454834
43.5594902039
41.1434059143
37.4866294861
36.6913833618
36.5623130798
42.1613998413
42.6249046326
46.9284477234
47.1877403259
43.4936943054
46.7894020081
48.7231178284
46.3684272766
48.4878501892
45.1423339844
47.1188354492
48.410572052
42.7943458557
46.9440460205
47.015083313
42.1141166687
41.064994812
44.0679550171
44.4503097534
41.4465026855
43.1726722717
45.508556366
42.2780838013
39.5944747925
43.3747901917
41.063079834
36.5808410645
36.8790283203
39.3527412415
38.0013542175
33.3034629822
35.7017822266
38.036655426
38.5604515076
37.4217147827
33.6459846497
35.1559715271
38.2021980286
33.3164710999
33.8145256042
31.1777553558
28.8096637726
30.6181526184
33.7261581421
33.1490592957
31.6037311554
36.3738746643
38.3268127441
40.7504119873
38.0498962402
35.1803016663
41.3899688721
40.049659729
35.6653518677
35.6778831482
31.0425930023
33.5303764343
32.4215316772
30.8369617462
34.3466796875
29.5745735168
33.059223175
51.6122207642
56.1433563232
54.4339370728
50.7071456909
52.979385376
49.3713340759
48.5559463501
45.3038139343
42.5483169556
39.6705513
38.371547699
37.3272438049
34.8237304688
32.4390068054
34.3617706299
37.9804344177
40.9457626343
39.5897445679
44.3023376465
44.710308075
47.1166343689
51.4997634888
52.0444717407
55.6937980652
56.4687652588
53.5359802246
52.5387115479
49.1313819885
46.6289672852
44.9429664612
41.7739295959
44.1451759338
39.2157745361
43.9576072693
40.486618042
45.0714797974
41.0904846191
40.4178657532
43.8417320251
43.8783226013
37.6823272705
39.8315467834
42.4182662964
39.6525726318
37.2247848511
42.3475532532
41.4923362732
35.7313194275
38.6473236084
34.059677124
35.4266281128
31.7034111023
33.3422546387
35.3386383057
40.3594818115
40.3763465881
43.9983482361
46.0895309448
45.1423377991
48.0670166016
48.3969116211
51.2110748291
52.4712867737
48.1476669312
48.2722053528
43.9539833069
46.3658866882
41.1941566467
43.8397407532
39.4059104919
39.5976600647
41.0661277771
37.2230262756
39.9133033752
34.4265441895
31.3075008392
27.0539016724
27.7654247284
32.7784843445
30.2198352814
25.9888057709
28.9185714722
31.5633945465
28.95545578
27.3845596313
29.8020954132
29.3362617493
26.9827098846
26.1451473236
27.6975898743
24.1453113556
27.7253799438
28.2898197174
23.455324173
24.2863788605
27.6482772827
27.6044101715
22.108133316
26.5902404785
29.0194816589
25.5836677551
23.5270080566
28.9361343384
28.5694522858
25.2498493195
27.4494609833
32.3934822083
29.7829704285
26.1387214661
30.965259552
33.7989807129
32.3586044312
30.3472480774
26.9818744659
26.9115314484
25.7606525421
25.2610244751
23.1526508331
25.0116157532
24.9068202972
28.0574474335
28.3202056885
27.4843635559
32.4980010986
32.8169822693
36.4219017029
38.7860527039
39.1132240295
33.8564033508
33.4759063721
29.7648792267
32.9848632812
29.1204109192
31.0747394562
31.8588085175
30.0268268585
32.2089538574
33.6163711548
30.7583465576
32.5001296997
35.3329391479
35.9930686951
27.2447471619
23.7648124695
20.9441680908
20.094833374
19.4427204132
19.8886966705
16.521604538
14.372300148
17.270816803
20.0734901428
18.109916687
17.7995185852
22.2436676025
22.0933361053
26.8816223145
27.5236587524
23.6614723206
22.1656570435
22.8824367523
18.7970027924
19.6379909515
21.5761127472
18.0674095154
13.6891613007
18.2608280182
19.4110851288
15.4733800888
15.5741834641
19.5987453461
17.5303840637
15.8288421631
19.4751663208
21.4138584137
18.7925434113
18.034910202
22.9175300598
19.0286254883
17.6694049835
13.3798837662
12.9157571793
17.8177947998
19.1811904907
22.2955875397
21.3459949493
21.2524719238
18.9011421204
17.8489360809
16.1965351105
14.5101013184
14.5970582962
14.4247550964
10.4889974594
10.3937416077
11.3502874374
7.01592302322
5.58304166794
5.98663520813
9.2199344635
10.2209730148
11.5194816589
15.8136520386
12.6705121994
10.1082077026
13.7114276886
16.2770309448
18.1335163116
15.6981563568
18.2441043854
21.2057552338
19.785577774
22.9580497742
21.5090351105
17.8055953979
20.5582180023
19.787853241
19.4724998474
16.215795517
14.4659519196
12.7538166046
10.7696332932
6.35097122192
6.16987752914
8.03436088562
8.07395458221
11.2680892944
11.0109863281
10.2848796844
13.2814302444
15.5436286926
18.6360473633
16.5875759125
18.4115180969
15.5581588745
18.4828491211
15.7457132339
13.1745157242
13.5698041916
15.6009073257
12.1869564056
9.74075031281
13.3820886612
14.3580255508
10.2549800873
10.5228567123
9.32610607147
14.1948022842
16.3123207092
18.8654594421
15.8394489288
14.8476552963
17.1174850464
20.7456817627
22.6688480377
26.1235103607
22.0084648132
20.8502388
24.7451839447
23.8280258179
19.7084064484
21.9321479797
20.729057312
23.6258411407
27.4493923187
27.5539054871
28.4640026093
30.9901428223
33.4997520447
32.5187416077
35.5933914185
34.3412055969
37.788974762
36.9822387695
39.8373069763
45.8136329651
49.8730316162
47.2329673767
43.6028900146
45.686126709
43.3046989441
41.049030304
38.4494857788
37.651512146
33.5529174805
33.9004745483
34.4683036804
31.858089447
30.3836650848
32.2693328857
35.1044883728
37.1159439087
34.3336868286
38.8922691345
36.8917694092
39.3754501343
42.6620140076
43.4999771118
47.7182235718
47.6359481812
44.0372543335
42.9260177612
39.7850112915
37.2807998657
36.6771354675
34.4614868164
37.9575614929
34.5679664612
40.3573150635
37.5828056335
43.5331573486
39.9684867859
38.3218917847
40.7928695679
41.2056121826
34.7580413818
35.6694335938
37.4785881042
34.9468994141
31.7595386505
35.6824798584
34.4458274841
28.6556091309
29.8215141296
24.0177574158
24.3370037079
21.0529632568
24.6106643677
26.9962043762
31.4696617126
33.3032112122
35.7934646606
39.0153846741
39.5944786072
42.7426261902
44.8692588806
47.4127311707
49.6038665771
46.5567932129
45.3916816711
40.4726371765
41.7678375244
35.9253730774
36.850982666
32.3823204041
30.3680343628
32.0538902283
27.7408332825
30.0757656097
25.3258495331
23.7933959961
18.7113113403
22.4756584167
25.5261058807
20.455915451
18.4656124115
22.7083454132
23.2380104065
19.9135513306
20.2587432861
22.8308105469
19.9012870789
17.0478401184
15.1126651764
14.9065599442
10.0505847931
13.1570186615
15.0153694153
10.7379951477
9.50460147858
13.7923202515
15.5319261551
10.2166347504
13.3779363632
16.7560348511
15.6563177109
13.4259567261
17.6391220093
19.4880981445
17.9428691864
19.3447551727
24.1443786621
23.3563899994
21.023645401
24.6821308136
27.6771392822
28.6845035553
26.0554466248
24.5514831543
23.0880279541
25.3803272247
23.435585022
19.0373477936
21.481803894
19.3715171814
23.4788913727
22.9998645782
19.7279815674
23.7834091187
22.4184474945
24.730884552
26.5421943665
25.9569568634
20.8598747253
21.3505859375
18.8564605713
23.0526332855
21.2208347321
24.635848999
27.11652565
24.4830760956
28.6647930145
30.3551826477
29.5477485657
31.3225078583
33.793800354
34.4929885864
28.5216236115
24.4405536652
24.1847667694
21.1187000275
18.2565021515
22.8970184326
19.9515838623
20.4876098633
22.1936912537
24.4120044708
24.7327785492
26.4735145569
29.2030735016
27.6138896942
31.8734397888
31.1777877808
25.6935939789
22.5019817352
20.6101436615
18.0191745758
19.398809433
18.1961631775
13.8974752426
15.0401163101
15.5784187317
12.5845003128
10.3287668228
12.8117628098
13.4727573395
7.41238975525
9.80859184265
14.4126720428
12.1572618484
9.70160102844
12.7607898712
16.4197158813
17.9240036011
16.8832511902
14.1520252228
16.7787837982
20.9760627747
23.7038288116
27.8734035492
28.0863723755
28.0607681274
28.2672557831
25.638004303
22.0760707855
23.7143592834
25.5495376587
21.58045578
18.6290340424
22.0106735229
22.1594028473
16.2384757996
15.3747653961
19.3266048431
23.0461883545
22.5425815582
24.263010025
27.1730690002
23.8754787445
20.5033607483
22.3538627625
24.9663124084
27.6762943268
26.2274780273
29.9294376373
31.4086666107
28.8498916626
31.9772148132
30.8681983948
29.6980953217
32.5621757507
33.2764549255
33.1149749756
28.9206314087
28.3431606293
27.5524597168
24.3922080994
21.1125907898
15.7457122803
16.914642334
14.017039299
9.15923786163
11.0782394409
14.8616399765
11.2934484482
8.24941062927
11.0315828323
10.2009954453
5.48899507523
5.3250169754
6.31902074814
4.82550477982
5.4157910347
5.19147634506
5.37491321564
6.1615228653
8.05922031403
9.44461917877
9.62352275848
11.353767395
13.2851285934
17.905500412
19.5301113129
19.6970615387
21.058172226
17.941368103
15.5074281693
12.2558832169
15.047870636
14.8045930862
17.4593582153
13.6793012619
10.8474617004
13.2958221436
12.4624853134
7.80186605453
8.94717311859
5.68830919266
9.44616794586
12.8539876938
12.0426998138
13.2726764679
15.7463178635
19.1595821381
18.1419258118
21.9362812042
21.8111476898
25.7362003326
25.8967247009
30.2745685577
37.2906112671
41.2890052795
38.6191329956
35.7388572693
39.6395683289
37.5186538696
36.645198822
35.1038284302
34.1448173523
30.1384468079
30.242483139
30.5835208893
26.8607673645
24.5794639587
24.747718811
29.0146980286
31.4803256989
28.9856872559
33.5203895569
32.3458595276
33.2657012939
36.6652183533
35.7011642456
40.4579582214
39.209728241
35.9957733154
36.1215667725
32.2403335571
31.4143867493
29.789150238
27.6107025146
30.7338066101
27.1148166656
33.1178016663
29.2186470032
31.5614910126
28.0846977234
26.9412345886
28.9933929443
28.3856735229
22.3873443604
24.1532077789
24.9572162628
21.7572650909
19.689994812
23.5838832855
21.3601226807
16.0308876038
17.987613678
13.1962556839
15.3978118896
12.9230289459
14.5716228485
18.6119861603
21.7554912567
22.8793392181
26.1209049225
28.6787834167
28.8096618652
32.7784576416
34.286655426
37.5734443665
40.0940856934
37.1720275879
36.653793335
30.8900089264
33.0282707214
26.7108726501
27.8752365112
23.9210510254
22.8857727051
27.0983028412
23.0797271729
27.5215091705
24.7468757629
22.7317695618
19.2583961487
23.5630207062
26.8784446716
23.3184223175
22.4439888
27.0397090912
28.0828304291
26.1235618591
27.7362155914
31.4546394348
28.7227668762
25.4392623901
21.7494106293
22.4208469391
19.2511501312
19.6442470551
18.9277076721
16.6189002991
14.7408351898
14.5136556625
15.7124528885
9.98404884338
9.87973976135
12.0830554962
9.66918182373
5.35534000397
8.45719814301
8.27876281738
6.52180767059
5.58526754379
10.8581762314
10.0267982483
7.56548881531
10.1362791061
13.3971061707
14.5073375702
12.9440946579
12.9419126511
14.0284700394
16.6460094452
17.3444328308
13.3741912842
18.296169281
18.6148662567
21.3995933533
17.9185733795
16.2436618805
19.570110321
20.750213623
22.1493797302
25.670135498
23.8371963501
19.6900577545
18.2272624969
15.2710523605
16.6236591339
13.1968355179
17.266040802
19.0915279388
13.8547039032
17.7463989258
20.7492580414
20.0709648132
19.7236328125
23.1171951294
24.9606513977
26.1260051727
22.950170517
22.8868904114
22.6178951263
17.6263389587
19.5390434265
16.3293209076
18.1463165283
17.0270786285
19.024389267
22.0741405487
23.3591403961
23.596031189
20.6737957001
23.4319248199
21.3816738129
16.7494754791
12.2858419418
8.98678970337
9.47821426392
11.8656368256
9.58882713318
6.99202108383
13.5960845947
12.3802204132
9.82247066498
12.0190219879
15.0622243881
14.6840190887
13.5829133987
17.0850219727
19.5398025513
17.6722507477
19.6112499237
22.4116249084
25.3742923737
25.9220695496
22.38945961
19.9902114868
20.7166023254
24.9727516174
25.7041072845
29.738702774
28.5506381989
26.3443107605
28.9624538422
28.1127204895
23.1924533844
24.3930740356
28.1959724426
26.0251350403
21.4211769104
24.7697486877
27.8375244141
23.1782474518
20.5030460358
23.9339141846
26.2344837189
23.7669181824
25.4384708405
25.9859962463
24.809967041
21.3707199097
19.9159317017
21.8986473083
23.9513607025
23.9527263641
27.8384399414
27.3032188416
24.4867248535
27.1757640839
27.5274295807
28.374206543
31.5099849701
33.2663764954
34.304271698
29.8202209473
31.7046356201
31.2438526154
29.541469574
28.159948349
22.6688423157
26.1557540894
25.3822689056
19.5124340057
24.1093235016
26.5483264923
21.8130149841
20.1753387451
23.9781570435
23.8617401123
19.0610542297
19.2194709778
19.4871997833
16.1566066742
14.8045930862
18.7577056885
14.2834339142
10.3967094421
13.388677597
14.0538921356
11.0778512955
9.2746219635
13.7404384613
13.6636381149
18.3416843414
15.7443714142
13.6091804504
13.5679979324
13.549996376
10.7104158401
6.71171045303
4.09621238708
5.34188652039
5.45198869705
5.26752138138
6.10918712616
9.01831626892
10.8498306274
13.7025690079
13.5657558441
10.975933075
16.9004936218
17.8731403351
15.2253456116
18.3799133301
18.4200992584
20.6826763153
23.7779521942
23.7258586884
29.1566753387
27.2295532227
33.0245056152
39.546749115
43.2767944336
40.375541687
37.8610458374
42.0810050964
40.4165725708
39.4605865479
38.3355560303
37.8290672302
33.7174530029
34.1279029846
34.6903991699
30.9214954376
28.7177658081
28.5178852081
32.8017578125
35.1059188843
32.485408783
36.7978401184
35.1805801392
35.7513046265
38.6703414917
37.3256568909
42.3177566528
40.3897285461
37.110496521
37.6017990112
33.7223205566
33.4414710999
32.0229263306
30.2903728485
33.5029792786
30.3640708923
36.3790740967
32.4471321106
33.4336700439
30.1574821472
29.2558860779
30.8717517853
29.7181930542
24.2967281342
26.2143745422
26.2065792084
22.771062851
21.4282302856
24.587053299
21.5654087067
17.1213359833
18.3835983276
13.8193626404
16.0817527771
14.7180366516
16.5553131104
21.0473804474
23.1118736267
24.6688594818
27.5723876953
30.1781349182
30.6181526184
34.8161888123
36.4346313477
39.8548316956
42.5965042114
39.9869918823
39.4999580383
33.5618286133
35.666595459
29.3162002563
29.9978675842
26.4241580963
24.9025535583
29.6648139954
25.7616577148
30.2364692688
28.1279602051
26.6089878082
23.2722492218
27.9673995972
30.8126239777
26.8464355469
26.584690094
31.2420749664
31.8340339661
29.7815475464
31.6819229126
35.2485809326
32.0787773132
28.8534507751
25.1076526642
25.1453475952
21.6850032806
21.6042327881
21.5005874634
19.7469406128
16.7573566437
16.5499000549
18.6711559296
13.3604412079
11.0859241486
14.10272789
13.1558418274
8.65031909943
9.32063293457
10.4368553162
10.0468521118
6.76054000854
11.1825065613
11.7646179199
10.0031642914
9.68512630463
13.2716569901
14.8574476242
15.0098190308
16.0527896881
17.9568042755
20.5657043457
21.8368206024
18.0146865845
22.9275245667
23.1254463196
25.8163661957
22.0864105225
20.236825943
22.8693599701
23.7783660889
24.3127098083
27.6930999756
25.1114063263
21.567735672
20.2830371857
18.140329361
19.1225242615
16.563451767
20.7935447693
22.6834793091
16.9928798676
20.7067489624
23.995891571
23.6118545532
22.2971611023
26.0064182281
28.1804542542
30.8781509399
27.8127670288
27.7609634399
27.5613002777
22.5416984558
24.2405090332
20.8929233551
22.4552173615
20.9773521423
23.2715320587
26.5157833099
27.3060913086
27.3219127655
24.1394786835
26.5104255676
23.9754524231
20.2657794952
15.4265642166
12.2025527954
13.4327917099
16.2320213318
14.1045341492
11.7332544327
18.2626953125
17.3014392853
14.5345916748
16.689332962
19.8605632782
19.3302383423
17.5249881744
21.4048538208
24.0765380859
21.6659755707
23.3797569275
26.5381507874
29.3667221069
30.4538993835
27.1389408112
24.6524848938
25.4678382874
29.8746604919
30.6440525055
34.674747467
33.3906822205
30.9773483276
33.5871810913
32.9264259338
28.018825531
28.8886547089
32.6837158203
30.76704216
25.9357089996
28.9807033539
32.2724151611
27.3819923401
24.4949092865
27.7811164856
29.9962215424
27.3532752991
28.3968544006
28.4837722778
27.0870170593
24.0667705536
23.0461444855
24.0922603607
26.5643386841
27.1148605347
30.8774833679
30.1691970825
27.8029899597
30.6450595856
31.4574985504
31.9746990204
35.3894119263
36.8462295532
38.2268943787
33.8360862732
35.7862625122
34.9359436035
33.6513442993
31.8322544098
26.1235122681
29.8924598694
28.6277561188
22.9794750214
27.314994812
30.2972545624
25.7823505402
23.8932342529
27.5369052887
26.9452228546
22.061706543
21.4005508423
21.3669509888
17.6116294861
17.4593582153
21.5212593079
16.4894695282
13.23051548
17.1577129364
17.2450885773
13.5550947189
13.3957481384
17.9121513367
16.7857112885
22.0672683716
18.4570941925
16.7062892914
15.3455553055
15.2704744339
14.2273244858
9.45879554749
6.39289665222
5.34188604355
5.15735197067
6.95677709579
6.31553268433
7.87131881714
11.6277809143
13.7554101944
15.2887096405
12.0872859955
16.2450695038
18.233039856
15.6586637497
19.090007782
19.2823886871
22.2167778015
25.5158462524
26.1230335236
31.6241016388
30.0105667114
36.1863327026
42.3020477295
46.2214355469
43.4289588928
40.611114502
44.4446258545
42.4590950012
41.3190727234
39.7536010742
38.965423584
34.8547935486
35.0829544067
35.4670181274
31.8242588043
29.5417346954
29.8129882812
34.091545105
36.5414848328
33.9658432007
38.49477005
36.9836196899
38.0255355835
41.1862831116
40.2996864319
45.152759552
43.6752128601
40.3241653442
40.4659957886
36.6617851257
35.8433189392
34.4927368164
32.4908218384
35.7462348938
32.2398643494
38.2685852051
34.3667793274
36.1591529846
32.6302146912
31.751121521
33.7747535706
32.8003005981
27.0186309814
29.0574398041
29.5790920258
26.1584682465
24.4925460815
28.1540088654
25.4931049347
20.5507164001
22.1191940308
17.0826854706
19.0215435028
16.9066848755
19.2336807251
23.3953495026
26.2533588409
27.7206001282
30.7597923279
33.4474830627
33.7261581421
37.7705459595
39.2705039978
42.6289634705
45.1774177551
42.2281990051
41.7883796692
35.9958724976
38.1451339722
31.8054237366
32.7952690125
28.8771018982
27.4123153687
31.5630569458
27.4234428406
31.5654067993
28.6303329468
26.8835964203
22.9179115295
27.413646698
30.6553421021
26.3807659149
25.4817886353
30.1979217529
30.9587020874
28.5250072479
29.9857463837
33.399772644
30.3026161194
27.076757431
23.6501941681
23.6431331635
19.5343742371
20.2333812714
20.7405586243
18.1286411285
15.0702075958
16.2372665405
18.4985160828
12.1679439545
11.1504487991
15.0797557831
13.7308607101
8.7398109436
11.3916025162
12.7915763855
11.4834079742
9.62448883057
14.8247680664
14.6227607727
11.9129457474
13.2775411606
16.9754180908
17.7598705292
17.4999599457
17.4654521942
19.0475063324
21.1415843964
22.0624046326
18.0066661835
22.7625026703
22.6667308807
25.8305530548
22.7309837341
20.6296653748
23.9994621277
24.5019016266
25.6183319092
28.7573432922
26.5740909576
22.4038085938
21.5122489929
19.0059661865
20.9267749786
18.0814743042
22.2854614258
24.2168388367
18.9851303101
22.7660484314
25.8427066803
24.93359375
24.1801815033
27.9676513672
29.9325332642
30.4189243317
27.0066413879
26.5178947449
25.9761638641
21.261636734
23.1477413177
19.3345298767
20.3703937531
19.4624977112
22.3050956726
24.9193973541
25.4931468964
26.3164615631
23.3639640808
26.4363765717
24.2653980255
20.2887134552
15.3744440079
12.6702928543
12.4578781128
15.5721435547
14.0692443848
10.3143777847
16.0262184143
16.0759944916
13.3517074585
14.3655567169
17.6995639801
17.9020080566
15.0225763321
18.746881485
22.1349754333
19.921251297
20.7183914185
23.7932224274
27.0991477966
27.8831272125
24.8730716705
21.8877277374
22.8278675079
27.6667575836
28.7368927002
32.8769607544
31.6595554352
29.535697937
31.4542293549
30.6398830414
25.9243106842
26.4899253845
29.9423961639
28.062128067
23.063867569
25.9223613739
29.0257110596
23.7941112518
20.8580513
24.1506767273
26.5799045563
24.1615505219
25.003692627
25.5429954529
23.5190467834
20.4985256195
20.4028301239
21.4240322113
24.3292961121
24.6295509338
28.4372806549
28.2987384796
26.09167099
29.3109550476
29.8970851898
29.5887584686
33.1769447327
34.2088737488
35.4885635376
31.1375465393
32.6267280579
31.4917430878
30.1992492676
27.8579654694
22.0084629059
25.8222980499
24.2923107147
18.8536052704
23.1333580017
26.3397274017
22.0950126648
20.3337688446
23.9723243713
23.5247802734
18.5504264832
17.771894455
17.0866203308
13.7401323318
13.6793012619
17.3682155609
12.0439300537
9.38917064667
13.5269527435
13.050362587
9.24737930298
10.3505554199
14.6126842499
13.0578975677
18.9114742279
15.7426700592
14.728222847
13.5451869965
12.2211847305
11.6411209106
6.03124046326
4.8338098526
5.45198917389
5.15735244751
3.94132304192
5.93448495865
5.3876619339
7.79973888397
10.3069505692
12.3073616028
10.1760473251
14.2865610123
16.4808597565
14.8929491043
18.672832489
19.9928798676
22.1025390625
25.8010349274
26.2722263336
31.5837173462
30.3652095795
36.2251968384
40.588092804
43.7028884888
40.2436790466
37.0864524841
38.7076950073
38.0279388428
34.3926734924
33.0264434814
34.6306266785
29.8663463593
32.052066803
34.2772102356
32.061794281
31.9101085663
33.3580856323
34.7065238953
35.3121185303
31.4392852783
35.0031852722
30.4174118042
32.5916099548
34.1114463806
35.2535743713
39.7230148315
38.6862068176
34.5827293396
33.3832168579
30.9521770477
28.7350311279
29.6398601532
29.0283298492
33.30311203
32.3542747498
38.2940826416
36.7560806274
43.6689872742
41.0574836731
38.5416946411
39.6547355652
40.665927887
34.9601402283
34.1349983215
34.9286956787
33.3268928528
29.6892662048
31.3821296692
30.2385215759
25.6434020996
24.1525821686
18.4129199982
16.5897979736
15.2389736176
20.2964076996
22.1664638519
24.8583068848
28.6659679413
29.1702308655
33.3403434753
35.6778907776
38.5299263
42.451965332
44.3263549805
47.2679786682
45.8989677429
43.4684753418
38.6243400574
38.435749054
32.8003005981
31.4884624481
27.8148460388
23.2900276184
24.8627052307
20.9207649231
22.2694301605
20.1107654572
21.2591075897
17.6883964539
23.3913574219
23.0931968689
16.6875896454
19.1394100189
23.0384998322
20.8727474213
18.374917984
21.3627529144
23.5158863068
18.8389263153
16.5688114166
13.6844120026
11.0260620117
9.68707084656
6.46776866913
8.53127193451
10.5069122314
7.48270654678
6.42424535751
10.644865036
11.7944307327
9.21798419952
10.4562158585
14.4552412033
14.6925029755
13.4547777176
17.4505977631
19.2482471466
19.431186676
21.5554103851
23.1991825104
23.6506233215
24.8861484528
26.7797832489
30.3970546722
27.2995471954
28.0507678986
25.316822052
30.2405414581
27.3836021423
22.7009601593
24.5241203308
21.3135585785
24.5404567719
23.366191864
18.7047901154
19.4221153259
16.1436977386
15.2643251419
15.7699422836
13.5296287537
10.2430849075
12.2664823532
13.4691238403
17.2633304596
19.3770008087
23.0567970276
26.7340660095
24.4117870331
29.4381313324
30.7889003754
32.3572807312
34.0633163452
35.3810195923
35.8193664551
33.6880645752
30.2697601318
32.1415672302
28.5379371643
25.0100002289
31.1440048218
29.5406951904
31.6174163818
32.2976989746
33.2720489502
34.9472618103
37.7500267029
38.962223053
36.8335456848
39.9544639587
38.5622138977
32.7533874512
29.5302639008
26.1815681458
25.9244499207
26.7763118744
23.4071846008
21.2634296417
25.4119606018
22.6662425995
17.9418354034
19.4543972015
21.7169952393
18.8280963898
15.4054412842
18.990026474
20.526222229
15.4609375
16.6770801544
20.6789550781
20.636762619
25.9669475555
25.1189098358
24.9450893402
27.8994197845
30.1813316345
32.8198280334
36.7635536194
37.6304244995
37.6097793579
39.4826965332
36.4190788269
32.4389038086
35.6192855835
38.1605415344
32.989818573
31.1886615753
35.4598503113
35.3603439331
30.2130851746
29.6934337616
33.9090270996
37.4443969727
36.4934616089
38.6326599121
40.803237915
38.1931533813
34.6364097595
34.9421958923
37.6379203796
40.0353126526
39.0390129089
42.98387146
43.4499282837
40.3004264832
42.8077278137
41.8594970703
42.5526695251
45.0646591187
46.8104133606
46.6164970398
42.1375999451
42.2694664001
42.1705207825
38.5480651855
36.2305984497
30.9901428223
31.7764873505
28.9778594971
24.234621048
25.1037940979
28.4048500061
24.6449947357
20.6840858459
21.9615535736
18.998292923
16.6613750458
15.3682222366
19.4675693512
15.2984027863
15.7463207245
19.980588913
19.3326759338
16.7444267273
19.5402011871
22.5302600861
21.7020778656
20.0839233398
24.0601139069
26.3289451599
31.1777114868
31.4166736603
30.1247291565
30.8293647766
29.1089076996
25.954366684
21.2323303223
21.1908988953
18.3799095154
19.090007782
18.6728382111
15.9193916321
13.7801189423
15.2769060135
15.202630043
14.2314033508
11.3042507172
9.70073223114
10.6219110489
6.82761383057
4.57526874542
5.87809038162
5.81415653229
10.0232982635
12.3839321136
16.5624504089
17.7330055237
23.6864528656
31.4923686981
33.9751358032
31.7120609283
27.8628330231
25.4859981537
24.5309238434
19.464017868
16.9009933472
19.6060237885
16.4958171844
19.428943634
22.7101573944
23.5632686615
26.1227684021
28.8226661682
25.9201049805
24.3259735107
20.9806365967
22.3781929016
17.5238800049
21.6375102997
23.0311450958
27.2537918091
29.0263309479
31.4738349915
28.4477291107
25.0128898621
24.7350502014
19.8679828644
21.8176555634
21.4723701477
24.416557312
25.5078468323
28.6984157562
30.4767627716
43.0732803345
41.6099128723
37.9711723328
38.8273239136
42.4059066772
37.5161437988
34.2739257812
36.7518234253
37.6065406799
32.7148590088
33.6723861694
35.8269271851
32.0018882751
30.7325458527
28.1763954163
25.5599136353
24.0439128876
25.8282794952
22.923374176
26.3007450104
28.5606307983
27.5320014954
30.825799942
33.0592193604
33.1297340393
37.7087669373
37.3146133423
39.2593307495
38.9558334351
35.0805015564
33.218170166
30.838224411
28.3731403351
26.8112697601
24.3342151642
21.3627815247
16.4557380676
15.8849067688
11.700507164
10.0742807388
13.4523277283
15.2745790482
15.6033945084
10.1630296707
10.889752388
14.3778829575
12.5077676773
9.07586956024
11.8708705902
14.3238668442
14.9901828766
14.7912359238
15.4557790756
15.7006072998
17.0841598511
22.2824420929
20.8249340057
17.0819206238
20.1881122589
24.2897548676
21.3357143402
17.9535369873
24.5194072723
26.743719101
22.7400417328
23.7848033905
28.4211788177
28.3169612885
28.2963733673
29.5095767975
32.6388053894
32.4997558594
32.5367164612
34.3021812439
37.2458648682
37.1637153625
40.4237289429
34.6906394958
34.4791717529
28.5833797455
33.2731170654
27.5513629913
25.8069591522
22.7766456604
18.9531440735
18.9629650116
21.6015529633
18.9604969025
16.8162689209
13.3846406937
14.3964195251
12.045794487
16.7029933929
16.4270629883
17.41040802
18.7152309418
20.4594612122
23.6498413086
22.8296337128
25.3741321564
28.6414775848
31.7518749237
30.1196155548
32.9482421875
37.5428581238
35.5601997375
33.7105979919
27.7202682495
26.3131542206
30.3467159271
25.7465591431
25.5842990875
32.4358558655
34.2581367493
37.0593414307
38.6874275208
36.8776512146
37.2859039307
42.0301055908
42.7220039368
42.1696128845
44.5170516968
44.7108535767
38.2535514832
38.2857933044
35.9894180298
35.5177345276
33.6302223206
30.6739063263
31.6091251373
32.2876815796
27.965467453
26.0368671417
27.333398819
26.4384670258
22.6837558746
24.8790912628
24.5000534058
21.0428695679
19.5546684265
22.4618682861
22.8134250641
18.9522972107
23.7467651367
23.9620761871
27.6819152832
30.1039638519
27.7203006744
29.929315567
31.8008918762
34.5409469604
36.5908737183
38.8138694763
34.6377410889
32.6562194824
37.8809051514
39.464969635
32.7533416748
35.112537384
39.7358512878
37.2329597473
35.3019752502
36.9533042908
40.5352745056
43.5288848877
43.685131073
47.6266021729
50.4905548096
49.4119644165
45.408164978
43.9264259338
48.5368232727
48.9470443726
46.68516922
50.0786361694
50.4390869141
46.3291625977
46.9693908691
44.4320449829
47.4760360718
47.7842330933
51.046257019
49.2359580994
45.3893508911
45.2026786804
47.2998733521
42.0648918152
42.578338623
39.8373031616
38.2370796204
37.7805480957
34.0923690796
34.1041259766
33.9551811218
30.8405761719
28.3862457275
28.1595573425
27.0738487244
27.974861145
30.0011730194
34.8643569946
32.8815345764
30.274564743
32.668964386
34.7696762085
31.7978801727
30.6555767059
35.1160354614
36.3968696594
31.812494278
33.3413619995
38.3329086304
39.5584754944
42.6017150879
40.4374504089
43.3901023865
42.93775177
37.0716438293
35.8579864502
36.0365257263
33.0245056152
36.1863365173
36.2251968384
32.978805542
31.8845500946
35.3512039185
33.988193512
34.6460456848
29.0424842834
29.1104621887
33.1978645325
28.6300640106
26.6738567352
23.6864471436
21.2361087799
18.3157634735
14.8014726639
11.7804355621
8.70146751404
7.18276262283
