65.6953811646
40.9436073303
49.867980957
18.5612659454
16.0664310455
17.2438526154
14.48300457
64.2269515991
43.3195152283
52.7490348816
23.4290790558
20.0657405853
17.243850708
16.3869171143
62.9450073242
37.62550354
49.6078224182
24.2666416168
20.5689620972
17.1434803009
17.7078399658
13.1931791306
61.6828231812
39.2165260315
53.9368476868
32.8681869507
29.1986198425
26.7042388916
27.0854282379
21.7272148132
61.1634521484
38.49792099
47.6952438354
23.1881523132
20.9300060272
16.7588386536
17.4828586578
15.8073358536
54.0733604431
31.4824695587
40.0999984741
25.2646312714
26.9537982941
21.6515674591
25.643415451
23.2476577759
48.6590499878
23.7818508148
34.5436172485
28.3095779419
30.0799026489
23.937915802
27.4529876709
25.5124511719
63.5192070007
41.2138977051
57.4279594421
32.7536811829
29.8894252777
28.0319576263
30.4632263184
24.0078125
72.0475845337
49.6390190125
59.5559005737
29.9785423279
25.5761013031
25.4458370209
28.6013870239
21.7945423126
53.6359100342
32.904209137
46.2646102905
27.87150383
28.3630237579
24.2061214447
27.9972724915
23.3233242035
39.3109130859
23.0663070679
34.9368438721
37.8919715881
41.198135376
35.5177764893
38.6745796204
36.7382011414
57.5942993164
49.0395622253
65.128578186
51.6347007751
52.1731300354
50.3925666809
52.277797699
47.9477119446
57.801525116
48.5580062866
65.8783035278
51.6684379578
51.9946861267
50.2502593994
51.818687439
47.3142356873
52.9061470032
45.6816253662
63.9006538391
55.0839195251
56.1712799072
53.8797111511
54.6909942627
51.008354187
55.9936943054
46.9043731689
62.9205856323
52.8772850037
54.1173744202
51.864944458
53.7345161438
49.7339401245
53.867225647
47.0388298035
62.9702148438
55.8410568237
57.6086082458
55.2629699707
56.9151878357
53.4794197083
49.9009819031
45.9522819519
63.3516387939
57.8229980469
59.8337478638
57.5072898865
58.3011779785
55.3084220886
49.0488586426
43.5624732971
60.0410690308
55.1536827087
57.4549789429
54.822769165
56.1054840088
53.1598968506
53.6086273193
45.1839103699
59.4311141968
53.0345726013
55.2488365173
52.5833015442
54.8444404602
51.5071678162
57.9292297363
50.7696266174
63.9113998413
58.0515899658
60.1605911255
57.7568588257
60.2299003601
57.0409164429
63.0481147766
58.3073959351
71.1190109253
60.8169288635
62.4887657166
61.0049057007
63.4764404297
60.0543441772
66.8849639893
56.8042411804
70.2854690552
55.5218162537
56.8054122925
55.233581543
58.3525009155
54.0911712646
47.9473114014
47.0171508789
61.4877128601
60.0591583252
62.6365623474
60.3333473206
61.441204071
59.1520767212
49.8095436096
46.6092796326
61.1732826233
57.7468147278
60.6208457947
58.2428092957
59.8643226624
57.2642250061
51.0924110413
41.6876335144
51.8897323608
47.7052688599
50.987663269
47.7072067261
51.2814254761
48.4199256897
68.4788894653
49.0545349121
57.0104408264
32.1591949463
33.7319755554
31.5481262207
37.4479179382
32.8732414246
84.7414093018
63.1631813049
76.6774673462
36.5102424622
32.950214386
34.1683998108
38.226348877
31.0129776001
78.6135025024
55.4141387939
65.3830032349
24.7177295685
22.6427326202
23.0369911194
28.8020896912
22.4605884552
76.2351074219
52.14112854
61.1335868835
19.6965808868
17.904499054
17.9026088715
24.0850143433
18.244600296
74.4126739502
51.0319709778
59.5148735046
21.3850498199
20.9725055695
20.1121807098
26.5389003754
21.0945510864
