23.2047996521
24.2193012238
24.9550189972
21.5196323395
22.2878742218
18.7209529877
22.8284988403
21.3892555237
25.1529598236
24.7170581818
26.3856697083
32.4696922302
34.7369651794
35.899520874
27.2012767792
30.9189357758
36.5887832642
31.5712451935
29.8709392548
32.1328315735
26.7688064575
23.1997680664
21.0180625916
18.4290084839
17.2368202209
18.7397327423
18.4291725159
20.2015552521
21.2530841827
15.9664039612
26.0462169647
25.7266349792
22.3825778961
23.0095443726
16.8535251617
14.2755689621
13.2996873856
19.4796524048
16.1103725433
22.506521225
23.1319828033
19.9255065918
21.1666984558
21.822347641
24.9403591156
26.0591335297
28.5766677856
27.3050022125
30.6114940643
30.6672992706
29.3552360535
31.0921554565
30.8936462402
31.449842453
25.9357299805
26.4387207031
28.5096721649
30.6934680939
31.061882019
29.4866409302
36.0552978516
33.5148277283
33.3771896362
36.8787574768
36.7121887207
39.7701835632
42.9935302734
33.5212631226
35.1073265076
33.0026931763
29.0817317963
28.1706676483
27.5016326904
31.6651744843
25.0312957764
29.0130119324
24.9131679535
28.1382427216
32.8328666687
28.9679431915
32.8566436768
28.6685829163
29.6423549652
29.5349349976
30.1730976105
42.2620048523
40.0474128723
41.2627830505
38.521068573
35.8717689514
34.7393035889
35.1786804199
35.8661613464
31.7780437469
31.8329753876
35.5038986206
33.9530220032
35.071598053
35.6809844971
38.3652687073
38.4186477661
37.6274642944
40.5732421875
41.3645172119
42.4623298645
38.8447608948
39.0513687134
42.1563987732
45.8757743835
44.8696479797
47.5627937317
44.5318031311
49.754737854
43.5135803223
44.700466156
40.8512840271
43.3752593994
38.922504425
40.7752304077
38.2532310486
39.2904930115
36.7694511414
35.3446731567
35.9265556335
37.3810462952
39.6624526978
40.170009613
38.5174331665
40.6798591614
43.3147735596
38.1251983643
39.8981170654
45.6876716614
46.1839599609
52.7195625305
45.7631950378
49.0613365173
45.4975395203
47.9288597107
47.3297271729
44.1940574646
42.4846420288
43.8059997559
41.3374252319
43.8323516846
44.2834014893
40.9494094849
48.508392334
45.0744781494
42.3670921326
43.3157691956
37.2119827271
41.7753982544
42.8576850891
45.1790313721
41.8193092346
47.7014579773
45.3029174805
41.9956855774
45.0064048767
43.4971427917
46.3520774841
45.2294197083
46.5230140686
48.1198883057
43.686870575
45.6976966858
42.7730140686
44.4803352356
40.5745124817
40.0339660645
45.4609832764
44.9022979736
40.9256782532
44.4633712769
44.2507324219
41.3689537048
37.3733024597
49.3531188965
40.1333198547
36.4250106812
39.401802063
42.270236969
40.5560264587
41.0497589111
42.1566352844
43.1162834167
43.0377349854
40.9976234436
40.1479797363
37.6409835815
34.4090766907
35.1542205811
35.8073196411
36.4138793945
31.7305202484
36.1042823792
35.9288902283
33.3827133179
36.7314147949
38.3215141296
36.6620407104
38.1980895996
41.8412857056
43.9343795776
46.0313110352
45.8882827759
51.201171875
48.9304161072
53.8727912903
56.0645256042
57.8276138306
51.4323158264
49.4342193604
45.5519866943
45.0281333923
40.5211448669
42.0196342468
41.437828064
37.5399017334
34.7388801575
33.6902885437
32.7527160645
31.3913326263
30.6728725433
28.4910774231
33.6199531555
35.9448623657
22.3435096741
24.6783561707
24.6052951813
32.6302070618
32.700881958
29.8953018188
31.9593486786
29.7336769104
26.1473693848
27.8196105957
28.6270103455
25.0377960205
23.9135570526
27.5650691986
26.3321590424
22.5172481537
23.5129776001
26.124874115
25.1989917755
21.9743614197
24.4050655365
26.2820339203
28.9985618591
32.1320533752
32.9015426636
30.2205352783
30.609085083
30.8648300171
36.4117546082
33.2477493286
32.4235153198
35.1693153381
29.8801879883
30.1572380066
35.353767395
33.1307640076
29.5745010376
31.652803421
30.7369060516
27.3753395081
26.3461074829
27.519739151
28.9971218109
32.3674926758
28.7426109314
26.0134944916
24.0324554443
22.1382541656
19.7052783966
20.0241641998
17.144361496
18.8510341644
16.2753562927
18.3169631958
18.7398719788
19.7632331848
20.1527462006
22.9504108429
20.2188892365
16.8213291168
18.1304702759
19.4850177765
15.3264293671
13.8569555283
16.931350708
16.1087913513
12.4967432022
13.675737381
18.5336608887
15.3941612244
12.9615325928
17.7702178955
18.2358264923
16.0754032135
19.1113872528
21.8908615112
24.394109726
26.0432262421
30.0672264099
29.3625946045
33.8852005005
22.1772384644
21.2035903931
18.854221344
17.9839477539
15.1101579666
13.4004621506
12.4271717072
14.0320997238
18.7630138397
16.8043231964
21.8896484375
25.8951435089
27.6736507416
30.9686813354
23.232378006
25.596206665
32.4788894653
27.9199790955
27.632850647
29.8667984009
27.3170394897
22.3806304932
23.5750904083
18.9016017914
19.5081195831
15.3320674896
18.4483261108
15.0257635117
19.6520786285
19.5243835449
33.3766136169
34.9582290649
31.3700942993
32.2093849182
25.8192157745
24.2226924896
21.1667022705
20.947095871
23.3083515167
16.4146232605
18.7966327667
15.8297748566
14.1981697083
12.7851476669
17.1047897339
16.4975185394
16.8897724152
15.1104621887
17.6306324005
16.9726848602
16.5910358429
18.0395679474
17.8697013855
18.6854171753
14.0202436447
15.2519350052
16.9783725739
18.6601524353
21.0079250336
20.118812561
24.6520423889
23.4295158386
24.9207401276
27.4544811249
26.8223972321
31.1518383026
34.0496559143
26.2556228638
27.7645626068
25.143371582
20.8720111847
18.8072071075
20.923866272
23.8355255127
21.6854343414
23.6708164215
22.2496414185
22.6592082977
25.8527832031
22.9330368042
24.1337585449
20.8232498169
19.3218135834
18.3880786896
19.0572834015
28.8933315277
25.9767723083
27.2050571442
25.0180072784
22.3471298218
21.1532974243
22.1389160156
22.9897689819
18.2074623108
19.7217140198
23.0756340027
20.541135788
21.5791797638
22.9256267548
25.581703186
24.6475906372
24.3530769348
28.1726417542
28.761800766
29.5130252838
26.7927646637
27.3210601807
29.8636798859
33.4273338318
34.0480690002
37.4738197327
33.3223228455
38.5206184387
32.0698852539
33.611076355
29.704536438
32.0742874146
28.2108249664
30.2147789001
27.9942245483
30.6944122314
28.1604366302
28.8062095642
29.7280273438
33.0909004211
35.0357398987
34.5234794617
31.9335689545
32.8242378235
33.7741775513
28.0879230499
28.2444553375
35.1572341919
34.1235313416
41.1437911987
35.191028595
39.0991973877
36.2442893982
39.1759796143
38.4069480896
36.520236969
34.0227355957
37.2085037231
35.9532623291
38.2121772766
39.6317596436
35.4920158386
43.0754241943
39.4550743103
37.3971595764
39.7295722961
34.0719108582
36.6434364319
36.5879516602
38.1227798462
34.0566101074
39.3777503967
35.3258705139
33.0849914551
34.139705658
33.222694397
34.3923988342
33.6496162415
34.0834159851
35.3874015808
30.3735466003
32.1137428284
28.9779338837
30.7526702881
26.8469390869
26.9020423889
32.2186698914
32.2511367798
28.5461578369
31.568441391
32.2515945435
30.2696590424
26.3934726715
37.9055519104
29.3903408051
26.3237514496
29.5595264435
32.9961891174
31.7388210297
33.0286865234
33.83934021
35.2512245178
35.7805252075
35.3708229065
33.2817955017
30.1710586548
26.6178703308
29.0515518188
31.0734348297
28.9633274078
25.448720932
27.0132102966
26.8883838654
22.5610027313
26.5616130829
27.6756210327
26.8259449005
27.7729663849
31.9495277405
33.8510475159
35.7345809937
36.7583694458
41.7913894653
40.0767860413
44.8402519226
47.247051239
48.2567024231
42.8877105713
40.0850296021
37.1330833435
36.7839164734
31.0749168396
33.346786499
32.2841529846
28.8152523041
24.8128986359
25.2867088318
22.357919693
23.3523693085
22.6590576172
22.7569065094
28.4458961487
31.1329460144
21.1878261566
23.4628582001
26.5647792816
31.7892169952
32.0238037109
27.6801776886
30.7496833801
26.9775772095
24.4226150513
28.2209949493
28.1715602875
23.6525173187
25.1854114532
29.5475730896
26.7859592438
23.6947174072
27.3719329834
29.2264938354
26.9131755829
26.1114387512
30.1639614105
30.7881164551
33.046661377
35.4777183533
34.9727401733
31.2162570953
31.2829494476
29.6328601837
34.6365013123
33.0554466248
29.8958206177
30.8372039795
25.4081401825
27.3048667908
31.6696853638
27.5008335114
24.2860107422
28.6032810211
26.4266662598
22.7737960815
23.902381897
26.0175495148
26.2258625031
28.8371486664
23.2855911255
19.0843677521
18.5874843597
15.1090917587
14.6870231628
11.581372261
12.1908693314
13.0997171402
13.5052461624
16.4548950195
16.9569244385
20.1625385284
23.4484634399
24.5557422638
21.1259346008
22.4216690063
24.2549819946
21.6904163361
18.0469760895
20.7658367157
21.2565078735
17.3181247711
16.4767017365
20.9474143982
20.1626911163
16.8072566986
18.7514095306
22.7088394165
19.4873924255
18.2604598999
22.7518768311
22.1797790527
25.0245380402
23.680847168
27.9117870331
25.0127239227
28.4011077881
22.2340698242
20.2772369385
21.78474617
19.0704936981
19.7481651306
18.391078949
19.7400836945
21.4222335815
22.6604747772
23.4875087738
27.5292434692
29.6152133942
32.9305496216
33.5508613586
26.9427852631
32.0036125183
36.8825759888
32.8162956238
32.5888786316
33.9416465759
32.9684944153
28.231294632
27.0819797516
24.0520210266
27.3243465424
25.2368412018
28.2212543488
27.3917121887
30.0774002075
28.6887836456
38.6731681824
38.4756393433
34.9378890991
33.9589805603
30.0172653198
25.325378418
25.0312957764
22.216178894
27.3657970428
19.8001461029
24.5437412262
24.4716129303
24.2263965607
21.6854362488
23.5221118927
25.0621376038
26.8125324249
27.8858356476
26.612449646
25.9319629669
27.8801212311
28.4196491241
27.2903747559
25.9668693542
29.9662952423
24.1623420715
22.8754081726
22.7583904266
27.0390529633
27.1801681519
24.0650672913
29.3145446777
28.7527370453
28.2466773987
29.3531398773
30.3279838562
34.2392196655
34.9526138306
28.2956295013
26.890958786
24.9257545471
20.3635864258
19.1306190491
16.3382358551
19.3743343353
17.4672107697
17.3115196228
18.4185466766
24.2531147003
21.7844200134
23.9414234161
17.5106811523
18.9696712494
22.6467399597
22.0741786957
35.5236358643
31.8984031677
33.9237937927
33.3355331421
30.4991664886
30.0517597198
29.2153053284
28.8661270142
24.4349193573
23.8952140808
25.5399360657
25.9674491882
28.7005577087
27.5738430023
28.9272212982
31.3114280701
31.3895511627
32.417514801
33.4814682007
36.2723922729
33.5049171448
32.1735229492
36.0149154663
40.0555801392
39.0495262146
40.2891120911
37.1502838135
41.2157020569
35.2630653381
35.0791091919
30.9155387878
32.2098731995
27.494228363
28.2844848633
25.4350395203
25.5471134186
23.3949584961
21.6215229034
22.8390483856
24.2486457825
25.9173164368
26.1685676575
24.7265815735
26.4578609467
29.7277431488
25.3231124878
27.6458377838
32.5181236267
33.6778678894
38.5309143066
32.7319755554
35.1221466064
31.5723991394
33.5309638977
32.8716278076
29.9898891449
28.9256629944
30.2682514191
28.3144130707
31.1397647858
32.5525894165
29.5829143524
36.778678894
34.2621116638
32.1581230164
33.8759269714
27.7189006805
31.2176036835
30.5607261658
32.3028907776
28.9334526062
33.8781890869
31.7537822723
28.9213371277
32.0566177368
31.6933479309
34.1303710938
33.7152633667
35.6644287109
37.3806343079
34.7675361633
37.0980262756
33.7268257141
34.0808181763
30.9635486603
30.3763961792
34.6014480591
33.2262763977
30.036315918
33.1104164124
31.9800891876
29.3876667023
25.7358779907
36.536857605
27.2671928406
24.1185264587
27.4416809082
29.2073287964
28.0655574799
29.1422252655
29.4344177246
30.0699176788
29.7036437988
28.4419708252
27.6620445251
24.2696151733
22.5997543335
22.8315639496
23.3095321655
22.6194286346
18.038898468
22.5461292267
22.7408218384
22.2340164185
25.4219856262
27.6612377167
26.5982532501
29.805803299
32.76329422
35.8633613586
37.8731498718
39.2417297363
44.0717506409
43.0812835693
48.3528938293
49.2993927002
49.2829475403
44.3707008362
41.5333099365
38.4595909119
37.3391113281
33.5312156677
33.0248718262
32.9607086182
27.4805412292
25.6283817291
22.754781723
22.0734615326
18.7719249725
18.3026485443
15.1381406784
20.5091686249
23.4115524292
11.7727155685
15.3578519821
17.7806568146
21.9181804657
21.3410320282
17.1567058563
19.8418197632
16.6642379761
13.5097799301
17.0267753601
17.565782547
13.7762460709
15.0244989395
19.0133476257
17.880153656
15.6671123505
18.9804897308
21.242307663
20.3779792786
20.4062652588
23.2727050781
25.9114074707
25.3343601227
27.7941913605
25.918674469
22.745475769
21.606552124
21.3804798126
25.3455867767
22.5909366608
20.0054225922
21.8518772125
16.7704296112
18.4366798401
23.2400608063
20.6506671906
18.0141792297
21.7398757935
22.070224762
18.3485851288
17.6137008667
21.297044754
22.5370101929
26.1834030151
21.4121685028
21.5565605164
17.5167675018
15.9962673187
12.7470645905
13.1677398682
11.7588233948
12.406452179
15.5240087509
18.4393692017
21.6823825836
22.510602951
25.0400295258
23.7027931213
19.7971076965
21.3724250793
20.3971920013
15.8969917297
16.3806419373
18.2040233612
14.7257204056
11.9961528778
15.2572164536
16.8730163574
11.808590889
13.1306772232
17.8455505371
16.996427536
15.3286046982
18.3468894958
20.3702983856
18.3605518341
22.6504592896
21.5534858704
26.3895053864
25.3121433258
28.6251029968
30.3309497833
28.4365768433
28.083278656
25.9707221985
24.5352306366
21.9436779022
19.6648273468
20.2239227295
19.0132007599
20.3997192383
23.9026031494
25.3163490295
28.2842407227
30.0935573578
23.4542179108
28.0623645782
32.8966178894
29.4731426239
29.8503684998
31.2003173828
30.6388874054
26.7202854156
26.692445755
24.2066688538
27.762140274
25.8084583282
30.2218093872
28.9909610748
32.7316055298
31.7432861328
39.0599212646
39.598285675
36.0589942932
35.9966545105
31.771484375
29.0790290833
28.9679489136
27.1652908325
32.3540153503
25.3580474854
29.9795532227
28.2402820587
26.5345230103
22.9330444336
23.560546875
23.7442035675
25.2817344666
26.8156776428
24.8498744965
25.194437027
27.8224315643
28.7545127869
28.4867305756
27.7718009949
30.9828777313
26.8149223328
26.5843029022
26.3982524872
29.8915748596
31.2676200867
29.1970653534
32.7560195923
32.8400115967
33.4540328979
34.0539970398
34.5497398376
38.8249588013
39.5364990234
34.2524986267
33.1799850464
31.0992717743
26.9099025726
24.7769908905
24.0829334259
24.8162384033
21.7844219208
21.5457515717
18.2259254456
18.2782478333
21.5688686371
22.6129512787
19.301448822
19.0825233459
20.8423633575
22.7494335175
34.258808136
31.2349815369
33.3410453796
32.1381378174
28.8625488281
28.2031650543
26.9051742554
28.3915634155
24.6051902771
26.0453567505
27.4093055725
26.7396621704
28.9955921173
29.8189735413
30.8374156952
32.0408439636
32.896156311
34.7499389648
35.2923851013
37.3340492249
35.8390274048
34.9967308044
37.9853439331
41.6047515869
41.6885719299
43.3197898865
39.9284706116
43.681388855
37.9848556519
38.1016044617
34.1404838562
35.3511123657
31.0542621613
32.0181236267
28.7842674255
30.313205719
27.3716430664
27.3701648712
26.9413566589
29.7524681091
32.2433242798
31.5044670105
30.4472999573
30.5140895844
33.1003341675
28.2023029327
29.9300746918
35.2069854736
35.3334655762
40.2656326294
35.200302124
37.1267356873
33.9295845032
36.1844177246
36.0993499756
33.884513855
33.3198814392
35.7166175842
34.9205360413
37.3989486694
39.3656463623
36.3680992126
42.7739448547
40.352142334
38.9281196594
41.2615699768
35.9270858765
38.0717048645
36.9964866638
37.929599762
34.3403091431
38.3838615417
35.3957252502
33.4513397217
35.1588134766
35.4158058167
36.4303894043
36.3001098633
37.457244873
38.9415130615
35.9534416199
37.3890304565
34.2303733826
34.8166542053
31.5503234863
30.1232910156
34.7523727417
34.3396072388
30.8218727112
32.6926765442
32.8949356079
30.8295135498
26.8168697357
36.6751670837
29.0047187805
25.5639572144
27.9869384766
30.585018158
29.8763561249
30.3171367645
30.2751541138
31.7995796204
31.9415683746
30.4883327484
29.0459518433
26.6740322113
23.899805069
24.5877246857
26.8015346527
26.3408679962
24.151720047
26.7610034943
27.8065776825
25.9266147614
29.8514842987
31.6007041931
31.3159160614
33.8181304932
36.7230682373
39.5570907593
41.0499191284
42.960319519
47.1812362671
46.6392021179
51.2857894897
52.3753204346
52.0188369751
47.9863777161
44.9296035767
42.6365394592
41.7419967651
37.697467804
37.8067169189
37.5863876343
32.866443634
30.4904823303
28.7654495239
26.4886493683
24.810043335
22.4950256348
22.130607605
25.9222335815
27.6936683655
18.1024875641
18.8745803833
22.7582569122
26.9242153168
27.8738174438
24.3764610291
28.1875514984
25.264257431
22.4446125031
26.1514091492
27.3835964203
24.2258110046
25.700050354
28.9737052917
28.3684406281
26.3981952667
29.4448738098
31.6484527588
30.6476268768
30.5229892731
33.314868927
35.6543693542
35.4604530334
37.7092399597
35.7928771973
32.8250045776
31.5920658112
31.0478725433
34.1042938232
31.8256797791
28.7854328156
29.4251441956
25.2833919525
27.7759857178
31.505033493
28.3594970703
26.468164444
30.798740387
30.5552558899
27.1807765961
27.4285335541
30.791053772
31.4418411255
34.3008460999
29.3333015442
28.3035564423
25.6919269562
23.2389507294
20.9926300049
18.2888717651
16.8949832916
13.9451141357
15.4147577286
16.0411491394
18.7620067596
20.0623111725
23.6180343628
22.1621646881
18.6773395538
22.593006134
23.4387969971
19.2153053284
18.5274963379
22.4431648254
21.1860408783
18.2779026031
20.7159900665
24.3874092102
22.0017681122
21.836063385
25.6638755798
26.6742668152
25.086353302
26.5988063812
29.6244926453
28.1200962067
31.8782958984
30.4009952545
34.718372345
32.884513855
35.4475250244
31.8536605835
30.0992660522
30.4125614166
32.7287788391
31.6882610321
34.4508056641
33.2811813354
34.8134155273
40.058883667
37.2757797241
44.130947113
44.697845459
46.6735420227
46.9478263855
44.9755783081
47.0986289978
51.9551696777
47.7531242371
49.4606246948
49.1757965088
51.0552635193
44.0017433167
46.47448349
42.8672447205
44.0574836731
38.3971557617
41.1361961365
35.2435646057
38.9155845642
41.7691993713
57.3625144958
59.4509277344
55.2494697571
53.1743469238
50.0932655334
46.9744224548
44.5317993164
43.6250343323
41.1443481445
37.6869926453
33.3967895508
33.1914863586
37.6601371765
33.3223190308
32.5775756836
38.2505607605
37.4858016968
35.8014183044
33.7700004578
30.2900352478
26.4565887451
30.5531692505
31.0484313965
24.2370948792
27.0709609985
26.6174030304
24.8189582825
22.9531135559
20.1786842346
23.9229202271
21.8551559448
19.5077571869
18.4618453979
20.7566947937
18.8295459747
14.3501472473
18.6027774811
20.3327388763
19.0742282867
21.012424469
22.8929023743
22.9635868073
24.8192749023
30.2006549835
33.3080253601
37.1502914429
37.3546829224
40.7176818848
38.308216095
39.3790168762
39.9284706116
35.9600563049
34.6593551636
31.3890323639
32.896522522
31.3522815704
28.1914558411
24.4865436554
24.9193229675
27.4453029633
27.2872486115
29.4616260529
32.1923789978
27.6017360687
24.1827430725
25.4205207825
23.9237880707
21.1534767151
25.470533371
19.7379055023
20.17121315
18.9125118256
18.6667385101
16.9399261475
15.5104894638
18.5168266296
15.2787675858
11.0924263
12.568687439
13.1825313568
12.2802314758
13.5765399933
12.5197467804
11.1356430054
13.9053354263
16.149477005
18.5113563538
20.7871685028
23.5534381866
25.5789852142
29.1782131195
29.4848442078
31.7752475739
36.1997642517
38.8915901184
38.3788375854
37.3454246521
32.3199920654
34.0807991028
29.1070594788
27.4174079895
23.824300766
27.714427948
25.2484111786
31.6465549469
27.8124713898
34.7413063049
34.6389045715
37.1880569458
34.6598968506
35.9280090332
29.843788147
32.9007034302
32.6789169312
32.0326118469
32.8577728271
27.7850704193
32.1299667358
27.3074054718
27.7626399994
32.3524551392
31.0368556976
28.314661026
29.7528743744
29.6419677734
26.9472579956
30.6192512512
26.9150447845
26.0014610291
23.9896354675
21.0111560822
22.8623199463
20.0676956177
20.3370876312
18.7067565918
15.8731946945
21.6356716156
20.4313964844
19.4496536255
20.252166748
25.9095077515
25.0935707092
24.8263912201
25.811958313
29.448223114
28.0816688538
26.5440921783
28.8143997192
35.3366966248
30.0339508057
29.9523792267
33.8734474182
35.7569732666
32.6005134583
36.3331947327
39.671043396
38.8946800232
39.5875015259
43.3850059509
40.7891349792
36.824016571
33.7715034485
40.0490722656
40.8823204041
34.8314247131
32.2201576233
30.2150440216
27.7033863068
21.7511672974
20.4736537933
21.2168598175
16.656703949
12.8314161301
13.1545152664
12.6683931351
11.4002332687
12.8887834549
15.4941501617
15.291513443
20.3741607666
22.3128738403
22.2798175812
18.2561264038
15.0016736984
15.479640007
15.1371870041
12.6223526001
17.7793197632
18.0110721588
20.9741172791
20.8876743317
24.7080173492
23.930229187
30.0167865753
31.160484314
32.982963562
36.3585624695
39.3402023315
40.7118263245
43.1516723633
47.036315918
46.6966056824
45.1426734924
40.2747001648
40.8712615967
36.8847236633
38.5073356628
41.8923683167
38.7865562439
36.0093383789
39.5152015686
42.4080963135
37.216835022
37.4471092224
41.7413444519
40.5792236328
37.1962203979
40.1999740601
44.1625900269
41.445224762
42.9303359985
42.6314201355
41.804058075
38.3177986145
39.3439292908
34.7764396667
36.9928741455
40.5476341248
36.3577919006
34.6023292542
32.3733177185
33.4962844849
33.1680450439
28.8381633759
28.3546543121
30.7836303711
26.6960849762
27.5702972412
31.3819942474
31.3217697144
28.6675834656
26.5398197174
24.4277744293
23.7830581665
27.0827331543
27.5415897369
31.5024452209
31.0029163361
35.238822937
36.3916282654
40.1041412354
43.2395019531
44.7950630188
47.5712585449
51.2929801941
50.5319290161
46.9246635437
49.5669136047
49.9095306396
45.3947525024
44.2922058105
46.7881813049
44.5825996399
40.7548713684
41.8272666931
44.3006629944
39.2514839172
37.9652786255
40.7516975403
41.3703079224
36.3677749634
36.803894043
38.2103157043
34.2623176575
33.9396362305
29.3937416077
28.7720031738
24.8066501617
21.2290363312
42.960357666
40.098361969
39.8002662659
40.0634498596
38.5241355896
39.2284355164
35.0641899109
38.0465240479
36.9068527222
36.3663024902
40.927936554
37.5931434631
38.9771728516
41.2769851685
39.6193580627
42.0755233765
45.1267738342
42.5914802551
44.6210479736
45.5059432983
49.0961761475
44.1628417969
46.26512146
43.638671875
47.1613197327
42.3087425232
47.8622245789
44.7653007507
48.8857116699
50.1289024353
58.6241455078
59.607257843
56.2124290466
54.8534736633
52.2009239197
48.4989776611
49.3531227112
46.7093238831
49.0021362305
42.853931427
44.1344566345
42.4075393677
43.253868103
37.9055480957
39.1959877014
38.8374176025
38.5446472168
39.6731796265
36.6823234558
33.7262306213
34.777053833
39.0239448547
38.1240463257
33.8145904541
38.9376373291
36.1773719788
36.2847061157
33.0279045105
35.6554527283
37.6985549927
36.0077972412
34.4011993408
36.6822853088
37.9675941467
35.4965171814
35.5453491211
40.6648826599
37.8677597046
38.7223091125
35.702041626
35.4301528931
32.980670929
31.7641887665
33.0313873291
33.4430541992
36.536857605
33.0138664246
35.7838478088
30.5987014771
33.0194091797
36.6751747131
34.1228790283
31.0847110748
24.6980495453
30.6128101349
32.2815322876
30.8148269653
26.4442977905
29.4089584351
31.9866046906
30.3751373291
31.5137786865
30.699552536
30.739156723
27.5542163849
31.0747413635
26.70221138
26.5093688965
31.8355846405
29.6815357208
26.9965991974
29.5022201538
32.540019989
31.8165740967
31.0652942657
35.3294029236
36.0456085205
33.2150154114
35.1493911743
37.5688476562
39.5657653809
39.3620986938
35.3366889954
36.9473419189
32.9643859863
31.3777618408
28.5449123383
27.3109760284
24.9761371613
25.1819972992
22.7042217255
26.0156745911
23.965719223
27.3595848083
27.0808982849
31.0156650543
32.6377182007
28.7742290497
27.2164173126
24.2175674438
23.7432689667
19.8616542816
19.8598060608
22.8895702362
21.3685894012
24.5111656189
22.7887039185
23.8107662201
22.4743804932
25.2720050812
25.0798110962
26.2830753326
26.1288738251
30.3581848145
32.7481803894
33.8498001099
37.9406585693
34.7209892273
39.0477523804
37.2473526001
38.3433265686
42.4833335876
39.2897605896
37.7863807678
34.4728622437
32.6518821716
29.2262477875
29.6303520203
24.809671402
26.201877594
24.1422767639
27.2818927765
25.1997756958
26.4412746429
28.4543151855
28.3707752228
28.0511493683
30.7007369995
26.505815506
23.9019775391
23.8127670288
22.5623207092
22.2534008026
23.1670761108
22.9155254364
20.3731060028
18.9220371246
19.7725391388
17.5937194824
17.0233230591
19.3871154785
18.7317085266
19.5511035919
22.4557418823
25.2632446289
22.717376709
24.2472743988
27.1026000977
29.6757946014
28.844827652
24.5757484436
26.14453125
30.2399234772
31.3475952148
26.9727401733
28.1025371552
26.1860351562
26.3522338867
24.3477573395
26.8829059601
28.6025371552
28.6914424896
31.5390987396
31.9261398315
35.9082145691
35.3595123291
40.5380630493
42.8383026123
44.010684967
48.2043876648
47.7339401245
44.8526611328
43.8841514587
39.4961090088
39.9887504578
38.9042434692
35.979133606
35.0873069763
36.1193847656
32.412940979
32.1578063965
30.9879627228
28.8536376953
29.5542583466
28.8893032074
31.0000095367
33.6359214783
35.8288192749
35.2760734558
35.0497360229
39.632144928
35.9653892517
36.2590904236
32.9765281677
35.703414917
32.7934532166
34.1633338928
37.7480964661
37.3039245605
36.067653656
39.6259765625
41.3227348328
40.0128898621
40.7550773621
44.55727005
45.0407943726
43.6298370361
46.2645339966
49.0321846008
50.0893211365
48.4090042114
49.0806350708
45.58568573
42.8516044617
41.0950965881
38.8872756958
38.4355888367
39.2582359314
34.4046707153
31.3286304474
31.1098251343
34.6170654297
34.2812919617
30.5213031769
32.0172271729
36.8057899475
36.5624313354
35.2572555542
37.4217948914
40.8185501099
39.9458580017
40.825553894
36.4178276062
37.6962509155
36.5093231201
35.5938873291
36.1851768494
34.0489807129
36.4453392029
34.669834137
38.4715766907
39.197807312
41.1797065735
42.3615188599
45.8830757141
42.8500175476
40.6965942383
45.5806388855
45.5095252991
40.185005188
41.6565055847
45.2063140869
42.1745948792
39.5107650757
42.77891922
45.5266876221
39.7572746277
41.0376358032
45.7385063171
44.8290367126
41.8268089294
44.4392852783
46.3484306335
42.2872161865
45.0542297363
41.1786422729
43.8563690186
41.2191467285
40.4818572998
39.5752601624
38.6198616028
39.4398956299
42.0558815002
41.497013092
45.0293045044
45.5549850464
47.0085601807
52.5641174316
50.3649711609
56.3606758118
58.3861579895
60.4144706726
58.7034721375
58.7802581787
60.2645072937
64.5304946899
61.8151855469
62.9001579285
60.7473945618
61.9658203125
55.5330123901
56.9614524841
54.1021614075
54.311164856
49.4678764343
49.8120002747
44.4700508118
46.2134056091
50.089389801
67.4662857056
69.2038955688
64.3768539429
61.4443893433
59.2094917297
57.5850982666
53.872795105
53.4751205444
47.7470092773
47.6466407776
40.2816085815
41.416759491
47.2066879272
44.8402557373
44.0456390381
50.094581604
49.6111602783
45.7595596313
45.8057518005
41.584400177
37.8121757507
39.9414405823
40.3292160034
35.7404937744
36.0112686157
37.3799095154
34.6047401428
34.5897254944
30.3824291229
33.4276924133
31.4812793732
30.3813781738
27.8692989349
29.1469097137
28.4120941162
24.3019924164
24.0880126953
27.7551631927
25.8634033203
29.2828121185
32.0161972046
34.064201355
36.4379806519
41.9483566284
44.64012146
48.3528862
50.9244537354
53.6832923889
52.8851356506
52.9434585571
51.2858009338
47.0117454529
47.5016937256
46.3559455872
45.7667884827
42.9853401184
40.0410461426
38.3264884949
38.2461700439
39.7862091064
39.5692253113
42.5106544495
45.4067230225
38.8548774719
38.177318573
36.7680931091
36.8819198608
35.2427711487
37.3757667542
32.1290512085
34.2219314575
31.8324184418
30.544593811
29.4113731384
27.6154403687
28.5863132477
24.8373508453
23.2815704346
22.7011680603
20.6334114075
18.9739990234
19.6378307343
20.3741645813
20.7901191711
22.5454616547
24.5841789246
29.1311435699
31.5643062592
34.4638977051
36.589641571
39.1075134277
42.309715271
42.7514076233
45.0722160339
50.9923820496
52.2769088745
50.6675491333
51.2346839905
45.7537765503
48.8000259399
42.21849823
42.3778839111
39.1631393433
41.1279029846
40.1216621399
45.7330360413
42.3850860596
48.3672790527
49.0031356812
51.7049255371
49.0807151794
50.5207061768
43.529499054
45.3086166382
43.569065094
42.0638008118
40.3294715881
36.8177909851
38.8229637146
34.1548042297
34.1155052185
37.3842582703
38.7505760193
34.4516029358
38.6940803528
40.0297584534
38.0208625793
42.3986434937
40.7729415894
38.6194572449
37.05626297
32.2626495361
35.6574287415
33.5080795288
32.5328521729
31.1739807129
28.9684181213
33.5010566711
34.2429046631
33.9217643738
34.8340263367
40.670753479
38.4152565002
37.9757614136
38.8262634277
44.113735199
43.0698852539
40.0079498291
44.2435035706
48.2043762207
45.9373168945
45.0177268982
49.644077301
51.548625946
46.9515991211
49.2443962097
55.8707084656
54.1846313477
53.0616111755
58.1463356018
55.3888397217
51.3897972107
47.5403823853
53.6571731567
54.0084762573
48.6889686584
45.699924469
43.7740516663
41.3788070679
35.8695106506
33.0004386902
34.5551490784
29.2388954163
24.33319664
23.6309623718
21.4507408142
18.4151420593
16.2203884125
13.1749973297
8.96379947662
11.6492023468
16.774187088
13.4140367508
15.645573616
17.3791255951
18.9123878479
20.7663345337
26.599603653
24.8659477234
31.0485038757
30.916223526
36.2202339172
35.8615837097
43.1668281555
43.5225791931
45.5168762207
46.8047409058
49.4052124023
54.1328926086
57.2073440552
60.5421447754
61.0320930481
58.8634147644
53.9400405884
53.5518226624
49.7846565247
51.4974060059
54.2996788025
50.4201049805
47.7121238708
50.6697654724
53.4599609375
47.3660507202
47.6175727844
51.3425445557
49.3398628235
45.6727180481
48.5683441162
52.337348938
47.8624649048
50.5668792725
49.4923019409
50.14012146
47.0791969299
49.2762756348
44.3970870972
47.000289917
51.5342521667
48.3235359192
47.2580986023
44.9732589722
44.8538703918
44.2250556946
40.8690719604
39.9799842834
40.3853797913
35.7596931458
37.8502044678
41.3316879272
39.4041786194
36.4654006958
32.8928871155
33.6151580811
32.8240776062
37.1512527466
38.4038619995
42.7998085022
43.275390625
47.3969955444
49.4406776428
52.7502212524
56.4458808899
57.8309020996
60.8829040527
64.4154815674
64.3854598999
60.4727706909
62.1269874573
62.4566345215
58.5043449402
56.7506217957
58.5401039124
56.6862258911
52.9165649414
53.1097297668
54.977973938
50.6647071838
48.7169647217
50.2446670532
51.1492538452
46.1094856262
45.6098442078
46.1692733765
42.9145927429
40.8022575378
37.0588951111
34.1617050171
31.1664161682
26.7138557434
26.6857376099
25.0332870483
27.0499782562
28.8935852051
29.5750999451
31.8676662445
32.8925132751
35.7987670898
39.3282051086
36.7109222412
44.1490020752
44.6566543579
47.7448577881
46.3828887939
44.0776405334
47.7063674927
52.3909873962
48.8896064758
49.1720466614
48.4126167297
50.9212493896
43.7581939697
45.1665420532
40.9882240295
43.3026809692
38.8238868713
40.3535194397
36.9464683533
38.5496063232
41.140827179
56.3429946899
57.462184906
53.532043457
50.8729705811
48.5646476746
44.38489151
42.0196228027
40.3338699341
38.9772262573
34.7426452637
31.8417873383
31.9512042999
36.8843803406
33.3467826843
32.7613868713
37.3933448792
38.145816803
36.5810699463
35.7118606567
31.5555686951
29.6672477722
32.4332695007
31.8199977875
25.5667533875
30.2891769409
27.1793613434
24.3979873657
22.1055393219
22.5367126465
23.4661846161
19.5165252686
19.8780670166
19.200548172
18.3458423615
15.6288738251
14.6705121994
17.8758583069
16.2260818481
14.9580612183
14.009645462
17.4451599121
19.5732650757
21.6154460907
25.0395431519
29.619310379
33.0248756409
34.143032074
37.1035194397
35.8244934082
37.4777984619
37.8067131042
33.8096542358
31.7358398438
29.9113292694
32.706413269
30.0483474731
32.3749465942
28.4726009369
29.5155410767
31.7693767548
31.8020858765
32.960105896
34.4690551758
29.2193069458
26.4480361938
25.0298576355
23.9453201294
24.0042285919
27.7678432465
21.0817337036
21.3305206299
23.698343277
23.077167511
19.7543773651
20.2616710663
24.9659538269
21.0188598633
17.406917572
20.1868400574
23.5004177094
20.8760681152
20.5517654419
17.7793159485
19.3817863464
15.9574317932
14.7725362778
15.5853052139
16.4590454102
17.7064399719
20.0412940979
22.4551410675
23.6599121094
25.7434272766
26.1642303467
32.0022010803
32.3152885437
31.6746520996
30.6628856659
25.4302062988
28.7961101532
24.9451026917
23.9810962677
22.6718196869
24.8638401031
25.7894496918
29.6772327423
26.2594680786
32.2549133301
30.8384571075
32.7217750549
29.9009666443
30.8423595428
25.1333675385
25.7787895203
24.2465133667
23.4480495453
24.2255325317
18.1544361115
23.036485672
17.9230327606
18.3335380554
23.3740615845
21.3089027405
20.2029571533
21.8922348022
21.5164260864
20.6668663025
24.3499412537
22.627204895
20.1915607452
21.2722015381
17.4409332275
22.0575046539
19.4110641479
21.7405910492
21.4760131836
21.1051025391
26.67993927
25.0742435455
23.1694412231
23.7499351501
27.895772934
27.6953849792
25.6703205109
26.3996906281
30.6243171692
27.6755199432
25.4422931671
27.0739746094
35.087310791
27.9748344421
28.0805702209
31.6334400177
32.8581085205
30.3387432098
33.7679672241
36.7307281494
35.5565948486
36.0500946045
38.9051704407
37.8811569214
32.82081604
31.8090610504
36.7954139709
36.6913604736
31.0439567566
27.4951839447
26.5011558533
22.9099178314
19.1802616119
16.8699493408
17.7267971039
11.5278129578
11.118180275
10.2330322266
13.5509939194
15.2223548889
17.0922584534
20.9071121216
20.1066360474
26.5996055603
26.4631462097
25.7124595642
20.7027263641
17.4563999176
16.5075149536
12.6849060059
11.8986721039
13.5793428421
14.5627279282
17.6219367981
18.7605438232
21.3437080383
25.0429706573
27.3306694031
27.7775993347
32.0884666443
35.9446754456
36.1129226685
38.8774414062
42.0564422607
40.8884010315
38.5363311768
33.9801177979
33.3423805237
29.8466262817
32.3010215759
34.856502533
31.0515098572
29.1271018982
32.5253791809
34.7091827393
29.3692626953
30.584777832
34.4674034119
32.6670455933
29.5781517029
33.4101753235
36.8099098206
34.1474685669
34.5583267212
33.7374458313
32.6177902222
29.5037994385
30.6307926178
25.9371109009
27.5475597382
31.8518676758
28.2051887512
26.7159442902
25.1735992432
25.3401126862
24.2333488464
20.7967758179
20.7561264038
21.8082408905
18.081155777
20.1790561676
23.8035488129
23.4518299103
20.6743373871
18.3124637604
17.2154827118
19.7947177887
21.7010536194
23.6653461456
27.349281311
28.465593338
32.376499176
33.9961395264
38.1420516968
41.6184844971
43.9535827637
46.1727485657
49.5667533875
48.3297157288
44.5053749084
46.7303962708
46.1797409058
41.5370330811
41.335609436
43.2087364197
40.1207580566
36.8732414246
38.4300804138
39.7767486572
33.8746032715
33.5773239136
36.5931434631
35.6263580322
30.959936142
32.4905052185
32.6519012451
27.9965953827
27.5168476105
22.7414245605
21.810005188
18.8532485962
14.7769622803
20.4106826782
18.7915668488
22.3169975281
21.8610210419
23.9106311798
24.4677944183
25.9724254608
29.0542240143
30.2779521942
29.7589626312
35.5671272278
35.8450241089
39.4882278442
38.5238342285
34.1933860779
39.077747345
43.7265968323
40.0463485718
39.256816864
40.4809036255
42.0595397949
36.0358352661
35.9579238892
31.683971405
35.7197608948
32.5662269592
34.6576080322
33.6497077942
34.9600257874
35.5167655945
47.3856697083
47.2297439575
44.0141372681
41.8913002014
39.4175605774
33.6252784729
33.1307640076
30.140712738
33.1846046448
25.8953876495
28.0659122467
28.2956829071
31.1172809601
27.500837326
29.0073394775
29.8392429352
31.7357635498
32.8793983459
31.4592685699
28.5019931793
29.5718955994
31.3821105957
29.9227237701
25.3423728943
31.5770797729
25.1126346588
23.2871665955
20.1885566711
25.41837883
24.341550827
19.9491729736
24.1125278473
23.4902801514
22.2204036713
21.0606136322
22.4536094666
27.1042861938
25.2200126648
20.5182247162
16.0437164307
16.6479740143
14.3758182526
16.2538738251
14.2061414719
20.985124588
20.6506690979
22.4626808167
24.0986270905
23.0443019867
28.0608863831
28.3594970703
26.8866271973
21.2856636047
19.9319324493
25.974489212
24.1515159607
33.6347389221
29.158864975
31.1541080475
32.6231307983
31.2396316528
31.4587135315
31.1712265015
28.1955051422
24.1279582977
22.5221576691
21.5713157654
23.4272537231
27.7683792114
23.0121746063
22.5144309998
27.4867610931
27.7345619202
25.7622089386
26.8408126831
31.9975242615
28.9046173096
25.1968269348
30.0160713196
34.4824447632
32.2121124268
31.2680702209
28.8381614685
32.1058616638
26.31275177
24.3491821289
20.2612686157
20.289264679
15.940155983
16.0114898682
15.3622608185
12.2999582291
14.2612638474
11.2249612808
16.6849460602
16.0444564819
15.3590364456
14.189248085
9.88472366333
14.936879158
17.1344985962
15.9273748398
17.900718689
20.247215271
23.3635101318
26.5421657562
21.3282279968
24.809217453
21.3114738464
22.5610542297
19.8792266846
17.8712596893
14.4277935028
14.0592718124
10.5053787231
13.2127122879
15.2081956863
11.2871751785
19.5904159546
17.1063194275
15.50431633
18.9676551819
12.2625284195
14.3959932327
12.5910129547
14.1979618073
11.7103891373
17.2613945007
16.7085132599
13.3280706406
18.6969070435
18.0104885101
23.1393814087
22.111322403
26.5166893005
27.7526988983
27.6309967041
31.7226066589
28.0161361694
26.4671382904
25.2614574432
25.9297103882
28.0390434265
25.4898071289
24.3312606812
27.8355197906
23.7259712219
21.6468524933
19.8157558441
30.5212955475
19.3656349182
19.0706501007
22.4228935242
21.7161483765
21.5529308319
24.5049724579
24.0077552795
23.5422973633
23.8950233459
24.6884975433
25.6011638641
19.3825550079
21.308763504
23.7197132111
21.9294300079
18.3191547394
12.7526006699
15.8725996017
12.1520624161
14.2930898666
14.0931777954
17.5460281372
14.2208843231
19.8370895386
20.8482131958
26.0704593658
27.7997989655
29.997844696
34.9443092346
34.4839782715
40.8690719604
40.6381149292
39.6407623291
34.6416664124
31.1468601227
28.1355457306
26.0272293091
23.998544693
20.7967758179
22.5050773621
15.3087768555
17.6752471924
12.4537611008
16.5066738129
13.5443716049
16.6199245453
14.3342676163
20.373380661
25.5663452148
19.6611843109
22.1389122009
24.4770870209
22.0187301636
19.1186523438
14.8695068359
13.591794014
10.3389959335
13.9436740875
15.7947511673
12.1318445206
11.8226518631
15.3671550751
16.6064300537
13.0785493851
15.6662788391
19.04246521
18.0580654144
16.6898517609
20.744802475
23.0233783722
23.512052536
20.8958835602
21.0263347626
17.5245609283
14.5320043564
13.3925075531
10.1859903336
10.8609199524
13.0339260101
8.43332672119
7.25444126129
6.11820983887
6.66406583786
6.38562965393
5.15252971649
7.83925533295
9.75531768799
9.487865448
10.6041021347
13.8226242065
13.5095300674
15.6918001175
12.485742569
17.7445240021
14.3260087967
16.3544883728
16.816444397
19.0740394592
21.0902385712
22.1028003693
26.3526439667
29.2518749237
32.502368927
33.432258606
36.1443939209
33.8894729614
30.3285503387
32.500202179
30.8028793335
25.9188594818
27.6658878326
29.0718326569
24.7399749756
22.8195209503
25.7763729095
25.9425392151
18.8202018738
21.1340103149
25.2724380493
21.92877388
19.0531826019
22.9749717712
22.4835166931
17.494146347
19.7758426666
16.2442550659
19.0881824493
18.5206241608
19.2597789764
14.5405445099
14.9558525085
19.6990203857
20.7084465027
23.8658752441
25.3677787781
29.4620380402
31.9346122742
35.8537330627
34.3080024719
40.6245727539
43.3565979004
46.8977890015
44.8233070374
40.6887435913
45.0994415283
50.2837409973
46.6168174744
45.6799697876
45.749874115
45.7154197693
39.5280189514
39.0024871826
34.5183868408
36.7462348938
33.7864685059
33.2742805481
31.7645931244
31.5032844543
32.7181587219
48.8046264648
48.831287384
45.1885108948
42.7920951843
40.0878257751
35.2179794312
32.3674812317
30.617105484
30.1320381165
25.5258350372
23.9976425171
25.9292049408
30.7653808594
28.8371582031
29.6697177887
33.7438087463
35.5295410156
34.5468330383
34.1995277405
31.377374649
30.7229118347
31.0953235626
30.374370575
26.0287570953
30.0516242981
24.6818599701
21.7036743164
20.7835788727
23.0516548157
21.5387115479
16.563331604
22.7454147339
19.8099956512
16.5236034393
18.0488910675
18.55027771
19.6528587341
20.465265274
11.7936687469
11.7790641785
14.2852802277
15.3937616348
18.7463779449
19.2349720001
26.9862422943
26.1834068298
30.675409317
31.6027011871
32.7074241638
36.5607185364
34.3008575439
32.6748046875
28.8663768768
29.2344055176
31.7737483978
28.7054748535
37.6891326904
34.5644035339
35.7047996521
35.8929138184
35.2097053528
35.8348731995
36.8108673096
31.9014186859
28.7526760101
25.3692054749
27.1201705933
27.7763729095
30.3802146912
25.2540512085
27.1353187561
29.9093456268
28.2167339325
26.7122993469
27.7486724854
31.4538974762
26.2066802979
24.1358337402
28.0218276978
31.9790802002
27.7796363831
28.0493869781
26.5398254395
30.0740737915
25.4166126251
25.1223812103
23.3394794464
25.4055290222
22.8577747345
25.008731842
25.7582950592
25.0352210999
26.4786701202
24.497543335
30.1873264313
28.8953990936
28.5935497284
28.9054260254
24.0675106049
29.6310329437
28.7533226013
27.0886039734
28.1090908051
30.5776424408
33.3142700195
37.9670677185
32.1943969727
37.3597679138
34.3408355713
36.5184249878
33.777923584
32.4714546204
27.5368003845
26.3859996796
21.989862442
22.3791675568
21.0156784058
15.903719902
22.3942947388
17.9480953217
14.8388299942
15.6163845062
11.3324308395
16.6979885101
20.549282074
23.0464134216
22.5069961548
28.3798656464
28.1979980469
23.7942562103
28.2938480377
24.5052757263
30.529706955
28.3699111938
30.9376506805
32.1237297058
30.517621994
34.8672561646
32.9590072632
32.5985374451
31.1477375031
33.3343811035
35.5502166748
33.028175354
31.6263103485
37.1512718201
33.8155174255
30.7014522552
29.9301891327
40.8255577087
31.5333538055
30.209564209
34.0519790649
35.1950836182
32.996925354
35.1177940369
38.2843894958
37.2315635681
36.8763999939
38.1552886963
38.1167602539
32.5103607178
31.7110767365
34.8916130066
33.7967414856
30.5039672852
24.4873981476
26.8918037415
23.2509822845
21.5435657501
20.5195083618
22.3826217651
17.1501407623
18.9125118256
20.2806377411
22.7433128357
25.0508785248
24.0018901825
28.9475593567
26.6513175964
32.8928871155
33.3958282471
34.8106040955
27.5038471222
26.2609977722
22.5827713013
20.1579799652
19.0794734955
18.3124637604
19.4924430847
16.7357711792
18.7362308502
17.2481575012
21.6530284882
22.1228351593
24.6494808197
22.8651409149
28.6126041412
33.3351669312
28.2013874054
31.9069137573
33.4464645386
34.4257087708
31.3557929993
27.0789985657
25.1972999573
22.3187942505
23.9563159943
25.1526298523
20.7282314301
18.7735500336
20.6461162567
22.7874717712
16.4042606354
17.434419632
20.2163772583
17.5947875977
14.252623558
18.0171318054
21.0633831024
17.3437080383
18.6200809479
17.7291584015
18.4905338287
15.2987089157
18.1289386749
13.630241394
18.358997345
21.6492290497
20.1263217926
21.4554290771
18.358997345
16.0618495941
17.1937942505
15.6917991638
13.3490381241
10.7549514771
6.68703603745
9.7299785614
11.3057928085
8.05660152435
5.39521121979
6.9180970192
11.8276252747
11.7778654099
15.6182956696
18.2726802826
22.0329551697
24.4969158173
27.4772891998
30.8291339874
34.9182662964
37.5907936096
39.3543930054
41.9039421082
41.3362846375
37.224822998
37.5834197998
36.3673858643
32.8379516602
32.438873291
32.75989151
29.7272548676
27.3407001495
28.0664787292
27.6710529327
22.7200164795
22.3165149689
23.9523887634
22.0692386627
18.039100647
19.5770282745
17.7988872528
13.6337308884
11.6116828918
8.10918426514
6.07093954086
6.7830748558
7.46908092499
