21.769525528
19.7720565796
17.9276695251
15.3660020828
13.3732767105
13.0699825287
19.6393756866
15.9231233597
16.3215312958
15.2410354614
11.7223482132
9.14548110962
7.70321798325
6.8712553978
5.34728431702
4.64886808395
5.91374397278
8.32101345062
11.3157892227
12.6920623779
43.5611915588
39.1238441467
40.7520141602
43.0745048523
38.3162841797
35.1430740356
24.7432518005
28.6674232483
31.174571991
33.1273803711
37.1539802551
34.7951469421
40.0380134583
37.8522644043
39.8987007141
40.8012542725
38.7921066284
42.0119590759
39.4345054626
42.4468994141
40.9929122925
42.6736335754
38.0025520325
38.5731964111
40.17395401
34.5698738098
31.908454895
17.8005199432
22.5004634857
23.0402240753
26.4796104431
29.6368942261
28.6752815247
33.0395011902
32.6771965027
34.8281364441
34.2762107849
31.4867897034
34.9173164368
33.1782646179
36.0283279419
36.0481987
24.9192790985
21.9821872711
19.511674881
21.9010982513
17.3277606964
20.2122898102
34.4350509644
33.9526481628
34.7574195862
36.4185142517
34.488822937
31.0903091431
32.3153610229
29.8535957336
26.7060546875
25.945810318
23.9953708649
21.598526001
17.827709198
15.5747890472
15.1851959229
