108.436630249
95.1603622437
112.725326538
93.9011001587
113.234779358
98.9824142456
101.537734985
35.6336402893
121.857093811
103.790008545
121.324920654
102.259162903
125.203704834
107.018371582
114.145401001
44.0398292542
123.160049438
107.541801453
122.935684204
107.915313721
127.22744751
111.019470215
116.985435486
45.3680076599
123.979850769
109.54940033
126.980552673
106.849655151
125.616279602
112.798530579
115.584350586
46.4333763123
129.192657471
110.547370911
128.093139648
109.845207214
133.597869873
114.306404114
121.704338074
45.5036659241
124.071990967
107.233329773
124.975746155
106.810272217
129.280609131
111.57384491
116.116386414
36.6632423401
129.584671021
109.949226379
128.44631958
112.466621399
136.042037964
115.167976379
122.775657654
37.0130767822
123.09337616
104.791809082
124.144477844
104.959449768
128.215484619
109.404060364
115.455825806
38.9991722107
138.945159912
120.226074219
135.015869141
121.426300049
142.993469238
123.672569275
132.180038452
56.8254203796
141.596633911
125.862052917
142.879776001
124.769378662
143.812301636
129.613143921
133.661560059
53.8265075684
135.655212402
120.694862366
138.053665161
120.655311584
141.563674927
124.849906921
129.251937866
52.5581130981
138.398574829
123.016990662
142.824401855
120.264404297
142.174118042
127.517112732
129.364028931
51.8853912354
126.599060059
112.394226074
129.463241577
111.987586975
132.899246216
116.479614258
119.556663513
56.7416915894
137.647796631
118.991798401
135.132781982
121.83366394
144.739471436
123.546653748
131.974822998
49.4709854126
134.10585022
116.81842804
133.984832764
116.665229797
138.825897217
120.586608887
127.003318787
49.050201416
124.145805359
107.801055908
123.931800842
109.892585754
131.504898071
112.631652832
118.144317627
48.0064964294
116.340278625
105.699424744
122.371459961
104.0338974
119.547889709
109.310546875
110.137062073
50.1688613892
110.903442383
94.2196578979
113.144958496
92.9081878662
116.471885681
98.6667251587
103.260902405
32.312664032
113.065925598
94.2001953125
113.14025116
95.2763061523
119.157447815
99.3148193359
105.571022034
25.4871692657
100.442993164
82.4591751099
102.146652222
83.5844955444
107.422088623
87.9555511475
93.1363677979
35.5501365662
83.9013977051
74.8234100342
96.2417831421
65.0418395996
81.6884231567
77.4589157104
72.2533493042
62.6937828064
91.5675888062
80.9236755371
103.038253784
73.7498245239
92.3101196289
84.8487625122
80.6289367676
54.5038566589
89.5549087524
75.3364181519
96.8717803955
71.983215332
93.6012420654
80.1293869019
80.2861404419
45.8514633179
88.7018432617
76.5732421875
98.692817688
71.637840271
91.9026031494
81.2551651001
78.7570495605
50.7266082764
79.2149276733
65.1148376465
86.8352890015
61.3975143433
83.2802047729
69.7473373413
70.0071182251
50.7013053894
79.2149276733
65.1148376465
86.8352890015
61.3975143433
83.2802047729
69.7473373413
70.0071182251
50.7013053894
66.7188949585
52.8168792725
74.7495651245
48.4853134155
70.8260421753
57.1533203125
57.6523399353
57.4883117676
69.6355514526
59.393447876
81.8943862915
52.2061157227
71.8915786743
63.4408683777
59.1863250732
60.5205192566
66.2712554932
60.1649627686
83.0475006104
51.9471664429
69.1196212769
64.5546035767
55.5975723267
68.3898239136
69.6688156128
65.3882598877
88.246421814
56.24061203
71.6696777344
69.6389923096
58.5943603516
71.3363876343
74.7084197998
69.2424850464
92.1247024536
60.1225242615
76.0278701782
73.3777084351
63.4260787964
68.1999130249
82.2863998413
74.5838470459
97.3927764893
67.6558074951
85.2062530518
79.3317718506
71.7804412842
62.8081855774
88.6726150513
80.806640625
103.269813538
75.819442749
93.5864868164
86.2336502075
79.1760101318
64.396194458
