23.5508136749
20.0488700867
17.8793239594
18.6989440918
13.8001251221
15.0755720139
20.0976676941
21.8282432556
22.1586341858
26.7981262207
29.7803840637
27.8173961639
24.4812526703
23.4760990143
21.3207378387
34.6080284119
31.2014465332
30.7169532776
31.7375812531
27.2090129852
26.7851238251
31.1856746674
30.3194904327
30.5808029175
36.8008842468
37.7524185181
37.4329338074
31.6600856781
32.0200309753
31.1813983917
36.8884239197
33.6904029846
33.554649353
34.7809333801
30.3738594055
29.5535106659
33.9287605286
32.7259712219
33.1769638062
39.4421081543
40.1391983032
40.2917366028
34.7363548279
35.3651847839
34.5429153442
18.2776508331
16.5472736359
17.8580875397
15.5564613342
18.6843357086
18.3961620331
12.7574548721
9.90186214447
8.20117473602
6.51299333572
6.17145395279
14.7768154144
16.8084850311
14.7075195312
18.3061561584
15.0867958069
15.0300197601
16.8119125366
12.8438997269
11.2129917145
16.0885257721
16.1164150238
17.5817317963
22.8018341064
25.0992050171
25.2177772522
23.969789505
24.3909053802
21.7645053864
25.7336425781
22.1670303345
22.2524604797
22.9277172089
19.1775875092
18.3281345367
21.5915279388
20.0058174133
20.261133194
26.5673599243
27.2471141815
27.4324817657
23.0348815918
23.9799079895
22.6531410217
36.445350647
34.0912857056
35.4495162964
37.0683860779
33.7947006226
31.5707912445
34.8756370544
32.2878341675
33.4159889221
39.3177833557
39.0167236328
41.1033592224
37.7292938232
39.4529724121
38.3081359863
