20.3879718781
20.0760345459
16.9420490265
18.3797283173
15.453042984
12.4967346191
10.0796175003
8.16860866547
8.6105556488
8.20514011383
7.00796890259
12.6420040131
11.2063503265
12.6375598907
15.7492370605
15.7608175278
16.9109344482
22.0106391907
19.1809234619
15.8177862167
14.511888504
14.9032859802
11.0967817307
10.6759872437
6.36544561386
6.3089017868
6.76497507095
7.49116802216
11.0873146057
15.0201053619
17.0857505798
20.7455348969
20.1159572601
15.8211936951
12.2617712021
10.2116699219
7.04798936844
7.86185073853
6.69612693787
8.53830242157
11.3052816391
12.9764051437
15.6174411774
15.7314291
14.0049772263
13.9044055939
11.2020845413
9.43022060394
9.15369033813
10.2934246063
7.26661062241
9.2204656601
12.1906404495
14.2339382172
18.075345993
19.1246948242
22.8047447205
21.2469387054
19.5062866211
22.6681022644
21.1990356445
19.4554290771
21.422580719
20.3323097229
19.2545223236
22.4179668427
21.35704422
19.1243534088
25.2454280853
19.9611377716
18.5860691071
17.1478652954
16.5785579681
14.7125329971
11.9706573486
13.9501657486
16.6270103455
11.4495019913
16.3889141083
17.6641025543
16.0133285522
14.2773809433
17.6695613861
15.3045845032
19.0439414978
17.436498642
21.2638034821
18.923784256
18.0060577393
16.6266784668
12.0828924179
14.2773323059
10.7695732117
11.9729566574
13.2954492569
13.9668188095
17.0482673645
20.6171855927
20.9364910126
15.6411705017
17.7671833038
21.8217277527
19.1506614685
14.1636791229
19.0905189514
22.8672580719
20.3361988068
17.9145526886
22.7253684998
23.9115772247
21.5602169037
22.7513713837
28.7323188782
29.6233768463
25.6603107452
28.548078537
27.2842960358
26.7450332642
26.7320137024
30.0588207245
29.7929611206
24.9035263062
24.3204746246
24.2926330566
22.817905426
18.7610664368
20.5877571106
20.9191513062
23.156627655
24.1304702759
25.8837528229
23.5652217865
25.1374759674
27.305065155
29.269613266
29.3196411133
28.461309433
27.0033378601
25.3219242096
20.5516967773
24.2792549133
26.0973072052
29.3318595886
28.1146564484
29.4057025909
29.4574432373
31.9533252716
29.5841255188
34.6493530273
5.97935962677
6.05040693283
6.49556493759
6.38993167877
8.64437198639
10.7989749908
12.8549308777
16.5767421722
15.3528881073
20.2067279816
18.1106643677
22.5897884369
22.1798095703
19.3240146637
25.2553348541
21.4150333405
25.6288604736
30.9666805267
30.2329406738
27.2342014313
27.6041088104
27.1781406403
25.228969574
24.2010993958
21.7073097229
20.9323539734
17.0857448578
12.9385929108
11.4427118301
7.29335069656
4.73358869553
4.60398292542
5.95912742615
6.05165815353
7.5463757515
7.98510169983
12.9463748932
11.9942455292
18.9294281006
18.4475765228
21.0213928223
23.9589691162
26.3665828705
23.8533821106
20.40691185
19.2390174866
13.4858570099
16.3806495667
17.1526832581
13.3272514343
16.9033164978
12.672451973
10.7908630371
10.3017721176
9.88680076599
7.83304834366
11.6972122192
14.0495958328
12.2805337906
16.8031177521
16.8639850616
15.2092056274
19.297088623
21.194726944
23.042547226
27.1809749603
27.9362125397
28.6527519226
33.8656463623
26.9191246033
26.9151382446
27.8710002899
26.4848670959
22.6031990051
22.9411354065
26.7119655609
26.9533977509
22.1400318146
24.778131485
23.3652687073
21.4082450867
16.2278423309
18.7137470245
14.1217861176
16.8883037567
15.7536811829
18.1866130829
18.9882564545
19.1068000793
19.6275081635
15.8292779922
20.3037567139
16.4496746063
20.6984996796
19.2716827393
20.8757553101
21.2902965546
23.072763443
20.2436389923
16.7019367218
19.0888652802
18.8722801208
14.9838609695
11.1587295532
14.9779453278
14.6691455841
10.5328607559
10.0943231583
14.4328660965
11.9671812057
8.47496032715
12.1445512772
16.4353656769
16.1036071777
14.2688646317
18.0296573639
19.0447025299
18.1941490173
21.1797447205
23.8711833954
26.6255264282
23.9348697662
25.6206436157
26.2988300323
27.1314296722
25.5360927582
27.0775947571
29.6099700928
32.7148094177
31.520526886
32.397819519
27.6215381622
31.3903713226
30.9873809814
32.4698143005
34.0529098511
31.2012062073
31.6637306213
28.4462795258
24.8675727844
24.5718746185
26.7856769562
27.8774738312
27.1718902588
29.5983428955
28.5380115509
28.7002696991
25.8876056671
29.7467060089
7.0513215065
7.55580186844
9.41135597229
7.88400650024
11.228767395
14.4379587173
16.3540992737
20.2728252411
18.5211238861
23.3733768463
21.0655841827
24.8729858398
24.6483821869
21.2554664612
27.2466487885
23.0055942535
27.6325244904
32.6805114746
32.4578208923
29.5820922852
30.2364826202
29.6254520416
28.1536655426
27.1368179321
25.0975246429
24.6273727417
20.7455310822
16.9132881165
14.8994064331
11.2019882202
7.40612077713
4.60398387909
5.05028915405
7.57731151581
9.92064094543
11.2938728333
16.1185264587
15.812713623
22.8359851837
22.5063266754
25.0981941223
28.0260753632
30.4554843903
27.8356647491
24.4156341553
23.1639232635
17.4310874939
20.2996349335
20.8289585114
16.4674758911
20.2026729584
15.5193309784
12.9030456543
11.5024347305
9.74341869354
6.78488016129
9.61254310608
13.0499038696
11.6357593536
15.7735080719
16.440618515
15.3101186752
19.4769763947
22.0761203766
24.2962589264
28.3784122467
29.5838241577
30.778465271
35.5929412842
30.0169639587
30.468788147
31.4861125946
29.813659668
25.9156208038
26.6152172089
30.2831726074
30.0334568024
25.2902336121
27.3298015594
25.5615177155
23.312046051
18.0136127472
19.6266117096
15.1106328964
16.996307373
16.140460968
17.81939888
19.4297218323
19.7238178253
20.6743030548
17.6633548737
22.0636844635
18.8640193939
23.2861003876
21.9058971405
23.7806968689
23.7614555359
24.8430633545
21.8987789154
19.0875835419
20.7462253571
19.8103904724
16.5614700317
13.4024181366
15.6382684708
14.453209877
10.6991863251
10.4245166779
13.5816421509
10.4088573456
6.71098709106
10.37271595
13.747467041
12.7632675171
11.6343631744
15.2920370102
16.9584331512
16.1852054596
19.8218040466
22.2129192352
25.586971283
23.7926177979
25.7900447845
26.7548999786
28.0309181213
27.0717906952
28.2845726013
31.2101402283
34.3552474976
32.6859207153
33.35521698
28.2724170685
32.4408683777
31.466709137
32.694355011
34.542011261
31.3018360138
32.1820526123
28.7575302124
25.6922016144
24.4378013611
26.6068840027
27.1076030731
26.6313076019
29.2715015411
28.1221084595
27.6623725891
25.0311870575
28.3890380859
41.7931556702
39.3348960876
35.7846603394
34.2217140198
30.3076095581
30.4061431885
26.5558700562
24.9161128998
24.2935523987
23.1099224091
28.0473232269
27.9991092682
31.2232437134
33.9706382751
34.9990730286
38.7531166077
40.6609764099
42.8767051697
40.692024231
36.9537124634
33.9276695251
30.0134410858
29.5049819946
25.2613430023
28.6417980194
25.2060947418
29.7803974152
30.4750862122
29.3030338287
33.4334487915
33.6828155518
37.7524185181
40.1392059326
42.430355072
39.3967323303
33.8910751343
35.0608978271
33.3193092346
35.0067520142
33.6691207886
30.2842178345
33.9710197449
29.4178619385
33.2580375671
37.2147331238
33.364528656
37.0554504395
36.3901252747
36.4813537598
37.8049697876
38.7723312378
36.030582428
36.5238380432
37.7971839905
36.6880874634
40.8708724976
38.6123924255
43.0389823914
41.7863998413
36.6932296753
37.2066230774
33.2000083923
30.1676425934
27.8326263428
23.5310020447
23.1260128021
21.8119297028
18.6551933289
19.5884513855
20.03764534
15.585606575
20.5250740051
18.6756191254
15.4984235764
18.3166313171
20.9627399445
18.6846580505
13.6370744705
18.8925933838
15.0982122421
15.7328290939
20.6134796143
24.7822399139
27.9977607727
31.1755084991
33.8106384277
37.0239181519
40.8661842346
39.8183059692
35.5759429932
32.2831497192
30.4321651459
27.536655426
25.0991954803
21.4907684326
19.2685565948
17.5667171478
16.7985439301
16.2897758484
19.9241466522
21.5568218231
20.6423912048
22.8746490479
25.3823852539
27.2471122742
26.6721878052
29.5777454376
31.3194217682
31.5554180145
31.8825187683
34.7810134888
36.7007598877
36.6155929565
39.0167236328
42.506729126
41.2902565002
44.5013961792
42.8841590881
39.2672691345
37.5802078247
37.8630332947
36.9612541199
30.3005409241
31.9269752502
27.2850608826
26.5942878723
25.3077354431
32.3939704895
29.2846012115
31.560382843
34.9266166687
33.6317329407
32.4236869812
28.1823005676
30.1507091522
33.8370933533
34.8170547485
36.9915390015
38.3474121094
38.6442642212
36.0810241699
39.6502075195
37.9649353027
39.2467079163
35.9552192688
33.9416160583
31.4647254944
34.7945709229
31.7104473114
34.9973945618
21.6072788239
20.6226730347
17.7973327637
16.4956436157
13.3748073578
14.2420539856
10.4665908813
10.7519464493
6.50336027145
6.84682416916
6.72467899323
8.87090492249
10.82188797
10.9380731583
15.0477838516
15.7282447815
19.3496875763
23.1892490387
21.9077301025
17.8984699249
16.6530017853
13.8977565765
12.9562854767
10.146074295
11.3975000381
11.5387811661
10.7695713043
12.1377334595
7.84663391113
12.9971523285
13.0419034958
16.4496765137
18.8640193939
19.6358699799
15.853140831
10.2217178345
11.9984817505
10.1932582855
14.2721776962
16.2572479248
16.2834129333
20.3317317963
20.4938926697
24.1724262238
24.7860107422
21.536447525
22.2418785095
18.2205753326
18.1989212036
18.0797481537
16.3769683838
14.5639333725
12.807349205
13.2843818665
11.9821605682
16.4293766022
15.5052289963
19.4845314026
17.6428546906
13.6638345718
15.4928474426
12.715306282
10.5743284225
11.4094219208
10.0257396698
9.25380992889
12.8600616455
12.6491613388
12.4645996094
17.9929180145
19.1197757721
20.893951416
19.3505401611
16.3471450806
14.495721817
14.6078720093
15.7006750107
14.4047136307
9.31157588959
10.4223175049
10.1509752274
6.51525878906
4.831635952
8.05593299866
7.77749872208
11.500790596
12.9081315994
17.026638031
15.8739681244
12.4891376495
10.0048837662
6.22231817245
6.56976890564
5.26008605957
7.21772623062
10.2270040512
11.8251600266
13.0290670395
14.7053804398
10.7045755386
9.16246795654
13.9771461487
14.073184967
9.35997009277
10.5372257233
15.6861867905
14.8423137665
11.3990392685
14.7321357727
17.7644996643
16.5516548157
16.1909503937
21.795167923
23.5884799957
19.8631954193
22.7939052582
21.0721263885
19.2535400391
18.4078979492
21.1017818451
20.687953949
15.0630350113
15.412730217
14.4240846634
13.680270195
10.6583881378
14.8083267212
15.3404178619
18.7254333496
19.2382698059
19.6257858276
16.0122509003
17.2891139984
18.4720363617
20.9589138031
21.9610538483
21.1131515503
21.3282814026
19.5774974823
15.5871458054
18.4680690765
18.9694480896
21.3477191925
19.3517818451
20.1416473389
19.4921531677
22.072385788
19.4811458588
24.5879459381
15.7450790405
13.8200912476
11.0749893188
8.89092254639
5.8670873642
8.88129329681
6.98254823685
10.6026449203
7.75267744064
13.233704567
13.6718244553
17.4372158051
18.7878913879
17.6236381531
22.8903255463
21.7050151825
25.8636493683
30.504278183
29.312746048
25.5031528473
24.6437664032
22.5583782196
20.943271637
18.2231388092
17.6527118683
15.6331758499
14.1636724472
11.1814050674
8.06484031677
9.16796398163
7.30734634399
11.1587285995
13.4024181366
15.7267923355
13.4623813629
8.98167228699
10.9493627548
12.8528060913
14.016163826
18.3641529083
16.2438144684
20.4173183441
20.8101863861
24.4941101074
24.2111339569
19.687379837
20.6399726868
16.2160663605
18.1693725586
19.3314361572
17.2356357574
17.8305568695
14.9604692459
14.4837369919
12.9759197235
15.7616224289
12.8809900284
17.719083786
18.0821247101
13.3525161743
16.4484882355
13.9365463257
10.3721551895
12.7443943024
12.7461309433
14.8857679367
18.6407527924
18.7319984436
20.0890865326
25.0613517761
18.1897335052
19.9851226807
20.3509845734
17.7756729126
14.2359285355
15.9075241089
19.0011253357
17.5945034027
13.6129274368
14.9024009705
13.098859787
12.3184976578
8.08535766602
12.7284603119
10.7745132446
14.6602334976
16.2158203125
19.9867534637
20.1785259247
17.716884613
16.3590278625
12.2901906967
14.6044635773
9.35997200012
12.4284877777
9.47349739075
11.2493495941
11.063621521
12.5360946655
10.4995164871
6.89400720596
8.9534444809
9.58598423004
7.11787223816
7.18510150909
9.28625869751
7.48121833801
7.09096574783
10.8552083969
11.4328899384
11.2176141739
12.9081373215
17.0649719238
19.1042308807
17.4325904846
21.4603672028
21.1453056335
18.3797359467
19.5417804718
21.5275211334
23.2977371216
18.3252735138
20.7073001862
19.4239006042
20.1924362183
18.5386981964
22.716217041
23.8717365265
27.3827476501
27.3676776886
27.4649333954
22.901506424
24.7216644287
24.7348194122
27.220369339
29.0110187531
27.3959674835
28.5034637451
26.1011276245
22.4541873932
23.5805835724
24.3190498352
25.4620990753
23.5001392365
24.6506404877
22.7212581635
23.9613342285
20.3466186523
24.7640171051
19.9505996704
19.1360149384
20.0096759796
15.8428611755
17.7357616425
23.1423358917
23.1348228455
27.0771617889
23.5491733551
27.9334945679
26.5044384003
27.7491149902
29.2549228668
25.7954177856
31.2102661133
28.1971759796
33.7151184082
37.3455619812
38.1100311279
34.940612793
35.4085693359
33.0880432129
33.2553939819
31.2413845062
31.7011413574
31.3571949005
28.7323188782
26.1051769257
22.3023910522
21.3535785675
15.9084625244
16.4353713989
13.747467041
16.8853645325
18.3824367523
17.7042331696
21.2523803711
24.4747066498
26.5047531128
32.7113876343
31.8842773438
35.5571899414
37.0248985291
40.3585624695
38.9266929626
34.7642364502
34.5855293274
29.0408744812
31.5471916199
31.8845653534
27.4050865173
29.6390514374
24.7661991119
21.8193664551
18.2041301727
17.2898540497
12.6258335114
13.8490257263
16.3085517883
12.5229120255
12.9077272415
12.9867095947
12.5684146881
14.8283720016
18.5979328156
22.0016174316
25.0928878784
27.3855895996
30.495218277
33.3818740845
33.3091239929
36.0638999939
36.7230682373
33.6369018555
30.2835865021
32.4796180725
35.211025238
32.6334991455
28.9175605774
28.2126789093
25.3869571686
22.9726467133
18.8145523071
18.2371006012
16.51445961
16.1704120636
18.7020301819
19.5490398407
22.6130523682
20.9903850555
21.5738277435
20.9335155487
23.2931213379
21.7951660156
25.5587882996
24.0178794861
26.5347385406
25.0141124725
23.331703186
21.2279758453
21.2734851837
19.8189468384
17.113817215
17.8694152832
17.0649776459
13.51583004
10.9654817581
11.6365804672
11.3104896545
8.43043327332
7.20510578156
8.49293136597
7.07027101517
5.45252895355
8.47445774078
11.5245018005
13.3053073883
9.52517795563
13.4063053131
13.2403364182
18.273563385
18.0430774689
21.7915687561
22.0414447784
24.8416862488
26.2031707764
28.243806839
31.1515274048
34.5819168091
32.443813324
31.7051887512
26.0411663055
29.6765117645
27.0251674652
28.1599369049
31.0954704285
27.7819766998
30.7356719971
27.564748764
26.2360725403
23.3663196564
23.6815242767
21.9720191956
21.0027275085
23.0262184143
20.6691360474
18.5951519012
15.9729213715
17.5019264221
