513.699401855
533.495422363
531.151672363
519.970214844
498.038604736
527.714660645
512.255004883
523.597473145
520.600952148
538.617553711
537.246337891
524.188415527
503.133514404
532.698913574
517.871154785
527.681030273
520.526000977
536.357055664
535.867431641
521.919372559
504.124694824
530.627624512
517.562438965
524.905700684
524.891418457
541.221618652
540.31628418
527.846496582
508.87600708
535.269958496
522.635620117
531.08807373
512.912902832
530.302307129
530.573852539
515.455444336
496.956573486
524.955383301
508.926177979
518.653869629
512.762145996
531.841796875
530.271911621
517.913574219
495.869476318
525.956054688
510.990814209
521.444458008
502.176055908
519.109375
519.71685791
505.124969482
487.764221191
514.114379883
498.897186279
508.199890137
455.269287109
468.117614746
470.45703125
456.029937744
442.688049316
463.9921875
452.5809021
458.029205322
514.000183105
532.590026855
531.254699707
518.07635498
497.345550537
526.88848877
511.063690186
521.551818848
515.673706055
534.927978516
532.68548584
521.001586914
498.320892334
528.955566406
513.86920166
524.557556152
494.244171143
511.454772949
510.930725098
498.880737305
480.432312012
506.425384521
492.507415771
502.048065186
528.16809082
545.62713623
544.123962402
531.391784668
511.179168701
539.615600586
525.699829102
534.78717041
528.16809082
545.62713623
544.123962402
531.391784668
511.179168701
539.615600586
525.699829102
534.78717041
464.280578613
477.968505859
474.001281738
467.835388184
451.266418457
471.775970459
463.79776001
470.995788574
524.988647461
543.992614746
542.077270508
530.680908203
509.695129395
538.333374023
523.654541016
534.133422852
512.420654297
531.568237305
529.331970215
518.13873291
496.85333252
525.588012695
511.276031494
521.815246582
512.798583984
528.83782959
527.402709961
516.64654541
497.205810547
523.299621582
510.992401123
519.75378418
519.148864746
536.828796387
533.585998535
524.510620117
503.841339111
530.640197754
518.24822998
528.06060791
517.377563477
535.737670898
534.73449707
521.033874512
500.940490723
530.097290039
514.561462402
524.479553223
521.152282715
537.796875
537.942993164
524.72277832
506.117492676
532.942749023
518.726135254
527.587585449
517.192199707
535.866821289
534.41027832
521.77520752
500.842926025
529.934387207
515.19744873
525.383850098
517.192199707
535.866821289
534.41027832
521.77520752
500.842926025
529.934387207
515.19744873
525.383850098
506.797210693
524.082641602
523.818786621
509.468536377
490.403625488
518.349304199
503.948913574
512.800109863
494.596221924
513.514831543
512.461364746
499.325592041
477.691009521
507.642578125
492.549041748
502.992828369
590.259338379
609.915344238
607.777709961
595.270751953
572.154541016
603.947021484
587.821044922
598.754150391
588.448791504
607.902587891
605.364379883
593.493041992
570.424621582
601.856079102
586.203979492
596.994995117
588.234680176
607.61895752
605.191223145
593.150024414
570.152893066
601.580993652
585.909057617
596.630432129
587.149353027
605.619140625
602.727844238
591.477661133
569.015136719
599.434692383
584.910095215
594.888122559
591.519348145
609.849365234
607.018859863
595.682922363
573.333740234
603.662353516
589.213623047
599.066711426
586.338867188
604.914367676
601.853515625
590.862609863
568.289978027
598.715698242
584.223083496
594.306335449
585.264282227
604.008850098
600.823608398
590.016967773
567.300170898
597.807861328
583.258544922
593.497436523
591.634765625
611.100402832
608.088012695
596.961181641
573.786376953
604.990478516
589.674682617
600.517150879
599.534790039
618.729919434
615.664611816
604.630065918
581.63079834
612.586364746
597.542297363
608.154174805
578.619750977
598.208190918
595.795959473
583.727539062
560.59173584
592.192871094
576.336242676
587.235656738
581.853088379
601.281677246
598.909545898
586.783203125
563.76574707
595.255859375
579.508178711
590.264831543
587.396240234
606.353820801
604.027832031
591.853210449
569.171386719
600.290161133
584.91973877
595.265441895
585.194641113
603.995178223
601.544921875
589.577026367
566.976257324
597.899902344
582.760498047
592.982788086
597.608825684
616.320007324
613.762695312
601.961914062
579.40447998
610.202331543
595.212524414
605.364868164
