6.60959720612
11.1241722107
7.18845653534
11.2308292389
15.1031007767
17.9753284454
18.3367500305
12.4516887665
17.4389438629
12.8135986328
16.8819561005
19.5528144836
21.7394256592
23.4452819824
12.9592638016
15.3019504547
10.9319438934
14.3697557449
14.179186821
16.6362113953
19.0730075836
23.1364040375
25.0506458282
19.6283893585
21.2083511353
19.6731777191
19.4468593597
23.6618843079
24.1641101837
24.6528320312
20.2549133301
21.3060112
18.0727806091
18.0068626404
22.2284355164
28.7795219421
28.159072876
23.4023399353
22.2384548187
18.4665412903
15.674115181
20.3980751038
23.086233139
24.0502433777
18.0550136566
17.4739322662
16.359495163
14.0517177582
18.4700870514
20.8901767731
21.0285892487
15.3561630249
13.9629259109
12.5449771881
9.89921092987
14.2552671432
19.1409130096
14.8626403809
16.918636322
17.0073623657
13.2553024292
16.8678474426
16.1377468109
22.5932044983
17.9944190979
20.3953666687
20.1532096863
16.1316184998
19.3028011322
18.4022884369
29.3773555756
24.1012840271
27.4565315247
26.5737457275
22.7413902283
25.3608055115
23.6336765289
20.549030304
16.5088558197
15.5840606689
12.8545122147
7.95600748062
8.21503639221
8.0302028656
20.0489177704
14.5430145264
16.7186393738
13.6781101227
11.8925304413
13.8091001511
9.86703968048
22.074382782
19.1699028015
18.0902862549
17.7138843536
12.4422531128
13.9615278244
15.7917385101
21.0682048798
19.5317592621
17.2799949646
17.8791694641
13.2836503983
14.8005313873
17.6129722595
29.2605743408
28.3007965088
25.6755943298
26.426492691
21.7980995178
22.2344989777
25.7237968445
7.25269031525
7.37144851685
9.07869434357
11.694849968
16.0886650085
14.2596035004
