49.3072433472
48.5272064209
52.45362854
52.99842453
47.7920455933
47.5331840515
51.3813056946
51.5588150024
43.9462623596
43.719455719
47.510269165
47.7173271179
53.292552948
53.6226539612
57.0272102356
57.1659049988
47.7517166138
48.4644508362
52.2882194519
52.2832145691
47.1046562195
47.6597442627
51.6002616882
51.6951332092
47.1046562195
47.6597442627
51.6002616882
51.6951332092
46.7713432312
46.753868103
50.768196106
50.9596099854
46.7713432312
46.753868103
50.768196106
50.9596099854
44.8125801086
43.952255249
47.8979949951
48.3936233521
50.8542633057
51.2612953186
55.555683136
55.5887985229
46.1378974915
45.8025245667
50.1479988098
50.6672973633
32.7354393005
31.9531936646
36.3274307251
36.9773445129
30.0989189148
29.0540142059
33.3866958618
33.9083251953
23.5403175354
22.9981918335
27.1072368622
27.1419277191
18.5393714905
19.1999835968
22.0457057953
21.0752410889
18.5393714905
19.1999835968
22.0457057953
21.0752410889
22.6388626099
23.419090271
27.0157585144
27.3099422455
25.8337192535
26.6474971771
29.658241272
30.1140041351
31.5395622253
31.8807640076
35.4879074097
36.0629692078
43.9658088684
45.3918685913
49.0038223267
48.8985900879
23.7624893188
27.6249046326
29.1902236938
27.2844371796
18.311340332
22.3203697205
23.5195674896
21.5129680634
22.7839641571
26.3756427765
28.0458393097
26.6870040894
7.33631515503
10.0131101608
11.8918638229
11.3115291595
