103.251121521
129.558837891
113.658966064
118.718666077
118.707244873
105.678337097
42.050945282
40.6527442932
34.072517395
34.4418640137
34.1719207764
33.1334991455
27.3683242798
32.586971283
31.5372428894
25.8733444214
27.581407547
29.3710365295
26.9816493988
30.424665451
32.9731483459
39.1684799194
46.2693023682
45.4262008667
38.2856636047
34.5468788147
39.8446884155
29.1185112
32.6161384583
24.3717746735
29.3752384186
38.2815589905
32.4325256348
28.9689273834
30.8272628784
35.1784706116
31.9903106689
37.1076583862
32.3268547058
34.5622444153
34.2250213623
20.3861846924
18.5136203766
22.2802677155
20.8014678955
24.4523086548
26.1292972565
27.4040699005
29.0412425995
29.4192714691
32.4955596924
30.4632072449
29.2063617706
32.3539543152
30.927148819
25.8733997345
28.2652664185
31.4760532379
27.6628055573
27.6859855652
30.3377990723
31.3042373657
28.501909256
29.9046592712
33.610080719
32.4095840454
33.0622634888
34.8530578613
34.1239509583
34.1743011475
31.9113292694
28.0188770294
27.9397850037
26.2956371307
24.5911331177
23.8420829773
24.3123703003
22.810874939
26.0245342255
28.3252849579
25.9266109467
25.1763706207
22.0555229187
24.4774971008
19.8829669952
22.7912921906
21.4832649231
23.3043384552
25.7579174042
23.5183620453
26.8130817413
27.3420181274
30.7173728943
28.5008544922
30.6708450317
34.0703735352
35.1761817932
33.4032859802
34.6423530579
37.7233314514
37.9582061768
36.0420341492
38.9621315002
41.7126617432
43.7807998657
46.1624603271
41.537021637
40.8642692566
44.4630279541
45.8371200562
44.8956375122
41.3300094604
42.3892555237
44.2483253479
39.6412162781
38.3819198608
40.509513855
41.0839080811
37.1759567261
37.1924171448
40.1030578613
38.864818573
36.6255073547
37.9936752319
41.3609275818
37.1571350098
37.0010566711
41.7941818237
41.7333869934
38.548374176
40.8281364441
36.6656417847
37.7753257751
34.3993339539
36.6024017334
34.1671600342
36.3740386963
35.2393264771
34.6421279907
33.6082191467
31.4726867676
31.854019165
28.9324417114
30.9495220184
31.1708297729
32.0665397644
35.9459190369
36.973110199
33.2727813721
33.8459091187
31.0343551636
32.280544281
29.6654129028
29.1289234161
30.2784461975
30.6220607758
33.4777450562
33.4310340881
35.4607467651
37.81016922
40.5989570618
42.5440788269
43.9581756592
45.5048866272
44.2063369751
39.4142456055
42.6591110229
40.8361091614
40.2196121216
42.5221366882
41.2703399658
39.9405784607
39.7855949402
38.9190673828
38.5483398438
42.614364624
42.8624801636
39.3667297363
41.7984809875
44.0828971863
46.8995513916
46.1927871704
43.5835647583
44.6462860107
47.2813262939
48.3735809326
43.1189918518
44.934261322
40.9313774109
42.5190658569
42.1046066284
45.0363960266
42.0091362
39.5365486145
43.0404281616
44.70262146
40.4011268616
41.0093536377
42.9459571838
41.7916145325
38.922164917
42.6398200989
44.293712616
39.5385437012
40.5691108704
44.1006393433
43.4995307922
42.0454902649
39.779296875
42.9520721436
41.9070091248
42.8619194031
46.1569099426
47.3089485168
48.3729743958
48.5971908569
48.6962089539
44.9033317566
48.4341506958
51.2651557922
47.8236656189
49.3458442688
52.5288314819
52.1401023865
49.7994308472
53.1759605408
55.8186416626
54.2434082031
52.1140136719
50.6145744324
48.0581207275
51.8490715027
51.8914871216
48.720161438
50.8787612915
50.0262031555
49.3543930054
49.8906288147
54.1229019165
51.8581466675
47.9370002747
50.5474853516
52.262424469
48.0188293457
46.7624969482
50.9280700684
49.1692390442
46.2230224609
47.019493103
50.9777603149
51.1956863403
51.6576728821
48.3089981079
50.4451217651
51.7862815857
47.3895874023
47.3505706787
45.9429168701
41.9572029114
45.011932373
47.966999054
44.7270851135
43.2477073669
47.5072250366
47.5780067444
44.8207206726
45.632396698
49.124546051
48.3126373291
44.8260536194
48.1837387085
51.6541519165
107.537025452
133.20539856
117.168045044
124.634216309
120.972610474
110.960853577
47.408405304
45.941860199
38.9816322327
40.2249794006
40.4605331421
39.9515571594
33.4136161804
39.5912857056
38.4739456177
32.6214179993
34.1725616455
30.4246520996
32.0643692017
26.1806926727
29.661233902
35.8990249634
43.2342376709
43.2607116699
36.4054603577
33.7645759583
39.5586776733
26.6057796478
31.2472114563
25.0397186279
30.4515571594
42.3930625916
37.757850647
35.0125312805
37.1734390259
41.6699066162
37.8815917969
41.8175048828
36.7594528198
37.7371482849
37.9765815735
22.6055545807
21.5274791718
23.1513462067
21.825548172
25.3978366852
24.8562526703
28.4797363281
28.2809753418
29.008234024
32.817489624
29.8581466675
30.670211792
33.6880569458
31.2227458954
27.1760845184
30.7939090729
33.2206001282
28.8143692017
30.4682998657
33.2603988647
33.4486694336
30.9186210632
33.7050514221
36.8592071533
34.7732009888
36.0452384949
36.446308136
35.6896133423
34.7334060669
33.0533905029
29.091501236
30.7725753784
29.8169288635
29.0093574524
28.6895236969
29.2423820496
28.0753479004
30.5970745087
33.6929168701
30.7955856323
28.9012432098
25.6603298187
27.7870311737
24.5344028473
25.7284965515
25.8758430481
25.7049369812
27.7998580933
24.1741695404
26.5307273865
26.2747306824
28.4114189148
25.6641139984
26.8531303406
31.0122795105
30.7998352051
28.4806270599
31.294210434
33.8073959351
32.8103637695
31.0531635284
34.8447151184
37.9647102356
39.6596908569
42.7302932739
38.7032012939
37.8089103699
41.7518768311
43.2439498901
42.9945755005
39.2442321777
39.8298225403
42.5204811096
38.7413406372
36.54454422
39.1472969055
40.4666137695
36.7124252319
36.2818031311
39.7394447327
39.303691864
37.1039047241
38.0130310059
42.1055870056
38.8795547485
38.0066490173
42.5859603882
43.5444831848
40.7319755554
42.3992538452
38.2032394409
38.1408424377
33.8956947327
35.9269790649
32.2862319946
34.6725959778
32.5333213806
31.4268455505
30.011592865
29.1068534851
29.7897014618
27.474395752
29.1387634277
30.2133235931
31.5683917999
35.1573638916
35.282875061
32.9200515747
32.8192443848
31.1403541565
31.8765964508
29.0553245544
28.0188388824
30.8361701965
30.7100982666
32.9410362244
34.013168335
36.3167533875
39.8010177612
41.9219284058
44.554523468
45.4817581177
46.4257125854
44.8056640625
39.9931106567
42.7427368164
40.4131507874
40.1395874023
41.6512565613
39.6016616821
38.2459945679
37.0730323792
36.7737197876
35.4092407227
39.1476669312
38.9171562195
36.024723053
39.3574638367
42.1444969177
44.8875541687
44.9186706543
42.0509872437
42.3197288513
45.5393028259
47.2419433594
42.0569229126
44.4856796265
40.2219352722
42.3568153381
42.2508430481
44.5945396423
40.976726532
38.7458572388
41.9464797974
42.5841712952
38.3369255066
39.3892478943
40.5829086304
38.8303642273
36.360622406
40.1273918152
40.5066719055
35.8855667114
37.5203399658
40.5666389465
39.2982215881
38.0291938782
35.1887016296
38.1543617249
36.9885368347
38.5214157104
42.1282310486
42.4118423462
43.175907135
43.9222297668
44.0107955933
40.509677887
44.3316421509
47.1210174561
44.1311416626
46.5937080383
49.2162208557
48.5703544617
46.8783340454
50.5967826843
52.7840423584
51.5174446106
48.4786987305
47.6585617065
44.4001998901
47.8958206177
48.3940505981
44.9482040405
46.6324386597
46.4782333374
46.1604042053
47.1938285828
51.585067749
50.0282859802
45.6433029175
47.6926803589
50.2321014404
46.3407859802
44.2571029663
48.3978843689
47.5378189087
44.5144882202
44.4940032959
49.326625824
49.4088020325
50.6053543091
47.5698318481
50.1071128845
50.9484901428
46.3268852234
46.6097488403
45.8784446716
41.7021179199
45.3153610229
47.8397254944
44.0241928101
43.2683410645
47.5211105347
46.8242340088
43.5980415344
45.5608139038
48.5296134949
47.0132064819
43.950050354
47.8031082153
50.5981864929
102.387359619
126.956817627
113.829681396
120.920028687
117.051200867
105.787162781
46.9040641785
44.7059249878
37.9157791138
40.4241714478
40.8929138184
41.5615081787
35.6512794495
41.5676841736
39.7966957092
33.9454650879
36.1340293884
32.9731521606
33.8819236755
28.5786495209
29.661233902
34.60779953
41.5380630493
42.5931358337
36.2149925232
34.2788963318
40.2995071411
28.9836921692
30.5575466156
27.2563552856
30.2544765472
41.6619567871
38.0068817139
34.909778595
38.6224212646
41.8686752319
37.7019844055
41.3055953979
35.815826416
36.2234954834
36.5052757263
21.2584400177
21.8774757385
22.7968673706
23.8906822205
27.7529678345
28.343755722
32.5896339417
32.3693389893
31.7696857452
35.077457428
31.3463573456
32.2131500244
34.463470459
31.5217247009
27.7113838196
31.164730072
32.6430206299
27.6729030609
29.6184539795
32.1936416626
31.6818256378
29.0057678223
32.4541854858
34.8994674683
32.2283477783
33.3134155273
33.0891075134
32.2994308472
31.1716537476
29.8698558807
26.1459560394
28.3426837921
28.1912155151
27.7226467133
28.2375926971
29.5203323364
29.5154857635
31.9046421051
35.3970146179
33.7225227356
32.4053077698
29.1174411774
29.8442363739
26.5096874237
25.4723815918
25.4489002228
23.8745632172
25.2051105499
21.8714199066
23.3630104065
23.6326599121
25.6583271027
22.4819107056
24.0031547546
27.7797164917
28.2909564972
26.3296031952
28.38098526
30.9648361206
30.906036377
29.2749061584
32.4606819153
35.6555366516
37.1194190979
40.0928916931
36.026309967
34.7571601868
38.4974822998
39.7609138489
39.3754119873
35.7326850891
36.3219909668
38.7185096741
35.0144844055
32.9092178345
35.3626060486
36.5756645203
32.9597473145
32.620677948
35.963848114
35.5630111694
33.5648078918
34.5800323486
38.4165115356
35.6375923157
34.8778991699
39.1868400574
40.1821365356
37.8289794922
39.6102218628
35.6114883423
35.5949859619
31.2502975464
33.9397659302
30.0436630249
31.6855983734
29.6810493469
28.461648941
27.7442111969
26.4240913391
26.4786891937
24.0841236115
25.7570457458
26.9720592499
28.7700042725
32.0630226135
31.9512825012
29.4315700531
29.1938819885
27.712682724
28.5562458038
26.1130809784
25.808921814
28.4503498077
29.3030738831
31.3671913147
31.9626312256
34.6547050476
37.6902275085
39.566444397
42.4465904236
43.0115089417
43.700088501
42.47423172
38.4489517212
41.230140686
39.2770042419
39.583530426
41.4466896057
39.5455627441
37.7512626648
36.8064498901
35.4947853088
33.8770294189
37.7107849121
37.1203613281
33.7566642761
37.2548217773
39.7787590027
42.6086158752
42.5739517212
40.0938987732
40.6944084167
43.963809967
45.5233078003
40.6796188354
42.5103187561
38.1392059326
39.6381797791
39.1629447937
41.4053077698
38.2202224731
35.7757606506
38.6406936646
39.7432632446
35.3713417053
35.9263267517
37.3365821838
35.9346199036
33.1173248291
36.6917610168
37.7185134888
33.0373878479
34.2143554688
37.43491745
36.5895614624
35.226776123
32.7855377197
35.9808311462
35.1793746948
36.4430923462
40.0519828796
40.6934890747
42.0557899475
42.5308761597
43.221370697
39.633731842
43.5854530334
45.9854888916
42.4642791748
44.84765625
47.6904144287
46.633026123
44.5851249695
48.4883499146
50.6031074524
48.7512321472
46.1220207214
44.8984718323
41.737701416
45.1698417664
45.2216110229
41.9570884705
43.8997306824
43.2874755859
42.7920722961
43.5808525085
47.8682022095
46.0919303894
41.9519805908
44.3149337769
46.463722229
42.5923500061
40.8641548157
45.1047134399
44.0013237
41.1394691467
41.4313354492
46.0608139038
46.74168396
47.5187606812
44.5381469727
46.7631912231
47.4873046875
43.0916442871
42.9425163269
42.1501159668
38.1119613647
41.4422836304
43.8999824524
40.1862182617
39.324016571
43.4181442261
42.76927948
39.6861495972
41.5110931396
44.3958511353
43.0144462585
40.0526885986
43.7621765137
46.523475647
93.7910995483
113.572769165
102.422927856
109.131240845
104.639511108
96.4593963623
53.259021759
51.9555549622
46.3548736572
48.7279052734
50.257724762
51.6685066223
46.665309906
52.4493522644
51.2225418091
46.4329147339
49.2254066467
46.2693023682
48.510848999
44.2334480286
43.2342376709
41.5380592346
42.8970489502
45.8575592041
40.6004333496
39.8708610535
45.9026222229
39.38331604
40.7993125916
40.7162971497
44.9500732422
52.8916397095
50.6976890564
47.4836540222
51.5433197021
53.5049209595
50.1102333069
53.6929702759
48.4587783813
49.1446838379
48.2937355042
35.7660140991
35.8077354431
33.4569244385
35.1997032166
37.0620307922
37.4721794128
42.086101532
41.0957946777
39.3319854736
41.622177124
37.8287162781
39.5005264282
40.5213088989
37.6285209656
35.9717559814
38.843208313
38.9696540833
35.4662742615
37.9460220337
39.6269035339
38.8601760864
37.8139266968
40.8970298767
42.1408004761
40.2509765625
42.5364761353
42.0763931274
42.3894920349
40.9081192017
39.0415267944
36.7333831787
39.2615432739
38.7406616211
40.030040741
39.6687164307
40.1424217224
40.6868019104
41.4462890625
44.8651618958
44.098110199
42.8375358582
40.5477485657
39.6139945984
38.736618042
36.1354522705
37.9944648743
36.1305541992
38.1272773743
37.7030792236
37.1655578613
39.1483192444
40.120349884
35.523639679
34.7656364441
37.9273605347
37.6817741394
37.4306564331
40.6173820496
41.5008506775
41.1135444641
41.8817481995
44.7506713867
48.4148788452
48.2178039551
52.0435714722
48.8302154541
46.3201560974
49.4466323853
49.6750259399
49.6281166077
46.4743461609
45.9771080017
47.7516517639
45.4224739075
42.8468399048
43.8652381897
45.2245788574
42.7032546997
40.9572868347
43.5249481201
43.6031303406
41.4382667542
41.3985099792
45.0686454773
42.9470710754
41.4314155579
44.7049636841
46.0368309021
43.9452056885
44.4225234985
41.5241127014
40.797504425
37.5126457214
38.936706543
35.9342269897
38.2336807251
36.8130912781
36.7497329712
34.8534545898
33.9549942017
35.7469024658
35.3432693481
38.264289856
40.3871459961
43.1106567383
45.2820281982
44.1148147583
41.4186782837
39.8074264526
38.4411277771
37.2437400818
34.776927948
33.2044181824
36.1426620483
35.6710662842
36.8486442566
38.0027503967
39.8853263855
42.8149986267
43.9084358215
46.1759719849
46.5564155579
47.0843734741
45.864944458
42.5641555786
44.6100959778
42.9717674255
43.3632354736
44.9435462952
43.4000511169
41.7596588135
41.1678466797
39.9205207825
38.8975334167
42.4889297485
42.727306366
39.6666259766
41.8860473633
44.0265045166
46.4399833679
46.1442489624
43.9051513672
44.575340271
47.1854286194
48.3743743896
44.1630859375
45.7433929443
42.2360839844
43.8520927429
43.9463615417
45.7799491882
42.8290863037
41.1973190308
43.9829521179
44.6408882141
41.1738128662
42.5965194702
43.633228302
42.2553863525
40.5515899658
44.0854568481
44.9813194275
40.8842658997
43.0109710693
45.9930305481
45.2297554016
45.2678108215
41.7722511292
44.2476577759
42.6127243042
43.0492401123
45.8542556763
47.5105628967
48.5477676392
48.3155403137
48.5414543152
44.8218269348
48.1923027039
50.6621131897
47.176902771
48.5924263
51.5673408508
51.1162109375
48.8602561951
51.9569892883
54.3815307617
52.9292373657
51.2075271606
49.7886924744
47.7995147705
51.7841796875
52.4192619324
49.5855712891
52.4598312378
51.8606491089
50.6799163818
51.4418258667
54.5889434814
52.8827896118
49.1746864319
50.6733474731
52.3816337585
48.7481307983
47.1840515137
50.4699211121
49.070022583
46.44008255
46.7915420532
50.2444877625
50.2195320129
50.8319015503
48.1621360779
50.1958732605
51.1862297058
47.4002838135
47.9657936096
47.3639450073
44.1563072205
47.4462509155
49.3389434814
46.5635719299
46.7335968018
50.1363105774
49.7434043884
47.4004173279
49.493560791
52.0218734741
50.9547195435
49.4796905518
52.4648475647
54.7969665527
98.3852844238
122.170227051
108.375228882
111.365493774
113.481338501
100.329696655
44.207195282
44.0170593262
36.9599456787
39.0387306213
41.5195808411
42.7446594238
36.6270484924
44.4121551514
43.4498977661
38.2735443115
42.1388015747
38.2856750488
42.4030647278
37.4428520203
36.4054603577
36.2149887085
37.7466430664
40.6004333496
37.803401947
24.6782875061
35.4067573547
30.0794258118
33.6128768921
32.0548095703
38.7955093384
47.9662513733
45.1296157837
40.0815391541
45.0009002686
47.1114883423
43.3540344238
48.8970909119
42.5832061768
44.0492630005
42.2652854919
27.00390625
25.9233264923
21.7415485382
22.6609840393
22.3041496277
22.4180355072
27.3471240997
25.5639286041
22.7972927094
24.8745918274
20.4971046448
23.5644302368
24.4144535065
20.9322719574
21.0855846405
24.3317451477
24.2478199005
21.831615448
25.0806522369
26.8510284424
26.433380127
26.5149326324
29.6213111877
31.2971057892
29.8990287781
33.8656196594
33.7567405701
34.7711677551
32.922088623
29.8060398102
27.5413913727
30.2437343597
28.5468044281
30.9231472015
29.2602386475
28.6924610138
28.8809909821
28.6169757843
32.6705360413
31.3383846283
29.4559783936
27.7601127625
25.926202774
27.1200275421
24.2055053711
27.8967380524
26.578119278
30.0333824158
30.61378479
30.0150756836
32.8720817566
34.0367774963
28.6902256012
27.3030433655
30.2160758972
29.4665184021
30.1934757233
34.079410553
34.2651023865
33.3173332214
35.3043785095
38.4333572388
42.5826683044
41.7034721375
46.4029579163
43.2710380554
40.1501197815
43.5071601868
43.4256095886
43.7026977539
40.2185096741
39.0937423706
41.0679779053
38.9752197266
35.6953239441
36.1763076782
37.9963722229
35.3799858093
32.4338798523
35.1846122742
35.5500946045
32.4958305359
31.6564750671
36.5910987854
33.8166694641
31.1573524475
35.0659141541
37.2189254761
34.0665206909
33.5672264099
30.1495475769
28.4630641937
25.3209209442
25.0368785858
22.9309482574
27.2638702393
26.388584137
27.607219696
24.2339839935
23.2747077942
26.9571704865
27.4057102203
31.4041118622
33.9792747498
37.2238502502
39.5761756897
37.9956626892
34.7049636841
32.3334770203
30.3738422394
27.6828861237
24.3987522125
20.9688053131
24.1829032898
20.9851989746
21.9903945923
24.7039546967
25.9480609894
30.7298774719
31.8478088379
34.3151397705
35.0641555786
35.8117294312
33.5032958984
28.4586906433
30.4654159546
27.917591095
27.7109184265
29.0101413727
27.1443328857
25.7230224609
25.3112621307
25.0474472046
25.2337703705
29.2765388489
30.9446125031
28.1422615051
29.0040740967
31.5957221985
34.0911216736
33.6517181396
30.4573993683
30.9568691254
33.5261077881
34.9643554688
29.6479434967
32.4504699707
28.7417831421
31.9139156342
33.0478630066
35.1449737549
30.9162883759
29.7809391022
33.6799468994
33.5319061279
30.2361068726
33.1444015503
33.9309425354
32.0375442505
31.2065486908
35.4683609009
35.8792953491
31.8041286469
35.0883102417
38.1885681152
37.1030082703
38.0883407593
33.4502944946
35.4254837036
32.7631072998
32.6279907227
34.9924316406
37.4032173157
37.6964225769
37.0510177612
36.2181816101
31.9845581055
35.0332870483
38.3514595032
35.024772644
35.8967666626
39.1821327209
39.6712493896
37.3526229858
40.1271438599
43.2059288025
42.6426811218
40.7581367493
39.5014648438
38.0016136169
42.9299354553
44.5463752747
41.4633140564
44.9836959839
44.8020858765
43.2548828125
44.397518158
47.4484443665
45.9443778992
41.5266799927
42.2978172302
44.5812263489
40.4953727722
38.287940979
41.320728302
39.911239624
36.6968841553
36.7546653748
40.3449325562
38.9614601135
40.3470840454
37.2918586731
40.2606430054
41.6455574036
37.0631141663
38.8900146484
38.5126228333
34.8061027527
39.3667602539
41.3638114929
38.2483177185
39.2863502502
43.3058357239
42.7040786743
40.0808334351
43.0772781372
45.9128341675
44.4945869446
43.4716873169
46.9176979065
49.3246688843
98.0946121216
123.373588562
109.070472717
111.958847046
114.46975708
100.015007019
39.8514595032
40.016834259
32.7715148926
34.1809196472
37.1452789307
38.0654144287
31.552406311
39.9782867432
39.3078536987
34.1419029236
38.4316520691
34.5468826294
39.5300598145
34.6871185303
33.7645874023
34.2788963318
36.1461715698
39.8708572388
36.9021873474
24.6782817841
31.9174346924
26.8448505402
31.0263462067
28.5344924927
36.2663612366
45.2582969666
42.0099258423
36.2826042175
41.2944526672
43.4381217957
39.7936859131
46.0053215027
39.5884475708
41.4775161743
39.4359397888
23.6572036743
21.879776001
17.7903327942
17.5823707581
15.9960899353
16.8598480225
21.0541610718
19.6642131805
16.501991272
18.5895309448
14.5382881165
16.959072113
18.3467273712
15.2589540482
15.201004982
18.3905315399
19.1171665192
17.5514125824
20.2128734589
22.0890541077
22.4255180359
22.7142715454
25.1344833374
27.3747253418
26.6346549988
30.8319377899
31.442527771
32.5702362061
31.0509929657
27.4083595276
24.979598999
27.0518817902
24.6137599945
27.0680522919
24.6854686737
23.5154380798
23.3110561371
22.6612186432
26.7620239258
25.1748771667
23.1852035522
21.8313694
19.7003669739
21.8250522614
19.4480991364
23.6036090851
23.1602554321
27.2523899078
28.1280403137
28.0267601013
31.0563774109
32.6991386414
27.4225845337
26.4969921112
29.4692058563
29.0412406921
29.6146411896
33.2736663818
33.7699928284
32.9602355957
34.6620826721
37.8460540771
41.9577484131
41.3158988953
45.8971862793
42.5104255676
39.5268249512
42.940246582
42.9164733887
43.0140419006
39.4631004333
38.5050048828
40.3444747925
37.8790893555
34.8041915894
35.2205810547
36.8431739807
34.0365600586
31.1697120667
33.8170089722
33.8680686951
30.6028938293
29.8768939972
34.768699646
31.3215179443
28.7466716766
32.9993057251
34.8282203674
31.1568031311
30.7412528992
27.1039562225
25.8622150421
23.2411060333
22.5841140747
21.5706348419
26.0749549866
25.6247138977
26.9932098389
23.6936836243
22.2632350922
25.8553256989
25.8975448608
30.1164264679
32.4722633362
35.6052055359
38.2346343994
36.9487915039
33.1770896912
31.0240840912
28.5276050568
25.9203834534
22.4713554382
19.0219688416
21.3041591644
17.4043560028
19.1035346985
21.5036735535
22.2739906311
27.150177002
28.7600574493
30.8802986145
32.0985069275
33.2969703674
30.8017845154
24.9697856903
27.3595085144
24.7383556366
23.8573684692
25.5119457245
24.0307884216
22.9082546234
23.1533641815
23.1732749939
24.2352924347
28.3065929413
30.3659706116
27.5036697388
27.8006496429
30.2439174652
32.7476730347
31.9440326691
28.6207618713
29.402217865
31.6266822815
32.8404045105
27.1241645813
30.044467926
26.4651622772
29.7953891754
31.0307502747
33.5162086487
29.2712059021
28.1060390472
32.3951225281
32.5262870789
29.23944664
32.1587181091
33.2027206421
31.4336280823
30.5057601929
34.8608360291
35.5556335449
31.4057350159
34.5775489807
37.8512878418
36.8490982056
37.7358703613
33.1738204956
35.2174110413
32.5211448669
32.2990112305
34.5348587036
37.1335411072
37.3110427856
36.5757102966
35.4760131836
31.1835098267
33.985912323
37.5160560608
34.2369384766
34.6723403931
38.1435813904
38.9552268982
36.4982872009
39.0396842957
42.3885574341
41.9563941956
40.2601051331
38.8804740906
37.6232833862
42.7005653381
44.3168754578
41.2311439514
44.8336219788
44.5687217712
42.9575614929
44.0241394043
47.108745575
45.4146537781
41.0071258545
41.8965454102
44.0467605591
39.7582206726
37.7140426636
40.7579460144
39.0639839172
35.7690963745
36.0553512573
39.3955612183
37.7692642212
39.0525970459
35.7625923157
38.7781562805
40.462020874
35.7864875793
37.7060394287
37.0667762756
33.2969093323
37.8705673218
40.1085700989
37.1149520874
37.9480056763
42.1267929077
41.7704620361
39.2144775391
41.9175109863
45.0231781006
43.7709732056
42.544380188
45.9554748535
48.637512207
98.0946121216
123.373588562
109.070472717
111.958847046
114.46975708
100.015007019
39.8514595032
40.016834259
32.7715148926
34.1809196472
37.1452789307
38.0654144287
31.552406311
39.9782867432
39.3078536987
34.1419029236
38.4316520691
34.5468826294
39.5300598145
34.6871185303
33.7645874023
34.2788963318
36.1461715698
39.8708572388
36.9021873474
24.6782817841
31.9174346924
26.8448505402
31.0263462067
28.5344924927
36.2663612366
45.2582969666
42.0099258423
36.2826042175
41.2944526672
43.4381217957
39.7936859131
46.0053215027
39.5884475708
41.4775161743
39.4359397888
23.6572036743
21.879776001
17.7903327942
17.5823707581
15.9960899353
16.8598480225
21.0541610718
19.6642131805
16.501991272
18.5895309448
14.5382881165
16.959072113
18.3467273712
15.2589540482
15.201004982
18.3905315399
19.1171665192
17.5514125824
20.2128734589
22.0890541077
22.4255180359
22.7142715454
25.1344833374
27.3747253418
26.6346549988
30.8319377899
31.442527771
32.5702362061
31.0509929657
27.4083595276
24.979598999
27.0518817902
24.6137599945
27.0680522919
24.6854686737
23.5154380798
23.3110561371
22.6612186432
26.7620239258
25.1748771667
23.1852035522
21.8313694
19.7003669739
21.8250522614
19.4480991364
23.6036090851
23.1602554321
27.2523899078
28.1280403137
28.0267601013
31.0563774109
32.6991386414
27.4225845337
26.4969921112
29.4692058563
29.0412406921
29.6146411896
33.2736663818
33.7699928284
32.9602355957
34.6620826721
37.8460540771
41.9577484131
41.3158988953
45.8971862793
42.5104255676
39.5268249512
42.940246582
42.9164733887
43.0140419006
39.4631004333
38.5050048828
40.3444747925
37.8790893555
34.8041915894
35.2205810547
36.8431739807
34.0365600586
31.1697120667
33.8170089722
33.8680686951
30.6028938293
29.8768939972
34.768699646
31.3215179443
28.7466716766
32.9993057251
34.8282203674
31.1568031311
30.7412528992
27.1039562225
25.8622150421
23.2411060333
22.5841140747
21.5706348419
26.0749549866
25.6247138977
26.9932098389
23.6936836243
22.2632350922
25.8553256989
25.8975448608
30.1164264679
32.4722633362
35.6052055359
38.2346343994
36.9487915039
33.1770896912
31.0240840912
28.5276050568
25.9203834534
22.4713554382
19.0219688416
21.3041591644
17.4043560028
19.1035346985
21.5036735535
22.2739906311
27.150177002
28.7600574493
30.8802986145
32.0985069275
33.2969703674
30.8017845154
24.9697856903
27.3595085144
24.7383556366
23.8573684692
25.5119457245
24.0307884216
22.9082546234
23.1533641815
23.1732749939
24.2352924347
28.3065929413
30.3659706116
27.5036697388
27.8006496429
30.2439174652
32.7476730347
31.9440326691
28.6207618713
29.402217865
31.6266822815
32.8404045105
27.1241645813
30.044467926
26.4651622772
29.7953891754
31.0307502747
33.5162086487
29.2712059021
28.1060390472
32.3951225281
32.5262870789
29.23944664
32.1587181091
33.2027206421
31.4336280823
30.5057601929
34.8608360291
35.5556335449
31.4057350159
34.5775489807
37.8512878418
36.8490982056
37.7358703613
33.1738204956
35.2174110413
32.5211448669
32.2990112305
34.5348587036
37.1335411072
37.3110427856
36.5757102966
35.4760131836
31.1835098267
33.985912323
37.5160560608
34.2369384766
34.6723403931
38.1435813904
38.9552268982
36.4982872009
39.0396842957
42.3885574341
41.9563941956
40.2601051331
38.8804740906
37.6232833862
42.7005653381
44.3168754578
41.2311439514
44.8336219788
44.5687217712
42.9575614929
44.0241394043
47.108745575
45.4146537781
41.0071258545
41.8965454102
44.0467605591
39.7582206726
37.7140426636
40.7579460144
39.0639839172
35.7690963745
36.0553512573
39.3955612183
37.7692642212
39.0525970459
35.7625923157
38.7781562805
40.462020874
35.7864875793
37.7060394287
37.0667762756
33.2969093323
37.8705673218
40.1085700989
37.1149520874
37.9480056763
42.1267929077
41.7704620361
39.2144775391
41.9175109863
45.0231781006
43.7709732056
42.544380188
45.9554748535
48.637512207
103.86277771
130.466171265
113.03503418
118.961853027
118.655433655
106.767166138
42.2989654541
41.5637550354
34.2418403625
35.3092346191
36.4241523743
36.2808570862
29.5294742584
37.0155639648
35.8740005493
30.206615448
33.3093490601
29.1185131073
33.1203727722
27.6458415985
26.6057796478
28.9836864471
32.9719429016
39.38331604
37.8790435791
30.0794258118
26.8448543549
32.7758712769
27.1685638428
22.5483226776
30.4067287445
41.4649429321
37.2502593994
32.9899139404
36.3729705811
40.0998039246
36.1120681763
41.6013298035
35.6467895508
37.2633705139
36.1879348755
19.7908992767
17.7232189178
17.4239902496
15.5240039825
18.5134849548
18.3728313446
22.5051784515
22.1304168701
22.0322170258
25.6565093994
22.6391506195
23.4950618744
26.3880786896
24.014421463
20.2260093689
23.9752464294
26.3479251862
22.5160732269
24.3557987213
27.0661334991
27.5166339874
25.6465549469
28.2422924042
31.3943595886
29.868188858
32.1693077087
32.909954071
32.8197059631
31.7363014221
29.1271247864
25.3522853851
27.090555191
25.3357810974
25.6078529358
24.2667922974
24.1188259125
23.0060081482
24.6926460266
28.1802864075
25.4786052704
23.401889801
20.4474277496
21.5186462402
19.7629642487
20.1774673462
21.8502349854
21.8887691498
25.2125549316
23.378824234
24.9839363098
26.2806186676
28.4681053162
24.3594150543
24.8213939667
28.9072265625
28.6526126862
27.3127326965
30.6630420685
32.5658454895
31.6038169861
31.1632843018
34.8994407654
38.5460548401
39.4015655518
43.1473083496
39.1860923767
37.4365959167
41.3203582764
42.2837257385
42.0994033813
38.2815704346
38.3399200439
40.7597961426
37.2234916687
34.6675415039
36.5454559326
37.9593505859
34.3508338928
33.0383911133
36.3261833191
35.9393234253
33.2346343994
33.678981781
38.1317558289
34.5197982788
33.131061554
37.8211898804
38.935962677
35.640586853
36.7548141479
32.6145248413
32.3683662415
28.5546875
29.8803577423
26.9613990784
30.1838264465
28.5417900085
28.257976532
26.0201053619
24.7703533173
26.5637645721
24.8263378143
27.7979164124
29.4262123108
31.5887241364
35.0020675659
34.6510734558
31.441110611
30.5962467194
28.3311061859
27.9463005066
24.6280174255
22.6800842285
25.4714927673
24.2885627747
26.6093330383
27.9528503418
29.8402385712
33.6445655823
35.7883834839
38.1343078613
39.3034286499
40.4841995239
38.5741195679
33.3220939636
36.0593452454
33.6642150879
33.0909042358
34.7051315308
32.88904953
31.6580982208
30.9233665466
30.777387619
30.175201416
34.1766700745
34.7591667175
31.7316093445
34.1485977173
36.8794670105
39.6088981628
39.2926902771
36.2199287415
36.7001609802
39.5903549194
41.1008224487
35.6497879028
38.2341270447
34.1676139832
36.6983566284
37.0067481995
39.5528907776
35.6742935181
33.6960754395
37.4276847839
37.9905204773
33.9107971191
35.6291618347
36.882484436
35.0754470825
33.0003166199
37.1778793335
37.7481079102
33.0546531677
35.3322868347
38.6434440613
37.438419342
36.9271965027
33.2753639221
36.0501441956
34.2329139709
35.1983604431
38.4557685852
39.6004447937
40.1381607056
40.3736763
39.9799118042
36.082862854
39.6412734985
42.8048210144
39.664806366
41.4343070984
44.4192085266
44.3348007202
42.3207931519
45.6639976501
48.3478622437
47.3868598938
44.781917572
43.7267799377
41.1188697815
45.3310585022
46.260055542
42.8371505737
45.3155174255
45.0959396362
44.2656707764
45.3214073181
49.360874176
47.6531028748
43.1432495117
44.8684120178
47.29895401
43.10313797
41.0174942017
44.89686203
43.6476707458
40.431476593
40.5712203979
44.9553222656
44.4050216675
45.612033844
42.381187439
45.109752655
46.3415679932
41.5980911255
42.4454193115
41.6363182068
37.4772453308
41.4936485291
44.0620651245
40.4824142456
40.1800460815
44.566608429
44.0693855286
41.0146484375
43.1906394958
46.3862113953
44.9924163818
42.4514350891
46.2216949463
49.1501121521
103.86277771
130.466171265
113.03503418
118.961853027
118.655433655
106.767166138
42.2989654541
41.5637550354
34.2418403625
35.3092346191
36.4241523743
36.2808570862
29.5294742584
37.0155639648
35.8740005493
30.206615448
33.3093490601
29.1185131073
33.1203727722
27.6458415985
26.6057796478
28.9836864471
32.9719429016
39.38331604
37.8790435791
30.0794258118
26.8448543549
32.7758712769
27.1685638428
22.5483226776
30.4067287445
41.4649429321
37.2502593994
32.9899139404
36.3729705811
40.0998039246
36.1120681763
41.6013298035
35.6467895508
37.2633705139
36.1879348755
19.7908992767
17.7232189178
17.4239902496
15.5240039825
18.5134849548
18.3728313446
22.5051784515
22.1304168701
22.0322170258
25.6565093994
22.6391506195
23.4950618744
26.3880786896
24.014421463
20.2260093689
23.9752464294
26.3479251862
22.5160732269
24.3557987213
27.0661334991
27.5166339874
25.6465549469
28.2422924042
31.3943595886
29.868188858
32.1693077087
32.909954071
32.8197059631
31.7363014221
29.1271247864
25.3522853851
27.090555191
25.3357810974
25.6078529358
24.2667922974
24.1188259125
23.0060081482
24.6926460266
28.1802864075
25.4786052704
23.401889801
20.4474277496
21.5186462402
19.7629642487
20.1774673462
21.8502349854
21.8887691498
25.2125549316
23.378824234
24.9839363098
26.2806186676
28.4681053162
24.3594150543
24.8213939667
28.9072265625
28.6526126862
27.3127326965
30.6630420685
32.5658454895
31.6038169861
31.1632843018
34.8994407654
38.5460548401
39.4015655518
43.1473083496
39.1860923767
37.4365959167
41.3203582764
42.2837257385
42.0994033813
38.2815704346
38.3399200439
40.7597961426
37.2234916687
34.6675415039
36.5454559326
37.9593505859
34.3508338928
33.0383911133
36.3261833191
35.9393234253
33.2346343994
33.678981781
38.1317558289
34.5197982788
33.131061554
37.8211898804
38.935962677
35.640586853
36.7548141479
32.6145248413
32.3683662415
28.5546875
29.8803577423
26.9613990784
30.1838264465
28.5417900085
28.257976532
26.0201053619
24.7703533173
26.5637645721
24.8263378143
27.7979164124
29.4262123108
31.5887241364
35.0020675659
34.6510734558
31.441110611
30.5962467194
28.3311061859
27.9463005066
24.6280174255
22.6800842285
25.4714927673
24.2885627747
26.6093330383
27.9528503418
29.8402385712
33.6445655823
35.7883834839
38.1343078613
39.3034286499
40.4841995239
38.5741195679
33.3220939636
36.0593452454
33.6642150879
33.0909042358
34.7051315308
32.88904953
31.6580982208
30.9233665466
30.777387619
30.175201416
34.1766700745
34.7591667175
31.7316093445
34.1485977173
36.8794670105
39.6088981628
39.2926902771
36.2199287415
36.7001609802
39.5903549194
41.1008224487
35.6497879028
38.2341270447
34.1676139832
36.6983566284
37.0067481995
39.5528907776
35.6742935181
33.6960754395
37.4276847839
37.9905204773
33.9107971191
35.6291618347
36.882484436
35.0754470825
33.0003166199
37.1778793335
37.7481079102
33.0546531677
35.3322868347
38.6434440613
37.438419342
36.9271965027
33.2753639221
36.0501441956
34.2329139709
35.1983604431
38.4557685852
39.6004447937
40.1381607056
40.3736763
39.9799118042
36.082862854
39.6412734985
42.8048210144
39.664806366
41.4343070984
44.4192085266
44.3348007202
42.3207931519
45.6639976501
48.3478622437
47.3868598938
44.781917572
43.7267799377
41.1188697815
45.3310585022
46.260055542
42.8371505737
45.3155174255
45.0959396362
44.2656707764
45.3214073181
49.360874176
47.6531028748
43.1432495117
44.8684120178
47.29895401
43.10313797
41.0174942017
44.89686203
43.6476707458
40.431476593
40.5712203979
44.9553222656
44.4050216675
45.612033844
42.381187439
45.109752655
46.3415679932
41.5980911255
42.4454193115
41.6363182068
37.4772453308
41.4936485291
44.0620651245
40.4824142456
40.1800460815
44.566608429
44.0693855286
41.0146484375
43.1906394958
46.3862113953
44.9924163818
42.4514350891
46.2216949463
49.1501121521
104.821121216
129.690048218
112.604019165
120.260292053
117.466941833
108.11668396
44.6903457642
42.3758506775
35.5623435974
37.9070549011
37.4051742554
37.5121765137
32.6504554749
37.5585136414
34.948097229
29.6945075989
31.6321163177
29.3752326965
29.3004989624
25.8769245148
30.4515666962
30.2544784546
38.1836585999
44.9500770569
45.1142539978
38.7954978943
36.2663726807
42.0497932434
30.4067268372
32.2729263306
26.1596717834
37.9082336426
33.0642967224
30.3579292297
33.2864875793
36.9321708679
32.5002479553
36.4774093628
31.1101703644
31.9407348633
32.9237709045
18.8961715698
19.7789611816
23.07837677
23.8473815918
28.1137390137
29.6310157776
32.4838600159
33.3457756042
33.077167511
36.2721710205
33.158416748
32.7489700317
35.3820457458
33.0547485352
28.2425956726
31.0736942291
33.3228378296
28.3712406158
29.1626911163
31.8213157654
31.8171348572
28.4838008881
31.1358718872
34.165019989
31.7863712311
31.8293838501
32.543888092
31.2563762665
31.0069484711
29.7319030762
25.7189178467
26.5438804626
26.3473472595
24.5097866058
25.477191925
27.1484279633
26.9645423889
30.1122207642
32.951133728
31.4603538513
30.807970047
27.4904193878
28.8299503326
24.2572898865
24.4272632599
22.6830310822
22.2178001404
23.0389652252
18.9791965485
22.3599281311
21.9253997803
25.3190422058
23.8311004639
26.6942501068
29.9182434082
31.4470481873
29.2914619446
29.6788215637
33.2542304993
34.017993927
31.3595409393
33.951423645
36.5075759888
38.9972000122
41.0158805847
36.2273635864
35.823890686
39.5090522766
41.1751747131
40.1740112305
36.5366325378
37.9444198608
40.0265007019
35.2294502258
34.0730705261
36.7913093567
37.4124145508
33.3248939514
33.9466590881
37.1660232544
36.0492668152
34.1991653442
35.9152297974
39.2367477417
35.6706809998
35.722328186
40.4566459656
40.6050071716
38.0157623291
40.6700515747
36.3878250122
37.3409614563
33.2128562927
36.3648109436
32.8927574158
34.2169265747
32.6273498535
31.3541812897
31.2131595612
29.1347389221
28.4575405121
25.1169929504
26.1643981934
26.140460968
26.8521194458
30.8239498138
31.9362258911
28.7919960022
29.7290744781
27.5883998871
29.6393547058
27.4865226746
27.8829536438
29.400177002
30.953125
33.5793418884
33.3747749329
36.1193313599
38.4354629517
40.9672927856
43.5753097534
44.517829895
45.6520843506
44.6288642883
40.3886032104
43.6707420349
41.8965339661
41.9396972656
44.2928123474
42.7121582031
40.9301300049
40.3950386047
38.8530158997
37.6053314209
41.6864547729
41.1144104004
37.3712158203
40.769317627
43.1524124146
46.1600875854
45.7915725708
43.3574180603
44.3561859131
47.5126953125
48.8571662903
43.7399559021
45.3344154358
40.8484802246
42.0006561279
41.1332893372
43.8689956665
40.9693145752
38.1216392517
41.161605835
43.015537262
38.3230056763
38.2825889587
40.2604293823
39.2034873962
35.7984237671
39.2787590027
41.0785636902
36.1831817627
36.5998153687
40.1278572083
39.6547279358
37.6104698181
36.0282249451
39.5336418152
39.0980415344
40.3391952515
44.0368728638
44.7638969421
46.3562240601
46.820110321
47.6212272644
43.9261665344
47.9053916931
50.3487472534
46.6111335754
48.8099136353
51.9082298279
50.8171691895
48.5027961731
52.4852905273
54.7604293823
52.6207580566
50.1529006958
48.6364784241
45.4449539185
48.8092918396
48.3544845581
45.1073608398
46.896686554
45.8678817749
45.4726448059
45.9509468079
50.5990142822
48.3543014526
44.3821487427
47.4303512573
49.2424316406
45.0902709961
43.8216896057
48.4264755249
46.9089317322
44.0225105286
44.7676811218
49.3146705627
50.3112564087
50.7308692932
47.4455680847
49.4938354492
50.4296302795
45.9468307495
45.324420929
44.0300292969
39.8419685364
42.7495803833
45.6909332275
42.0102424622
40.2326202393
44.5357055664
44.2997703552
41.2535820007
42.1358528137
45.4700698853
44.4448928833
40.5560379028
44.1749725342
47.5470161438
110.915878296
138.230255127
120.796554565
123.866828918
127.081359863
113.104286194
38.5495109558
39.9127731323
32.227104187
31.1547336578
33.8715400696
32.4580612183
24.3853702545
34.1633148193
34.5984420776
29.4260654449
33.4228935242
29.0412425995
35.1507492065
29.7808666229
28.2809753418
32.3693389893
35.7161064148
41.095790863
37.8053970337
25.5639286041
19.6642112732
30.4899997711
22.1304168701
29.55742836
23.2932262421
33.3457794189
44.1968154907
39.0857048035
33.322593689
36.6571578979
40.5739326477
37.2317733765
44.3486328125
38.2100410461
40.4546051025
38.5253181458
21.1644630432
17.6970920563
15.8363428116
11.6420116425
8.29883861542
5.56238365173
5.31530237198
5.08948087692
8.696434021
9.50260543823
10.4460268021
14.2421808243
13.8704872131
12.8647575378
15.3890457153
18.7707633972
18.3019943237
19.6893806458
22.035369873
23.8583488464
23.6656970978
24.860868454
28.7811660767
28.8082046509
32.8035812378
34.3780784607
35.0845146179
33.813129425
29.8983402252
26.3286743164
27.7436180115
24.2913093567
25.5801620483
22.14295578
19.8032741547
17.1522140503
16.5723381042
19.5135231018
14.9048814774
11.1583356857
11.202214241
11.9331502914
15.1651353836
17.1671199799
20.7548713684
22.3219718933
27.155424118
26.3382263184
27.9284973145
29.8873291016
32.0989608765
27.161529541
26.6295280457
30.8706264496
29.5976047516
28.9818572998
33.6684761047
34.7254333496
32.6176605225
33.5475311279
37.8778419495
42.0585365295
42.1249694824
46.8955574036
43.1901130676
40.8714675903
45.0027008057
45.652053833
45.9105529785
41.8246803284
41.1576919556
43.8349838257
40.714225769
37.4190979004
38.7468032837
40.6208572388
37.0528030396
34.530620575
37.8372001648
37.7293548584
34.1962165833
33.7432327271
39.1765327454
34.8183746338
32.3706283569
37.3779830933
39.0887489319
34.57472229
34.3890724182
30.1686649323
29.1486873627
26.3426055908
25.1699542999
24.1337852478
29.189655304
27.9871273041
28.7866706848
24.9282207489
24.2049007416
27.7745990753
26.9299087524
30.8570213318
33.0037117004
35.6006851196
39.1882781982
38.4112892151
34.7808609009
33.1995811462
30.4191112518
28.6066112518
24.6066093445
21.0049610138
23.5964050293
19.3698806763
21.3718185425
24.0274887085
24.2646064758
29.5713310242
31.7940406799
33.4590759277
35.4265174866
37.1151847839
33.9019165039
26.6419582367
28.8886356354
25.5957794189
23.3000202179
23.903553009
22.2506103516
22.4335193634
22.0755023956
24.3874130249
25.5157432556
29.1444091797
31.5001621246
29.4434337616
30.0749149323
33.0321311951
35.3578605652
34.8442840576
30.8674373627
30.8445167542
32.9840660095
34.5476303101
28.3355731964
32.4173088074
29.1329288483
33.4455680847
35.1306343079
37.8043060303
32.8055229187
31.7919845581
36.4916915894
35.8508110046
32.5260887146
35.896938324
36.6485137939
34.2229537964
33.3915367126
38.1573791504
37.7553405762
33.3817939758
37.026473999
40.2146263123
38.4470329285
39.0525932312
33.9995727539
36.025188446
32.9657592773
33.4996833801
36.0187606812
37.662815094
36.8638000488
36.7830352783
34.6379127502
30.6664390564
33.2024726868
37.4338912964
35.2780990601
36.1119232178
38.9775924683
40.4769020081
38.834274292
41.149646759
44.4988632202
45.1391105652
42.416053772
41.8807411194
40.0525550842
45.102684021
47.3653678894
43.7660255432
46.7577590942
47.251789093
46.1095123291
47.6485786438
51.3325843811
50.0256118774
44.9312210083
45.5465240479
48.6051521301
44.1958351135
41.3930282593
44.5936660767
43.5132637024
39.8698539734
39.5042457581
43.6327667236
41.0762252808
43.2565345764
39.8864059448
43.5205726624
45.2662200928
40.0528793335
42.5054931641
41.9856109619
37.6815757751
42.7907676697
45.2969703674
41.7130584717
42.4136962891
47.1854705811
46.5615653992
43.3920211792
46.4223632812
49.8136825562
48.1251106262
46.2238807678
50.2945632935
53.1815261841
103.418609619
130.870559692
112.680534363
117.844940186
118.522727966
106.299949646
27.9054927826
29.0683326721
21.6626663208
20.404258728
23.7453918457
23.1438922882
16.2903461456
26.4034194946
25.7530117035
21.667263031
27.4642009735
24.4774951935
31.0422267914
27.3102798462
27.7870254517
29.8442497253
34.2083244324
39.6139907837
37.0214424133
25.9261989594
19.7003746033
29.9327220917
21.5186405182
26.4565811157
20.4673538208
28.8299465179
37.9776916504
32.0971717834
24.2236099243
28.8892841339
31.4304428101
27.820734024
36.3579711914
30.0307884216
33.5722999573
31.2744560242
14.6071138382
11.382352829
10.3945131302
7.97733592987
6.10746622086
10.476064682
9.1996383667
11.9331502914
10.4904947281
12.0875606537
11.6930856705
7.57486724854
11.5992975235
12.0286359787
7.38974475861
7.68644237518
12.9097938538
12.0436182022
10.9233760834
13.3666610718
16.1466350555
15.2346382141
14.8656311035
19.6048851013
20.3891334534
23.5502033234
26.5060768127
27.1788005829
27.0227489471
22.670173645
19.2878665924
18.9058475494
14.7727508545
15.9047250748
11.7697000504
8.96789360046
6.55922555923
5.83280706406
9.42785072327
6.9072432518
6.13782787323
5.7741818428
6.9767203331
8.7013463974
11.629981041
14.6008234024
19.5514678955
20.6530284882
22.4190540314
25.2927207947
28.4567298889
24.0729541779
24.9234676361
28.2970809937
29.046257019
28.6287002563
31.1426181793
33.1776313782
33.0539321899
33.0987815857
36.3467941284
40.0677032471
40.8419494629
44.5351409912
40.0381317139
38.0101394653
41.7326126099
42.3631668091
41.6519546509
37.803062439
37.9301605225
39.592414856
35.3384819031
33.2665023804
34.2695045471
35.1236991882
31.319568634
29.649274826
32.3909835815
31.1833534241
27.7661552429
28.2482662201
32.6093559265
27.0742378235
25.8336715698
31.3721179962
31.5730571747
26.7540569305
28.091594696
23.4584293365
24.5131912231
22.2195320129
22.6325550079
22.2535629272
26.2827739716
26.1295795441
27.0263156891
24.477148056
21.8286571503
24.2756385803
22.516544342
26.6364326477
27.9071369171
30.1993522644
33.8109359741
33.9146766663
28.9297981262
28.1246509552
24.2511291504
23.2599258423
19.7122764587
17.383972168
17.6760120392
15.2296504974
18.6104125977
18.9123497009
19.6701374054
22.9858379364
26.5120353699
27.8565368652
30.3335094452
32.793258667
30.4935512543
23.5554637909
27.3355484009
25.0520458221
23.1458930969
25.9874725342
25.3349838257
24.4751033783
25.4493179321
25.218372345
26.7089614868
31.2827758789
33.1588592529
29.5436115265
30.1837081909
32.5420951843
35.4687080383
34.0549621582
30.6665267944
32.1278076172
34.2214126587
35.0763168335
28.5931167603
31.1761760712
27.3098049164
30.0991172791
30.6422538757
34.3232192993
30.3676681519
28.3054332733
33.2278823853
34.6720085144
30.5333900452
32.571937561
34.6060943604
33.1831588745
31.063085556
35.6750602722
37.3968772888
32.4510803223
34.7620697021
38.7305603027
38.0039710999
37.8033332825
33.9920921326
36.8142318726
34.5709114075
34.7085037231
37.4807128906
39.9262237549
40.3824577332
39.8969192505
38.9108924866
34.4083786011
37.4670906067
41.2239837646
37.6573448181
38.0358734131
41.9166717529
42.6762733459
39.8587303162
42.6898078918
46.3512878418
45.5202560425
43.7530860901
42.0045509338
40.3684043884
45.4829902649
46.4628219604
43.1126899719
46.4736480713
45.7560386658
44.3333930969
45.0816650391
48.9791717529
46.5356483459
42.072063446
44.0773277283
45.9426574707
40.9750862122
39.4491996765
43.331905365
40.9793739319
37.435218811
38.4004402161
41.9525032043
40.7763252258
41.5577049255
37.5355491638
40.4092941284
42.5799484253
37.4732818604
38.6579284668
37.0557518005
32.7379608154
36.8972473145
40.1753387451
37.0499229431
36.3877944946
41.2095603943
41.545501709
38.8509101868
40.2287139893
44.2744674683
43.5005302429
40.7844009399
44.2391967773
48.0140228271
101.609580994
129.629058838
113.458427429
120.403305054
118.059738159
105.179458618
30.0653591156
27.0008049011
18.5799484253
23.4203624725
24.4912929535
26.459777832
21.5882968903
28.5367088318
25.0212249756
19.9546852112
25.311832428
23.3043403625
26.2163352966
22.8091411591
25.7049446106
23.8745594025
30.2723484039
36.1305580139
35.9534683228
26.578119278
23.1602554321
32.1569290161
21.8887710571
22.9188766479
18.8904247284
22.2177963257
31.9976711273
26.407623291
18.4649925232
25.5461044312
26.9457550049
21.2536296844
28.6167011261
20.9121742249
24.0810337067
22.5845432281
4.89296483994
7.24190473557
7.50455570221
11.5039243698
14.8271255493
18.3122119904
21.2337703705
22.3219718933
20.3376197815
22.7610702515
19.0226593018
17.8288516998
19.7203063965
17.070016861
12.10409832
14.1372594833
15.6724767685
9.83594226837
10.1644411087
13.0016431808
12.5814342499
8.35562324524
12.1465711594
15.3410224915
12.414232254
13.3679485321
14.7392454147
14.2104568481
14.1324520111
11.0957155228
6.62985610962
6.97399187088
6.30174350739
6.35330629349
7.41581058502
10.0469503403
12.0953454971
14.5299816132
18.4046554565
18.6635437012
18.7610645294
15.8113880157
14.6008205414
11.0548171997
6.70869731903
5.30143117905
5.62867069244
8.44401836395
9.06719589233
12.7144613266
16.006319046
12.7100028992
15.0515928268
17.121055603
19.858259201
19.3936500549
19.2233810425
22.1669330597
24.0789375305
22.9969463348
24.7840061188
27.8516864777
29.2912826538
31.8194046021
26.9728164673
25.2975006104
28.67445755
29.5694999695
28.2588310242
24.5510826111
25.550901413
26.8751888275
21.7462253571
20.5824737549
22.2137737274
22.5519657135
18.244430542
18.105222702
21.1656990051
19.5201644897
16.8326454163
18.7699069977
22.5629806519
17.6864929199
17.6848011017
23.5248680115
23.5364093781
20.0872859955
23.3280715942
18.1320400238
19.8264369965
15.6793870926
19.6236953735
16.8091602325
18.1751708984
17.789522171
17.6146602631
17.5333309174
13.7318296432
13.4455518723
10.3823232651
13.7157945633
14.1915073395
16.4592132568
19.7670059204
20.2912864685
14.9404687881
15.002161026
11.0401744843
12.1817646027
9.74830245972
10.7396917343
10.4098520279
13.1538610458
16.5015201569
15.1211252213
18.4868106842
20.6160526276
23.8300914764
26.9284992218
28.060874939
29.5437870026
28.5059833527
23.7976474762
27.9092693329
26.2803592682
26.541179657
29.8512420654
28.5864868164
26.317779541
26.580619812
23.9156074524
23.3971576691
28.203163147
28.1235580444
23.4287109375
26.0739879608
28.2828178406
31.7676200867
30.8261795044
28.2829685211
30.1090373993
33.2942657471
34.4446563721
28.6474285126
29.9353466034
24.8034915924
25.6599826813
24.4941883087
28.0696754456
25.0487365723
21.5941753387
25.4792289734
28.332698822
23.0868797302
23.0155391693
25.8215732574
25.1827201843
21.3846187592
25.4060535431
28.5381355286
23.2564315796
23.7116641998
28.026550293
28.1568260193
26.7498645782
24.7746982574
28.3670310974
27.6072025299
27.9782371521
31.4710845947
33.4606933594
35.3983917236
35.1767234802
36.0496711731
31.7261981964
35.7677459717
38.386428833
33.8038711548
35.4068946838
39.3124237061
38.299659729
35.1435165405
39.3281097412
42.1822166443
39.6075897217
37.7133102417
35.4369621277
32.7742958069
36.9943313599
36.4678077698
33.250377655
36.1590156555
34.5352287292
33.399684906
33.6089515686
38.1782073975
35.2647895813
31.1241035461
34.5468788147
35.9331092834
30.9637451172
30.1275634766
35.0346908569
32.6009178162
29.3248538971
30.839427948
35.1583175659
36.3027687073
36.3351325989
32.3689956665
34.5733566284
35.9417190552
30.9045944214
30.1843261719
28.3373088837
23.5803508759
26.9459648132
30.5446128845
26.7569961548
24.7755470276
29.7732009888
29.9793453217
27.0234375
27.6957206726
31.7895908356
31.1023254395
27.3642883301
30.9441356659
34.9527549744
107.664985657
135.780410767
120.144256592
127.706001282
124.328620911
111.46686554
37.1872940063
33.3991622925
25.4764671326
29.9716796875
29.8071537018
30.8743362427
25.6816387177
31.3633651733
27.7546749115
22.0963840485
25.3234615326
23.5183601379
23.1680145264
19.421667099
24.1741695404
21.871421814
30.5621738434
37.703086853
38.7690353394
30.6137886047
28.1280441284
35.9064559937
23.378824234
24.3762264252
19.3026866913
18.9791965485
31.4197044373
25.4733448029
20.4371623993
25.6920871735
28.2187080383
22.2541427612
27.0230789185
20.0455684662
21.2054328918
22.8915710449
6.46457624435
9.98755073547
12.3777532578
15.3070325851
19.898311615
21.9425258636
25.6937713623
26.3382263184
25.3626308441
28.6928825378
24.5673313141
24.4345569611
26.8150100708
23.6353206635
18.6269130707
21.655538559
23.2753715515
16.9649543762
18.1221599579
20.9723148346
20.0483493805
15.7725925446
19.7695388794
22.5401077271
18.6573944092
17.9550685883
17.7726821899
15.7571897507
15.3831233978
14.8469686508
10.4292879105
11.9009218216
13.3160848618
11.2954339981
14.0777578354
17.0186767578
18.0773105621
21.471075058
25.015209198
24.2325344086
23.810256958
20.1661052704
20.6530265808
15.7109766006
13.6181783676
11.1627645493
8.44401836395
6.87963485718
5.43732881546
5.893679142
9.84488105774
8.82707595825
12.6608181
15.0655021667
17.8021316528
15.899605751
14.6430091858
18.8056926727
20.7750701904
17.8429603577
19.5525054932
22.0046825409
24.7274131775
26.4125366211
21.2163906097
20.7312431335
24.4825973511
26.3253078461
25.0147380829
21.1154956818
22.989862442
25.1101703644
19.5129756927
18.6482448578
21.8817539215
22.4028530121
17.6706390381
19.0619888306
22.7607955933
21.4532489777
19.75938797
22.1815071106
25.7272262573
22.2086849213
22.6243076324
27.9316291809
28.259098053
25.8835887909
29.3733825684
24.3882789612
25.4996776581
20.393907547
24.9080696106
20.4760360718
20.8123569489
19.0971908569
17.3778133392
18.3700370789
15.6709890366
13.658364296
9.54200077057
9.98687362671
9.42978096008
10.528014183
14.6654939651
15.9747896194
12.1884431839
13.692152977
11.480931282
14.8160419464
13.2516689301
15.0760812759
16.2915363312
19.5366382599
22.2555618286
21.5150032043
25.2543239594
27.6382980347
30.2929878235
33.9171180725
34.4989738464
35.3498191833
34.4970741272
30.3594589233
34.0822105408
32.2479972839
32.9213562012
35.6280860901
33.7158164978
31.3531303406
30.6253871918
28.1557674408
26.222114563
30.6133174896
29.3332118988
24.9709339142
29.2527198792
31.783618927
35.2271690369
35.0754623413
32.6650810242
33.8224143982
37.6442070007
39.2922286987
33.8882522583
35.3305625916
29.9595146179
30.6581306458
29.1706848145
32.072883606
29.1194210052
25.5455875397
28.4472370148
30.8795127869
25.4184303284
24.5552177429
26.9610671997
26.1356658936
21.8285388947
25.3011646271
27.8103466034
22.5197162628
22.1212482452
26.0528659821
25.9684734344
23.3591022491
22.5168132782
26.4827575684
26.6273498535
27.9133110046
32.0492286682
32.6869010925
34.9332389832
35.4756126404
36.9938163757
33.1795959473
37.6889877319
39.8572425842
35.5557746887
38.3852119446
41.6478347778
39.8394012451
37.307510376
42.1045761108
44.1846008301
41.3244094849
38.5209770203
36.7719116211
32.9285430908
36.1347541809
35.0898284912
31.6795883179
33.4126663208
31.9578475952
31.6550102234
31.9828052521
37.2885322571
34.7981681824
30.539358139
34.3407745361
36.2374229431
31.773109436
30.5778083801
35.9392814636
34.4104652405
31.3501720428
32.2853431702
37.6280288696
39.5122489929
39.8762321472
36.3422660828
38.4847373962
39.1015815735
34.1360702515
32.8061065674
31.42370224
26.5764427185
29.5966033936
32.906879425
28.4370918274
26.044008255
30.9218826294
30.4302711487
26.887506485
27.7552871704
31.3695144653
30.1379318237
25.4831600189
29.6340312958
33.3160972595
110.203407288
138.433853149
124.729972839
131.973114014
128.421096802
113.940162659
44.9485321045
40.7661094666
33.0582466125
38.1772918701
38.3939628601
39.6844902039
34.01978302
39.6430854797
36.4800567627
30.4770126343
32.8361358643
30.7173748016
29.1301860809
24.1370410919
28.4114303589
25.6583271027
33.2413101196
40.1203384399
42.1558837891
34.0367774963
32.6991500854
40.6654701233
28.4681072235
29.5254001617
25.7843894958
25.3190402985
38.4664916992
33.1037559509
28.8582649231
33.6764907837
36.0353660583
30.1248149872
33.5267753601
27.5309791565
28.3883743286
31.0710067749
14.7396059036
18.0766944885
18.8517284393
22.2009983063
26.5519180298
27.4913654327
32.5296974182
32.0989646912
30.9872379303
34.3869972229
29.5212993622
30.866437912
32.6323890686
28.6608181
25.0069541931
28.4741725922
28.852481842
22.477399826
24.816286087
27.2844600677
25.2487754822
21.6752758026
26.5992546082
28.0687961578
23.1730670929
22.4332675934
19.7196521759
17.3792896271
15.6045484543
17.5018863678
14.6761226654
17.9423789978
20.5662879944
19.5427055359
22.6047611237
25.5139865875
26.7974185944
29.7842140198
33.6835021973
32.8025436401
31.8865070343
28.1452674866
28.4567298889
24.0729503632
21.250749588
19.807012558
16.0063171387
13.2903604507
9.84488105774
7.93617868423
5.18031072617
6.05980539322
9.29576396942
10.1750106812
12.78723526
10.4967069626
6.96593427658
11.6016530991
14.2900743484
10.3988037109
10.778629303
12.8539199829
16.0079040527
17.3432159424
12.4047117233
12.2069292068
16.2579402924
18.6676464081
17.9458351135
13.9583854675
16.0670871735
19.1649837494
14.6647033691
13.1935319901
17.6806106567
18.9148101807
14.8240680695
16.7943553925
20.7822341919
20.6676845551
20.0251979828
22.0996570587
25.5187740326
24.381187439
24.4185771942
28.4729595184
29.913766861
28.9259929657
31.7840023041
27.476442337
27.390083313
21.8031215668
26.5427627563
20.9711284637
19.7478504181
17.0444374084
14.0614814758
16.6945571899
15.528512001
12.0379610062
9.39817619324
5.90585851669
5.55846786499
6.60249757767
9.03938293457
9.15089321136
9.51351451874
10.7794876099
12.2497911453
15.4852437973
15.3095407486
17.7249908447
19.9164199829
23.4978656769
25.002243042
24.8361320496
28.8319187164
31.5126171112
32.986530304
37.3158378601
36.9342880249
36.743270874
36.1396369934
33.2749938965
36.227935791
34.4620323181
36.0060997009
38.0441894531
35.6387748718
33.0251045227
31.5042457581
28.7170715332
25.3835716248
28.8609676361
26.2173900604
22.4420413971
27.9927406311
30.5005874634
33.6842002869
34.4298210144
32.510219574
33.0267372131
37.3292312622
39.3993682861
34.9691352844
36.2096748352
30.8841209412
31.1730918884
29.5090942383
31.2709884644
28.5986976624
25.2500457764
26.6925773621
28.4403171539
23.2607383728
21.6526985168
23.2424907684
22.4082508087
18.0645885468
20.4421443939
22.1929092407
17.5319538116
16.0856685638
19.1998538971
19.0844688416
15.5560846329
16.2477416992
20.264623642
21.6140060425
23.4346427917
27.8100948334
27.2913970947
30.1255512238
31.1651439667
33.6713371277
30.6327915192
35.3341178894
36.6154823303
32.5128555298
36.4062805176
38.9384498596
36.1398963928
34.2119407654
39.5150375366
40.6421089172
37.3506126404
33.9109344482
32.6237564087
27.845949173
29.8325653076
28.2525806427
24.8487873077
25.5603542328
24.2343997955
24.6569213867
25.1838874817
30.901725769
29.1664505005
24.8200855255
28.6382656097
31.0591831207
27.4361896515
25.7884845734
31.2756347656
30.8478794098
28.225851059
28.4593505859
34.5763206482
37.30418396
37.9646072388
35.1587257385
37.1624259949
36.8221168518
32.2263031006
30.4304866791
29.9317932129
25.3850669861
28.1918926239
30.6642227173
25.6300907135
23.766702652
28.0986442566
26.4581699371
22.4177074432
24.4274177551
26.918340683
24.7680969238
20.2633666992
25.050195694
27.622505188
114.619613647
142.786331177
131.596496582
138.439743042
134.642669678
118.252281189
56.0136108398
51.5027275085
44.2387886047
49.6254653931
50.1143875122
51.627696991
45.6269035339
51.0497016907
48.3819618225
42.0901641846
43.8261413574
41.7126617432
39.6254959106
34.2347221375
37.9647102356
35.6555366516
41.7809524536
48.4148788452
50.7963752747
42.5826683044
41.9577560425
49.8986740112
38.5460586548
39.7184028625
36.7047653198
36.5075798035
48.872051239
44.2275848389
40.5067062378
45.0726699829
47.1823196411
41.5907173157
43.9204711914
38.766658783
39.4359550476
42.4522247314
26.9814186096
30.1440601349
30.1166553497
33.485004425
37.4618225098
37.533908844
43.3368797302
42.0585441589
40.8988609314
44.1813583374
38.9480819702
41.4029579163
42.5752716064
38.1754989624
35.7812385559
39.3657341003
38.7498779297
32.8068695068
35.7353630066
37.778503418
35.0161094666
32.2239112854
37.4551353455
37.835357666
32.5128250122
31.7425613403
27.3231620789
25.2179393768
22.6788043976
26.2080059052
25.0525608063
28.796962738
31.9698696136
31.4815425873
34.67552948
37.55286026
38.9854736328
41.6780662537
45.7652740479
44.8557891846
43.6152687073
39.8809204102
40.0677032471
36.111541748
32.9461212158
32.0161170959
27.8516788483
24.779132843
22.0046806335
19.4451313019
16.8844833374
12.8539199829
16.1533870697
16.3229236603
14.4306221008
15.2652244568
13.8446779251
9.71070671082
10.3461961746
12.9416866302
9.44282150269
4.99260950089
6.57150697708
6.06575202942
5.19917392731
6.25283193588
8.93601703644
12.2149734497
13.3324098587
11.0640544891
12.5449991226
16.6227550507
15.9521493912
14.3277130127
18.7613258362
20.6060791016
18.9646377563
20.9396629333
24.0484981537
25.3679885864
26.0586738586
27.3807811737
29.9645118713
31.4870605469
31.2430763245
33.3876953125
35.8561897278
36.3885345459
38.4134216309
35.1761016846
34.0074424744
28.8160705566
33.0992965698
27.3069839478
24.5887107849
21.6022205353
18.2242469788
21.9681739807
22.6857223511
19.0744609833
18.903219223
14.6431598663
14.7891798019
14.9062767029
13.1671161652
10.7452812195
16.6040019989
16.8661499023
20.9492282867
23.1472835541
24.2490844727
26.6477146149
29.1062793732
32.5673484802
32.8388252258
33.1521072388
36.9723777771
39.6422805786
39.8448600769
44.5918273926
43.2173233032
41.8888969421
41.6465835571
40.3971595764
42.3474006653
40.8269462585
43.1732215881
44.3988990784
41.6541213989
38.9763717651
36.7606239319
33.8882026672
29.4394035339
31.1969604492
27.0507736206
24.9063606262
31.0451164246
33.1429862976
35.5986862183
37.4173431396
36.3461647034
36.0401496887
40.5143127441
42.9187469482
40.0363616943
40.9029922485
36.1399803162
35.8634300232
34.1399002075
34.3234901428
32.4049606323
29.787027359
29.1606903076
29.785030365
25.9205131531
23.5685482025
23.6130313873
23.0411510468
19.8479347229
19.632522583
19.635931015
17.539686203
14.617310524
14.7605381012
14.6898336411
9.94166278839
14.4352264404
17.0865020752
20.4268321991
22.7029876709
26.5902404785
24.1787700653
27.6534461975
29.3672351837
33.1523132324
31.649066925
36.0508651733
35.8845939636
32.5152053833
37.4824638367
38.7566413879
34.7061653137
33.890045166
39.4147834778
39.0309333801
35.3062362671
31.2110443115
30.7848949432
25.1419906616
24.5040721893
21.9479370117
19.1190757751
17.2705497742
16.4119510651
18.5202274323
19.3773784637
25.1686611176
25.0682601929
21.3156013489
24.5692958832
27.5669021606
25.9078140259
23.8445835114
28.7079658508
30.0790290833
28.5356388092
27.7045497894
34.1708450317
37.9031639099
38.8781280518
37.3125839233
38.907459259
37.2853546143
33.7122154236
31.4346733093
32.1869468689
28.737859726
30.7591400146
31.7892055511
26.750125885
25.927526474
28.717458725
25.6193580627
21.631816864
24.925447464
25.2052173615
21.863494873
18.7730445862
23.4317531586
23.6052513123
114.619613647
142.786331177
131.596496582
138.439743042
134.642669678
118.252281189
56.0136108398
51.5027275085
44.2387886047
49.6254653931
50.1143875122
51.627696991
45.6269035339
51.0497016907
48.3819618225
42.0901641846
43.8261413574
41.7126617432
39.6254959106
34.2347221375
37.9647102356
35.6555366516
41.7809524536
48.4148788452
50.7963752747
42.5826683044
41.9577560425
49.8986740112
38.5460586548
39.7184028625
36.7047653198
36.5075798035
48.872051239
44.2275848389
40.5067062378
45.0726699829
47.1823196411
41.5907173157
43.9204711914
38.766658783
39.4359550476
42.4522247314
26.9814186096
30.1440601349
30.1166553497
33.485004425
37.4618225098
37.533908844
43.3368797302
42.0585441589
40.8988609314
44.1813583374
38.9480819702
41.4029579163
42.5752716064
38.1754989624
35.7812385559
39.3657341003
38.7498779297
32.8068695068
35.7353630066
37.778503418
35.0161094666
32.2239112854
37.4551353455
37.835357666
32.5128250122
31.7425613403
27.3231620789
25.2179393768
22.6788043976
26.2080059052
25.0525608063
28.796962738
31.9698696136
31.4815425873
34.67552948
37.55286026
38.9854736328
41.6780662537
45.7652740479
44.8557891846
43.6152687073
39.8809204102
40.0677032471
36.111541748
32.9461212158
32.0161170959
27.8516788483
24.779132843
22.0046806335
19.4451313019
16.8844833374
12.8539199829
16.1533870697
16.3229236603
14.4306221008
15.2652244568
13.8446779251
9.71070671082
10.3461961746
12.9416866302
9.44282150269
4.99260950089
6.57150697708
6.06575202942
5.19917392731
6.25283193588
8.93601703644
12.2149734497
13.3324098587
11.0640544891
12.5449991226
16.6227550507
15.9521493912
14.3277130127
18.7613258362
20.6060791016
18.9646377563
20.9396629333
24.0484981537
25.3679885864
26.0586738586
27.3807811737
29.9645118713
31.4870605469
31.2430763245
33.3876953125
35.8561897278
36.3885345459
38.4134216309
35.1761016846
34.0074424744
28.8160705566
33.0992965698
27.3069839478
24.5887107849
21.6022205353
18.2242469788
21.9681739807
22.6857223511
19.0744609833
18.903219223
14.6431598663
14.7891798019
14.9062767029
13.1671161652
10.7452812195
16.6040019989
16.8661499023
20.9492282867
23.1472835541
24.2490844727
26.6477146149
29.1062793732
32.5673484802
32.8388252258
33.1521072388
36.9723777771
39.6422805786
39.8448600769
44.5918273926
43.2173233032
41.8888969421
41.6465835571
40.3971595764
42.3474006653
40.8269462585
43.1732215881
44.3988990784
41.6541213989
38.9763717651
36.7606239319
33.8882026672
29.4394035339
31.1969604492
27.0507736206
24.9063606262
31.0451164246
33.1429862976
35.5986862183
37.4173431396
36.3461647034
36.0401496887
40.5143127441
42.9187469482
40.0363616943
40.9029922485
36.1399803162
35.8634300232
34.1399002075
34.3234901428
32.4049606323
29.787027359
29.1606903076
29.785030365
25.9205131531
23.5685482025
23.6130313873
23.0411510468
19.8479347229
19.632522583
19.635931015
17.539686203
14.617310524
14.7605381012
14.6898336411
9.94166278839
14.4352264404
17.0865020752
20.4268321991
22.7029876709
26.5902404785
24.1787700653
27.6534461975
29.3672351837
33.1523132324
31.649066925
36.0508651733
35.8845939636
32.5152053833
37.4824638367
38.7566413879
34.7061653137
33.890045166
39.4147834778
39.0309333801
35.3062362671
31.2110443115
30.7848949432
25.1419906616
24.5040721893
21.9479370117
19.1190757751
17.2705497742
16.4119510651
18.5202274323
19.3773784637
25.1686611176
25.0682601929
21.3156013489
24.5692958832
27.5669021606
25.9078140259
23.8445835114
28.7079658508
30.0790290833
28.5356388092
27.7045497894
34.1708450317
37.9031639099
38.8781280518
37.3125839233
38.907459259
37.2853546143
33.7122154236
31.4346733093
32.1869468689
28.737859726
30.7591400146
31.7892055511
26.750125885
25.927526474
28.717458725
25.6193580627
21.631816864
24.925447464
25.2052173615
21.863494873
18.7730445862
23.4317531586
23.6052513123
89.8328475952
118.059394836
105.997993469
111.530632019
109.876182556
92.9982528687
38.0293464661
34.24584198
27.7158603668
34.5690078735
37.8558692932
40.8248443604
36.3083992004
42.8771095276
40.2033462524
35.23412323
39.9587669373
37.9936714172
40.349445343
36.2210578918
38.0130271912
34.5800247192
36.9881095886
41.3985061646
41.7354354858
31.6564674377
29.8768882751
39.6560974121
33.6789779663
33.8842544556
33.1820640564
35.9152297974
43.6606521606
40.7289848328
33.5469017029
40.8648529053
40.3870048523
35.0322303772
40.8191223145
34.0709495544
36.7489013672
36.524433136
22.2142505646
24.667760849
21.2883453369
26.3617706299
27.4670600891
30.1756057739
34.2961196899
33.7432327271
29.9937267303
30.4279518127
26.0821743011
26.8082332611
25.2444572449
22.108997345
22.4974689484
22.8970127106
19.3182106018
16.9008140564
18.5530910492
17.9724388123
14.0986509323
14.7790689468
18.5797042847
15.6106433868
11.4515361786
13.8404331207
9.44979095459
11.9716644287
9.50023841858
8.98352146149
12.9924640656
15.6482124329
17.8815479279
21.1774940491
22.5988025665
24.3781242371
27.7261829376
27.6333637238
31.3920536041
33.4837799072
33.5396881104
31.5721855164
28.2482681274
27.7171936035
21.4184646606
22.6861991882
18.7699012756
17.6392841339
22.1815090179
18.0800437927
22.2973155975
22.0996627808
18.9590988159
18.2763690948
15.3083896637
18.659778595
21.7075614929
20.2029247284
19.4471473694
23.2416000366
25.4023551941
24.524225235
27.3807811737
25.6155700684
28.6310520172
26.0756473541
22.0484371185
23.0470275879
21.3177452087
20.5586071014
18.6886024475
17.3605556488
16.1840190887
15.2727508545
13.6135339737
10.4301738739
10.7255878448
10.6847648621
6.86365365982
5.98259878159
6.6496462822
4.51737976074
6.48991727829
7.85160398483
5.58297204971
7.08788013458
10.4062547684
10.7639217377
11.4322834015
9.68428611755
9.21790599823
8.29365348816
12.5269126892
12.0327348709
8.22148132324
11.8294811249
13.8844480515
15.9798278809
13.0110425949
12.0599660873
14.6773576736
16.9295139313
18.5522975922
21.9400901794
21.3442192078
19.024471283
15.5120124817
12.2218809128
11.9131975174
7.98100376129
11.0816192627
13.6175298691
11.0969810486
14.9764947891
14.1290521622
11.4758043289
14.2143440247
14.1372518539
13.6567926407
18.0986213684
16.5016593933
15.7816810608
16.489988327
17.1295032501
19.6344051361
20.0145263672
22.8375034332
25.994562149
25.4905948639
22.4612674713
23.5223484039
18.1655139923
17.7207069397
20.7739334106
20.235824585
15.6007623672
16.0263004303
15.8903579712
19.0380496979
17.6881980896
17.4956455231
20.539691925
23.0065193176
23.4541835785
20.3295116425
18.775844574
14.4851722717
11.5950155258
8.61865711212
11.3315143585
11.037399292
7.36439323425
8.81509971619
14.2400846481
10.3503780365
8.30089378357
12.041806221
13.9191904068
11.2553672791
12.9893054962
18.7162036896
15.9888048172
15.3770008087
18.9451026917
20.8749217987
21.6217041016
20.4578380585
22.5424823761
22.2761287689
20.4373226166
21.8672714233
25.9058570862
28.9102973938
27.2292060852
29.364862442
25.7198867798
28.7319030762
29.7289600372
24.1364097595
24.4220981598
28.7210655212
26.8765525818
22.5258636475
26.5017414093
29.1571922302
24.9749641418
25.469367981
21.5874576569
21.0692882538
25.3027973175
24.1640625
22.4144039154
27.082151413
24.3277244568
21.6295166016
21.0063819885
23.5522613525
20.00025177
17.0364189148
20.2783050537
19.7323856354
14.5494689941
15.6379175186
19.6119747162
15.5199127197
12.9172019958
16.3962211609
18.4769058228
21.4730167389
19.811542511
16.0798969269
17.1642017365
18.2311267853
14.0861053467
12.0087070465
9.95600986481
5.70315122604
9.41638946533
12.4811191559
9.45720005035
9.7599811554
13.9019327164
14.1789989471
12.8477478027
14.6021623611
17.8118801117
17.6214408875
17.5931110382
19.7735443115
22.6039161682
83.4214172363
111.629425049
100.019561768
105.312698364
103.870491028
86.5063400269
38.3181915283
34.6787261963
29.1864414215
35.9280738831
39.8937187195
42.9976272583
39.0872650146
45.3780250549
42.9415588379
38.4214134216
43.4114570618
41.7941818237
44.7344665527
40.9840812683
42.585975647
39.1868362427
40.3813705444
44.7049598694
44.6942214966
35.0659179688
32.9993133545
42.1820487976
37.8212013245
37.8459281921
37.5780258179
40.4566421509
46.5780258179
44.2759513855
36.8632240295
44.218662262
43.0224876404
38.0680847168
43.9491882324
37.5832710266
40.5969696045
40.1339454651
27.3990745544
29.5452213287
25.994884491
30.8598976135
31.207567215
34.2939529419
37.7434959412
37.3779792786
33.2547187805
32.8079338074
29.1187992096
29.2889595032
26.8850097656
24.5999488831
25.870973587
25.1375904083
20.8423099518
20.2911510468
21.0636901855
19.3869285583
15.7886285782
17.7705936432
20.0495548248
15.6854305267
13.311882019
15.8531551361
12.706079483
15.8650064468
14.6084184647
13.5589523315
18.1179618835
19.512594223
21.2646026611
24.9527435303
25.919424057
27.2798728943
30.9059677124
30.0587978363
33.2880897522
36.253326416
36.7189254761
35.3259925842
31.3721122742
31.6938247681
25.3319358826
26.8160114288
23.5248718262
22.6998500824
27.9316215515
24.0837020874
28.4744777679
28.4729614258
25.43242836
24.737071991
21.7743015289
24.887386322
28.1317481995
26.6208667755
25.646522522
29.3573036194
31.8384552002
30.7523021698
33.3876953125
31.2926635742
34.0736160278
31.8476409912
27.8298435211
28.1752243042
25.933139801
25.0482749939
23.9714279175
22.4965686798
20.3163166046
20.1940059662
19.3268203735
15.2939558029
14.7733726501
15.9961824417
12.8048191071
9.98171520233
10.1326675415
9.11376857758
7.08787918091
6.23555183411
8.36330127716
6.34894371033
6.4622092247
8.22518920898
7.40362739563
8.88515949249
9.43075752258
12.2393293381
14.6123857498
16.5861473083
13.5388555527
17.6003284454
20.06549263
21.639705658
18.8825645447
18.5308208466
20.9987506866
23.3382987976
24.684677124
27.8182487488
26.974187851
24.8858146667
21.2798442841
18.4169921875
17.7535114288
14.1009635925
16.7840461731
18.6996994019
15.2287759781
18.1972942352
16.9194164276
13.6497411728
14.7148971558
12.2532653809
10.7872114182
14.3452415466
12.1413125992
11.374168396
13.4336280823
16.3328552246
18.449016571
20.0454864502
22.9450435638
26.4223804474
26.83959198
24.049446106
26.0470046997
20.5653648376
21.3782997131
23.7932128906
24.0110321045
19.941614151
18.4190979004
16.9889793396
19.4647884369
17.0815792084
17.9953403473
21.805185318
23.0151557922
22.5007362366
20.3924846649
17.4348659515
14.5920324326
10.0074911118
6.18317079544
9.21365737915
11.6092796326
9.49245357513
9.78644561768
15.9251842499
14.0223588943
12.3956203461
15.5945720673
18.0608558655
16.684720993
17.3661136627
23.1709403992
21.4517936707
20.8914966583
23.8538360596
26.0617713928
27.2792205811
26.2371177673
27.7873573303
27.3288650513
24.9291915894
25.3016757965
30.0838985443
32.9142837524
30.6688308716
32.5602874756
29.0892810822
31.285484314
32.0859298706
26.5476818085
25.3672714233
29.9587249756
28.5820007324
23.7889385223
26.7157306671
29.7360210419
25.4311180115
27.5061759949
23.0457553864
24.2087020874
28.4264354706
27.2778968811
26.3306255341
31.3648662567
28.3657436371
25.2441082001
24.1841182709
25.3707923889
21.4375686646
19.8652839661
22.5888328552
20.6499195099
15.8757209778
18.2579154968
20.8668441772
15.5771036148
13.9487857819
18.2954998016
17.7530403137
20.7378444672
17.6883964539
13.8220844269
13.6755151749
15.6969690323
12.8335886002
10.5143432617
7.10366868973
6.40482091904
7.43854999542
10.2978143692
10.3827819824
11.2903823853
13.601524353
15.1633901596
15.7444295883
16.1745204926
19.0284671783
19.9309272766
21.0642433167
21.8049297333
24.4671344757
85.9064331055
114.000091553
100.151077271
105.336906433
104.732276917
88.9023895264
31.5656929016
28.9050178528
22.7416954041
29.1417808533
33.5853767395
36.3660469055
32.5092315674
39.524105072
37.0369529724
32.9272422791
38.5486831665
36.6656455994
40.5709724426
36.845085144
38.2032394409
35.6114997864
37.367641449
41.5241088867
40.7490158081
30.1495475769
27.1039581299
37.4632377625
32.6145248413
33.4602508545
32.3643074036
36.3878250122
43.1038246155
39.9840927124
31.7516918182
39.172290802
38.3160514832
33.3841552734
40.5961837769
33.8098602295
37.2831802368
36.0540275574
22.1835384369
23.5006103516
19.7686405182
24.1199092865
23.843290329
27.4531726837
30.0742931366
30.1686725616
25.9916553497
25.2944698334
22.1317825317
21.3662033081
19.0549716949
17.3380832672
18.4051837921
16.9367141724
12.819732666
13.1551485062
13.165927887
11.0802288055
7.88110589981
10.9915781021
12.5091381073
8.59331130981
7.74148130417
12.6469774246
12.4725093842
15.6404209137
14.9262294769
11.2007045746
14.3617954254
15.004029274
15.0679073334
19.3427276611
19.1017951965
19.7220458984
23.2350177765
21.8734931946
25.0576305389
28.099155426
28.7193202972
27.7337284088
23.4584255219
24.4909439087
18.3264484406
20.4472923279
18.1320362091
18.9703292847
24.3882675171
21.5861282349
26.3942089081
27.4764308929
23.5172843933
23.1903553009
21.9575786591
24.6942920685
27.2884292603
26.9453239441
26.8758239746
29.6616153717
31.7567234039
31.958278656
35.1761016846
33.8311347961
37.114818573
33.9609565735
30.26811409
31.7969532013
30.3872108459
29.4334945679
27.2644615173
26.2590713501
25.2887802124
23.3836116791
22.0321102142
19.4860515594
19.3889293671
18.4726047516
15.281126976
14.7234010696
13.8228654861
10.8195047379
9.68428707123
11.9586439133
8.53063201904
5.7575545311
8.88516139984
9.8232755661
6.23574542999
5.9702911377
6.07487010956
9.13572311401
10.967833519
13.926361084
13.6098241806
17.2082195282
19.8845348358
19.9975986481
16.4853649139
17.4620571136
18.9704208374
22.5860729218
24.0682659149
27.3485660553
27.9123725891
26.4527206421
21.5567550659
19.0075912476
16.5028610229
12.6549892426
13.4017925262
14.1522359848
9.87913131714
11.7326536179
11.5028371811
7.30513000488
8.03422451019
5.72556972504
7.36351728439
10.6924009323
10.8007926941
12.3622322083
12.5167245865
11.6341123581
15.2393121719
16.0956287384
17.8134803772
22.0823001862
22.7044258118
20.1525020599
22.6645679474
17.8648910522
19.8210582733
23.4049568176
24.6712627411
20.2270755768
18.5711250305
18.2778625488
21.2068939209
18.4642181396
17.6562824249
21.5004196167
22.7514476776
22.3114051819
18.1488246918
16.5841560364
12.9706134796
10.9480791092
9.34580612183
13.906493187
13.1488733292
10.654302597
14.4482898712
19.0406856537
16.0426559448
16.361371994
19.4739398956
20.5493583679
18.8417034149
21.4893779755
26.2373180389
23.1172218323
23.7758483887
27.4716377258
28.7898273468
29.7479629517
27.4943237305
29.5461616516
28.2650985718
26.3090324402
27.3605995178
32.0224685669
34.1388206482
32.1232643127
32.9773483276
28.8055667877
31.2238025665
33.1585578918
27.8674507141
26.5753078461
31.4989643097
31.1210327148
26.5329456329
29.2736225128
33.0034294128
29.9538326263
31.0473117828
27.2174320221
27.8082447052
32.8350563049
32.5592308044
30.7327003479
35.6145896912
33.2670898438
30.4964599609
30.0510826111
32.1363716125
28.6037902832
25.8819675446
28.3103809357
27.6885852814
22.626914978
23.5059528351
26.5588512421
22.0434207916
19.3955669403
22.6858997345
23.3636875153
24.3233375549
22.5125141144
18.1203136444
19.4194984436
22.0626888275
18.1058197021
17.8811473846
15.2487888336
12.487241745
15.4551038742
18.61353302
17.4480304718
17.5543632507
21.1344909668
22.4964408875
21.8060092926
22.3893032074
26.039604187
26.4911327362
26.1414928436
27.8080215454
31.1652164459
91.9838104248
119.326049805
105.543807983
106.55140686
111.485046387
93.4591674805
38.3782958984
38.866317749
32.3208122253
34.8629302979
39.7472915649
41.3559379578
35.6894035339
44.2434310913
43.5538864136
38.7360992432
43.8027992249
40.2196159363
45.7233581543
40.6435928345
40.139591217
39.5835189819
39.7678337097
43.363243103
40.866973877
27.7109127045
23.8573684692
36.5433158875
33.0909080505
36.4227256775
34.7486572266
41.9396934509
49.4944000244
47.2092056274
40.3929672241
46.5672721863
47.3208885193
43.4998321533
50.2668304443
43.525592804
45.8665733337
43.6777877808
28.9797477722
28.1256637573
23.042049408
24.6298866272
21.493680954
22.8179759979
25.084728241
23.3000183105
18.9156265259
16.2340679169
14.8796901703
16.6981258392
12.654551506
12.1212158203
18.1059856415
17.3053798676
13.0085697174
17.2839698792
19.1439800262
18.0343170166
17.4057865143
21.2811450958
22.5935840607
21.744846344
22.4647712708
28.3585090637
28.2702903748
30.9492702484
29.0208435059
25.0474128723
25.4938869476
27.5613937378
25.4821109772
29.7038516998
27.2762298584
25.738237381
26.966468811
24.1273708344
27.5298633575
28.2202968597
27.1595668793
27.4462928772
23.1459007263
27.3778095245
23.1323165894
27.7139835358
26.541179657
29.885684967
32.9213523865
31.1314964294
35.2284698486
36.0061035156
30.4476108551
28.3439121246
29.1798400879
28.6756954193
31.3072605133
34.6244087219
33.2887077332
32.9016609192
36.741519928
38.8937797546
43.1732177734
40.6877098083
45.9918823242
43.6260643005
39.3690185547
41.8364562988
40.4471244812
41.0056762695
38.1851158142
35.887714386
36.6999282837
36.2032012939
32.7873306274
30.9793109894
32.7312545776
31.6583843231
27.0537166595
27.9936103821
28.8928108215
25.5330314636
22.8375015259
27.3226051331
25.2311134338
21.099905014
22.9450435638
26.0308914185
22.6137523651
18.5806236267
17.8134784698
14.4312744141
16.4786834717
11.3152675629
16.1729068756
20.0294761658
21.8734111786
25.1124820709
21.8794212341
21.0619773865
25.1826477051
27.440158844
31.8430480957
34.6585693359
38.463760376
39.8763198853
37.5036468506
33.7754974365
30.3196811676
28.3600502014
23.5185012817
21.6880149841
18.7331027985
18.5495967865
13.6876296997
11.6260251999
13.8223657608
10.9645719528
15.4209156036
14.4234085083
15.2939434052
16.1332168579
17.0548439026
13.1633758545
7.9857840538
6.98626661301
4.66192960739
5.36502027512
7.55903911591
7.24550247192
11.6975011826
11.0430545807
15.963347435
18.0410823822
22.3250789642
20.6293354034
16.1246242523
16.6242523193
17.8561725616
15.6311864853
12.6702547073
14.4871015549
13.8595895767
13.6483755112
8.19704723358
11.2098007202
10.9927577972
15.2769041061
18.6746044159
20.3685340881
16.4185199738
17.8566799164
21.9014797211
21.1274929047
20.606962204
24.9308624268
25.3013935089
24.1409626007
25.4991321564
29.0161552429
29.837726593
27.5660266876
31.2717323303
33.8883705139
33.3689155579
36.1003646851
31.1359157562
31.7824611664
28.4389343262
26.3168926239
26.130241394
30.8898639679
30.6163330078
28.2533416748
26.3011512756
22.3059444427
22.8062362671
26.2360668182
23.0103626251
20.0207290649
24.3960914612
26.9059391022
23.6861228943
24.0501689911
28.6821231842
29.2302799225
29.6524448395
27.6561508179
29.3085289001
35.1876068115
37.739654541
35.5403518677
40.4982376099
40.1839485168
37.5322036743
38.52110672
39.8156814575
38.3176383972
34.4695663452
33.8140640259
35.2768592834
31.2648353577
29.5726356506
30.659204483
28.248878479
25.3056240082
25.8878822327
26.4989395142
22.6052837372
23.8511104584
20.6931476593
24.0951251984
26.7180023193
22.7515583038
26.7629795074
26.6195278168
24.4526252747
29.2676544189
30.502363205
29.0208396912
31.8624820709
35.1612548828
34.9828834534
33.5539779663
36.9331741333
39.534324646
38.5255241394
39.5042610168
42.1584510803
44.1835975647
104.854217529
132.495315552
125.172698975
127.727592468
128.588439941
106.956192017
60.066947937
56.8154640198
50.0286712646
55.2607688904
57.7261581421
60.3630638123
53.7503890991
60.4454078674
59.1281700134
52.3843421936
55.0126800537
51.849067688
52.7015037537
46.8314552307
47.895816803
45.169834137
46.8446655273
51.7841796875
52.894569397
42.92993927
42.7005691528
51.8574905396
45.3310699463
46.4480895996
45.8287773132
48.8092842102
58.0364685059
56.4331665039
52.0279350281
58.1663208008
59.2089195251
54.5648841858
57.4386177063
51.4890060425
51.889705658
52.6253890991
38.0919876099
40.2707138062
36.8572616577
40.6397438049
42.0431671143
41.628238678
47.8613624573
45.1026802063
42.4249343872
43.7693939209
38.7698783875
42.8179206848
41.6033210754
37.3300704956
39.0555152893
41.7019271851
38.3701477051
35.4126472473
39.2366142273
39.8007926941
36.2176933289
36.5261917114
41.6335792542
39.8448562622
35.4547805786
37.7237701416
32.2545814514
32.8948631287
29.0502243042
31.020406723
32.3554229736
37.041179657
39.3005371094
41.6401481628
43.2055778503
44.8244934082
46.8021697998
47.2869300842
51.8576049805
51.6575202942
50.0088653564
47.4029159546
45.4829940796
44.7247581482
39.6788711548
41.5177955627
36.9943313599
35.807308197
36.1347465515
32.0589561462
33.1221008301
29.8325462341
27.9885463715
24.6338291168
21.4113025665
19.6158218384
23.0359172821
23.8261737823
18.8232040405
19.1446075439
23.970785141
22.3873119354
24.504076004
18.6914920807
23.6138076782
26.1422519684
21.5786190033
21.3111686707
18.7292518616
22.2712097168
21.9609584808
17.6662425995
19.5544242859
25.0009975433
21.1871051788
19.9953079224
23.3623161316
25.4000988007
22.4942569733
23.2786617279
27.1811523438
27.4230003357
25.3027935028
28.1613674164
32.5287857056
29.7743263245
28.4264316559
33.7317199707
35.2055587769
33.3654632568
32.8350448608
28.7742996216
26.3958206177
27.3051738739
24.0993232727
21.021818161
19.8763790131
19.7077636719
21.6559753418
24.3266086578
23.843214035
27.6919441223
27.1028862
29.7761192322
32.6388320923
30.6183986664
26.0468635559
28.9164600372
25.3415336609
29.0950584412
26.479057312
28.0574264526
28.8092346191
31.0254020691
32.1644439697
29.6828708649
31.2359695435
33.2652740479
36.2312850952
33.5133514404
38.0105819702
35.1215705872
31.8894557953
31.4476394653
33.2299003601
32.3474502563
31.6789474487
35.1876068115
34.6949806213
32.386428833
30.0828533173
28.06889534
25.156879425
21.1216163635
18.909778595
14.9043636322
16.7991790771
19.2482795715
19.5146274567
19.5593852997
22.9266262054
23.6383743286
22.0641746521
25.2950553894
27.6776351929
28.5210056305
28.5595016479
26.4942722321
26.0925045013
26.1504173279
23.1752357483
22.0053005219
22.6302204132
19.4255256653
15.8658008575
17.2767677307
17.5552062988
13.5412311554
13.1882534027
16.1682872772
13.5558204651
8.97969818115
14.2384033203
15.0724773407
11.5303764343
11.2291278839
15.8194093704
14.9915657043
11.9470176697
13.3283891678
11.9105300903
10.7288160324
9.96589660645
13.5600090027
12.9023694992
17.8257408142
18.645488739
20.4609127045
17.7644195557
15.2953662872
19.6480503082
19.1449375153
13.9989948273
14.5692052841
18.9892749786
16.7862548828
13.1727838516
9.30847835541
10.1231822968
6.38803339005
6.53947782516
6.43972873688
9.51444530487
11.2292079926
10.0207166672
12.8069734573
12.7471952438
16.3904476166
12.9467248917
7.97731876373
13.5811738968
15.032869339
10.7953414917
9.96729183197
15.1852416992
15.3403940201
11.5896139145
16.509929657
19.2351303101
21.5403766632
22.6397705078
24.3224487305
21.2580432892
19.8148975372
20.2224769592
23.9263095856
23.2238368988
26.0291233063
23.9818000793
20.6762256622
25.2027130127
25.9347934723
21.6116714478
19.4625301361
26.4485378265
24.6300773621
20.594247818
24.737361908
27.7035045624
25.0861206055
103.385246277
131.094863892
123.880714417
127.58405304
126.863128662
105.910598755
59.6918258667
55.8402671814
49.3283195496
55.0349578857
57.325504303
60.0902748108
53.8859901428
60.131565094
58.4707221985
51.9307098389
54.5578765869
51.891494751
52.2390937805
46.7880439758
48.3940467834
45.2215957642
47.2923469543
52.4192695618
53.9043617249
44.5463905334
44.3168830872
52.9858970642
46.2600593567
46.7945556641
46.2791175842
48.3544960022
57.2736320496
55.4786376953
50.9642333984
57.1564292908
57.8601150513
53.0273590088
55.7196006775
49.9871559143
50.5987167358
51.7622451782
37.7168464661
40.3692626953
37.4061279297
41.6009864807
43.4667396545
43.5720672607
49.6906013489
47.36536026
44.6318206787
46.1107444763
40.9741859436
44.4722633362
43.3839111328
39.1142082214
40.1790504456
42.6609649658
39.4150619507
36.0281448364
39.5013465881
40.0113563538
36.2737960815
36.1819000244
41.2299346924
39.2179870605
34.5480308533
35.9576034546
30.1655006409
30.4836807251
26.8872814178
29.6821727753
31.3941955566
35.7700195312
38.5831871033
40.6195526123
42.7292175293
44.7602539062
47.047416687
47.8161697388
52.2519073486
52.4544754028
51.1459960938
48.3665542603
46.4628143311
45.1415176392
39.9256286621
41.1535148621
36.4678115845
34.5085220337
35.0898399353
30.7923221588
31.6923484802
28.2525882721
27.3436584473
24.6438007355
20.5957355499
20.0837917328
23.2632713318
22.3570461273
17.7680225372
19.7011508942
23.4654064178
20.6825141907
21.9479351044
16.4685611725
20.0224094391
22.8372707367
18.520860672
17.1863460541
14.1490497589
17.6184196472
18.2061862946
14.2033958435
15.2642364502
21.3678035736
18.4707717896
17.160572052
20.0069923401
22.6235961914
20.6870269775
20.9670467377
24.6910495758
25.6778202057
24.1640739441
26.0081977844
30.8821849823
28.8754901886
27.2778987885
32.0411376953
34.1211166382
33.0575218201
32.5592346191
29.2541618347
26.8332328796
28.7405986786
25.3904247284
21.3896408081
20.5510005951
19.9668807983
23.0269165039
24.9325504303
23.3848171234
26.8886909485
25.5926017761
27.6988162994
30.1491947174
27.4658145905
23.0444602966
26.4206428528
23.3257980347
27.5053768158
25.62931633
27.8745956421
29.4468364716
31.0578346252
33.2069816589
31.0871944427
31.8424434662
34.2304611206
36.4158325195
33.9783630371
38.5371932983
35.5946998596
32.462310791
32.6572036743
34.7900047302
34.4992675781
34.1428871155
37.7396621704
37.9313392639
35.8364372253
33.2584266663
31.5949764252
27.9975605011
24.0432720184
22.7243690491
18.5924282074
19.0678920746
22.0006275177
22.0337619781
22.5865707397
25.3305683136
26.3331451416
25.5868110657
28.829914093
30.8542461395
31.3695545197
30.8049545288
28.3330688477
26.9870357513
26.1338634491
23.4336204529
23.1917114258
23.0431194305
19.3635463715
17.679561615
18.1648464203
16.6822166443
13.6253519058
14.420665741
15.8919363022
12.1224832535
10.1722650528
14.6399250031
13.4094362259
9.5747051239
11.0044174194
14.1467094421
15.576458931
13.6492853165
16.187417984
15.1294736862
14.9377288818
14.4658470154
18.6171550751
18.1635818481
23.1315841675
23.3140945435
25.5869350433
23.1838378906
20.019865036
23.9160919189
24.1372718811
19.031042099
18.5697460175
23.1608581543
21.3193626404
16.5249462128
14.1772737503
13.5076026917
9.95635318756
6.53947734833
4.92009782791
7.55931377411
6.72057628632
5.41104888916
7.54262638092
7.99095487595
11.734539032
9.13470745087
6.3913693428
10.6014757156
12.6245918274
9.89853000641
10.5577440262
14.6170854568
15.3190450668
13.0555467606
17.4884643555
21.9315891266
22.9888458252
23.7482318878
24.6593589783
21.4851150513
20.3528633118
19.0674037933
22.3497638702
21.8697834015
23.5847740173
21.5684776306
18.3033218384
22.0188102722
22.2094287872
17.6931877136
15.7975149155
22.2614479065
19.8762779236
15.7611684799
20.0998630524
22.7019195557
19.6119213104
95.2763595581
122.956222534
115.637397766
118.297782898
119.039375305
97.4096908569
55.14818573
51.8540229797
45.6571311951
51.2740592957
54.3626594543
57.3926925659
51.4931983948
58.049861908
56.6293716431
50.3870506287
53.6792602539
50.9280586243
52.5714035034
47.3433113098
48.3978767395
45.104724884
45.8966522217
50.4699249268
51.216506958
41.3207244873
40.7579612732
49.8204536438
44.8968467712
45.3583717346
45.4032096863
48.4264793396
56.0358810425
54.900062561
49.7589912415
56.4533576965
56.5931739807
52.0373573303
55.4479522705
49.4135551453
50.3847312927
50.655418396
37.1752204895
39.4153213501
35.5229110718
39.8553695679
40.6935424805
41.2930831909
46.8705253601
44.5936737061
41.1683654785
41.659034729
36.9807891846
40.2218055725
38.1992149353
34.4364700317
36.7329788208
38.3354225159
34.2016410828
32.3066635132
35.5214004517
35.2745323181
31.4937667847
32.6377296448
37.0745353699
34.266040802
30.437543869
32.9385223389
27.5693035126
29.0418300629
25.5472431183
27.063835144
29.6822490692
33.7451057434
35.9675559998
38.9592247009
40.3411102295
41.8327407837
44.4069137573
44.2652397156
48.5458564758
49.3972358704
48.321559906
46.1608314514
43.3319015503
43.2208328247
37.4297676086
39.4440422058
35.0346832275
33.8893432617
35.9392738342
31.4969100952
33.8230705261
31.2756309509
28.8440666199
25.91431427
22.0655174255
21.9409198761
26.0186748505
25.9383640289
21.601852417
23.5093898773
28.1771812439
26.3847484589
28.7079601288
23.5918674469
27.7947940826
29.0868644714
24.1618709564
23.4856853485
20.1142635345
22.4462089539
22.447561264
18.3080406189
18.019826889
23.3807754517
20.2772331238
16.9737663269
19.5863361359
22.5711040497
18.9523200989
18.0685024261
21.9872188568
22.3464736938
19.6119689941
21.4200115204
26.4838829041
23.6752700806
20.8668441772
26.3152256012
28.3664608002
25.9137153625
26.5588474274
22.6948738098
22.0972328186
22.7399787903
21.4121570587
17.6234836578
18.5557384491
19.7690925598
21.7685070038
23.0932445526
22.7682209015
26.9472122192
27.2930030823
29.7889823914
32.9719543457
30.8476676941
26.5713005066
27.7337627411
23.8540477753
26.8319778442
23.3624801636
25.6245803833
26.6794815063
27.3767185211
28.769739151
25.9658889771
26.5320091248
28.0220928192
29.7010440826
26.4029426575
30.5623188019
27.2612438202
23.7204265594
24.0246067047
27.3967952728
26.4336452484
26.7849655151
30.659204483
30.9350013733
29.5983333588
27.0900115967
26.4540786743
22.3209075928
19.7816429138
18.1070785522
15.7049131393
15.9311542511
15.8493671417
14.4371356964
14.3833770752
16.6292095184
18.6125488281
18.6328201294
20.8387145996
22.227104187
23.7197799683
22.2366294861
20.8504123688
18.9057502747
18.622718811
15.0487136841
15.6306314468
16.7002639771
12.3592453003
10.363026619
13.0670528412
12.8109426498
9.5679397583
11.3707561493
14.4661903381
11.4618806839
11.6845912933
15.5344591141
15.8548336029
14.2558345795
15.745973587
19.7854232788
18.9049930573
17.2933635712
17.6757926941
14.7941398621
12.6802682877
16.0308170319
19.2775096893
16.9958667755
20.8810043335
20.3336467743
21.5962333679
19.4866809845
15.3617734909
16.9221839905
18.22590065
14.0146884918
11.6298179626
15.4835700989
14.8431692123
9.01017570496
10.3186149597
7.01297521591
8.39152622223
9.9672908783
10.5577468872
11.4000644684
16.5039920807
15.4151973724
12.170586586
12.9259901047
11.1849565506
12.4416885376
10.1257019043
6.06674051285
7.75703191757
8.28756809235
6.38990592957
6.14852666855
7.59620046616
6.39724397659
7.87456274033
12.6716680527
13.1334505081
14.2551698685
15.1317234039
11.9605617523
11.4093647003
11.4563407898
15.5504722595
16.2845020294
18.4701976776
15.792432785
13.8215370178
19.3654270172
19.4409942627
15.8688097
15.2356157303
21.5777187347
20.0417957306
17.1755886078
22.4034881592
24.3021430969
22.3189678192
94.6800537109
122.628944397
114.009307861
120.63117981
116.392379761
98.2842559814
52.4267539978
47.3513526917
41.7278900146
48.5697479248
50.8104095459
53.8082695007
49.1543006897
54.4178276062
51.7712898254
46.3258743286
49.6179924011
48.3126411438
48.380317688
44.3533210754
47.0132026672
43.0144500732
45.7151565552
50.9547233582
52.7004203796
44.4945907593
43.7709732056
51.5668716431
44.9924049377
44.3358421326
43.9706039429
44.444896698
51.9907112122
49.4732437134
43.8836288452
50.4110946655
49.8620834351
44.5400009155
47.854221344
42.4105262756
44.2862205505
45.9332427979
33.2939834595
36.7534408569
34.7084236145
39.7597541809
42.1452674866
43.9754867554
49.0780029297
48.1251106262
45.0275802612
46.3147239685
41.3769836426
42.9612770081
41.9401283264
38.2342414856
37.9307861328
39.3294868469
36.28358078
32.6519432068
34.6570510864
34.666557312
30.8760471344
30.1667938232
34.2980537415
31.5778331757
26.8844051361
26.1572799683
20.2263202667
20.1619358063
17.914812088
22.084318161
25.1760349274
27.9361553192
31.7349567413
33.3256530762
36.3606491089
39.1025085449
42.2686958313
43.2829627991
47.0204200745
48.6719818115
48.5127792358
45.7792282104
43.5005264282
41.417049408
35.7633285522
35.6493759155
31.1023235321
27.6696681976
30.1379318237
25.5709247589
27.2114315033
24.7680969238
25.1611423492
24.5743560791
19.4732685089
22.7420349121
25.3704090118
20.9534702301
19.1722545624
24.4130268097
25.6888141632
21.6522006989
21.8634929657
19.4295883179
19.5271053314
19.7265167236
16.4481010437
13.6743955612
10.3508110046
9.68169498444
12.0448560715
10.9017477036
6.49481391907
11.5923299789
12.6516075134
9.78609752655
9.134806633
13.5034828186
14.2643585205
12.2722129822
14.3920059204
17.2581596375
17.6214447021
16.1094608307
21.5396499634
21.8163013458
19.9309253693
22.3723869324
25.6859111786
26.8310070038
26.4911251068
25.7362976074
24.0499839783
27.9838790894
25.4693279266
20.1631202698
21.1265983582
20.6800537109
25.0980110168
24.2543926239
20.9039916992
23.1294002533
21.4332828522
21.8273448944
23.4721469879
19.8113365173
16.8913078308
18.681312561
17.0443992615
20.739774704
20.4530773163
24.1765384674
27.4957618713
26.7145690918
31.0617465973
30.0091323853
28.4171905518
31.2418041229
30.976682663
29.6515216827
33.8406715393
31.2357139587
29.0259113312
30.6898956299
33.2556877136
34.6087493896
35.1073074341
38.5255241394
40.6227722168
39.4337348938
36.3936233521
36.1274604797
31.0887622833
28.4099903107
29.4267253876
26.2975463867
23.5199317932
26.0813751221
25.5541801453
27.4183864594
27.9852695465
29.2574977875
30.793012619
33.6579551697
34.5894126892
33.7967758179
31.8723926544
28.5939159393
25.1624984741
22.1092453003
21.2036056519
23.0515117645
20.9477176666
17.5148334503
21.0678348541
19.2220306396
14.15239048
15.4983453751
18.4636936188
16.2416782379
12.4303398132
18.0123519897
18.5058860779
14.0469274521
14.2763805389
18.094045639
17.5170230865
21.0887680054
22.2535305023
24.7706623077
23.6566104889
24.7698059082
26.4050445557
30.7758998871
29.8967819214
34.1816101074
32.4426498413
35.4244880676
34.3135452271
29.4575634003
31.6024494171
34.0125274658
29.8528404236
26.930393219
31.4952392578
31.5782032013
25.5840835571
25.8180541992
22.5346813202
20.5953464508
20.59425354
15.7611665726
16.1843700409
18.7271099091
13.9325666428
12.0669488907
9.09792327881
11.7149610519
7.44500637054
8.24769306183
14.0945005417
11.7577142715
10.1522102356
13.5089874268
17.1755886078
15.4809980392
16.0659732819
18.4307537079
20.6857872009
27.0226020813
25.187746048
24.0982875824
23.4146823883
21.5306434631
20.2742424011
15.3252763748
15.7007951736
15.434835434
13.7745485306
13.2777795792
10.6646671295
10.2897863388
9.39768981934
5.84980154037
5.98243141174
7.82200098038
5.17658901215
6.97485160828
7.77511405945
6.6080327034
