23.1055812836
29.0203895569
29.4235668182
26.4591503143
30.3877792358
30.9545917511
32.2010612488
30.600522995
32.1933364868
34.8037986755
39.6411247253
35.494846344
40.0582427979
35.0065078735
32.4447593689
35.8867721558
34.4212265015
35.5221786499
39.203918457
41.9522018433
46.0829429626
44.9577445984
46.615322113
47.3894424438
54.6175956726
54.3615341187
52.8640937805
57.3951797485
56.2987670898
52.1444740295
56.8998680115
52.3098106384
54.9356307983
51.8194885254
49.8525352478
47.6644287109
48.8389472961
44.8782997131
45.5529937744
36.4915122986
36.6699790955
43.4753303528
47.5318069458
45.0114402771
50.5058326721
52.8222084045
52.9554176331
56.146572113
55.3891296387
57.7490005493
58.3807640076
57.4943771362
60.0222549438
55.8925361633
52.7886924744
50.1807670593
47.9163551331
49.295841217
42.5721969604
47.3499298096
42.7741508484
43.3047065735
44.3294639587
38.3383293152
37.3054618835
40.1893806458
35.1007003784
34.9475746155
39.9499816895
39.0828132629
32.8674507141
39.1860961914
40.985824585
38.1325492859
34.4698600769
38.7965774536
41.1969223022
37.9942016602
37.2228240967
42.1836395264
49.1057434082
44.0447654724
41.6725502014
42.2539291382
38.6417884827
42.6185073853
46.5890464783
43.3540000916
49.0805282593
48.959197998
44.7572212219
49.5735244751
50.0978279114
52.5425338745
55.1766052246
53.7499160767
50.0287132263
49.995929718
47.7388725281
46.576789856
49.5941352844
43.851764679
47.6044807434
43.8671798706
47.5204200745
48.7045288086
47.6782989502
51.5161056519
46.4040374756
47.7272453308
47.7446594238
40.9597549438
43.9014282227
48.3428764343
46.0809898376
42.3528251648
46.2237319946
49.7711753845
45.4246025085
47.4233627319
45.0492973328
46.5068969727
47.9603347778
41.7462310791
41.3828392029
44.2539901733
43.3611183167
36.0097618103
40.3852310181
42.0402984619
37.5458641052
35.1538505554
40.0389137268
40.732170105
32.6961593628
36.2928543091
36.7989044189
33.7020797729
29.2563304901
34.9875984192
34.1340751648
35.1051864624
32.1662902832
29.3500175476
32.5138015747
27.8847198486
33.6453475952
34.0537185669
34.6890220642
39.8518218994
38.928817749
39.0781021118
39.1751747131
41.6977844238
42.8354568481
48.2454872131
49.5731086731
52.5387268066
50.8311729431
48.0269546509
46.6427841187
40.4960136414
41.8439102173
36.4724884033
38.9469871521
40.8611068726
34.5100440979
40.6605606079
32.6490135193
35.7884254456
30.959602356
31.3669471741
24.4871349335
26.1992645264
24.7601394653
24.770488739
24.6641197205
21.2387695312
24.8636207581
27.8124523163
25.0353965759
29.8030223846
28.632478714
32.0048484802
36.1040840149
33.6634750366
34.2699813843
33.2452964783
28.4003181458
30.173324585
25.4019374847
22.768404007
25.8335933685
26.2468585968
23.6823196411
22.8841304779
16.5666065216
22.7454452515
17.6312637329
21.9806251526
24.3648395538
26.0891494751
26.5196704865
26.593454361
30.9612483978
30.4362945557
26.906036377
31.6971359253
31.831413269
39.8523178101
32.1881752014
35.0719985962
35.0155944824
36.8750114441
38.510848999
39.2118797302
38.9006309509
38.3508834839
44.1856384277
39.3655738831
41.3535842896
38.8900146484
34.9166183472
33.472743988
38.0296096802
40.3164825439
36.9254379272
36.2244796753
32.0592918396
28.7655601501
34.1205940247
31.8734073639
25.8584327698
30.8025455475
33.4078330994
29.4546394348
31.3047008514
33.5356903076
33.2184524536
27.871421814
35.6780548096
30.5534057617
27.9001998901
27.8865146637
24.1437416077
23.8774394989
23.8863124847
19.4926280975
20.9075870514
21.0851039886
17.0841903687
15.3501996994
17.1192836761
18.1724395752
22.9401893616
23.5958213806
27.7901191711
29.280620575
30.3897399902
24.7669029236
27.034368515
31.0322246552
29.4316730499
26.0260314941
28.9065685272
30.0713710785
29.3945732117
30.4467658997
26.7301521301
31.6965236664
34.1570510864
31.6650848389
37.1872367859
35.9721336365
35.2741394043
39.873840332
42.4329795837
46.7009925842
45.7527542114
41.4778251648
44.8134803772
45.0141944885
41.6931266785
39.5741653442
39.5658721924
39.0153083801
37.7584152222
36.0154647827
35.1276893616
32.5280303955
31.7858104706
30.8712177277
28.804359436
28.3354587555
27.4572315216
26.5459823608
23.3281898499
21.0126934052
17.5029125214
16.7547721863
16.2910461426
20.2012348175
21.5603103638
26.7868499756
25.5503940582
28.6626529694
31.8141784668
28.2929706573
30.3508625031
33.7132530212
33.7700767517
33.5435409546
36.5485801697
36.7038459778
36.6005172729
39.7725028992
43.0672645569
41.5573501587
45.978603363
42.2483825684
44.787979126
27.8160152435
25.6222248077
20.9375782013
27.1868724823
28.8095016479
22.4384498596
24.3311882019
28.3641643524
27.0117778778
21.1300678253
26.69780159
28.1604366302
25.7313594818
19.3504505157
24.4608478546
26.6098060608
23.5119228363
26.7103481293
27.7051048279
24.5828971863
28.6991271973
24.8269042969
24.0114269257
25.5718650818
29.6250457764
28.7581958771
28.322719574
31.0840969086
28.7093734741
24.5670814514
29.8333015442
27.0453491211
28.2298660278
26.741476059
28.3259391785
24.0870113373
27.9307003021
28.1791000366
29.0036563873
25.2689971924
23.4527626038
24.9225673676
28.111164093
22.1861057281
26.9122543335
26.1155033112
25.9802513123
26.8607959747
26.0777492523
28.8479423523
28.5582618713
26.6974334717
29.6296443939
25.0989780426
23.3005809784
21.0273761749
20.5071811676
23.8048534393
19.644777298
26.1216011047
23.7747211456
28.6028175354
31.0263538361
26.3027954102
29.1364040375
28.8067646027
27.1649513245
22.7365379333
23.7431259155
24.4437599182
20.8840522766
20.1100502014
19.8238143921
19.7650604248
15.6445741653
13.7568712234
16.7646198273
17.0869064331
12.1983165741
13.4150838852
19.6979789734
14.8821735382
13.9034233093
13.2964963913
12.9472179413
15.8194026947
16.1566848755
20.020740509
21.5237426758
21.1488742828
25.2695140839
29.1434192657
31.2148723602
34.1120109558
33.9573936462
31.0996170044
33.5323982239
29.9771099091
27.0880870819
26.5784416199
20.1262512207
20.4038295746
16.1273422241
16.5004081726
19.0804138184
18.4363708496
23.1927757263
20.9643001556
24.0141296387
25.8425559998
22.1978054047
27.0171222687
27.8459224701
24.244474411
24.3808174133
29.4089412689
29.7896842957
25.6921482086
28.0237693787
29.3888282776
26.5065631866
27.3861904144
24.8712043762
25.8834209442
21.1933097839
20.3538627625
19.585018158
20.5114994049
17.8165740967
16.6499862671
18.316400528
16.2222995758
16.3046112061
14.8865013123
19.0024833679
13.1939611435
14.0762729645
16.4689083099
19.7334251404
14.7792816162
22.2421360016
16.5628795624
21.3249740601
15.5715770721
20.5282592773
19.6667518616
19.6126823425
19.6162261963
23.4035320282
21.8088760376
19.090593338
16.8807487488
15.7297363281
18.0754528046
19.7659435272
24.4260864258
24.1358127594
21.0797176361
21.7537136078
16.4045448303
14.0390014648
11.8245010376
11.9020462036
14.2143135071
19.414276123
12.1077690125
24.2742118835
20.8333053589
20.9013366699
22.3508720398
20.6923446655
23.4642620087
24.7971286774
28.1635837555
31.8983039856
28.3409175873
30.5636539459
26.637046814
27.7488307953
29.5028743744
30.1055717468
24.0885391235
24.5421581268
27.3782405853
30.3119411469
27.9880962372
24.5701351166
26.8219547272
29.2022647858
31.0721874237
29.0755214691
28.5786800385
31.0481491089
35.4823722839
34.0021781921
31.1320209503
32.2374687195
29.8970546722
25.6488456726
25.6739883423
19.7367801666
25.2005615234
23.7969245911
21.0575790405
22.7859191895
25.5746002197
23.0997581482
19.1281814575
31.698923111
24.9425754547
21.2187900543
23.8390769958
28.0535831451
27.4211387634
24.2112407684
28.1424636841
30.8798904419
30.6240215302
32.0174865723
29.402179718
29.885559082
30.0379619598
31.7209434509
33.1740226746
37.8741340637
36.4635658264
37.4237785339
34.1434211731
35.704536438
37.2582550049
32.3774604797
33.4595031738
37.5113525391
35.2242584229
33.0742950439
38.3668785095
38.7508583069
35.5859260559
33.178943634
42.51587677
42.4271354675
43.2610778809
39.8334693909
37.2548751831
41.1736297607
40.2139892578
34.0720939636
38.9117774963
41.8860435486
36.5756187439
34.7904434204
40.7846832275
37.3407325745
42.1758956909
38.8686027527
40.1060447693
44.5443572998
41.4782066345
37.9948387146
44.3498573303
45.0510864258
40.5039558411
39.323009491
42.6630249023
45.8880844116
40.2444267273
41.2053108215
35.4510574341
37.6796417236
38.821811676
31.4371318817
36.106388092
37.8279037476
33.4933586121
34.6288833618
35.3876838684
38.1929092407
35.4003639221
31.9664230347
35.2730789185
31.4914894104
28.2300491333
30.8297271729
30.4363288879
33.0007476807
29.411026001
27.3269882202
30.6923217773
29.5307407379
23.6087360382
26.1286449432
29.2675514221
28.0360069275
22.5236244202
25.9108791351
29.0740737915
31.3697223663
29.6491260529
26.4372310638
28.1621837616
28.3696918488
24.3121757507
23.4872817993
20.8032226562
16.7248516083
18.7606601715
22.808391571
20.2567768097
17.8603401184
23.2500476837
25.2103538513
27.6675319672
24.3897094727
21.4825000763
27.1889610291
26.5015029907
21.986738205
23.6931781769
21.7982807159
19.7016944885
35.6557731628
33.2840499878
28.4731388092
32.9929504395
33.6729545593
27.6757850647
27.6207351685
31.7519435883
31.1438808441
24.4889602661
27.7796230316
27.5237369537
24.5833683014
21.0572109222
25.2214107513
25.2915248871
21.6383495331
23.9171848297
24.1487960815
20.0334682465
22.8990001678
17.7545013428
17.3314857483
17.499671936
21.7057514191
21.093744278
20.3967552185
23.2125415802
21.4609241486
17.4917373657
23.6555938721
21.0403060913
23.9108657837
24.082950592
24.3099040985
21.9077987671
25.5288848877
24.693775177
26.6248874664
24.3142051697
21.0844421387
21.0272541046
23.1870040894
19.0775299072
21.8986244202
22.6840934753
21.582408905
22.0399513245
20.7916545868
22.7612895966
22.8814506531
22.5579681396
25.5266838074
22.002281189
21.2803974152
16.690738678
17.3789520264
17.7223320007
15.7816915512
19.5658493042
17.948890686
24.0715198517
25.6209182739
21.8836860657
24.9690132141
23.5023288727
24.0545406342
20.0141716003
18.2460918427
19.5024833679
19.6068973541
17.074924469
14.2583150864
17.4887676239
16.6723098755
11.8204269409
13.7435588837
18.2007884979
17.0906982422
12.0114936829
23.6050395966
21.8084449768
22.7944927216
21.826467514
16.1566905975
14.9553012848
15.1406965256
14.1686925888
13.8553657532
13.0784549713
17.0291233063
20.7853317261
23.5292606354
25.8915309906
26.6832313538
24.2419757843
25.8275775909
23.0771751404
19.6953411102
19.1612663269
13.437502861
13.7722654343
12.1192932129
15.7676448822
18.5222225189
20.6372852325
25.0068073273
23.4609966278
27.7107391357
28.6715812683
26.4294834137
30.3149623871
31.684009552
29.5260276794
30.2578315735
34.5783729553
35.3195266724
32.6095695496
35.4003219604
37.3928337097
35.1133537292
34.8606643677
32.8271713257
35.1553230286
29.5809230804
28.0551567078
28.5310783386
30.1181659698
26.66065979
25.3803768158
27.908657074
25.9189071655
25.4003810883
23.4827041626
27.8162555695
21.1879920959
21.6294994354
24.2490921021
27.0884647369
20.7643299103
27.1370239258
21.1718025208
25.925743103
20.4672241211
23.7629089355
23.2391929626
25.8328266144
23.5158576965
28.2942619324
24.8178501129
22.6423435211
22.7043304443
19.043132782
23.9120597839
24.1702651978
30.035785675
28.5361022949
25.7418422699
28.9293785095
21.4226837158
21.5922794342
17.6082897186
18.68268013
16.8571605682
20.2583866119
15.5002841949
23.2099952698
21.926897049
23.082365036
24.3100643158
22.5632286072
28.2637653351
27.5267353058
32.3663597107
35.0785903931
30.5149688721
33.1325492859
29.3105220795
29.0159339905
31.930015564
30.8050899506
26.6125602722
27.4723739624
30.0686531067
33.1520843506
31.8164653778
29.5780162811
30.6026306152
34.0720062256
36.4814529419
33.9485740662
32.423500061
35.3208694458
39.6246795654
37.0186729431
35.5809631348
34.8255844116
34.0948104858
30.0266551971
31.4522972107
26.4448432922
31.7788181305
29.2430858612
27.5107650757
30.9109420776
32.3827438354
29.2518634796
27.4393558502
38.3702964783
31.6184101105
28.0320854187
32.1533889771
35.2956466675
33.6486129761
31.228105545
36.2694740295
38.1855735779
37.0136795044
37.8145179749
34.469833374
34.4500732422
36.3075256348
37.4754333496
37.0703735352
41.2821578979
39.3416595459
39.8501014709
36.8337745667
38.4169387817
40.6730690002
36.7806358337
38.2903556824
41.966178894
39.9531173706
38.676525116
44.0321083069
44.1497383118
42.0024604797
40.0475578308
48.16198349
48.1246109009
49.7891349792
46.3916664124
42.9568023682
46.7719612122
46.3110313416
40.1163520813
44.0661125183
47.0093193054
42.8081092834
40.2363510132
45.4679412842
41.6608848572
46.0179977417
42.9467086792
42.9958686829
47.0362281799
43.6593170166
41.9105186462
48.1060447693
48.5496368408
44.2511940002
44.2812767029
47.820098877
51.8049087524
46.3315391541
48.3341789246
43.2638168335
45.0243911743
47.3087882996
39.7392044067
44.7092399597
45.2974510193
40.9501266479
42.7701072693
42.6484680176
45.5917930603
42.2818336487
39.5717964172
43.4775733948
39.5165596008
36.3924713135
39.574546814
39.897895813
42.6937408447
39.3911476135
36.764541626
39.7756690979
39.2181892395
33.3380508423
34.8402938843
38.2556610107
37.5571479797
31.5262832642
33.8746643066
37.3923797607
38.2371940613
37.0147514343
33.2234687805
35.4958534241
36.6823501587
32.2075920105
33.0516395569
30.1080989838
26.5330200195
28.7048454285
32.7081222534
30.3747730255
28.3129024506
33.6646499634
35.4499969482
38.0431137085
34.2300491333
31.7051715851
37.6053695679
36.3945045471
31.8696556091
33.0961265564
31.796415329
28.8424911499
35.0380477905
35.3062324524
33.5606231689
39.2330551147
42.4329948425
37.8087730408
40.3844642639
43.6867904663
43.1348800659
39.5058860779
44.9534454346
46.7727890015
44.5588150024
38.2033348083
42.290348053
43.6543769836
40.4810905457
43.0646934509
46.0756263733
42.749080658
46.8275375366
42.1605110168
41.5590591431
42.1073303223
43.5185966492
42.361907959
40.3332252502
43.1913604736
40.6248207092
36.3107795715
37.5175361633
34.6095085144
32.4239997864
28.0520572662
31.6802196503
26.3876190186
29.7449836731
32.1376838684
32.8090019226
30.4610557556
32.1384353638
32.4546432495
34.8163146973
28.0359802246
33.3607254028
30.4716339111
31.9771099091
34.2434577942
36.017124176
38.5368614197
39.7920646667
36.7319030762
37.0602035522
33.4113731384
27.6901779175
30.1614665985
28.1663684845
33.6314353943
29.5180931091
36.0147781372
35.7307548523
36.6919326782
40.7889404297
37.8911514282
42.2850646973
44.3660926819
42.2512321472
35.8919563293
38.5434532166
41.5238113403
36.219833374
35.1653747559
36.8798751831
38.8530807495
32.6246833801
30.9918937683
35.1345863342
35.5879249573
30.7055416107
32.4498825073
34.5537071228
29.5902309418
27.1002311707
23.1781101227
25.6921310425
26.5810699463
30.7315425873
32.6095809937
33.9353256226
36.2454223633
37.1629333496
38.8827781677
43.9914245605
42.1100311279
45.426525116
43.0100784302
40.8092308044
45.5950012207
41.3126029968
40.6484489441
38.2800102234
34.0491600037
32.7457542419
29.0176849365
27.8801727295
24.272983551
22.5952701569
22.1935806274
18.6852817535
15.7769794464
18.0627059937
14.7114953995
17.7892112732
15.1454372406
11.8498697281
12.3018112183
13.3399553299
12.7121543884
11.40533638
14.7232704163
15.4050264359
13.7258167267
11.982416153
15.888051033
15.9518976212
13.8265047073
14.9134473801
21.2022476196
19.4310188293
18.4939289093
21.5435638428
23.0520420074
26.5505313873
23.8406887054
29.384147644
29.5399150848
27.9233226776
28.166727066
33.1557617188
32.8514900208
35.8722190857
32.4061470032
33.4385643005
26.3678035736
30.950428009
25.7634487152
23.6067829132
21.1138324738
19.2565670013
20.6162624359
23.4067363739
17.9732589722
18.6220149994
13.9431381226
17.8617954254
14.5794229507
18.5109138489
19.5170917511
15.4144182205
20.4601345062
16.5838603973
21.142250061
22.0783863068
22.697725296
28.2518692017
26.8926792145
34.9343185425
30.6752948761
33.1447296143
35.8831214905
36.9822006226
36.4673423767
39.6855812073
41.206363678
42.4051628113
41.4433937073
40.7802467346
38.2080802917
36.7342185974
36.1419906616
36.386844635
31.4300327301
28.9903697968
28.7887630463
28.7585334778
24.0649662018
22.9281616211
28.6930294037
30.4780426025
31.7382545471
33.5056228638
33.3204040527
31.9267921448
38.0274887085
38.9697265625
37.6200866699
40.8491706848
39.0619392395
34.1796875
34.1396446228
31.2284297943
31.2757930756
30.0277442932
27.6658535004
26.2984218597
25.4873046875
24.0143489838
19.0084781647
27.8711433411
20.2025642395
16.6737155914
16.0826702118
18.5781078339
16.8751049042
13.0443181992
15.3786153793
18.1171035767
13.9265289307
20.0252819061
18.7421302795
21.9152889252
20.9662036896
25.7266387939
25.5457954407
31.8426570892
30.6773662567
34.539806366
33.9479217529
35.3115959167
32.8051795959
29.2106227875
31.7920684814
33.0224304199
28.4455718994
29.4754314423
32.9964408875
31.615146637
28.3380393982
28.755859375
37.2391014099
38.2036399841
39.7942504883
37.0652542114
35.8437080383
40.1068572998
40.0070037842
36.0477409363
40.4573669434
43.7795982361
40.7066078186
40.0617446899
45.4279289246
41.3431510925
44.7906837463
39.7533454895
41.1954078674
45.5623970032
41.7569618225
37.4700241089
43.325252533
42.0301437378
37.3643798828
36.4259567261
38.129776001
40.743888855
34.1506576538
34.1583862305
30.5489788055
29.1656608582
29.5018596649
22.8908348083
24.1512832642
26.3122501373
21.7851009369
20.0428161621
19.0771408081
20.299577713
17.3611335754
15.514582634
18.1784038544
13.5963554382
11.5708255768
16.666891098
18.337141037
22.2555179596
20.9045829773
17.5141525269
20.4686031342
23.4521865845
19.7235431671
19.4263820648
24.3138694763
25.8896102905
21.6058254242
22.7357578278
28.277513504
30.8930912018
32.7815628052
32.4060287476
34.7601547241
31.4495162964
27.6416969299
25.4301376343
27.8590393066
24.2902908325
27.7283535004
27.4981803894
22.519777298
22.6312828064
26.0634613037
22.5239048004
23.473361969
16.8712005615
18.3195133209
23.3090953827
18.0900287628
17.0678043365
19.7134437561
21.78515625
22.6646327972
30.7570228577
31.6003036499
30.1544914246
35.805606842
39.2967033386
34.8933753967
37.9114456177
40.8101005554
40.1385879517
37.0871086121
42.9878158569
44.6465950012
42.9403152466
36.2549171448
40.0658302307
41.9741096497
39.0144271851
41.7397842407
44.7087974548
41.9704399109
46.2652702332
41.9922294617
41.5071411133
42.4205818176
44.5089912415
43.5021209717
41.7874069214
44.8845100403
42.2548217773
37.9258155823
39.9013023376
36.8255691528
35.2741279602
31.0886325836
34.0712432861
28.8984375
32.0457611084
33.7104797363
34.0776367188
30.6659660339
32.2365341187
33.5113983154
36.3538169861
29.8378334045
35.4574623108
33.1428337097
34.3716659546
36.7804374695
37.9639320374
40.7018623352
41.6551437378
38.6676139832
39.5460319519
35.5541763306
30.452419281
32.1114234924
30.1178798676
35.2684707642
30.5602607727
37.3092880249
36.2827949524
37.4573059082
41.317150116
37.7631340027
41.6637687683
43.7576560974
41.0882034302
35.2560806274
38.2960739136
40.7399482727
34.9474449158
34.7385902405
36.591381073
37.6314468384
31.380563736
30.579706192
34.6073722839
34.2615432739
29.4185619354
32.0448646545
34.399394989
29.0014762878
25.7720890045
22.4782962799
24.8712100983
26.9617538452
31.2283725739
32.8271980286
34.851146698
37.1366577148
37.4653701782
39.8958625793
44.6726608276
43.4649810791
46.7985305786
44.6117362976
42.0914497375
46.3813171387
42.1531562805
41.1815032959
39.4381828308
34.6441383362
33.9633789062
29.9057197571
29.0962486267
26.6376781464
24.6511669159
25.2782821655
21.5303497314
19.4976234436
21.542142868
16.8339748383
20.2962112427
19.2186698914
15.668422699
14.2394323349
16.3387832642
16.9304409027
11.9824104309
12.5562143326
12.6261339188
13.9747104645
14.1605739594
11.982542038
14.6355438232
13.8092164993
11.2897834778
18.0323219299
17.9680805206
16.6788635254
18.1441574097
20.8558254242
25.0922813416
21.2829494476
26.5467891693
27.4425506592
25.9877071381
25.2770500183
30.5557479858
30.5327186584
33.9230880737
30.4138507843
31.1192111969
24.9345474243
29.0066280365
24.967124939
22.0499420166
20.8624286652
19.6079101562
21.479637146
23.6624202728
18.1696681976
20.1793556213
15.7836179733
20.428144455
17.9248733521
21.7723731995
21.8693466187
16.7384223938
21.7257843018
16.5856609344
21.5039348602
21.2727069855
23.1688518524
28.6031970978
25.9735679626
34.6905212402
29.7743587494
32.125919342
34.1281013489
34.9920845032
33.425983429
37.0031318665
38.1227455139
39.7534294128
38.7744102478
38.1602096558
35.7477035522
35.0890769958
34.0207481384
35.0298118591
29.8980522156
27.7553749084
28.1715965271
28.0006332397
23.3652973175
21.6556987762
26.9713745117
28.4078063965
28.7736549377
30.5298576355
30.9839382172
29.714138031
35.2605400085
36.4968338013
34.3853683472
38.2788658142
35.9001617432
31.3662281036
31.0379142761
28.1168785095
27.9534664154
27.3081912994
25.1047039032
22.7898960114
22.3074321747
21.7786140442
15.9149923325
25.0320549011
17.8901634216
15.0026979446
12.2201881409
16.0668849945
15.6942310333
11.6366262436
12.0447473526
15.679766655
14.701675415
19.337272644
19.2614135742
21.7401161194
18.9428310394
23.5633392334
25.130147934
31.3456230164
30.1477489471
33.7522773743
32.7098846436
33.6019554138
31.5055446625
27.6299343109
29.308259964
30.9406852722
26.8506660461
26.7930793762
30.4593772888
29.3915710449
25.4492511749
25.2523899078
34.5350265503
35.2267723083
36.1031608582
33.46352005
32.5574493408
36.7525062561
36.2554931641
32.3770561218
37.1364593506
40.176612854
36.6078109741
36.2435760498
41.9679870605
38.0588150024
41.9402923584
36.9048042297
39.0932922363
43.2509040833
39.8603973389
34.8328819275
40.5535888672
39.7447319031
35.174747467
33.5156021118
35.249458313
37.4386253357
31.064239502
30.5521697998
26.3424568176
25.7210960388
25.4613399506
18.8310718536
20.4758605957
23.3750133514
18.9743461609
17.3532543182
17.9307861328
19.7808036804
17.5971183777
14.1192216873
16.5940113068
12.9398870468
9.77268028259
13.2175598145
14.0965995789
17.831413269
16.0583000183
12.603094101
15.9909410477
18.3306541443
14.61739254
14.9077529907
19.4631118774
20.757894516
16.9926071167
18.651014328
23.6411552429
26.9380168915
28.3681812286
28.3194904327
30.2924976349
26.691701889
23.3739089966
20.4986000061
23.3545970917
20.2199192047
23.6399021149
22.6689510345
17.7689533234
18.5055007935
21.3484706879
17.3904361725
18.4946041107
11.8255119324
13.7434549332
18.8900699615
14.6307439804
13.8328351974
17.7713279724
18.7365016937
20.8675918579
28.6059341431
29.8638095856
28.5950374603
34.6976966858
38.2777862549
33.9682807922
37.8428611755
40.0830879211
38.7935142517
36.439289093
42.7707824707
45.046245575
43.4927406311
36.4414710999
40.4274559021
43.0096359253
40.671005249
43.5056114197
46.2264518738
43.6426696777
48.172454834
44.4731483459
43.4976158142
45.1956710815
47.6963653564
46.4053840637
45.4407730103
48.5391387939
45.7213630676
41.3287658691
44.189743042
41.207447052
39.7884368896
35.7796287537
39.1070098877
33.5387535095
36.9925842285
38.6088905334
38.8893890381
34.7967987061
36.0239181519
37.7605285645
41.1102294922
34.1977615356
40.027721405
37.5579986572
38.1895828247
40.5079116821
41.0470199585
44.2227668762
44.5383491516
41.4052047729
42.8479232788
38.4510383606
33.9772529602
35.4914627075
33.8336677551
39.2709465027
34.2472381592
41.598903656
40.0566520691
41.8182411194
45.2746887207
41.2581481934
44.7124404907
46.3925514221
43.4983863831
38.1376838684
41.3807144165
42.9757499695
37.1016998291
37.4510574341
38.9130592346
38.9715919495
32.779384613
32.6513824463
36.0053253174
35.0442390442
30.0789661407
33.2235107422
35.1597862244
29.3126029968
25.3095626831
23.1406764984
25.8834037781
29.3703765869
33.1041603088
35.1553077698
37.5206832886
39.9490203857
40.1292419434
43.2497673035
47.9972572327
47.5826301575
51.112865448
49.0837898254
46.4421043396
50.457901001
46.030582428
44.7690048218
43.2169418335
37.8249778748
36.9789085388
32.9679946899
31.6337547302
29.9096984863
27.745973587
28.7999973297
25.6800136566
23.7002544403
26.4397678375
21.6178874969
25.412569046
23.8837223053
20.0037403107
18.9324207306
20.9766197205
20.9514102936
15.8880491257
14.1408567429
11.9697141647
11.7112560272
15.8157272339
11.9825372696
13.8380689621
15.5787096024
11.9394626617
15.5307531357
17.8218917847
17.8990974426
17.0598220825
19.4220600128
25.612827301
21.7417907715
25.5537166595
26.9949302673
26.2699260712
24.9874839783
29.6100349426
30.0415096283
34.1497306824
30.9776515961
32.1397323608
27.0121326447
30.9361686707
27.8887176514
24.3560905457
24.5524921417
23.8373355865
25.909538269
27.1822967529
21.4623260498
23.7581882477
18.9843101501
23.1378822327
20.7702655792
24.0183963776
23.3754386902
17.2902774811
23.416973114
18.3602733612
23.1797981262
23.3506412506
26.2965545654
31.9240512848
27.9694538116
37.9466209412
32.6166725159
34.1617393494
35.658706665
35.7884140015
33.2775764465
37.2703285217
37.7228317261
40.2371292114
39.6057167053
39.0618591309
36.9036407471
37.3344573975
36.1851043701
38.1000862122
32.3581085205
30.8699645996
31.8819637299
31.6493587494
27.2181720734
24.9548149109
29.6373920441
30.4135055542
30.0425777435
31.7058181763
32.9568099976
31.7543582916
36.6559829712
38.2051544189
34.9534797668
39.6538352966
36.1123466492
32.2544326782
31.0913467407
27.8265457153
28.124502182
28.6479721069
26.4078025818
22.6773757935
23.4080448151
23.9736766815
16.9673995972
26.7918453217
20.2828807831
18.2260494232
13.4618644714
18.3199596405
19.5416698456
15.7367343903
13.5091333389
17.519109726
18.5291938782
22.7872467041
23.7164497375
25.8736591339
21.6091995239
26.0046367645
29.0750617981
34.9003334045
33.8436203003
37.2119750977
35.7146682739
36.3588142395
34.5346794128
30.3543243408
31.0535640717
33.0979728699
29.517988205
28.5308895111
31.6204395294
31.0868034363
26.5624370575
25.6022186279
35.3375968933
35.7793502808
35.5351257324
33.0475311279
33.0556297302
36.8694419861
35.8022727966
32.2754478455
37.4548225403
40.0891227722
35.6253051758
35.9310798645
41.8438262939
38.679069519
42.7569084167
38.1851844788
41.1278800964
45.2714576721
42.439163208
36.5820655823
41.9624328613
41.6579780579
37.3054885864
34.7389373779
36.2548866272
37.5381813049
31.6800785065
30.0465869904
25.3189468384
25.5691719055
23.540605545
18.2207756042
18.8325481415
23.4507236481
19.8456497192
17.1047782898
19.2621192932
20.4063243866
19.5396766663
15.6883411407
16.0579242706
13.3777780533
11.2042379379
12.0979423523
10.1161527634
13.2251768112
10.5899963379
9.76006221771
13.8833322525
14.5844678879
11.9950046539
14.4850511551
17.4849967957
17.5728702545
16.0635452271
18.8780250549
22.2107219696
26.8705329895
27.3083267212
27.7771434784
28.774225235
24.714422226
22.634552002
17.7702903748
20.9798870087
18.3697719574
20.3395442963
19.0954914093
14.7605810165
15.1307344437
16.4484329224
12.580206871
12.4142913818
7.79826927185
9.27803230286
12.328953743
8.47934246063
9.14235305786
13.4446058273
13.9077453613
17.5091285706
24.6493377686
26.1514110565
24.9003505707
28.3725605011
32.2975234985
28.4547214508
30.2925186157
33.0252189636
33.7830314636
31.2903347015
37.0756568909
36.1321983337
36.3224601746
29.7626533508
31.4750099182
33.5182418823
29.8463439941
32.4913063049
36.2570953369
35.0635604858
39.6034088135
35.7631759644
36.7797584534
36.9231719971
41.4574432373
40.943561554
38.6105957031
42.7021331787
40.8912506104
36.2612113953
39.3720970154
35.0581932068
35.7856826782
31.9234790802
31.757724762
28.1976642609
29.9903888702
28.6742153168
28.9242305756
22.3833217621
23.8366069794
27.902545929
31.5850143433
26.9712505341
33.0137214661
33.5878715515
34.6102828979
37.8187179565
38.3613853455
40.8178329468
42.150894165
40.3314094543
41.8180809021
37.7737464905
33.101940155
32.1992225647
29.4263648987
32.6484069824
26.202545166
32.4350547791
29.692483902
30.2051410675
33.640296936
28.8764305115
31.7217674255
34.7637557983
30.9075737
25.9042434692
30.2424602509
32.4161834717
25.3849067688
27.4262866974
30.2849521637
30.6963500977
24.3198165894
25.4693813324
30.1740055084
28.8660583496
25.1885643005
29.3700351715
34.5395622253
29.2884731293
26.8513202667
24.6863956451
23.0997562408
25.4274730682
30.5677661896
29.251871109
33.4664421082
34.5317726135
32.5670928955
35.930141449
39.1160621643
38.8684883118
42.0717163086
39.9588279724
36.6993751526
39.5342597961
35.8108863831
34.8662910461
35.2200698853
29.7507247925
31.8067073822
27.3097057343
29.7391662598
29.0090923309
27.5973014832
30.5083084106
25.078414917
25.8285598755
25.751373291
19.199131012
22.6047725677
26.2214031219
24.053981781
20.5789108276
24.7356128693
27.9252243042
24.0143508911
26.8283901215
26.2375488281
27.656042099
27.4998340607
21.7786178589
23.9736804962
25.1986217499
22.9825992584
16.9803943634
24.2693424225
23.6533889771
18.2244873047
19.2199440002
24.2808437347
24.3761882782
17.0162639618
24.4797420502
24.9982414246
21.3946418762
19.0551166534
26.6537055969
25.8434696198
28.0089416504
23.2004318237
21.4482078552
17.0915775299
17.9224491119
16.4831581116
14.633471489
14.8421564102
18.4289417267
18.4199066162
19.4855880737
18.364030838
21.1740970612
21.6787242889
27.1839103699
28.0496616364
31.1084594727
30.3087177277
27.7167835236
27.1178588867
20.6744747162
23.3573226929
18.278553009
20.3416233063
23.5539779663
19.878490448
27.202331543
20.0593891144
24.0102291107
24.3656768799
26.3237705231
23.9628009796
27.2824172974
29.119556427
30.2652111053
27.7501430511
26.8496932983
24.3475513458
23.7074356079
22.0251846313
23.3701572418
18.6585102081
17.1952342987
19.3530349731
19.6584835052
17.0150756836
13.9694156647
16.0428276062
18.5684337616
18.8925113678
19.2067241669
18.9780578613
19.3278026581
24.5159091949
24.6988716125
22.9265937805
26.3561248779
24.97057724
19.7790145874
21.3944473267
19.9238071442
19.0939598083
15.8087406158
16.0429477692
16.729763031
13.4804992676
12.8328256607
21.8955402374
13.1674613953
13.9033374786
16.4448738098
18.4021911621
18.3651409149
18.4648590088
20.6378173828
21.1220932007
23.9893875122
21.3851299286
20.9075469971
19.8876647949
18.0932273865
18.7440090179
21.7124710083
26.0595417023
24.3860912323
25.890953064
23.160451889
23.7684669495
24.4303207397
19.8352432251
20.4839954376
23.9727420807
21.7806243896
19.6196346283
24.902173996
25.2195510864
22.8015022278
20.3333969116
30.4236831665
29.3084316254
30.4974155426
27.8908634186
24.4286499023
28.842754364
29.2691955566
23.089384079
27.6990337372
31.4246864319
27.9947929382
26.2086601257
32.2551994324
27.2329216003
31.8098888397
27.0213317871
29.1302928925
33.0981674194
29.6780853271
24.8286724091
30.99426651
31.2207164764
26.7462005615
25.3559494019
28.3617553711
31.6841526031
26.0077056885
27.5119438171
22.8467731476
24.3271694183
27.1393985748
19.9316082001
25.5749397278
25.2078170776
21.5221271515
24.8078365326
25.6199264526
29.5182743073
27.1835594177
23.5133647919
27.8082675934
26.1288337708
22.6320781708
23.2707881927
24.5334568024
26.4526481628
24.6638393402
20.8216457367
21.8101634979
22.1224193573
17.9118061066
16.2285652161
19.2902164459
20.5133590698
14.1085834503
13.8567619324
18.4356441498
18.7686347961
19.7625637054
18.029045105
21.4989547729
20.1926231384
15.0680713654
18.2635879517
18.9845867157
17.2980155945
23.1566963196
21.4073638916
18.3556537628
21.0245990753
24.3925666809
22.0606803894
25.3295612335
21.0210914612
21.3605003357
27.4884319305
27.037525177
24.8719024658
29.2941646576
27.5382041931
29.1685466766
36.9216423035
39.7309188843
39.1834411621
40.6736679077
44.5180740356
41.6146583557
42.6072769165
44.5546150208
46.9139633179
45.0248641968
49.7296180725
47.0630111694
47.9020996094
42.6487960815
42.7931213379
42.8082237244
39.1566581726
40.4068908691
45.615398407
44.9103660583
48.8189506531
44.4672279358
46.4509239197
45.0214500427
49.0865135193
48.45677948
44.5818138123
49.3482551575
48.2455596924
43.5933189392
44.4796791077
39.3647041321
39.8951835632
34.8461990356
32.6604957581
31.1610431671
31.1009159088
27.7431125641
29.4101600647
22.6184711456
26.7840423584
30.8550682068
33.2000198364
31.0567378998
36.4757423401
38.3890533447
40.0027809143
44.5872421265
46.2174911499
47.9785881042
50.8504562378
49.3716087341
49.5275878906
46.3723640442
40.0736160278
39.909740448
36.4291496277
38.5187683105
32.5252571106
36.1996231079
34.7492446899
31.0674266815
35.0799598694
32.1158294678
35.4338912964
40.7465782166
37.330532074
32.0505943298
36.7782707214
40.546207428
34.1604766846
36.0653419495
39.7602310181
41.9341430664
35.7835388184
36.3205718994
41.6604270935
40.9805908203
38.669719696
41.9031524658
46.4451560974
42.1233901978
40.9579849243
37.8542251587
36.4635734558
36.3457756042
41.6053085327
39.3416595459
42.9189872742
43.5520248413
40.8957862854
42.8617935181
45.5301475525
42.9977607727
45.7629776001
42.0684394836
39.269569397
42.1476325989
39.3798980713
40.4994773865
41.0053863525
37.5911483765
39.8510551453
36.3814926147
39.911605835
37.0250740051
36.5572967529
37.6370582581
31.2322750092
30.7279472351
28.8424472809
23.1226291656
22.6645088196
28.0821914673
29.641046524
25.9237251282
25.9040260315
31.6559925079
30.6773548126
33.4473075867
32.9137191772
37.3269424438
35.6127166748
30.1477508545
33.8436203003
36.6544723511
33.42943573
28.9102039337
37.8884277344
36.2549057007
31.4276161194
33.3426513672
38.5465354919
37.7862815857
31.8449020386
39.0361251831
39.5974960327
34.9287376404
33.4850120544
40.3529853821
40.5221862793
40.4863166809
36.1774864197
33.3514900208
29.256772995
27.8550624847
25.6189785004
27.0703010559
21.9359378815
24.7940883636
22.7028484344
28.1052589417
28.3849868774
29.7945842743
30.4983329773
36.1369018555
35.8248786926
39.4662055969
40.2803421021
38.1793479919
38.279586792
32.36120224
35.0161857605
30.8956871033
29.5420513153
31.682516098
31.3933086395
33.9245223999
27.4956073761
34.1088600159
34.3880729675
37.6606178284
35.5946006775
37.9136390686
40.1117477417
38.336517334
36.3243751526
32.9618835449
32.6930656433
28.2369174957
25.1796703339
23.0865936279
24.9213314056
23.2530956268
22.329908371
14.2011003494
14.5503158569
20.218000412
18.625869751
24.8673763275
23.1098537445
25.5809803009
23.9255313873
19.3309669495
25.1812057495
25.3185367584
28.0608692169
31.085226059
32.4257011414
28.3754444122
32.0899848938
33.6947364807
30.8945484161
26.9901599884
29.590675354
30.7203426361
22.7919483185
24.3860759735
26.4085597992
31.2794036865
20.7378921509
23.3974132538
25.9078159332
23.8569202423
21.9760799408
25.3472499847
26.7190151215
23.566362381
25.7833938599
18.7515850067
21.0785503387
17.969499588
18.5031604767
18.5009117126
13.5933551788
16.4665489197
14.2771511078
17.3274898529
14.925242424
12.7242441177
15.6114826202
17.2560348511
15.3899345398
12.2627859116
19.0957775116
20.9962062836
17.522436142
21.6507911682
22.3598995209
28.7219085693
25.6391487122
29.0257606506
29.3171806335
23.5926456451
26.8478507996
31.2381401062
27.1982192993
28.2665081024
32.4670715332
33.8954238892
31.7238407135
34.9451026917
28.6427192688
29.9478149414
23.568031311
23.4300689697
25.7661895752
20.0514774323
17.3083324432
21.8366317749
18.8645534515
14.8172636032
17.9852180481
19.5600128174
24.760017395
19.5830307007
24.2355899811
25.0257740021
22.0939598083
28.5437221527
23.9568386078
27.7835597992
22.6248569489
20.8845119476
26.1281223297
24.2737369537
28.4378185272
26.0058403015
25.0066337585
30.1049556732
30.1926937103
28.0234718323
28.4286079407
32.1205787659
33.8610725403
34.4465141296
29.6985359192
28.1361045837
31.4799098969
29.937379837
24.7390518188
27.4398193359
31.3091678619
26.751663208
22.3660755157
26.9591598511
22.6146011353
28.0354995728
28.015039444
32.1314048767
30.7002048492
26.7485160828
31.7573318481
33.9293708801
33.100933075
39.0243682861
35.9678039551
33.0397071838
36.3742370605
39.0342636108
34.6576385498
37.4280776978
32.2698440552
34.6978492737
40.209197998
38.4219818115
37.6694831848
42.1881599426
41.6970176697
43.5931816101
29.3290596008
33.7898216248
34.2767601013
36.3603858948
40.8862228394
38.5010681152
40.9015007019
42.2101211548
43.3337287903
42.6869316101
48.3850059509
47.2888298035
48.1738395691
41.80027771
42.6359329224
44.4526405334
41.5821266174
43.604133606
48.081615448
47.3968467712
51.9278030396
48.3463783264
49.4107055664
49.6056251526
53.5059242249
52.957408905
50.4775009155
54.8455848694
52.9572982788
48.3740615845
50.55626297
46.1040458679
46.1221389771
41.3370361328
41.2360191345
37.8273849487
39.04845047
37.5665779114
37.9933204651
31.2899837494
34.2050743103
38.4088439941
41.7724266052
37.6332473755
43.6610946655
44.0514564514
45.1054000854
49.1548042297
49.9730873108
52.6154937744
54.215297699
52.1106719971
53.0878639221
49.1886444092
43.7128791809
43.8680267334
40.8041152954
44.288860321
37.9247703552
43.6659126282
41.3263664246
40.0979347229
43.5537109375
39.4101791382
42.060131073
46.0802993774
41.8889312744
37.2953109741
42.1886100769
44.5127296448
37.2861404419
39.8371963501
43.0091896057
43.3441886902
36.8052062988
38.3779335022
42.8832092285
41.1308631897
37.8017311096
42.3765449524
45.8714332581
40.5620918274
37.9717216492
35.8090248108
35.5859107971
37.8206977844
42.7799530029
42.0024490356
45.7571907043
47.1087303162
45.0423545837
48.1662902832
51.3559989929
50.1497497559
53.4063453674
50.4713973999
47.4120407104
50.445438385
46.8013496399
46.7189445496
46.9103126526
42.1758918762
43.8170700073
39.7611541748
41.7087287903
39.8717651367
38.3023681641
39.8865318298
34.2244796753
32.9889221191
32.7061233521
26.0642967224
27.5619277954
30.9693851471
30.1438274384
25.8614139557
26.7534942627
31.4053382874
28.3380565643
29.656047821
27.5099487305
31.5970535278
32.1004943848
25.4492397308
26.5624427795
32.1948928833
30.5790309906
23.6965904236
31.8260784149
32.728302002
28.2998905182
27.9235553741
33.9753684998
35.4669265747
28.6595077515
34.5837173462
36.7197380066
32.9155387878
30.0092906952
36.8757209778
37.8239936829
38.7130889893
35.181552887
32.6628646851
29.8372344971
29.3105144501
28.1857891083
26.6603221893
25.1512718201
26.6085929871
27.2862625122
30.7930603027
28.9017963409
31.9612960815
30.4180984497
36.4330558777
35.0131797791
39.1591835022
39.3524169922
35.1480979919
37.555316925
30.8852443695
34.7234535217
30.7077236176
32.1399917603
35.3369941711
32.7056121826
38.5457801819
31.4820232391
35.8771705627
35.6353340149
37.8185577393
33.3100814819
37.1089515686
37.4130401611
37.3094100952
36.5309181213
33.5461425781
33.3553619385
32.0785217285
28.3224105835
30.1080741882
28.2045135498
26.9501876831
27.6087913513
22.8172111511
20.2522182465
21.6743240356
22.0437355042
24.0841388702
20.0865192413
23.9667034149
25.3092403412
20.9270687103
24.9007091522
27.6036567688
26.5467205048
32.3496780396
30.7131996155
27.657207489
29.2845935822
30.1221828461
26.9108333588
25.5301494598
27.5245342255
25.300069809
17.7178020477
22.8015041351
21.9839992523
26.8014431
17.5882282257
21.5116329193
19.565984726
18.169878006
20.0700759888
22.4229488373
19.8170833588
16.9786720276
23.6237850189
17.8138332367
22.9655647278
21.2161636353
14.4031095505
15.4688816071
19.9896183014
24.467086792
21.6508102417
25.2380218506
24.7707042694
22.4716358185
20.5534305573
19.0522117615
17.055398941
16.9413394928
15.1468105316
14.9134101868
15.8230676651
14.2339162827
12.3517560959
20.7627544403
19.7221012115
20.6958122253
20.6707344055
18.5854434967
22.1479701996
24.1501731873
21.7778396606
24.6889133453
27.9729499817
27.3547801971
27.2008590698
31.6082382202
26.9922847748
29.8159770966
23.5198631287
27.3980236053
30.0005702972
27.2703075409
20.1227245331
24.292093277
23.629442215
19.8800144196
16.9360752106
17.8025627136
19.6981182098
13.5137281418
13.873260498
12.5702905655
10.5044937134
15.4912004471
11.8440847397
16.0668201447
12.616689682
11.5923442841
17.2155323029
18.834980011
23.1484699249
22.5508556366
19.142074585
22.7655010223
24.2801914215
21.9505672455
19.3947525024
21.9214801788
22.2719135284
23.4120006561
19.635848999
16.7590026855
19.3967723846
20.2582321167
14.7691354752
15.2481365204
19.7042808533
18.0839443207
13.3076696396
16.2497501373
14.522608757
19.8844070435
22.196937561
24.8096981049
21.1542739868
19.3749980927
22.1776504517
26.0598926544
26.4326610565
31.4509773254
26.6901512146
24.47382164
28.7687702179
29.4385204315
24.1627502441
26.4769325256
23.192325592
26.2897205353
30.0209617615
29.752166748
30.209777832
35.1308403015
33.9772720337
37.4284820557
38.5863265991
41.3276062012
41.1947784424
45.4643669128
49.5212898254
46.1148414612
49.2882041931
51.1636657715
51.4203338623
49.8084335327
55.5051345825
56.7786598206
55.5641975403
48.9831504822
51.8062782288
53.0276222229
50.5470962524
52.6584281921
56.931728363
54.35546875
58.8575592041
54.6152572632
54.3041343689
55.0825881958
56.6756401062
55.4350013733
53.2328948975
57.0381889343
54.5197219849
49.9577102661
50.7738609314
47.1827049255
44.912021637
39.5703239441
42.3179664612
37.5655174255
39.6360168457
41.0698318481
41.6682815552
38.0304718018
41.0717201233
42.4949188232
45.4108543396
39.4248809814
45.266418457
43.2572669983
44.0814247131
48.112197876
49.6847991943
52.5605735779
54.1675186157
51.1697425842
51.2531547546
47.6389694214
41.1765975952
43.7885246277
41.1997070312
46.4863510132
41.2873382568
47.6805801392
47.0051765442
46.0786361694
49.9728660583
47.1276741028
51.3557739258
54.6770935059
51.6831016541
45.5341567993
49.5720863342
52.5030670166
46.0967102051
46.3208274841
48.9764022827
50.5060157776
43.2070159912
43.1654815674
47.4195213318
46.7324256897
42.3473205566
45.8664093018
46.6521492004
41.219745636
38.9401550293
35.8625679016
38.1929130554
39.8103752136
44.0647773743
45.5917510986
47.462272644
49.8504486084
49.7065544128
51.7730445862
56.6855773926
54.0313606262
57.6544876099
54.1504020691
51.8200836182
56.5998001099
52.1616020203
52.4497833252
50.4942588806
46.5113182068
45.6115379333
42.2892303467
41.8915557861
37.8458366394
36.3638725281
35.5758857727
31.2925167084
27.3485774994
28.3659801483
24.071554184
24.7225894928
23.3440818787
23.720911026
21.6314659119
17.7396755219
21.05610466
20.2995758057
18.4519805908
17.910654068
22.7766895294
23.9296016693
19.7807998657
20.4063148499
27.2123432159
26.3580532074
23.2288475037
30.5582408905
30.9327487946
29.0856761932
29.898311615
33.9118843079
37.3148956299
33.3553924561
38.5538368225
40.6576271057
37.3128471375
36.4758338928
41.8282661438
43.7033729553
44.7450714111
42.0017852783
41.4162940979
36.0939331055
38.6324386597
34.1398468018
31.7221546173
29.5149841309
27.762506485
29.4121761322
33.7768936157
29.5708904266
31.6036472321
27.0923309326
31.6216259003
27.6049003601
31.499502182
33.1179161072
28.0620441437
34.7113227844
29.5076961517
34.4208374023
33.7900466919
34.5118675232
39.0367698669
38.0038452148
44.4492378235
39.3579673767
42.4120292664
44.4767494202
46.2096939087
43.1881256104
47.3163948059
47.7392730713
47.8424568176
48.0957717896
45.5144920349
44.6198043823
42.7442779541
40.3789291382
41.2456855774
37.8130607605
35.2285957336
34.5297164917
31.0785064697
26.5930976868
27.9581775665
32.0938072205
33.6778869629
32.4890098572
36.2709083557
37.0194778442
33.063419342
38.5453796387
41.0107040405
39.8886070251
45.1033706665
42.7987174988
38.9509506226
38.9181289673
38.5582885742
36.0900840759
35.5259361267
34.8801307678
31.9481143951
27.898525238
29.5182647705
25.8285541534
31.5010185242
22.8436088562
23.7295646667
19.986125946
19.3476581573
19.5651569366
19.6902561188
15.4769477844
14.0914983749
14.3988447189
17.0980453491
21.7053928375
23.7552108765
19.0450611115
24.6038455963
24.5728549957
30.8721370697
28.437828064
34.1213569641
35.0734939575
34.5188789368
30.2882518768
29.1062908173
30.0930328369
28.9284477234
24.3089923859
27.6693897247
28.0445194244
25.0803813934
23.1484775543
25.2010974884
32.477596283
32.5608406067
33.3311347961
32.8480300903
32.5768432617
35.8861465454
36.9375190735
35.2122535706
38.7723388672
41.6286392212
40.481426239
40.8500289917
45.2289962769
41.2616577148
43.5383796692
37.857131958
40.2723693848
43.5488395691
40.1530647278
34.5432815552
38.4901199341
36.2271194458
32.5943222046
31.2225189209
30.8512573242
31.8026771545
26.109703064
24.6272315979
24.4749069214
19.9547576904
19.2527256012
17.3007316589
13.4202890396
14.7556610107
13.1091814041
8.40079975128
5.56745862961
4.90570449829
7.27053403854
5.93905925751
9.15343475342
11.3915300369
11.0552787781
14.8334770203
16.7532901764
19.5871086121
16.8432922363
15.4938106537
21.2471084595
22.4637699127
19.0927715302
21.8865966797
25.5219516754
24.7459430695
22.9665756226
27.2153739929
28.9745845795
33.0261306763
34.9868087769
37.0232696533
32.2350463867
30.2571277618
28.60987854
33.3533821106
31.8608818054
35.5032806396
32.1062240601
28.1657581329
30.6228885651
31.245967865
25.002281189
24.9395198822
20.318397522
24.6196460724
26.5332393646
22.3912563324
25.0907325745
28.3886470795
30.2729530334
33.6221542358
18.3825340271
18.2169799805
15.8913621902
23.1688461304
26.4239559174
21.6250190735
26.313741684
28.2520694733
25.9412097931
23.7480449677
30.8517227173
33.2268791199
32.31457901
24.7720146179
28.9028778076
32.8853988647
31.0711135864
34.2721290588
35.9479370117
34.2878952026
38.9888763428
36.3489952087
35.2331542969
37.8258323669
42.2248687744
41.0860481262
41.0826034546
44.1983146667
41.4970207214
37.1770973206
42.3173217773
39.2453804016
39.5641593933
36.6571159363
38.9621582031
33.6565666199
37.4348678589
37.7394142151
37.9562950134
32.2500228882
31.9318695068
35.1033821106
39.1248245239
32.5215263367
38.4167900085
37.0041999817
37.0264129639
38.6368637085
37.8128395081
41.1934661865
40.5187339783
37.9335479736
40.8833694458
35.8492546082
33.2854537964
32.6119651794
31.4982738495
36.0303878784
30.4737510681
38.1315231323
35.1056900024
38.6395072937
41.2437820435
35.7995147705
37.9388694763
38.4854240417
35.2097358704
31.3921394348
34.4415283203
34.2941246033
28.6589927673
30.383638382
30.9694805145
28.8211669922
23.785949707
24.9515686035
27.1994037628
25.0128688812
20.3368282318
24.3563327789
28.0601673126
21.6045074463
16.324174881
17.1707401276
17.8603305817
23.9688301086
27.1508274078
28.31291008
32.1859550476
34.0956878662
33.2819328308
37.9488449097
41.7048301697
43.7317466736
47.1182174683
46.2241363525
43.0702629089
45.6336402893
41.5496482849
39.1162719727
38.93409729
32.155128479
32.4557952881
28.0427398682
27.4207687378
28.5831260681
26.4689769745
30.0312614441
27.0446815491
27.5637187958
30.2011108398
24.4831237793
29.573923111
29.9370861053
24.9738445282
23.4986610413
28.3986759186
28.7152023315
22.631275177
22.9673118591
21.4883556366
18.5370788574
22.7560214996
18.5054969788
15.1307268143
15.8103475571
17.676076889
12.0756864548
10.1765737534
14.5082845688
14.1911382675
9.40451145172
11.1852760315
18.1287136078
13.220618248
13.983923912
15.7025623322
16.811170578
14.3120307922
18.00349617
17.7439632416
24.2163333893
20.8564682007
23.2098751068
20.2508049011
23.6808624268
23.8254623413
20.3245716095
22.8232154846
24.8428726196
26.0458564758
24.7062950134
20.010187149
22.4654579163
20.2328052521
24.1930789948
25.1336154938
27.092924118
24.3099117279
20.0596580505
21.4304771423
16.0454692841
18.8681678772
17.6581058502
22.6191730499
28.0573654175
20.5826835632
33.0022773743
26.9421424866
27.2230548859
27.0615234375
25.5463161469
22.587896347
26.3759059906
26.7347259521
31.4177265167
29.892950058
30.8748073578
28.2397994995
31.1353187561
30.7060966492
33.7305984497
27.0219097137
27.3137454987
30.2851486206
31.464132309
28.1435031891
24.1172275543
26.9083156586
27.5073947906
26.8467693329
26.2334728241
28.1188983917
29.143157959
32.6917610168
33.2244529724
28.0472106934
32.507610321
27.59907341
24.6367645264
22.6040344238
17.2368793488
20.4511909485
22.2425498962
19.7450256348
15.8202772141
20.2362289429
21.0246047974
13.4798383713
26.4587497711
20.6449337006
18.6640644073
15.8326740265
21.988899231
23.8644657135
20.1900691986
19.9481830597
23.6950492859
26.5429763794
28.2565135956
28.2473831177
29.0722942352
25.0716381073
27.4585800171
32.3233261108
37.4522132874
36.3742523193
37.9984664917
34.6176071167
35.2119903564
35.9279518127
30.4728240967
29.7950534821
34.0170059204
31.9389972687
28.309551239
32.6838226318
33.5573005676
28.7687721252
25.3698482513
36.3403663635
35.8561477661
34.5916824341
31.5349884033
31.0333709717
34.5853424072
32.5254325867
27.5416851044
33.4592933655
35.7214546204
28.9181938171
28.9758605957
35.7905960083
33.3831634521
38.7167167664
35.321975708
38.8341255188
43.0488929749
40.9548454285
34.8140106201
40.5410194397
41.8410835266
37.4918899536
34.1656036377
36.7983474731
38.1981430054
33.0150756836
31.7358875275
24.9979476929
28.3921222687
26.8551063538
20.9697189331
24.6155338287
28.6947917938
25.1551513672
24.9878540039
28.0570888519
30.6228809357
29.4076633453
24.4757709503
26.1007270813
23.6335220337
20.342004776
20.3340473175
17.7984275818
19.0350589752
14.7479782104
14.8639440536
18.5258998871
15.1080751419
10.3101329803
15.6437883377
16.869934082
13.9190416336
11.8936624527
17.2274112701
18.2195339203
23.5390472412
20.7905502319
19.7528381348
19.5981502533
17.3909606934
15.7649793625
10.0313396454
9.390376091
6.39378166199
6.2941160202
7.98842525482
5.5543589592
6.2613325119
9.08485794067
11.2017374039
11.2024965286
7.38522338867
11.2523479462
13.773226738
10.5814695358
14.1198949814
9.80036735535
12.6003284454
