32.7661895752
31.3646965027
31.8262348175
30.3277206421
27.3768405914
28.8011894226
26.2662582397
23.034154892
16.6606369019
14.2235889435
19.688117981
21.5791625977
18.8037891388
18.8869972229
23.2438087463
25.057144165
28.354681015
21.3333129883
22.9788246155
23.5611457825
25.7445774078
22.009021759
19.5971279144
23.4430980682
23.1840610504
30.2388877869
28.7406806946
26.7925701141
30.143327713
33.4731826782
31.3904018402
31.2061233521
33.9088287354
38.1840934753
26.5659656525
24.8304157257
24.8843536377
23.8169574738
21.0505828857
21.4595127106
19.178150177
16.7246360779
12.8053312302
11.2958183289
15.4200391769
17.3255386353
16.5282306671
16.8752365112
20.2812385559
21.8038024902
25.7818069458
27.748090744
26.5575962067
26.6439762115
26.1446304321
22.9411373138
22.6462841034
21.3055171967
19.2409610748
13.7284488678
10.7788200378
13.7944688797
16.9021072388
16.6312866211
15.3931770325
18.4387073517
20.9730510712
25.0852165222
9.72281074524
11.726395607
12.5893383026
15.5429821014
13.4897260666
11.7336978912
16.8761997223
17.4749393463
34.1367988586
34.6869659424
33.6657218933
35.1701469421
38.7339515686
38.7715606689
38.9164886475
39.8728256226
44.113609314
