2.66336202621
5.06871509552
6.71023035049
10.724814415
12.2802801132
16.936876297
17.0120925903
21.0281791687
25.3413906097
24.8253269196
29.9090023041
27.9815635681
33.535823822
32.239906311
30.8791294098
34.5092048645
36.6841011047
37.1447677612
35.9055328369
33.800365448
33.10206604
29.5788879395
26.7239933014
21.1384468079
20.6592350006
15.8164281845
14.1892213821
10.81245327
8.09145927429
13.2728738785
13.2208280563
17.9026355743
16.8898544312
21.0627441406
20.6644763947
27.938117981
25.4902133942
22.2386779785
19.9251594543
19.5687980652
24.7224559784
22.9596672058
21.5186347961
25.4514522552
23.171957016
19.3523788452
20.1730327606
17.6260280609
17.7244186401
17.9762897491
21.1160869598
22.053314209
26.7918357849
24.8222484589
29.5227890015
30.2926025391
34.1162185669
36.4589271545
40.2320137024
38.4812927246
35.7084159851
36.100894928
32.5943565369
31.4809074402
26.3871688843
28.6215820312
24.0655899048
28.8510417938
24.9681243896
27.9094924927
25.6457653046
28.0940723419
32.8520965576
30.3560428619
30.5640659332
27.1126232147
29.5564308167
25.9256000519
29.2758426666
26.0658798218
31.2604789734
29.1425628662
32.7661895752
23.1953678131
21.1360912323
17.6318626404
18.7457027435
20.4462604523
16.3226013184
14.0677585602
17.0612697601
18.3891525269
14.5297327042
14.2948446274
19.9113178253
16.6606369019
5.06871509552
2.55684232712
4.41969633102
7.91297626495
9.76198005676
13.9779663086
13.9653320312
17.4822444916
21.7029533386
20.8499145508
25.8963241577
23.5379104614
29.1100463867
27.6782131195
26.2966804504
29.9222621918
32.0923118591
32.633934021
31.414182663
29.499830246
28.7756385803
25.4583683014
22.4377040863
17.4657440186
16.420999527
11.8208341599
10.4030513763
6.70709657669
5.69190454483
6.15092229843
9.2860622406
8.74885463715
13.5399837494
12.4282503128
16.6324996948
16.5517311096
23.865398407
21.9084949493
19.1963424683
16.6568126678
16.7309417725
21.0826911926
18.972158432
17.2256011963
21.0075435638
18.5869941711
14.8251819611
15.6934690475
13.5134801865
13.8950099945
14.5740451813
18.0949821472
18.5361919403
23.3770637512
21.444858551
25.8910617828
26.9829444885
30.3747329712
32.8669700623
36.365486145
34.3760604858
32.4147109985
29.1046180725
27.6394615173
22.5714740753
24.6392040253
20.0194263458
25.0223140717
21.0414905548
24.3233013153
21.8136787415
24.7549800873
29.1749172211
26.4127864838
26.5069103241
22.8761425018
25.3086051941
21.4852790833
24.9681720734
21.8672809601
27.3682346344
25.5665206909
29.3860855103
20.1500892639
18.808298111
14.9711809158
15.4352436066
17.8767642975
14.4774179459
11.4504814148
14.4848890305
16.6289844513
13.2569646835
12.1640872955
18.2368526459
16.3785686493
