25.5967082977
26.400220871
22.5690364838
21.8594284058
19.9606723785
21.3078479767
19.4667682648
22.4321308136
21.690826416
24.7976341248
26.7028160095
28.3723735809
30.900056839
25.2196826935
26.6312980652
23.1984214783
22.7951774597
21.3120384216
22.7800235748
20.9662380219
23.783536911
23.1763534546
26.3733654022
28.6431083679
30.2624492645
33.2315139771
23.3011703491
23.2632331848
19.6859912872
18.1772384644
16.5492267609
16.815032959
15.258564949
16.8056468964
16.9424037933
19.0903720856
21.7325439453
22.9879360199
26.1547584534
27.9706268311
28.6610183716
25.4805221558
24.5069503784
23.1554279327
23.7686882019
22.0524463654
23.6564235687
23.4837818146
25.7536220551
28.2006664276
29.0437107086
32.1131401062
25.1623077393
24.6492710114
22.608669281
21.4757099152
21.1574726105
21.528049469
21.3254852295
22.1105918884
23.5039234161
24.8579807281
28.3580360413
29.3430957794
32.6206436157
24.5190372467
24.337387085
22.6274414062
21.8308830261
21.8739356995
22.4139270782
22.6392822266
23.3261356354
25.0069446564
26.1356163025
29.7367763519
30.88530159
34.116355896
17.376783371
16.8670482635
12.39752388
10.8772640228
8.47488975525
10.4017534256
9.44142818451
13.1256132126
13.1832942963
16.4660816193
19.1235771179
21.7299766541
24.912361145
26.6364803314
25.7036209106
21.7675952911
19.9235420227
17.1102256775
16.8434314728
14.5035161972
17.567489624
15.8951311111
19.6994094849
20.9573917389
23.8571472168
26.1326694489
29.163936615
27.4476242065
23.2892398834
20.5352058411
17.2560901642
15.1258468628
12.2738485336
13.8713598251
11.5320968628
14.9261636734
15.5043287277
18.1429843903
19.9885749817
41.4762420654
39.4260292053
35.8587532043
33.0351676941
30.1927566528
27.2093467712
24.8735694885
23.6772861481
21.0430774689
21.5043067932
19.1729679108
20.6749000549
21.0887947083
42.7943840027
41.8853187561
37.6401329041
35.1572723389
31.9163761139
29.6831703186
26.3167819977
25.9538803101
22.6354732513
23.7282390594
21.2675571442
21.5668010712
21.8841018677
34.6182899475
34.8628044128
30.5248718262
29.0682907104
25.9759407043
25.5013637543
22.3812904358
24.6217937469
21.3303451538
24.7801170349
23.7034778595
25.9822349548
27.2949810028
38.2929458618
38.8455963135
34.7554931641
33.5384407043
30.7355518341
30.5218772888
27.55210495
29.5697097778
26.6580677032
29.6488552094
28.7542266846
30.4430465698
31.6658763885
31.9471340179
32.0081367493
27.783788681
26.4705352783
23.4579906464
23.3039665222
20.5409469604
23.2696228027
20.2317047119
23.9207439423
23.1351642609
25.8596744537
27.1109161377
24.6824893951
24.1701431274
21.5006408691
21.1798171997
19.7824077606
20.8642787933
20.7311954498
24.0322341919
23.1026668549
26.6700572968
27.7346591949
31.4549198151
33.3559036255
21.2830028534
18.8170757294
15.4743394852
13.1183567047
11.0098009109
9.77840614319
10.2488965988
12.0806312561
12.1587429047
14.8285236359
16.824596405
20.7200469971
23.1689128876
36.4844741821
33.0467262268
30.0100669861
26.4627513885
24.0413799286
19.4973945618
18.7146930695
14.8861122131
14.3779668808
11.7181987762
9.82984828949
11.3521156311
11.3347768784
34.4455757141
31.0338459015
28.5721378326
25.7094249725
23.8168849945
20.5021896362
20.6938381195
19.3329124451
19.0500354767
19.0062866211
18.784078598
21.7083339691
22.4694671631
35.5422134399
31.3868141174
29.3102397919
25.6460857391
24.3221874237
19.8264217377
20.576084137
15.9794235229
17.9091453552
14.1174707413
14.9554481506
15.1154117584
15.8649539948
34.6540756226
30.1270122528
28.720746994
25.1883449554
24.4272480011
20.0664081573
21.5278549194
16.8344955444
19.6434650421
15.7900066376
17.8646373749
18.1401329041
19.4000816345
24.440700531
20.3065910339
18.2404766083
14.898144722
14.2419691086
11.2479515076
14.1954746246
13.5921564102
16.267829895
16.7050743103
19.909702301
22.5430412292
24.838098526
11.5141897202
13.2100095749
15.1667861938
17.9663543701
20.3123855591
23.9252128601
26.1147270203
29.4251556396
31.1627807617
34.0056877136
37.6905822754
40.6848106384
43.7422904968
17.2282924652
20.7547340393
22.5867290497
25.8225631714
28.0392913818
32.1741714478
33.9488182068
37.8254890442
39.2786369324
42.6158790588
46.3236732483
49.3986206055
52.5897750854
22.9550361633
24.3398227692
27.7154254913
30.3100910187
33.333152771
36.6390075684
39.2231140137
41.7333297729
44.3244819641
46.399936676
50.7817077637
53.2095527649
56.5243797302
27.5947418213
28.4176425934
30.6532688141
32.2758483887
34.668510437
36.9784965515
39.0272445679
40.5016365051
42.9509124756
44.1338386536
47.9650421143
49.5069770813
52.3236160278
28.1643848419
29.3906726837
30.5078449249
31.793598175
33.7100219727
36.0175819397
37.4360771179
38.9990692139
41.2335853577
42.6066360474
46.5473098755
47.7650260925
50.8516464233
34.507522583
35.0077323914
34.8953437805
35.0616378784
36.117565155
37.3522491455
38.0636253357
38.6746444702
40.7434234619
41.4310073853
45.1366004944
45.570640564
48.5980415344
24.7044582367
25.0227088928
25.5760231018
26.1368808746
27.7232246399
29.3575744629
30.6194667816
31.5873336792
33.8045692444
34.7344665527
38.4300765991
39.3191299438
42.2238349915
17.0817661285
20.8603801727
22.3947811127
25.4617862701
27.4824047089
31.4762134552
32.8285217285
36.5612030029
37.7235603333
41.0478820801
44.4789505005
47.6111106873
51.0046463013
26.373966217
29.3994731903
28.1217536926
29.5869369507
29.8741455078
32.7986831665
32.6258201599
35.8890190125
36.334438324
39.4502868652
42.4482192993
44.4976959229
47.5712852478
27.597442627
30.598903656
29.4891490936
30.8565864563
31.3337459564
34.154296875
33.9479255676
36.7916259766
37.504070282
40.2019462585
43.4010429382
44.86876297
48.0361976624
29.4197025299
32.1942558289
29.6633739471
30.3343601227
29.6540184021
31.9581108093
30.578748703
33.5340118408
33.1333236694
36.1463928223
38.3280982971
39.5396461487
42.2527694702
25.2680072784
27.294216156
24.4229221344
24.6499786377
23.8043270111
25.8372612
24.5519752502
27.4579353333
27.1627864838
30.2200031281
32.454788208
34.0288925171
36.7553024292
22.3662414551
25.6701717377
22.0618724823
23.1951522827
21.661611557
25.0160560608
23.053571701
28.2000789642
26.5440940857
31.6388893127
33.3696060181
36.2766609192
39.1126174927
20.2377681732
25.1185321808
26.1665668488
29.6716423035
31.598985672
36.4002685547
37.4058074951
42.0196609497
43.0457038879
47.0935211182
50.9221153259
53.8305778503
57.363445282
25.8588829041
24.231218338
20.5707798004
17.6473884583
15.4439134598
13.1937351227
11.3927030563
10.2298574448
10.8344402313
11.6679315567
14.8146181107
15.7376289368
19.268201828
25.8588829041
24.231218338
20.5707798004
17.6473884583
15.4439134598
13.1937351227
11.3927030563
10.2298574448
10.8344402313
11.6679315567
14.8146181107
15.7376289368
19.268201828
29.2400608063
28.6365242004
24.6315574646
22.2765293121
19.7727279663
18.3622741699
15.5896348953
15.5783605576
14.5550470352
16.1247329712
17.8054790497
18.2456607819
21.2828865051
26.1509742737
25.9905452728
21.8447418213
19.8463973999
17.3460884094
16.7679347992
13.9457187653
15.3029880524
14.1962404251
16.9223747253
18.9555072784
20.1535167694
23.3270740509
33.7977638245
32.5069160461
28.0661010742
25.1430950165
21.7095108032
18.8686008453
15.2388772964
14.2515897751
10.6867952347
11.8427658081
9.91109466553
10.9288225174
12.7658290863
41.246131897
39.8604927063
35.4859237671
32.4676589966
29.0754814148
25.9137306213
22.4484443665
20.5897903442
17.3116531372
16.8707485199
13.4292755127
12.2751483917
12.1438856125
41.246131897
39.8604927063
35.4859237671
32.4676589966
29.0754814148
25.9137306213
22.4484443665
20.5897903442
17.3116531372
16.8707485199
13.4292755127
12.2751483917
12.1438856125
40.0254096985
38.6817474365
34.2319564819
31.3535346985
27.8116798401
24.8289089203
21.329788208
20.2296409607
16.3623981476
16.9006710052
12.9561338425
13.4377088547
13.1734209061
32.5234146118
30.1046772003
26.3421211243
22.8269023895
20.0067367554
15.9453325272
13.6422128677
9.73166370392
8.60739326477
6.06491422653
6.08424139023
6.02679395676
9.39203453064
16.7758674622
13.9532394409
11.1133899689
7.93117189407
7.40630245209
6.66174793243
8.70671272278
9.79909324646
12.8245840073
14.6609382629
19.3011016846
21.7727737427
25.3381748199
13.0715465546
11.1811981201
7.87950611115
5.64006519318
5.87645435333
7.92265939713
9.71802043915
12.5699825287
14.8676166534
17.7049217224
22.117980957
24.8148918152
28.4112510681
10.5323638916
7.91134786606
5.89302921295
4.81423330307
7.21822309494
9.94036865234
12.6349945068
15.2876491547
17.9601898193
20.4988250732
25.0504074097
27.8326587677
31.3755226135
7.35243654251
7.20237922668
6.30065107346
7.93447875977
10.4213199615
14.2678489685
16.3388004303
19.7460174561
21.9251079559
24.9624519348
29.3688659668
32.1494483948
35.7379760742
6.11386489868
8.42116928101
10.1258687973
13.0900602341
15.957816124
20.1484165192
22.3144035339
25.8958091736
28.0434856415
31.1500720978
35.5619125366
38.3946228027
41.9775314331
7.03127813339
8.59369659424
11.9230184555
15.0547685623
18.3281402588
22.4011554718
25.0291175842
28.4448738098
30.8069972992
33.7363777161
38.1870994568
41.1622161865
44.6693992615
7.03127813339
8.59369659424
11.9230184555
15.0547685623
18.3281402588
22.4011554718
25.0291175842
28.4448738098
30.8069972992
33.7363777161
38.1870994568
41.1622161865
44.6693992615
10.3256978989
12.4591903687
15.8870630264
19.1249046326
22.3619499207
26.4922466278
29.0747756958
32.5327911377
34.8738098145
37.8190002441
42.279499054
45.2360534668
48.7533607483
13.1595287323
11.1596317291
6.85132646561
4.0434679985
5.29972171783
7.23610162735
11.3765544891
12.9342556
16.6127872467
20.4792861938
23.8400230408
27.1965026855
25.8101673126
23.5572242737
19.5
16.1209373474
12.934252739
9.19292163849
6.41556501389
4.86011648178
5.81362819672
8.09922885895
11.5735549927
14.7577381134
42.3308639526
40.1800804138
36.1522598267
32.7670135498
29.583147049
25.6384048462
22.8018054962
19.5944252014
17.0241680145
14.8509597778
10.6763973236
8.25191688538
6.62758541107
