41.5294799805
39.2462844849
37.155796051
34.9322128296
33.2077445984
31.1252632141
29.1402587891
27.1952857971
26.2134094238
24.9906463623
23.4254875183
21.7808170319
18.8340167999
17.820734024
40.5985183716
38.6066551208
36.7912521362
34.9271011353
33.5896911621
31.9100437164
30.3394889832
28.8790378571
28.1971035004
27.3373451233
26.2749271393
25.1987628937
22.7508506775
22.3635520935
52.7412719727
51.0903816223
49.2700195312
47.5983276367
46.2023048401
44.5318450928
43.2189598083
41.4560928345
41.0933609009
39.9892082214
39.011806488
37.959602356
37.1798858643
36.7112693787
54.675579071
53.0544128418
51.173034668
49.5546569824
48.2075805664
46.5518875122
45.2812423706
43.5641822815
43.3078765869
42.3688964844
41.3623428345
40.6278076172
39.7443122864
39.4734115601
39.7113952637
37.608543396
35.7679672241
33.8091163635
32.3568191528
30.5778388977
28.8750514984
27.3733062744
26.4796447754
25.4888153076
24.4764232635
23.0570907593
20.4160423279
19.7556324005
40.2974472046
38.3183860779
36.5796432495
34.6906204224
33.2907791138
31.5073204041
29.9038085938
28.2994728088
27.4797611237
26.2934818268
25.5486488342
23.777929306
21.8805580139
20.9756965637
44.1823425293
42.5999069214
41.0376396179
39.4603843689
38.3310928345
36.8888664246
35.6755104065
34.2243881226
33.8802223206
32.9279251099
32.3139724731
31.0624427795
29.7728614807
29.1877479553
46.7881240845
44.932636261
43.2312469482
41.4088821411
39.8903427124
38.1809692383
36.7548599243
35.0116386414
34.4671287537
33.2067337036
32.3543930054
30.6935424805
29.841293335
28.8469657898
52.1613540649
50.3492469788
48.5626754761
46.7606391907
45.1642379761
43.4340591431
42.0464248657
40.2694015503
39.7051467896
38.4597129822
37.3744316101
35.7967300415
35.3936576843
34.5074005127
