38.2535743713
39.2101364136
39.11951828
40.5220336914
40.7432746887
41.5294799805
42.1044540405
42.6344833374
41.9861946106
43.6701507568
44.1935539246
44.9765701294
43.0450134277
42.7733535767
41.6788101196
42.4429397583
42.0155830383
40.8667068481
40.2831993103
41.4696578979
40.7249488831
40.7784919739
41.0636978149
41.6880912781
41.817237854
43.086353302
42.2305030823
42.0112075806
43.3776664734
44.9828414917
46.7587089539
47.8492240906
50.2967453003
52.7412719727
54.7797966003
57.0490188599
59.6071853638
60.9030227661
59.7268257141
59.1327629089
57.0199890137
54.675579071
52.4877090454
49.7423820496
47.6507987976
45.8266143799
44.7859077454
43.3021011353
41.7786178589
41.5831069946
40.0959396362
39.8522109985
39.7113952637
39.4832077026
40.013420105
39.5361099243
40.6474075317
40.4706993103
41.5969619751
43.1477050781
44.1232070923
45.4207687378
46.8423309326
48.8450164795
50.9743995667
54.6203384399
52.9379653931
54.7357063293
55.2318229675
55.2447738647
53.66563797
50.7890472412
49.3650856018
46.7962417603
46.432975769
43.7219696045
44.167224884
42.3754081726
42.2307472229
42.0103607178
41.0961074829
40.2974472046
41.2989845276
42.1374588013
41.7502059937
41.6750450134
42.9744033813
44.182346344
43.3073921204
43.7341880798
46.06640625
45.7379226685
46.0335350037
47.1802749634
48.379776001
48.9491043091
48.7245941162
49.5242080688
48.9951248169
46.7881240845
44.3454666138
44.487159729
47.1596641541
48.4761734009
49.8825492859
49.6757087708
52.1613540649
53.304309845
53.3379936218
55.6515617371
55.4076004028
51.9943962097
50.3688659668
51.0682487488
48.4882164001
49.5886611938
47.6432876587
48.4349555969
46.7724609375
46.903301239
47.0089073181
47.3286819458
47.3341903687
35.6989212036
36.6777191162
36.7023086548
38.102684021
38.392868042
39.2462806702
39.8860969543
40.4687309265
39.9416275024
41.7379302979
42.2769126892
43.2413635254
41.2530021667
40.9887275696
39.8413238525
40.4537734985
40.060798645
38.9210090637
38.6066474915
38.1401367188
39.3394470215
38.6436271667
38.5225524902
38.8702964783
39.3409500122
39.425075531
40.8065986633
40.004196167
39.9393920898
41.2801055908
42.9779777527
44.7781906128
46.000831604
48.4932861328
53.1197395325
55.5450668335
58.0748786926
59.5144729614
58.4102592468
57.6627502441
55.5611457825
53.0544128418
50.8733711243
48.0297698975
45.9507827759
43.9255905151
42.9544219971
41.3418807983
39.8569374084
39.6515693665
38.0481872559
37.897102356
37.608543396
37.42710495
38.0153121948
37.6823577881
38.9650192261
38.5959091187
39.8689079285
41.4615898132
42.3512802124
43.8480987549
45.147315979
47.3488960266
49.4233703613
53.1662902832
51.2590141296
53.136138916
53.752117157
53.8592910767
52.2794075012
49.3104934692
47.9139137268
45.2549743652
45.0136833191
42.126537323
42.7084960938
40.8536605835
40.6252708435
40.4811248779
39.4013748169
38.3183898926
39.4704208374
40.5209846497
39.9915924072
39.7652397156
41.2833213806
42.5999145508
41.4324569702
41.8853111267
44.5227127075
44.1230964661
44.1730537415
45.4865188599
46.8320236206
47.3495063782
46.9630050659
47.8636207581
47.2052993774
44.9326286316
42.3331871033
42.3849716187
45.1728439331
46.3425369263
47.8652076721
47.7453269958
50.3492469788
51.5082817078
51.6723823547
54.0827445984
53.9500236511
50.3992004395
48.6987686157
49.2266769409
46.5026397705
47.6416931152
45.5022964478
46.3057670593
44.4891395569
44.5947265625
44.6840820312
44.9927520752
44.9906234741
32.9662666321
34.1979141235
34.2867050171
35.8958358765
36.2454795837
37.1557922363
37.8209533691
38.4417572021
38.0352706909
39.8698921204
40.4573669434
41.519115448
39.516242981
39.2859268188
38.1041984558
38.626663208
38.2796554565
37.1349563599
36.7912559509
36.2364311218
37.3701248169
36.7647399902
36.5169258118
36.9913291931
37.3365936279
37.3344078064
38.727268219
37.9313163757
38.0237503052
39.2546005249
40.9911422729
42.7448501587
44.0924911499
46.5541191101
49.2700271606
51.2305717468
53.7848434448
56.2635498047
57.8285713196
56.7882003784
55.8783073425
53.8124313354
49.0597763062
46.1592674255
44.1648139954
41.9895095825
41.123714447
39.4320297241
38.0412712097
37.8267745972
36.212638855
36.1358413696
35.7679634094
35.6993675232
36.3704681396
36.0057792664
37.3640708923
36.8711471558
38.1902885437
39.7916908264
40.576915741
42.1966323853
43.3618621826
45.7050628662
47.6747665405
51.4221687317
49.3455924988
51.2435379028
51.9634819031
52.1516342163
50.6076698303
47.6209716797
46.2970733643
43.6093101501
43.4958724976
40.5117378235
41.2040138245
39.3345756531
39.051158905
38.9945068359
37.829246521
36.5796394348
37.8474769592
38.9782142639
38.3234939575
38.0311965942
39.7143096924
41.0376396179
39.635635376
40.1868667603
43.0086479187
42.4852485657
42.337272644
43.8540802002
45.2394638062
45.664478302
45.1784286499
46.2094612122
45.4724273682
43.2312469482
40.4581871033
40.5265464783
43.389541626
44.484413147
45.9763298035
45.8427963257
48.5626678467
49.6207618713
49.9808425903
52.4009208679
52.3262825012
48.7264900208
46.913684845
47.2726211548
44.4760437012
45.5736808777
43.2942810059
44.1427078247
42.2273826599
42.3216323853
42.4370346069
42.6951560974
42.7174377441
30.2596073151
31.5776004791
31.8777046204
33.5635452271
33.9754219055
34.9322128296
35.6515388489
36.3505020142
36.0905456543
38.0303764343
38.7055053711
39.9064254761
37.8313064575
37.6505126953
36.3927192688
36.8096122742
36.5129737854
35.3423194885
34.9271011353
34.210647583
35.3074073792
34.7607345581
34.3433685303
34.8960571289
35.091758728
35.0383529663
36.5028686523
35.7430610657
35.9963150024
37.174041748
38.984336853
40.7513656616
42.2277259827
44.7325973511
47.5983200073
49.558467865
52.2638549805
54.7156181335
56.4218063354
55.4498977661
54.4006462097
52.343536377
49.5546646118
47.4335098267
44.4515609741
42.4532775879
40.0964126587
39.2949905396
37.5057106018
36.1650238037
35.9732818604
34.2633781433
34.312664032
33.8682365417
34.5630302429
34.2713737488
35.7957000732
35.0846862793
36.5443840027
38.1334114075
38.8541183472
40.6210403442
41.6807174683
44.208240509
46.1274604797
49.9675102234
47.686340332
49.683052063
50.5183944702
50.8202362061
49.2359046936
46.1767349243
44.8718681335
42.1120223999
42.0862541199
38.9815216064
39.7758712769
37.8707962036
37.4832649231
37.497089386
36.1860084534
34.6906242371
36.0914649963
37.3862266541
36.6046714783
36.1759872437
38.0440940857
39.4603843689
37.7803573608
38.3718643188
41.4547080994
40.8603591919
40.4742393494
42.1621818542
43.6684074402
44.0432167053
43.4044380188
44.5388717651
43.6903038025
41.4088783264
38.4755439758
38.4905128479
41.4569511414
42.4335975647
44.0015487671
43.9203300476
46.7606391907
47.8189239502
48.3080062866
50.813117981
50.8390808105
47.1086235046
45.2207069397
45.4151573181
42.4773674011
43.608379364
41.1384620667
42.0183944702
39.9956245422
40.1051940918
40.2434768677
40.5015563965
40.5625534058
27.8834018707
29.4193382263
29.8887996674
31.7521362305
32.2260360718
33.2077484131
33.9846687317
34.8023605347
34.6896896362
36.7440643311
37.535949707
38.8394546509
36.6905632019
36.5601081848
35.2140579224
35.5494766235
35.2810401917
34.0772628784
33.5896911621
32.6999588013
33.7406234741
33.2253227234
32.6370315552
33.2315979004
33.2462654114
33.1462364197
34.6328430176
33.9876251221
34.4006538391
35.537071228
37.3700752258
39.1496658325
40.7087898254
43.2200279236
46.202293396
48.1260910034
50.9669799805
53.3301696777
55.1890335083
54.3282775879
53.1268615723
51.1238555908
48.2075767517
46.1248703003
43.134059906
41.1342697144
38.6601982117
37.8916015625
36.0627593994
34.7549629211
34.6336135864
32.8194160461
33.0101165771
32.3568191528
32.62474823
33.2877006531
33.0625839233
34.7448730469
33.7938270569
35.4105758667
36.9501876831
37.6307487488
39.4926071167
40.4588127136
43.1368293762
44.964515686
48.8189506531
46.3496742249
48.421043396
49.3756828308
49.8055496216
48.2056045532
45.1455612183
43.8973999023
41.1015090942
41.157699585
37.9669952393
38.843711853
36.9290657043
36.4078636169
36.5220298767
35.0563659668
34.8004341125
36.2814559937
35.3540153503
34.7553405762
36.8133926392
38.3310928345
36.3460502625
36.9412727356
40.3046417236
39.644618988
38.9603042603
40.8120384216
42.4608879089
42.777671814
41.9344940186
43.1685676575
42.180305481
39.8903427124
36.8430137634
36.7556228638
39.7809486389
40.5968818665
42.2132873535
42.2243690491
45.1642379761
46.214515686
46.8630752563
49.4421768188
49.6049194336
45.7672348022
43.8418731689
43.8150482178
40.7604751587
41.9516983032
39.3120651245
40.1334228516
37.9891586304
38.0163154602
38.1112747192
38.3076324463
38.3972549438
25.1604728699
26.7796878815
27.4864559174
29.425359726
30.0556335449
31.1252632141
31.9406795502
32.8341751099
32.9015388489
35.0618362427
35.9688453674
37.4013786316
35.1934356689
35.139289856
33.7126045227
33.9113960266
33.7158927917
32.5086593628
31.9100437164
30.8089046478
31.8061065674
31.341375351
30.5691928864
31.2212181091
31.0948848724
30.94581604
32.5208053589
31.9100036621
32.4820022583
33.5509300232
35.4332046509
37.1785736084
38.8827705383
41.3924484253
44.5318489075
46.4096755981
49.4251441956
51.7215194702
53.7471199036
52.98853302
51.6037712097
49.639995575
46.5518836975
44.5019454956
41.4554710388
39.4857788086
36.8305625916
36.1546325684
34.2504501343
33.0056648254
32.939250946
31.0097160339
31.3724060059
30.577835083
31.0307006836
31.6663551331
31.5038337708
33.4032745361
32.1603469849
33.9678192139
35.4385490417
36.0455360413
38.0461654663
38.8648796082
41.7313919067
43.4666976929
47.3945808411
44.6686782837
46.8666687012
47.9776115417
48.5629234314
46.9197921753
43.7990036011
42.5695266724
39.7380905151
39.8983230591
36.624546051
37.6059188843
35.6912460327
35.0118026733
35.2158432007
33.5627632141
31.5073184967
33.1533699036
34.8350715637
33.7697563171
33.009437561
35.2616386414
34.5983505249
35.2345962524
38.8674545288
38.1288948059
37.1768341064
39.2177200317
40.980140686
41.2280693054
40.2251586914
41.578994751
40.4865341187
38.1809654236
34.9628410339
34.8533859253
37.977519989
38.752532959
40.3635940552
40.3735923767
43.4340591431
44.4181747437
45.2470855713
47.8803634644
48.1432037354
44.2018623352
42.1870803833
41.9489631653
38.7829704285
39.9556503296
37.1258544922
38.0149917603
35.8260154724
35.9424362183
36.1812515259
36.348487854
36.5486488342
22.2804603577
24.1730289459
25.0308589935
27.2015476227
27.9505958557
29.1402587891
30.0700874329
31.0731086731
31.2836666107
33.6125717163
34.5897026062
36.1603775024
33.8672904968
33.833770752
32.3276748657
32.3966407776
32.2194137573
31.0165863037
30.3394927979
29.0355987549
30.0349693298
29.6023006439
28.6304626465
29.3833808899
29.0889835358
28.8609523773
30.5447044373
29.9823150635
30.7405605316
31.7899417877
33.7569198608
35.5413284302
37.372215271
39.9240951538
43.2189559937
45.0807342529
48.2511520386
50.4980621338
52.6773986816
51.9814338684
50.4512367249
48.5109024048
45.2812385559
43.2387313843
40.1321144104
38.1449508667
35.3263969421
34.6759796143
32.6728248596
31.4326267242
31.408416748
29.3324546814
29.825799942
28.8750495911
29.5243377686
30.1363868713
30.02942276
32.1273918152
30.6565437317
32.6451835632
34.1242446899
34.6934585571
36.827495575
37.5728721619
40.6043930054
42.2919540405
46.2734451294
43.3674087524
45.6472244263
46.8662071228
47.5238571167
45.869392395
42.7023887634
41.5057678223
38.5995292664
38.8447799683
35.4470252991
36.5303573608
34.5716171265
33.7766494751
34.0766220093
32.2465438843
29.9038047791
31.7125701904
33.595954895
32.365776062
31.4523124695
33.9539794922
35.6755142212
33.0671081543
33.7663497925
37.700592041
36.8628501892
35.656337738
37.91431427
39.7895965576
39.9788589478
38.8198661804
40.3038520813
39.0991287231
33.3064575195
33.1636543274
36.4489212036
37.1544494629
38.8121261597
38.8198165894
42.046421051
42.9749145508
43.987739563
46.6844291687
47.0323410034
42.9711074829
40.8584251404
40.4309921265
37.1046714783
38.3259468079
35.2696418762
36.1719322205
33.8371543884
33.9256248474
34.2071418762
34.3460235596
34.6314468384
20.2878055573
22.0447940826
23.037815094
25.2585945129
26.0089683533
27.1952857971
28.1860599518
29.3266296387
29.6867790222
32.078338623
33.2159996033
34.8085365295
32.489566803
32.5909767151
31.0048618317
31.0218811035
31.0175113678
29.75116539
28.8790397644
27.339838028
28.2291107178
27.8240356445
26.6875152588
27.4953651428
27.0939598083
26.8274726868
28.530544281
27.9992866516
28.8880500793
29.8785362244
31.8467521667
33.6268234253
35.5161514282
38.0626907349
41.4560928345
43.3048858643
46.5862007141
48.8076171875
51.0883255005
50.446762085
48.8230323792
46.8957939148
43.5641746521
41.5287361145
38.4210510254
36.4419593811
33.546836853
32.9421005249
30.9357967377
29.7569942474
29.8371334076
27.6901760101
28.422542572
27.3733100891
28.3223667145
28.7502441406
28.7958717346
30.9990539551
29.1840667725
31.3299312592
32.6413841248
33.1512451172
35.3298797607
35.97108078
39.112449646
40.7081756592
44.7000656128
41.652053833
44.0435714722
45.3473052979
46.1331291199
44.3990249634
41.2580413818
40.1078453064
37.2095870972
37.5188407898
34.1506958008
35.299282074
33.4427070618
32.4729919434
32.9464836121
30.9844913483
28.2994785309
30.2272453308
32.2890892029
30.8768463135
29.7883052826
32.4620857239
34.2243881226
31.3379058838
32.075302124
36.217628479
35.3035354614
33.84349823
36.2564048767
38.2125968933
38.3279571533
37.0434951782
38.6236839294
37.3480567932
35.0116386414
31.4365787506
31.2970542908
34.6400489807
35.3148765564
36.9735107422
36.9520683289
41.1417121887
42.2869377136
45.0080795288
45.4134483337
41.2865638733
39.1135177612
38.5420150757
35.139541626
36.3761177063
33.2256813049
34.1634635925
31.7941398621
31.9686012268
32.3177261353
32.6319694519
32.9890098572
