52.5163917542
51.63879776
55.5671882629
49.9902191162
48.2348098755
51.7505111694
47.2611045837
45.683380127
49.1763343811
54.5123138428
52.7462806702
55.8994941711
116.280448914
116.382484436
118.063201904
104.615211487
105.051147461
106.719947815
104.615211487
105.051147461
106.719947815
48.4597091675
46.8085517883
50.5566444397
48.4597091675
46.8085517883
50.5566444397
49.5734901428
48.4552459717
52.267578125
50.5358695984
48.8043670654
52.6089820862
46.0553894043
45.0166664124
49.2177886963
35.6786422729
34.9873657227
39.3225975037
36.8984985352
35.916759491
39.9957122803
34.2623405457
32.8440475464
36.3824882507
33.61901474
31.5897445679
33.8833045959
33.61901474
31.5897445679
33.8833045959
17.2273311615
16.5479221344
20.9598121643
15.6450414658
15.9113769531
20.1314125061
24.0888881683
23.9003486633
28.1325187683
34.5662765503
32.7030067444
35.8557929993
23.6983165741
19.8440380096
20.0239334106
20.5597476959
17.1087608337
17.1497268677
15.0692205429
11.1786403656
11.8160896301
13.7445383072
14.0631628036
16.1043605804
