57.9277877808
73.0529632568
98.3827972412
33.4247055054
32.057144165
29.7680358887
29.6573734283
35.858001709
36.1943244934
30.4646129608
29.4093990326
27.6440467834
26.9719181061
22.018699646
25.517621994
24.6894550323
19.2634487152
20.4728012085
22.2685337067
20.3476295471
24.9342479706
26.6721286774
30.9603672028
37.9451942444
90.9691619873
94.6600494385
85.5631942749
33.0468978882
24.1415576935
26.5570449829
19.648601532
22.3092479706
29.373052597
24.8529567719
23.8768634796
24.1625766754
29.1322402954
26.2992343903
28.1901416779
25.3040027618
27.1822299957
27.2465248108
17.4031066895
15.7854118347
20.7428855896
19.1499919891
23.4111309052
25.4872360229
25.2700958252
29.6312599182
29.7310256958
33.5450973511
29.6406669617
29.0369377136
33.1339187622
31.3808059692
25.4603462219
27.7106704712
32.0329208374
27.2867298126
26.7745246887
30.1929283142
31.4008312225
27.7978153229
29.2283401489
33.3161659241
31.8219070435
31.2696151733
33.0445709229
31.8006076813
31.8515853882
30.2675609589
25.8809871674
25.7274284363
24.4077510834
22.003616333
21.7039413452
22.5689506531
20.9786281586
24.9936485291
26.9986553192
24.1085529327
23.4439735413
20.0904827118
23.0857448578
17.3058815002
20.898771286
18.7803401947
20.5328483582
22.7229537964
19.7797145844
23.4075241089
22.922328949
26.3598861694
25.265838623
27.5840682983
31.4125232697
32.5869598389
29.8907604218
30.8062763214
34.3351173401
34.6645622253
31.6808185577
34.4463310242
36.8841514587
40.0471839905
40.8139266968
35.7694091797
37.2858276367
40.4828948975
42.6263275146
41.0878562927
37.6073875427
39.0008926392
41.1988868713
36.5058174133
35.5783309937
38.2768135071
38.9317741394
34.594455719
35.398349762
38.9408988953
37.432258606
35.3540916443
37.5972137451
41.0434112549
36.5057182312
36.4829483032
42.0472259521
41.6625518799
38.4750976562
41.2734375
36.7371177673
38.0277748108
33.9205856323
36.7851524353
33.7083511353
35.5388183594
33.8508148193
32.4733467102
31.5597400665
29.6121253967
29.6938934326
26.3274383545
27.4937477112
27.3734436035
28.026922226
32.3512802124
32.8242530823
29.8123779297
30.9868030548
28.2051353455
30.30975914
27.872045517
28.0318546295
29.223361969
30.3674354553
33.6159896851
33.2520599365
37.4138908386
38.0840530396
41.7810516357
44.7287597656
46.1494903564
47.8495788574
46.5757637024
41.7402496338
44.9605979919
42.4067649841
41.3029670715
44.3256378174
43.1629714966
41.3059043884
39.7889328003
40.4856338501
38.1311645508
42.5081100464
42.3394927979
38.6485748291
42.2898368835
45.1487236023
48.417011261
47.9909210205
45.2773017883
45.9759750366
49.3020248413
50.9994621277
44.982837677
47.1830711365
41.9456138611
43.6917800903
42.5694007874
45.9857406616
42.5154876709
39.7943458557
43.3639526367
45.1110153198
40.2321166992
40.1129341125
42.4675331116
40.8539733887
37.344329834
41.0362739563
42.850528717
37.7346687317
37.8857498169
41.4747276306
41.2391891479
39.0431938171
37.2326812744
40.514755249
40.3162117004
41.4625587463
45.5328788757
45.7047576904
47.1991004944
47.8583717346
47.8639831543
44.2762260437
48.7349624634
51.1861686707
48.040435791
50.9271202087
54.6404457092
52.8111228943
50.9662818909
55.3938484192
57.5087051392
56.1876373291
52.4264984131
51.2003631592
47.5606231689
50.7581214905
50.5186958313
46.7325592041
48.0309486389
47.2968101501
47.2811737061
48.0796890259
52.91040802
50.8545341492
46.5540618896
49.5484886169
51.850982666
47.052696228
46.3041534424
50.9915618896
49.472454071
46.4462165833
47.1369819641
51.9615402222
52.9965438843
53.5908164978
50.278049469
52.6826591492
53.6664962769
48.5657272339
48.0304946899
46.2144508362
41.7647666931
45.0102882385
48.27394104
44.2851829529
41.939743042
47.1470184326
46.4465713501
43.1999435425
43.8851890564
47.446762085
46.7401809692
48.5666427612
51.9286575317
51.3275032043
60.997795105
75.569984436
99.8924560547
39.23620224
39.0990524292
36.9114456177
38.2072486877
42.7733192444
42.43491745
35.7026786804
35.8908805847
34.4179496765
34.786113739
28.6786823273
33.8890533447
32.6516723633
26.8413772583
28.1025943756
24.9342479706
25.5107803345
19.2316303253
21.498506546
25.4608707428
31.4275531769
92.7147445679
97.0083312988
89.5141448975
30.4147949219
19.9377288818
23.5315341949
19.348947525
23.6424407959
33.6164779663
30.7498073578
30.7930965424
31.7119998932
37.1299057007
33.299156189
33.8998374939
30.2334938049
30.5805873871
31.130771637
19.3078746796
18.237695694
19.8678207397
18.5796356201
22.3452320099
21.6066818237
24.0865478516
27.3465766907
26.8987102509
31.6364536285
27.5481796265
29.5990581512
33.0115585327
29.8207874298
25.0305976868
29.1475715637
31.9081192017
26.7923908234
28.6575222015
32.0400848389
32.1197433472
29.2726249695
32.6651763916
35.9096069336
33.413520813
34.4088478088
34.1356582642
33.1429824829
31.6613197327
30.4328193665
26.1758728027
28.4553337097
27.6126766205
26.8577384949
26.5727272034
27.339509964
26.0938854218
29.4590511322
32.7625312805
29.4148902893
26.769613266
23.0501670837
25.423160553
21.6322917938
23.1075935364
23.1839885712
22.906999588
24.7594394684
20.3713321686
22.7091217041
21.7594184875
23.506570816
21.1834449768
21.8616981506
26.3789558411
25.6947441101
22.7538890839
25.8860149384
28.2799186707
26.8893318176
24.7946796417
28.5328979492
31.5304775238
33.6364364624
35.7643241882
32.0253715515
32.688495636
36.5009422302
38.2846832275
37.8628234863
34.2848472595
34.6324653625
37.9926795959
34.7279853821
32.2473373413
35.1402702332
36.9574699402
33.1358451843
32.8129615784
36.9039993286
36.6691894531
34.466468811
35.7928695679
40.5041160583
37.2646102905
35.9065933228
41.0358428955
42.0452156067
39.6164894104
40.9769630432
36.5418930054
35.8911972046
30.9626750946
33.042755127
28.8199958801
31.2145195007
28.4983100891
26.825630188
25.1578197479
24.9283256531
25.7439918518
23.5116271973
24.8043498993
26.0510044098
27.6834449768
31.3205661774
30.353471756
28.9732112885
28.9445323944
27.5845565796
28.3826999664
25.4304981232
24.6438732147
27.9703483582
27.8109779358
30.0770568848
31.4457302094
35.995059967
38.080696106
40.8421020508
44.4160079956
45.0079956055
45.9489402771
43.9171562195
38.9657821655
41.5193405151
38.3054580688
37.1880683899
39.4029388428
37.4275588989
35.2385368347
32.7220802307
34.1458473206
31.3225021362
35.0746192932
34.6116409302
31.9619865417
36.1563796997
39.5126724243
42.4790306091
43.0159873962
39.985370636
39.536895752
43.3307037354
45.7523422241
40.0072517395
43.114692688
37.8005561829
40.4595909119
40.1330184937
42.5830230713
38.3512649536
36.2405662537
39.4932785034
39.5800170898
35.1552886963
36.052570343
37.1675376892
34.7896537781
32.2476081848
36.0028190613
35.9126014709
31.228105545
32.4893417358
35.3918075562
34.1982879639
32.7218704224
29.8544063568
32.5242996216
31.9512577057
33.6070518494
37.7274856567
37.0255126953
37.8718338013
38.943107605
38.6461791992
35.6844863892
40.0427055359
42.473197937
40.122795105
43.8038825989
46.5929832458
44.7758865356
43.8706855774
48.3091964722
49.7965126038
49.2092323303
44.625164032
44.3345375061
40.2957649231
43.1595802307
43.8962936401
39.9793510437
40.9816360474
41.239025116
41.4730300903
43.0298309326
47.5119247437
46.6570167542
41.8796653748
43.6134605408
47.0489196777
42.7565231323
40.880317688
45.1640014648
44.8192596436
41.7187156677
41.2431869507
46.8219528198
47.1349906921
48.974571228
46.1115341187
49.0555267334
49.5199890137
44.3536262512
44.6809272766
43.9273147583
39.4679832458
43.6933631897
46.1371841431
41.5855331421
40.7161750793
45.8238296509
44.0477180481
40.4993438721
43.0970878601
46.004360199
44.6174049377
45.5770301819
50.230922699
49.4155158997
59.7787475586
71.7769165039
95.2328338623
38.2609710693
38.5542373657
36.9836463928
38.7528572083
42.8419837952
41.7825508118
35.2903366089
36.512840271
34.8707962036
36.242980957
30.8093147278
35.2233314514
33.5666503906
27.6460647583
29.0374927521
26.6721286774
26.3410339355
20.6344490051
21.4985103607
25.9389057159
32.7731895447
90.1535186768
94.2919769287
86.2521820068
32.1308250427
23.2978210449
23.517616272
21.4695510864
23.161523819
32.6078147888
30.3562660217
30.167591095
32.2223510742
36.505695343
32.5152740479
32.8853378296
28.9682312012
28.7843971252
29.7219238281
18.2397575378
18.7665119171
20.619348526
21.2600021362
25.4577388763
25.524356842
28.8369541168
31.9192848206
30.7117996216
35.0169868469
30.4094753265
32.2196998596
35.0176315308
31.4106483459
26.7286911011
30.5425071716
32.796207428
26.9204502106
28.804983139
32.0075378418
31.5963306427
28.3612117767
32.2439308167
34.9913063049
31.8983421326
32.6096992493
31.6606502533
30.428937912
28.9212036133
28.1885547638
24.0725154877
26.652349472
26.660112381
25.8802089691
26.5301380157
28.0867767334
27.8380413055
31.4508743286
34.9366455078
32.4422187805
30.4530162811
26.61967659
28.2193756104
23.7587966919
23.5935134888
23.0879764557
21.625869751
22.6132488251
18.1167354584
19.9849262238
19.1764469147
20.8954391479
18.5657577515
19.7958812714
24.0054645538
24.1078414917
21.2518043518
23.4671134949
26.1386203766
25.7134494781
23.3401279449
26.4754714966
29.3407325745
31.5887508392
33.3004837036
29.3794975281
30.0215301514
33.5691261292
35.370059967
34.7364387512
31.2670345306
31.8509864807
34.9519462585
31.5640087128
29.3718128204
32.3388023376
33.9584350586
30.153345108
30.2119274139
34.2433204651
33.9460067749
32.0398635864
33.6459999084
38.0338058472
35.1196098328
34.0755500793
39.0812263489
39.943901062
37.9537620544
39.7193946838
35.3626251221
35.0013771057
29.7383403778
32.9005012512
28.1692123413
29.7139968872
26.9821071625
25.0038433075
24.210609436
23.4704666138
23.4481544495
20.9345169067
21.9451675415
23.1040592194
24.8245124817
28.2358627319
27.3537807465
25.9400539398
26.0559558868
24.9106636047
26.1554641724
23.6318683624
23.7758483887
26.9255371094
27.8982887268
30.2146530151
30.9881420135
35.999256134
37.4814682007
40.2074699402
43.9885139465
44.453289032
45.1288299561
43.5602226257
39.1514816284
42.0237922668
39.0544967651
38.45885849
41.0078086853
39.2761306763
36.7685394287
34.4477767944
34.7959327698
31.4432487488
35.3290557861
34.3282318115
31.1973571777
35.8331413269
38.9642524719
42.0616111755
42.5644226074
39.928401947
39.79347229
43.744682312
46.0541267395
40.6488838196
43.1616096497
37.6129608154
39.5828056335
38.7309150696
41.1761512756
37.341960907
34.8526153564
37.7739677429
38.4048500061
33.7120246887
33.9352035522
35.3510856628
33.2901802063
30.2406139374
33.7619934082
34.3262710571
29.560256958
30.1654968262
33.1879577637
32.4255142212
30.5857257843
28.3588428497
31.37865448
31.3315181732
32.8510322571
37.0866279602
36.4849624634
37.9635467529
38.9768600464
39.2852630615
36.3913269043
40.9342842102
42.9876289368
40.1170005798
43.9011383057
46.8521728516
44.5509414673
43.3185958862
48.0748176575
49.4836349487
48.2730789185
43.8401412964
43.1986503601
39.0234527588
41.7098197937
41.8095359802
38.0067863464
38.9549179077
38.8039932251
39.0388450623
40.3369903564
44.9521255493
43.8312721252
39.2861595154
41.5171585083
44.6007995605
40.3632621765
38.8413696289
43.3587532043
42.8512496948
39.9131278992
39.7236251831
45.3046226501
46.3866004944
47.807800293
44.9497375488
47.6289100647
47.8795280457
42.8551025391
42.5978469849
41.7228126526
37.3048591614
41.1673774719
43.6245536804
39.060295105
37.8542518616
42.8689956665
41.1055107117
37.5851135254
39.9215011597
42.751750946
41.3136825562
42.5264892578
46.9250221252
46.4395103455
64.858291626
74.878036499
93.6698303223
47.7668533325
48.1591835022
46.6352920532
48.5589599609
51.3419914246
50.5362586975
44.4373970032
45.3488082886
44.3073310852
45.6121292114
40.3110847473
45.110206604
43.9786872864
38.928894043
40.5070381165
37.9451904297
38.5993499756
33.8440513611
31.4275588989
32.7731895447
33.6650238037
88.4676208496
92.4473114014
86.2679824829
36.563621521
30.3504543304
33.0033836365
32.5387306213
36.1876792908
43.7889900208
41.7903518677
41.6367759705
43.2764701843
47.1396980286
43.9231300354
44.2713088989
40.8351020813
40.8834915161
41.1034469604
30.9814796448
30.3195495605
29.128534317
29.1502990723
31.5762233734
30.0131626129
34.6587524414
36.6124649048
35.0384788513
39.4640388489
35.1497840881
38.179271698
40.597694397
36.7619018555
33.2381706238
37.5633544922
39.1046943665
34.3024635315
37.0367660522
39.8995170593
39.3980445862
37.3580513
41.1520957947
43.5417633057
40.9317626953
42.4994125366
41.5583343506
40.9667358398
39.1939277649
38.0653114319
34.7602729797
37.5275344849
36.887298584
37.2194633484
36.8680419922
37.5228805542
37.0053672791
39.6463928223
43.3279418945
40.7502861023
38.0357475281
34.7303276062
35.6822814941
33.3971214294
32.936164856
34.168888092
33.211566925
34.7892189026
32.0673103333
32.840763092
32.8869400024
33.6296195984
30.8174171448
30.2524204254
33.9201049805
32.8722114563
31.1253242493
34.446559906
35.7199935913
34.3198204041
33.7824821472
36.6562843323
39.3393783569
40.4962120056
42.6605072021
39.9324836731
39.9252929688
43.0287017822
44.2859802246
44.1127319336
41.1895713806
41.07188797
43.9938011169
41.6989402771
39.1638183594
41.3685951233
43.2174377441
40.2227745056
39.3454475403
42.9546852112
43.1212005615
41.0884361267
41.8569030762
46.4474449158
44.0044059753
42.2833480835
46.7429618835
48.0999450684
46.1986122131
46.9443702698
42.9469833374
41.6633415222
37.0171585083
38.5439491272
34.4296569824
36.9965019226
34.5472259521
33.4658584595
31.3808135986
31.5860652924
33.1326560974
32.1013565063
33.8048057556
35.4129104614
37.2590408325
39.6696853638
38.4057006836
37.4159584045
36.7109260559
35.8790283203
35.6174812317
32.8251647949
31.3629398346
35.0342025757
34.1787452698
35.8359909058
37.7333946228
42.1079940796
44.4597702026
46.6822395325
50.3109970093
50.5602836609
51.1569480896
49.1054534912
44.4625091553
46.8048553467
43.5806655884
42.6688117981
44.7636528015
42.7478523254
40.39793396
37.9064865112
39.0901603699
36.3711395264
39.9440536499
39.6569442749
37.2541313171
41.0051460266
44.2377433777
47.0325698853
47.6821403503
44.7700538635
44.2357826233
47.9895248413
50.4332962036
44.9923019409
48.0628318787
42.9012145996
45.5905189514
45.4876937866
47.5169754028
43.400718689
41.630443573
44.5913963318
44.3698387146
40.4019584656
41.5946083069
42.3498764038
40.0860748291
38.1564025879
41.5798721313
41.3161201477
37.1983413696
38.7767105103
41.2473144531
40.1480293274
39.342338562
36.4171524048
38.5387382507
37.6991500854
38.97473526
42.6496124268
42.284324646
43.1151428223
43.9038085938
43.677280426
40.6906547546
44.8798561096
47.1539649963
44.7812461853
48.2852745056
50.9930114746
49.1956977844
48.2844238281
52.5567970276
53.9527893066
53.3176498413
49.0458641052
48.7477989197
45.0853767395
47.8237953186
48.5781707764
45.1081008911
46.2163047791
46.4634284973
46.5573043823
47.9946746826
51.884803772
51.2432518005
46.9157524109
48.2629852295
51.4705238342
47.6391448975
45.7818832397
49.6014785767
49.3929290771
46.5172615051
45.9515533447
51.1767349243
51.4540252686
53.3288879395
50.6933097839
53.5548629761
53.863910675
49.0081138611
49.4861030579
49.0339241028
44.9854812622
49.0807800293
51.099647522
46.8687286377
46.5315284729
51.0220527649
49.2075004578
46.0486755371
48.7900047302
51.1800346375
49.8653526306
50.4828834534
54.8579139709
54.1079978943
40.3869476318
36.3388328552
23.5537662506
92.1104736328
94.8119659424
95.6033325195
101.417648315
100.236473083
102.722518921
104.562675476
103.537612915
97.0692825317
99.4329452515
103.612785339
94.7421188354
94.860244751
96.343963623
91.3546600342
94.6600418091
88.751083374
93.3771286011
97.00831604
94.2919769287
93.5406646729
92.4473114014
4.92165136337
14.8157176971
95.85206604
101.965362549
96.7842254639
99.3176727295
89.8952026367
86.238243103
87.9065933228
96.2580947876
91.0594787598
91.7034912109
92.6719894409
85.8456497192
89.4284362793
88.1214981079
90.6455612183
103.086204529
105.484077454
110.255142212
111.025039673
115.756484985
116.696304321
117.588729858
122.006942749
121.917778015
126.115150452
121.558280945
121.534828186
124.718109131
121.82195282
116.60925293
118.514640808
121.421073914
115.165252686
114.79624939
117.18309021
116.687210083
112.230384827
114.180282593
115.935562134
112.340385437
108.865325928
106.747840881
103.299377441
104.030502319
107.447868347
105.707893372
105.53250885
108.499893188
104.790328979
108.583251953
111.612602234
112.032676697
116.168083191
116.887054443
115.434051514
116.140785217
113.028999329
115.84752655
109.477561951
110.473022461
106.35723877
104.77355957
101.619979858
98.3751220703
99.2250823975
95.0382614136
94.2611465454
99.9028396606
102.959869385
102.669799805
104.788894653
101.962722778
97.1096572876
100.426109314
102.721794128
96.9543380737
95.3036575317
91.5926055908
96.5815124512
90.6150360107
90.0702209473
94.6032791138
94.323135376
97.586807251
96.4840011597
96.2562713623
100.130493164
101.451202393
98.2778701782
101.101455688
104.873939514
104.008720398
102.080627441
106.742988586
108.605964661
107.604576111
109.252670288
112.573486328
112.494194031
111.924156189
114.361114502
117.350059509
115.972869873
116.520965576
121.343307495
118.143257141
120.061439514
114.97265625
120.899978638
115.448028564
113.302215576
110.786453247
107.411178589
110.531929016
109.533218384
105.583122253
102.823204041
98.4837493896
95.4940795898
91.6936035156
91.5534591675
94.4555282593
97.5758056641
101.295173645
102.63054657
107.684814453
108.606750488
111.820388794
112.843231201
117.06262207
119.303909302
118.109855652
123.348335266
121.929199219
124.734527588
128.349594116
128.82081604
128.586273193
129.292312622
127.124031067
130.706283569
128.577301025
129.021682739
131.911026001
130.372695923
127.379928589
124.78401947
123.646286011
118.94871521
121.613891602
117.83190918
115.386001587
121.585487366
123.639938354
126.40296936
127.511680603
126.661628723
126.667900085
131.09916687
133.282241821
129.55921936
130.34967041
124.698455811
123.89679718
120.701881409
122.393730164
121.264465332
117.739631653
117.754722595
120.021789551
115.674217224
112.037261963
113.760025024
113.4479599
109.459465027
109.111000061
110.464927673
108.431785583
104.608093262
104.886276245
105.678695679
100.392555237
105.074798584
107.761192322
111.341911316
113.637672424
117.517951965
114.07170105
116.819633484
119.356430054
121.772415161
121.745895386
125.951728821
126.03994751
123.394111633
128.574264526
129.934020996
125.39541626
124.88432312
130.549636841
129.827194214
126.526321411
121.645477295
121.231231689
115.798065186
114.103973389
110.048294067
108.407608032
104.306694031
103.271110535
106.100898743
105.87902832
110.64365387
109.480812073
108.740211487
113.113220215
114.253417969
113.116668701
113.586906433
118.133087158
118.59841156
117.793540955
117.977958679
123.401405334
128.285720825
128.394943237
126.430541992
127.269325256
125.647659302
122.581863403
118.808891296
117.650184631
114.840843201
114.44393158
116.244400024
112.691917419
108.581443787
110.838676453
109.198280334
106.812744141
105.388641357
105.993721008
102.705924988
107.490600586
107.961143494
112.865081787
32.8476028442
23.6681118011
19.5277099609
83.2933502197
85.5873641968
86.9856109619
91.2131195068
91.913848877
92.6051712036
94.5270614624
93.2329864502
88.3656692505
91.0671844482
94.3594436646
85.1256561279
86.8261184692
87.0178527832
82.092010498
85.5631942749
80.6620941162
84.8693389893
89.5141525269
86.2521820068
84.1870880127
86.2679824829
13.9578056335
14.8157176971
86.325668335
93.995262146
87.9713973999
90.4989318848
82.6186828613
77.0717010498
79.658821106
86.4753494263
82.6318511963
81.4310379028
83.2893447876
76.6418304443
80.027671814
79.1092224121
82.0332260132
93.6617202759
96.355178833
101.023529053
102.234008789
106.935028076
108.241172791
109.41204834
113.754745483
113.322395325
117.230255127
112.54258728
112.282936096
115.117218018
112.262260437
107.249397278
108.809570312
111.458740234
105.2914505
104.71635437
106.819747925
106.215507507
101.83543396
103.616027832
104.99407959
101.44644165
97.7502975464
95.5911483765
92.1711883545
93.158164978
96.7312774658
95.4115753174
94.9800262451
98.2031402588
94.5869827271
98.6131134033
101.810600281
102.647705078
106.687187195
107.403327942
106.488121033
107.489875793
104.398147583
106.822486877
100.446350098
100.896995544
96.6772537231
94.9007949829
91.4469528198
88.8424606323
89.3802337646
85.5460891724
84.8098831177
90.5218963623
93.7097244263
93.0011062622
95.6118240356
93.0885925293
87.7067871094
91.0580062866
93.9647674561
88.3306884766
86.2323608398
82.4541091919
87.4331436157
81.1803283691
80.372543335
84.8220748901
84.1035614014
87.260269165
85.8254394531
85.8621292114
89.8999176025
90.6411132812
87.4126663208
90.6965942383
94.1725921631
92.9376678467
91.2315979004
96.0912475586
97.5641708374
96.3773880005
98.2590179443
101.654060364
101.016799927
100.620910645
103.36114502
106.042602539
104.386650085
105.161651611
110.165367126
107.251335144
109.486717224
104.709510803
110.878082275
105.675003052
103.168960571
100.999145508
97.7798919678
101.191337585
99.8564300537
95.6959609985
92.9933319092
88.6298217773
85.4477233887
81.5530014038
81.0783920288
84.2345581055
87.091545105
90.8977737427
92.2082366943
97.3291702271
98.5976104736
102.084716797
102.661552429
107.241775513
109.466026306
107.875274658
112.97013855
111.110099792
113.84462738
117.296775818
117.783348083
117.511962891
118.577377319
116.813110352
120.504325867
118.665893555
119.333480835
122.415138245
121.14831543
118.143226624
115.861328125
114.220947266
109.582542419
112.342338562
108.587020874
105.831581116
111.817062378
113.591407776
116.373550415
117.223388672
116.650550842
117.024002075
121.295669556
123.21622467
119.704490662
120.035224915
114.511405945
113.249786377
109.798355103
111.535636902
110.839012146
107.223190308
107.062553406
109.821968079
105.49609375
101.504669189
103.508903503
103.540672302
99.3925476074
98.8363494873
100.863998413
98.8385009766
94.6795730591
95.0819244385
96.284034729
90.9594650269
95.9402923584
98.7692108154
102.428771973
104.437171936
108.200904846
105.228530884
108.330871582
110.587852478
113.23400116
112.94657135
117.196350098
117.195518494
114.137527466
118.995605469
120.697891235
116.083335876
115.151496887
120.793441772
120.285491943
116.577346802
112.175537109
111.330497742
106.165176392
104.619995117
100.145462036
98.6774291992
94.884979248
93.3644866943
95.973274231
95.3911209106
100.089256287
98.4804458618
98.0981292725
102.851325989
103.426849365
102.294944763
103.216178894
107.764030457
107.829879761
107.190887451
107.776512146
112.775474548
118.028671265
117.633399963
115.65687561
116.194801331
114.630882263
111.800514221
107.69153595
106.320701599
103.7631073
102.877258301
104.709838867
101.507591248
97.1204986572
99.0694198608
97.7683258057
95.6637649536
93.6540222168
94.2111129761
91.1981430054
96.1465377808
96.0140686035
101.039878845
32.8476028442
23.6681118011
19.5277099609
83.2933502197
85.5873641968
86.9856109619
91.2131195068
91.913848877
92.6051712036
94.5270614624
93.2329864502
88.3656692505
91.0671844482
94.3594436646
85.1256561279
86.8261184692
87.0178527832
82.092010498
85.5631942749
80.6620941162
84.8693389893
89.5141525269
86.2521820068
84.1870880127
86.2679824829
13.9578056335
14.8157176971
86.325668335
93.995262146
87.9713973999
90.4989318848
82.6186828613
77.0717010498
79.658821106
86.4753494263
82.6318511963
81.4310379028
83.2893447876
76.6418304443
80.027671814
79.1092224121
82.0332260132
93.6617202759
96.355178833
101.023529053
102.234008789
106.935028076
108.241172791
109.41204834
113.754745483
113.322395325
117.230255127
112.54258728
112.282936096
115.117218018
112.262260437
107.249397278
108.809570312
111.458740234
105.2914505
104.71635437
106.819747925
106.215507507
101.83543396
103.616027832
104.99407959
101.44644165
97.7502975464
95.5911483765
92.1711883545
93.158164978
96.7312774658
95.4115753174
94.9800262451
98.2031402588
94.5869827271
98.6131134033
101.810600281
102.647705078
106.687187195
107.403327942
106.488121033
107.489875793
104.398147583
106.822486877
100.446350098
100.896995544
96.6772537231
94.9007949829
91.4469528198
88.8424606323
89.3802337646
85.5460891724
84.8098831177
90.5218963623
93.7097244263
93.0011062622
95.6118240356
93.0885925293
87.7067871094
91.0580062866
93.9647674561
88.3306884766
86.2323608398
82.4541091919
87.4331436157
81.1803283691
80.372543335
84.8220748901
84.1035614014
87.260269165
85.8254394531
85.8621292114
89.8999176025
90.6411132812
87.4126663208
90.6965942383
94.1725921631
92.9376678467
91.2315979004
96.0912475586
97.5641708374
96.3773880005
98.2590179443
101.654060364
101.016799927
100.620910645
103.36114502
106.042602539
104.386650085
105.161651611
110.165367126
107.251335144
109.486717224
104.709510803
110.878082275
105.675003052
103.168960571
100.999145508
97.7798919678
101.191337585
99.8564300537
95.6959609985
92.9933319092
88.6298217773
85.4477233887
81.5530014038
81.0783920288
84.2345581055
87.091545105
90.8977737427
92.2082366943
97.3291702271
98.5976104736
102.084716797
102.661552429
107.241775513
109.466026306
107.875274658
112.97013855
111.110099792
113.84462738
117.296775818
117.783348083
117.511962891
118.577377319
116.813110352
120.504325867
118.665893555
119.333480835
122.415138245
121.14831543
118.143226624
115.861328125
114.220947266
109.582542419
112.342338562
108.587020874
105.831581116
111.817062378
113.591407776
116.373550415
117.223388672
116.650550842
117.024002075
121.295669556
123.21622467
119.704490662
120.035224915
114.511405945
113.249786377
109.798355103
111.535636902
110.839012146
107.223190308
107.062553406
109.821968079
105.49609375
101.504669189
103.508903503
103.540672302
99.3925476074
98.8363494873
100.863998413
98.8385009766
94.6795730591
95.0819244385
96.284034729
90.9594650269
95.9402923584
98.7692108154
102.428771973
104.437171936
108.200904846
105.228530884
108.330871582
110.587852478
113.23400116
112.94657135
117.196350098
117.195518494
114.137527466
118.995605469
120.697891235
116.083335876
115.151496887
120.793441772
120.285491943
116.577346802
112.175537109
111.330497742
106.165176392
104.619995117
100.145462036
98.6774291992
94.884979248
93.3644866943
95.973274231
95.3911209106
100.089256287
98.4804458618
98.0981292725
102.851325989
103.426849365
102.294944763
103.216178894
107.764030457
107.829879761
107.190887451
107.776512146
112.775474548
118.028671265
117.633399963
115.65687561
116.194801331
114.630882263
111.800514221
107.69153595
106.320701599
103.7631073
102.877258301
104.709838867
101.507591248
97.1204986572
99.0694198608
97.7683258057
95.6637649536
93.6540222168
94.2111129761
91.1981430054
96.1465377808
96.0140686035
101.039878845
63.1952285767
80.1607208252
105.766830444
37.3439903259
36.4931678772
34.729133606
35.1029586792
39.3901405334
39.1485023499
31.8446331024
31.9275970459
31.330739975
31.5273284912
25.1830635071
31.8593406677
30.5873527527
25.1006031036
27.8676815033
24.1415634155
27.1521320343
21.4738178253
19.9377288818
23.297826767
25.3741512299
30.3504581451
97.7681884766
101.965362549
93.9952697754
26.5009231567
21.8800010681
18.1411094666
24.8110637665
34.4674720764
31.1691226959
29.2558097839
31.0428237915
35.6962623596
31.9977455139
34.4256057739
30.1043243408
31.3332576752
30.7625160217
17.3509273529
15.1042566299
14.8986206055
12.7103624344
15.8011732101
15.5078582764
18.2170524597
21.1835365295
20.4901638031
25.0694313049
21.018655777
22.9763355255
26.4865379333
23.6134872437
18.7627048492
22.979549408
25.9406604767
21.5325298309
23.3587665558
26.7192974091
27.218416214
24.9417209625
27.8819179535
31.3363227844
29.5890846252
31.1153106689
31.7793064117
31.3855113983
30.0674037933
27.8721408844
23.7069473267
25.6268062592
23.7873916626
23.8137512207
22.397567749
22.3831272125
20.915348053
23.6601581573
27.175819397
23.9582214355
21.0285015106
17.5777988434
19.2794780731
16.9441814423
18.2120018005
19.5975246429
20.1323108673
23.0851173401
20.3801116943
22.4468593597
22.9056129456
25.0328960419
21.7256278992
21.9542694092
26.4136772156
25.8548431396
23.7267818451
27.2361946106
29.2730770111
27.9790401459
26.9587745667
30.5516681671
33.9492492676
35.5742492676
38.1843299866
34.1670608521
34.3321418762
38.0124778748
39.4563369751
38.8231964111
35.2379112244
35.2598419189
38.1505470276
34.863822937
32.2625923157
34.492313385
36.2102088928
32.4065628052
31.4318332672
35.3021011353
34.8500556946
32.1499290466
33.1799430847
38.0274620056
34.1952056885
32.5357551575
37.8393478394
38.807559967
35.7716903687
36.7537841797
32.2970428467
31.6936950684
27.4622554779
28.6424121857
25.4892406464
28.6796970367
26.6518115997
25.8416671753
23.3693962097
22.6773719788
24.5630931854
22.6533889771
25.1539745331
26.6829776764
28.7775878906
32.4201850891
31.365486145
28.9196166992
28.4026222229
26.2730903625
26.1638660431
22.7515945435
21.0270347595
23.9492149353
22.8354587555
25.3462524414
26.7675762177
30.7999038696
33.1745185852
36.0891647339
39.3407020569
40.1949234009
41.5766983032
39.3222961426
33.9374084473
36.4645347595
33.3023033142
31.8510322571
34.2295455933
32.503742218
30.6529903412
28.6775932312
30.3457393646
28.3447704315
32.4272003174
32.8938407898
29.980682373
33.140045166
36.422290802
39.4275512695
39.4589500427
36.1954536438
36.1341400146
39.5015869141
41.63621521
35.4731369019
38.6688537598
33.5916213989
36.5770721436
36.5956306458
39.3971099854
35.0171928406
33.1282501221
36.9653015137
37.2206192017
32.9136161804
34.3434829712
35.6832237244
33.3809204102
31.0761203766
35.2429275513
35.6000518799
30.7205429077
32.5038833618
35.7875289917
34.7336997986
33.915813446
30.3760890961
32.8971939087
31.6537036896
32.7564086914
36.5465278625
36.8301620483
37.5239028931
38.034324646
37.3582077026
33.6571502686
37.87525177
40.6651954651
38.1307640076
41.0256462097
44.3762397766
43.1174240112
41.7924537659
45.8346939087
47.9119186401
47.5159721375
43.5277709961
42.8995704651
39.5333862305
43.1305541992
44.2252006531
40.3185386658
42.1789703369
42.2548103333
41.9610214233
43.3945388794
47.6088485718
46.438747406
41.5602836609
43.1645355225
46.3291664124
41.6327819824
39.8899917603
43.9782676697
43.080909729
39.7812347412
39.6528434753
44.6584892273
44.4152259827
46.0388832092
42.9509086609
45.9737129211
46.9664421082
41.6682014465
42.431892395
41.4407539368
36.977481842
41.4367485046
44.0984764099
39.8728752136
39.1896133423
44.3794898987
43.0603599548
39.7270812988
42.1440162659
45.3588066101
44.5882720947
45.172290802
49.6777877808
48.1549034119
63.1952285767
80.1607208252
105.766830444
37.3439903259
36.4931678772
34.729133606
35.1029586792
39.3901405334
39.1485023499
31.8446331024
31.9275970459
31.330739975
31.5273284912
25.1830635071
31.8593406677
30.5873527527
25.1006031036
27.8676815033
24.1415634155
27.1521320343
21.4738178253
19.9377288818
23.297826767
25.3741512299
30.3504581451
97.7681884766
101.965362549
93.9952697754
26.5009231567
21.8800010681
18.1411094666
24.8110637665
34.4674720764
31.1691226959
29.2558097839
31.0428237915
35.6962623596
31.9977455139
34.4256057739
30.1043243408
31.3332576752
30.7625160217
17.3509273529
15.1042566299
14.8986206055
12.7103624344
15.8011732101
15.5078582764
18.2170524597
21.1835365295
20.4901638031
25.0694313049
21.018655777
22.9763355255
26.4865379333
23.6134872437
18.7627048492
22.979549408
25.9406604767
21.5325298309
23.3587665558
26.7192974091
27.218416214
24.9417209625
27.8819179535
31.3363227844
29.5890846252
31.1153106689
31.7793064117
31.3855113983
30.0674037933
27.8721408844
23.7069473267
25.6268062592
23.7873916626
23.8137512207
22.397567749
22.3831272125
20.915348053
23.6601581573
27.175819397
23.9582214355
21.0285015106
17.5777988434
19.2794780731
16.9441814423
18.2120018005
19.5975246429
20.1323108673
23.0851173401
20.3801116943
22.4468593597
22.9056129456
25.0328960419
21.7256278992
21.9542694092
26.4136772156
25.8548431396
23.7267818451
27.2361946106
29.2730770111
27.9790401459
26.9587745667
30.5516681671
33.9492492676
35.5742492676
38.1843299866
34.1670608521
34.3321418762
38.0124778748
39.4563369751
38.8231964111
35.2379112244
35.2598419189
38.1505470276
34.863822937
32.2625923157
34.492313385
36.2102088928
32.4065628052
31.4318332672
35.3021011353
34.8500556946
32.1499290466
33.1799430847
38.0274620056
34.1952056885
32.5357551575
37.8393478394
38.807559967
35.7716903687
36.7537841797
32.2970428467
31.6936950684
27.4622554779
28.6424121857
25.4892406464
28.6796970367
26.6518115997
25.8416671753
23.3693962097
22.6773719788
24.5630931854
22.6533889771
25.1539745331
26.6829776764
28.7775878906
32.4201850891
31.365486145
28.9196166992
28.4026222229
26.2730903625
26.1638660431
22.7515945435
21.0270347595
23.9492149353
22.8354587555
25.3462524414
26.7675762177
30.7999038696
33.1745185852
36.0891647339
39.3407020569
40.1949234009
41.5766983032
39.3222961426
33.9374084473
36.4645347595
33.3023033142
31.8510322571
34.2295455933
32.503742218
30.6529903412
28.6775932312
30.3457393646
28.3447704315
32.4272003174
32.8938407898
29.980682373
33.140045166
36.422290802
39.4275512695
39.4589500427
36.1954536438
36.1341400146
39.5015869141
41.63621521
35.4731369019
38.6688537598
33.5916213989
36.5770721436
36.5956306458
39.3971099854
35.0171928406
33.1282501221
36.9653015137
37.2206192017
32.9136161804
34.3434829712
35.6832237244
33.3809204102
31.0761203766
35.2429275513
35.6000518799
30.7205429077
32.5038833618
35.7875289917
34.7336997986
33.915813446
30.3760890961
32.8971939087
31.6537036896
32.7564086914
36.5465278625
36.8301620483
37.5239028931
38.034324646
37.3582077026
33.6571502686
37.87525177
40.6651954651
38.1307640076
41.0256462097
44.3762397766
43.1174240112
41.7924537659
45.8346939087
47.9119186401
47.5159721375
43.5277709961
42.8995704651
39.5333862305
43.1305541992
44.2252006531
40.3185386658
42.1789703369
42.2548103333
41.9610214233
43.3945388794
47.6088485718
46.438747406
41.5602836609
43.1645355225
46.3291664124
41.6327819824
39.8899917603
43.9782676697
43.080909729
39.7812347412
39.6528434753
44.6584892273
44.4152259827
46.0388832092
42.9509086609
45.9737129211
46.9664421082
41.6682014465
42.431892395
41.4407539368
36.977481842
41.4367485046
44.0984764099
39.8728752136
39.1896133423
44.3794898987
43.0603599548
39.7270812988
42.1440162659
45.3588066101
44.5882720947
45.172290802
49.6777877808
48.1549034119
55.4720649719
70.4935455322
94.3911361694
33.7784385681
33.7978286743
32.0816612244
33.6480865479
38.7300605774
38.2977180481
32.2000617981
32.9600715637
30.5260124207
31.3848686218
27.1865558624
30.1304683685
27.9027938843
22.5438861847
23.555765152
22.3092498779
21.4536323547
18.500038147
23.6424407959
23.1615200043
29.2333393097
36.1876792908
85.8363723755
89.8952026367
82.6186828613
33.6316680908
24.8110675812
25.1871528625
20.4516735077
27.8371429443
24.665802002
24.9239444733
26.2520198822
30.8234844208
26.6885719299
27.4011821747
23.7150001526
23.9957580566
25.4028778076
15.689994812
16.6792049408
21.3246097565
21.6650485992
26.3541145325
27.7606067657
29.4398574829
33.3039283752
32.6148338318
36.6352500916
32.1254920959
32.5144004822
35.8628578186
33.0430641174
27.5134086609
30.3572788239
33.642490387
27.7639732361
28.183347702
31.5396289825
31.7856025696
27.7801303864
30.6290969849
34.0045013428
31.2803897858
30.7859477997
30.960521698
29.2443389893
28.7451972961
28.0259399414
23.5429859161
24.5596466064
24.6198406219
22.3050708771
23.5642051697
25.5580806732
25.235906601
29.3924655914
32.0918464661
29.7898292542
28.8871631622
25.1916847229
27.3208599091
21.5197639465
22.4438037872
20.044467926
19.4054088593
20.1558818817
15.272974968
18.9154243469
17.4665355682
20.7826137543
20.1891345978
23.009349823
26.6993141174
28.052734375
25.075258255
25.3891792297
29.1773490906
29.8143634796
26.2836093903
28.8600463867
31.1920928955
34.5553436279
35.1791496277
30.2000656128
31.833770752
35.227180481
37.5362091064
36.1873855591
32.5681762695
34.0756759644
36.7145614624
32.0892524719
30.9798278809
34.1964416504
35.1126098633
30.6881275177
31.8186283112
35.7120513916
34.5650901794
32.7895584106
35.1824913025
38.8723564148
35.0583076477
34.9583396912
40.4202842712
40.4007835388
37.9297218323
40.7746391296
36.2005081177
37.069644928
32.0825157166
35.8922309875
31.6666717529
32.7796287537
30.5224113464
28.5048408508
28.3655204773
26.5980491638
25.7718296051
22.1687660217
22.4826831818
22.3313941956
23.0335483551
27.4232120514
27.6912651062
25.386756897
26.7281608582
24.6928653717
27.3590183258
25.2577285767
26.2532958984
28.094997406
30.0728721619
33.0336456299
32.7732505798
37.7199325562
38.3548774719
41.7377700806
45.2588539124
46.2258605957
47.3482513428
46.191078186
41.7509918213
45.046169281
42.3667144775
41.7231750488
44.702495575
43.3235626221
40.9863777161
39.0736427307
39.1935539246
36.0190467834
40.2390556335
39.2855949402
35.6155853271
40.1421356201
43.0747261047
46.3833045959
46.4171714783
43.9042396545
44.3280563354
48.1158485413
50.1072349548
44.4567871094
46.5590667725
40.9384231567
42.4146232605
41.0193710327
44.0810317993
40.6147384644
37.6636734009
40.7740020752
42.3679542542
37.290927887
36.7719154358
38.9597892761
37.2894439697
33.5119056702
36.9822120667
38.5911331177
33.5316200256
33.2634620667
36.6941986084
36.4456176758
33.8391265869
32.5072593689
35.9751625061
36.3134613037
37.7206306458
42.0524673462
41.6677703857
43.4701080322
44.4298782349
44.8857078552
41.7700881958
46.4089393616
48.4976844788
45.2827072144
48.8073348999
52.1801147461
49.811164856
48.1684646606
53.0223312378
54.7004814148
53.1204948425
48.9179039001
47.8527908325
43.6846046448
46.4384651184
45.9331054688
42.0831069946
42.9410972595
42.2799911499
42.5530204773
43.4812088013
48.5501747131
46.7591514587
42.3530769348
45.4379196167
48.0302391052
43.4316711426
42.5108413696
47.422416687
46.3320503235
43.3881835938
43.8059272766
49.1881256104
50.7276420593
51.5390434265
48.3864555359
50.8174285889
51.3150024414
46.2157287598
45.3781318665
43.8554916382
39.2862663269
42.6133842468
45.6479606628
41.2046432495
38.915309906
44.2215423584
42.9732704163
39.4333572388
40.6459274292
43.9888725281
42.7534942627
44.69556427
48.5141830444
48.2874450684
81.7616653442
98.8735046387
125.706230164
41.6027832031
39.2250328064
37.1939926147
34.9791488647
38.8090019226
39.1110153198
31.375207901
30.2051544189
32.6337051392
31.1625614166
23.9774627686
34.013381958
33.6920585632
29.1638355255
33.8567581177
29.6312599182
35.3252372742
29.7093257904
27.3465824127
31.9192810059
33.5864028931
36.6124572754
117.875061035
122.006942749
113.754745483
30.6886539459
21.1835346222
29.211648941
24.3129062653
33.3039283752
43.135383606
38.6376304626
33.7950363159
36.3143844604
40.3803291321
37.4925079346
42.4902610779
37.5833587646
39.874671936
38.0183448792
22.4187088013
18.8625221252
16.1196498871
12.5410432816
8.83322048187
7.51096534729
5.46984910965
4.80156087875
7.96905517578
8.53737354279
10.2841491699
13.993478775
14.1195373535
12.7102108002
15.1248483658
17.8269557953
18.4964504242
19.7388801575
21.9847831726
23.7224559784
24.0233135223
24.8764896393
28.4322719574
29.1654319763
32.1170463562
34.7186813354
35.7572059631
34.5606384277
30.5886821747
27.2529659271
28.3668136597
24.4537029266
26.0502719879
22.1042156219
19.5038127899
16.7563285828
16.000837326
18.8090190887
15.4139099121
11.0518312454
11.4856519699
11.1405220032
15.6838989258
17.6099758148
21.2942428589
23.6748161316
28.1914825439
27.5702037811
29.403383255
31.4505214691
33.955947876
29.1025390625
28.2232208252
32.5469398499
31.2435188293
30.3725128174
35.3744812012
36.3147125244
34.1372375488
35.2288475037
39.2537727356
43.6469039917
43.8882484436
48.1492767334
44.16065979
43.1360969543
46.85754776
47.4273490906
46.9376335144
43.3708114624
42.2879905701
44.655620575
42.0421257019
38.7159957886
39.5587425232
41.4361839294
38.0882835388
35.441368103
38.6426696777
38.2174949646
34.5910797119
34.3921356201
39.517074585
34.9777793884
32.3121566772
37.1372642517
38.4271621704
34.2185821533
33.2985076904
29.5842704773
28.3598442078
26.8513832092
24.209356308
24.7116756439
29.5999908447
28.986700058
29.9356632233
25.770160675
25.3849906921
29.2711429596
28.5056114197
32.6156768799
34.8711509705
37.886138916
41.5994682312
39.9335823059
36.1675758362
34.5164451599
31.500295639
29.3447113037
25.5030765533
21.8953514099
23.5624694824
19.3558921814
21.0406341553
23.2515735626
24.1944885254
28.0219783783
30.4864902496
32.2245559692
33.5420951843
35.9481964111
32.627571106
26.3711032867
27.5763130188
24.6620292664
21.7409210205
23.1580810547
21.9164218903
22.005569458
21.5024032593
25.0989608765
26.07239151
29.5357646942
32.4388198853
30.3207111359
30.3427906036
33.2313270569
35.5650138855
34.7224845886
30.8749523163
31.0048084259
32.6341285706
34.0841331482
27.5106468201
31.4757957458
28.3267631531
32.6338691711
34.3016433716
37.1844367981
32.502986908
32.0654830933
36.761756897
36.2742843628
33.3280105591
36.5367584229
37.5055999756
35.154499054
34.3619117737
39.0103340149
39.0646743774
34.6090240479
37.9596824646
41.3767967224
40.0350418091
41.0083503723
35.7224388123
37.2852897644
34.36170578
34.5114326477
36.9754219055
38.9096183777
38.3890342712
37.8176803589
35.6617164612
31.0467338562
33.9291725159
37.5866584778
35.8428611755
36.5751533508
40.3384819031
41.105846405
39.6545410156
41.8775444031
45.0114974976
46.0302886963
43.40417099
42.753944397
41.2584686279
46.0802459717
48.7224884033
45.0206260681
48.4424324036
48.7981567383
47.5287055969
49.063999176
52.1637496948
51.054851532
46.0071182251
46.3479957581
49.3443450928
44.3464202881
42.3770217896
45.2681045532
43.8018112183
40.2795219421
40.2616004944
43.6387634277
41.0466499329
42.8489532471
39.7579460144
43.0615539551
45.2430877686
40.1142234802
42.6376266479
41.6970787048
37.7704315186
42.8147354126
45.3898086548
42.1569099426
42.6834487915
47.6171569824
47.0247497559
44.3148956299
46.9792709351
50.4482345581
50.8465843201
50.0952377319
54.6096763611
51.2882843018
75.4669265747
91.8319625854
119.085426331
31.8515090942
29.045539856
27.3331432343
25.0077877045
28.7670288086
29.0148067474
21.4384536743
20.0476570129
22.6600704193
21.8703479767
15.6040077209
25.4939136505
24.6279830933
20.5519676208
26.4460639954
23.0857410431
29.5734863281
25.2656707764
25.4231643677
28.219379425
30.8830394745
35.6822814941
111.890678406
115.84753418
106.822486877
28.6149234772
19.2794818878
24.7486209869
19.7241897583
27.3208637238
35.8559799194
30.8354473114
24.2534656525
27.7635555267
30.5116062164
27.9161529541
34.0492210388
28.9815559387
32.1662521362
29.9606819153
14.8756856918
11.5169048309
10.3525352478
7.80926656723
6.25828266144
10.282866478
9.07797527313
11.1405220032
10.5981435776
12.353014946
9.77251052856
7.00746297836
11.7782077789
12.1996326447
7.68322849274
8.22994041443
13.4483861923
12.6610860825
11.6509809494
14.4432573318
17.0582427979
16.1494827271
15.864107132
20.3363113403
21.373500824
23.206155777
27.0066642761
27.8050136566
27.5622501373
23.4510936737
19.9069499969
19.551574707
15.2603521347
16.2694377899
11.9864501953
9.23013973236
6.43570709229
6.37758779526
9.91696357727
7.58188581467
5.63579130173
5.29758787155
7.06054162979
9.01446914673
11.900147438
15.2880449295
19.9966640472
20.656293869
22.81042099
25.4085979462
28.7891025543
24.563539505
24.9851303101
28.877910614
29.2931632996
28.3120307922
31.5212593079
33.4460716248
32.9665260315
32.982460022
36.2272605896
40.240901947
41.3789787292
44.4976463318
39.5724029541
39.0886192322
42.3755455017
43.2653274536
41.9374580383
38.4048614502
38.1716156006
39.753578186
36.0504684448
33.8165512085
34.712928772
35.735370636
31.9238471985
30.264131546
33.2314529419
31.8357925415
28.3598060608
29.1500015259
33.3498687744
27.8241863251
26.3275318146
31.7986698151
31.944355011
27.2669887543
28.039642334
23.8370113373
24.6226978302
22.9632453918
22.5627384186
22.7927455902
26.5666999817
26.4548511505
27.1694202423
24.2193431854
22.1162548065
24.9276542664
23.1625957489
27.1691551208
28.6267261505
31.2295856476
35.2008476257
34.3758201599
29.5403194427
28.6644306183
24.751209259
23.6746349335
20.2745933533
17.9551563263
17.972454071
15.9781684875
19.1092624664
19.1088142395
20.9312534332
22.8490333557
26.4878120422
28.3008289337
30.2642288208
33.0485076904
30.861530304
25.0487384796
27.6662826538
25.4212970734
23.3920764923
26.3650875092
25.9663944244
25.3261146545
25.3558750153
26.78125
26.8367557526
31.2542228699
33.3723678589
29.8167362213
30.5486831665
33.067905426
36.0142250061
34.5347862244
31.2952880859
32.6231498718
34.5491027832
35.5028495789
28.9118156433
31.4286193848
27.4729366302
30.3012371063
30.6343193054
34.4553108215
30.5488834381
28.9797916412
33.7776947021
35.1316337585
31.2187385559
33.0241546631
35.2152442932
33.5685768127
31.4161510468
35.9766578674
37.8515167236
32.7841911316
34.8390693665
38.8850860596
38.4495735168
38.4715995789
34.3479042053
36.8004798889
34.7527389526
34.7090606689
37.6454315186
39.9220161438
40.603313446
39.9874801636
38.8684158325
33.974861145
37.6010360718
40.8021583557
37.7684135437
38.5872116089
43.1862182617
43.0242996216
40.5999984741
43.5953102112
46.949432373
46.6102294922
44.3102302551
42.7018051147
40.9337272644
45.7540855408
47.0839195251
43.3940963745
46.8006973267
46.2292366028
44.9078979492
45.8107261658
49.4776878357
47.3492736816
42.6424636841
44.395866394
46.4804840088
41.0445098877
40.0911521912
43.749786377
41.3627662659
37.9246635437
38.9630432129
42.2212371826
41.2224884033
41.7154083252
38.1583633423
40.8909378052
43.1624717712
37.9772033691
39.17710495
37.2929420471
33.1375045776
37.3658599854
40.6819343567
37.5905418396
36.7344818115
41.9013061523
41.9645500183
39.3218345642
40.606628418
44.5649871826
45.2972068787
45.371131897
49.0155792236
46.1138763428
64.6987838745
78.3928833008
106.101089478
23.2571468353
22.8010215759
23.0338726044
23.9302215576
27.3611526489
25.0089817047
17.0373458862
21.070432663
20.5716686249
23.5761699677
19.7043018341
25.1442909241
21.8231334686
16.6898040771
21.9467258453
20.5328502655
23.5001010895
19.9689159393
22.906993866
21.6258678436
26.2370128632
33.211566925
100.798271179
104.77355957
94.9007949829
28.350725174
20.13230896
20.0195121765
17.4211750031
19.4054088593
27.0465831757
22.8564090729
15.8817625046
22.2653808594
23.2012519836
18.6196498871
24.0972156525
17.4016113281
20.3809814453
19.030878067
4.69093322754
7.20771312714
8.81315803528
12.0699548721
15.2436685562
18.3475990295
21.0625362396
23.6748161316
21.540178299
23.9229984283
19.2002620697
18.6074199677
20.417388916
17.7405986786
13.222454071
14.4393692017
16.7514381409
10.9484443665
10.4047260284
13.2588615417
13.3658599854
9.09320831299
12.250369072
15.2438097
12.7595052719
12.9559812546
14.5294237137
14.0624771118
14.0494232178
11.258149147
6.79174470901
6.72187948227
6.08406686783
5.80283737183
7.06374979019
9.95887756348
12.2149333954
15.448141098
18.9192504883
18.9301280975
18.9368152618
16.0106925964
15.2880477905
11.0612506866
7.06453990936
4.99650669098
5.21719026566
7.90544462204
8.9833278656
12.4959144592
16.0731544495
13.0155096054
15.1047506332
17.6244525909
20.2226753235
19.317117691
19.6045322418
22.4408397675
24.2604465485
23.0992164612
24.7833862305
28.0954933167
30.023103714
31.7601490021
26.2660617828
26.2015190125
28.933675766
30.2018241882
28.2133846283
24.7633361816
25.5132732391
26.6213665009
21.936674118
20.807352066
22.3069763184
22.6811008453
18.3034000397
18.3220539093
21.5235443115
19.6084327698
16.9252643585
19.2834606171
22.801897049
17.7037086487
17.5929679871
23.5157871246
23.1215229034
19.7693862915
22.7428531647
18.0957641602
20.0070152283
16.15741539
20.2530231476
17.7057247162
18.6886253357
18.2295398712
17.8200073242
17.5540103912
13.9250659943
13.8964481354
10.8220186234
13.8539066315
14.4096040726
16.8308677673
20.5620861053
20.3509254456
14.9764270782
15.0687303543
10.9200382233
12.215927124
10.2040929794
11.5845785141
10.9626865387
14.1297473907
17.5412654877
15.6795635223
20.3401088715
20.077791214
23.8473758698
27.0852432251
28.386384964
29.9799957275
29.2312660217
25.0959796906
28.8335151672
26.8793144226
26.6349067688
30.3112030029
29.8901157379
27.7880764008
27.2468090057
26.0738773346
23.8208656311
28.5506687164
28.6199455261
23.9458274841
26.8293190002
29.0760765076
32.5587692261
31.4900951385
29.2802677155
30.97930336
34.024433136
35.2019042969
29.5672626495
30.6761379242
25.3364143372
26.0924339294
24.4361381531
28.3320484161
25.3387565613
22.2003135681
26.0144805908
28.8915786743
23.8055400848
23.3251152039
26.4993152618
25.5716323853
21.6675357819
25.6113872528
29.0811595917
23.7515163422
23.751083374
28.1069107056
28.6854305267
27.3662223816
25.2088565826
28.593536377
28.1460723877
28.2111091614
31.8341617584
33.5912132263
35.7836799622
35.5455856323
36.0221748352
31.7681446075
36.1933174133
38.3743019104
34.2129058838
36.2283401489
40.8116531372
38.9461135864
36.0563583374
40.433681488
43.1428451538
41.146156311
38.4758720398
36.263420105
33.4572792053
37.5045585632
37.1003456116
33.4764213562
36.2763557434
34.7995948792
33.7842750549
34.1368675232
38.6279449463
35.842880249
31.4747905731
34.8067359924
36.3285446167
30.8781585693
30.7730674744
35.4700813293
32.9341506958
29.8170394897
31.4401798248
35.473236084
36.9420852661
36.6494674683
33.0620574951
35.2219772339
36.5420837402
31.4245357513
30.6375999451
28.3494300842
23.7869434357
27.1402664185
30.7791805267
27.0490760803
24.69008255
30.2315120697
30.071680069
27.0841369629
27.6198101044
31.6946182251
31.9641056061
33.1308822632
36.4526481628
34.7698822021
58.3525390625
72.366104126
99.8217468262
26.137845993
26.5902900696
25.987947464
27.5512866974
32.0551643372
30.0606250763
23.0820102692
26.1519451141
24.5800018311
26.8504657745
22.5978107452
26.5718460083
23.4928588867
17.7762565613
20.6846408844
19.7797164917
19.6518440247
16.0050315857
20.3713283539
18.1167354584
24.2850799561
32.0673103333
94.2906494141
98.3751144409
88.8424606323
28.9391098022
20.380109787
19.6175556183
16.6946678162
15.2729701996
24.356836319
20.6938915253
17.5384578705
21.9551944733
24.4425621033
19.1900806427
21.729391098
15.8029184341
16.6015071869
18.3025379181
6.22013807297
9.74664115906
12.8977222443
15.3732910156
19.6000747681
21.4611873627
24.4276103973
27.5702018738
25.8535499573
29.1911125183
24.322435379
24.7152175903
26.9488716125
23.6904125214
18.9730510712
21.3046016693
23.497543335
17.196680069
17.7370624542
20.5891475677
20.0919723511
15.8880186081
19.5172386169
22.0161819458
18.5300331116
18.056646347
17.3855953217
15.5700397491
14.9834957123
14.4399757385
10.1405153275
11.6729021072
13.0684719086
11.343834877
13.9267492294
16.8122692108
18.0589694977
21.8954200745
25.1087875366
24.0808582306
23.5444927216
19.9914894104
20.6562900543
15.3602380753
13.4090461731
10.9070100784
7.90544605255
6.70606279373
5.26594734192
5.85743761063
9.8588104248
8.62581539154
12.0863275528
14.8822784424
17.4974956512
15.4048519135
14.6180782318
18.4932746887
20.4362030029
17.6069984436
19.3410873413
22.2164955139
25.1546840668
26.1758460999
20.4642810822
21.3568344116
24.5766925812
26.5689544678
24.7748336792
20.9818210602
22.4266376495
24.5161552429
19.4835510254
18.4578704834
21.3748149872
22.0797996521
17.361366272
18.5982017517
22.4580745697
21.0834293365
19.2799453735
21.9623088837
25.5458679199
21.763874054
21.8302555084
27.3166751862
27.2446956635
25.0424976349
28.1141891479
23.642791748
24.7942752838
19.7441921234
24.5184402466
20.2596588135
20.499961853
18.6865901947
16.8308887482
17.5472774506
14.8684272766
13.205406189
9.25556087494
9.73932552338
9.57577610016
11.3386173248
15.7948675156
15.8650608063
12.0767526627
13.3594017029
10.8726682663
14.0612440109
12.6463098526
14.8516139984
15.9741077423
19.2249755859
22.0792942047
21.0692634583
26.2896595001
26.3315486908
29.5988483429
33.2883338928
34.1057167053
35.030834198
34.2760124207
30.4139480591
33.9596748352
31.6344184875
31.5348262787
34.8227081299
33.8256530762
31.3069076538
29.8589572906
28.851234436
25.5239772797
29.9135990143
28.8656158447
24.5539493561
28.9703350067
31.5509052277
34.997718811
34.752948761
32.6150512695
33.5588569641
37.2701873779
38.9993286133
33.6760253906
35.1039848328
29.4095153809
30.1830692291
28.3396492004
31.5585765839
28.4668827057
25.1822834015
28.1948337555
30.5118370056
25.1941547394
24.135679245
26.8719787598
25.6283836365
21.3373203278
24.86195755
27.6060276031
22.2988529205
21.5560741425
25.5607089996
25.915397644
23.477722168
22.2464962006
26.0229911804
26.4479675293
27.312417984
31.5399494171
31.9636363983
34.3418807983
34.8412437439
35.7004737854
32.2468795776
36.9517440796
38.8315353394
34.9484634399
38.1166954041
41.9718322754
39.4394607544
37.173210144
42.1296806335
44.0981788635
41.9936180115
38.3354034424
36.6535720825
32.7783508301
35.9696655273
35.1529922485
31.3054904938
32.9882545471
31.7333965302
31.4814147949
32.099647522
37.2162780762
34.8822593689
30.391998291
33.9444961548
36.0777587891
31.0688972473
30.5841960907
35.6970481873
34.0434608459
31.0841617584
32.0464515686
37.1334571838
39.1482086182
39.4189109802
36.1434898376
38.3744392395
38.94090271
33.857635498
32.6527709961
30.8642063141
26.2203102112
29.4496421814
32.6889190674
28.2558059692
25.7151737213
31.2848300934
30.2480964661
26.7124614716
27.771364212
31.4494628906
30.6234073639
32.4332695007
36.2524833679
35.6172485352
55.0159950256
67.153717041
94.4420166016
32.3213691711
33.8553161621
33.3209724426
35.539691925
39.5453414917
37.0660896301
30.5711402893
33.9856147766
32.4564666748
34.9243659973
30.3835983276
33.8413238525
31.1527843475
25.244310379
27.027015686
26.3598842621
24.5059833527
20.1617736816
23.506570816
20.8954429626
26.1459770203
33.6296195984
89.9985656738
94.2611618042
84.8098831177
32.450302124
25.0328922272
24.0229263306
22.6925010681
20.7826042175
29.7090816498
26.8379535675
25.2531051636
28.7129516602
31.2970504761
25.8750953674
26.662519455
21.8780269623
22.3936252594
25.470949173
14.7136688232
17.9982223511
19.6593608856
22.4935150146
26.5186386108
27.141040802
31.2497329712
33.9559516907
31.9099292755
35.5010948181
30.5247554779
32.1004219055
33.6984786987
29.5891227722
25.8662662506
28.7946567535
29.7742767334
23.3040122986
25.0553379059
27.4402503967
25.8558959961
22.2614955902
26.8337287903
28.1184902191
23.586233139
23.4140148163
19.9113368988
17.587972641
15.7276077271
17.5544776917
14.9210710526
18.1166725159
20.7025909424
19.7910633087
22.7016773224
25.5911712646
26.9740467072
30.6389541626
34.1426429749
32.9708480835
31.8728542328
28.1237945557
28.7890987396
23.8692455292
21.4882831573
19.8063144684
16.0731563568
13.4643363953
9.85880756378
8.07214260101
5.26905632019
6.01630735397
9.33545780182
10.3355445862
12.9731826782
10.6489858627
7.07911872864
11.5713005066
14.4000549316
10.4688739777
10.7869787216
13.0769701004
16.6267776489
17.0451507568
11.5325069427
12.8623914719
16.5246582031
19.0074996948
17.8286094666
13.9043855667
15.7378435135
18.9802398682
14.8116283417
13.3812866211
17.549654007
18.9000511169
14.9023389816
16.8242321014
20.8738269806
20.7234382629
20.0803222656
22.4461364746
25.9834861755
24.4612426758
24.2753429413
28.5822486877
29.2752170563
28.7511768341
31.3068771362
27.4309997559
27.4740924835
21.7177753448
27.0223903656
21.401260376
20.241109848
17.3725318909
14.2406110764
16.7379112244
15.4529676437
12.046620369
9.45142650604
5.97666597366
5.67669916153
6.99106693268
9.83361244202
9.07671833038
9.57438755035
10.9728593826
12.2335100174
15.4343233109
15.2938480377
18.1024608612
20.3127212524
23.6616153717
25.4386520386
25.0999603271
30.6332626343
30.8887004852
33.1878471375
37.3753662109
37.387462616
37.2767524719
36.6629524231
33.6777992249
36.896270752
34.4686012268
34.9344558716
37.7488021851
36.3796653748
33.3866691589
31.3249187469
29.744052887
25.3633651733
28.8833751678
26.3946037292
22.7295379639
28.4551239014
30.9940795898
34.1849708557
34.8866500854
33.2152099609
33.4419822693
37.7017402649
39.8906059265
35.5155067444
36.8559913635
31.0857048035
31.4878158569
29.4822483063
31.5763435364
28.7348594666
25.5223140717
27.1724967957
28.7839031219
23.6733493805
21.9104862213
23.8205814362
22.5188331604
18.2169189453
20.6321182251
22.5288066864
17.9240779877
16.0414333344
19.1790885925
19.493938446
15.9249925613
16.3584918976
20.325006485
22.0336112976
23.4797267914
27.9444732666
27.0482673645
29.9146709442
31.0412960052
32.6912345886
30.4175567627
35.1094932556
36.2555465698
32.5660934448
36.7899055481
39.7398681641
36.3357925415
34.6752662659
40.1500701904
41.1808357239
38.7281684875
34.2929801941
33.0872344971
28.269411087
30.2624893188
28.8143558502
24.972360611
25.451341629
24.3485507965
24.8881340027
25.776266098
31.3025226593
29.6746616364
25.2441749573
28.829864502
31.5221424103
27.3641376495
26.4691677094
31.7605342865
31.2087497711
28.6825294495
28.8826904297
34.8359832764
37.6409225464
38.4076385498
35.7001419067
37.8502426147
37.4189414978
32.7184524536
31.0518016815
30.1147232056
25.8096981049
28.8007335663
31.1574687958
26.163690567
24.1064834595
29.1605606079
26.9257564545
23.0227832794
25.2302742004
27.9411830902
25.8148479462
27.8903808594
32.4234275818
32.8129234314
54.554107666
63.3056678772
89.7891998291
42.1164588928
44.5996894836
43.9564056396
46.9730224609
50.2139282227
47.329536438
41.4868621826
44.965171814
43.5056304932
46.2822761536
41.4567832947
44.5158195496
42.2958526611
36.2188949585
37.2223396301
36.884147644
34.293510437
29.9054508209
31.5304718018
29.3407325745
32.8084640503
39.339389801
87.1152114868
91.5926055908
82.4541168213
39.9873275757
33.9492454529
32.8167724609
33.0175437927
31.1920833588
38.525138855
36.9143257141
36.5927085876
39.3200721741
42.0361404419
36.9136734009
35.9681243896
32.2704467773
32.4995231628
35.9059295654
26.9873714447
30.0013561249
30.5515480042
33.4759483337
37.0533103943
36.5979270935
41.5379180908
43.6469078064
41.3422470093
44.9595718384
40.139881134
42.7282981873
43.6446228027
38.9607315063
36.3697357178
39.6540260315
39.4980697632
33.3940963745
35.9839706421
37.8825531006
35.4905586243
32.7273101807
37.7909965515
38.0240020752
32.9832839966
33.258014679
27.8334999084
25.7395629883
23.0504646301
26.2988929749
25.3295116425
29.1644992828
32.2074050903
31.9463863373
34.8699913025
37.6649551392
39.1342811584
42.5713996887
46.350276947
45.0826721191
43.4807701111
39.6775283813
40.240901947
35.8230476379
33.135684967
32.1012878418
28.0954914093
25.1646347046
22.2164993286
19.7280044556
17.2862682343
13.0769729614
15.9031457901
16.181520462
14.0818977356
14.8596773148
13.8048191071
9.45160007477
9.81945133209
12.4808511734
9.26907062531
4.99703168869
6.50064134598
5.55255126953
5.62917423248
6.07287073135
9.54430770874
12.2004413605
13.395986557
11.0661087036
12.1621074677
16.8111362457
16.2680187225
14.4741220474
18.5919399261
20.639881134
19.2544078827
20.9266529083
24.0176372528
25.515083313
26.1731109619
27.578420639
30.6050949097
31.7007884979
31.1595516205
33.6020050049
35.2139091492
36.4323387146
38.075138092
35.1502799988
33.9875297546
28.4012641907
33.3455467224
27.2238903046
24.8255310059
21.5654449463
18.141708374
21.8094501495
22.3991069794
18.7927188873
18.7618370056
14.7740802765
15.0341072083
15.2837638855
13.4547405243
11.0361785889
16.9130725861
17.2184276581
21.2020492554
23.1589565277
24.0599384308
26.6425361633
29.3767166138
32.2899360657
32.8153762817
33.2162475586
38.4937896729
39.0119438171
40.1067810059
44.5423583984
43.6505699158
42.3623542786
41.8834762573
40.0879631042
42.660949707
40.2980690002
41.3418006897
43.3921279907
41.6999015808
38.4306144714
35.8943138123
33.8224220276
28.8435955048
30.6304569244
26.5393257141
24.6515140533
30.9702854156
33.115032196
35.5532951355
37.4584846497
36.5297966003
35.7857017517
40.3191604614
42.9264640808
40.0853919983
41.2579956055
35.9716796875
35.9625358582
34.0924873352
34.5226211548
32.2912025452
29.7020950317
29.4153385162
29.6896533966
25.8378658295
23.667181015
23.7929611206
22.6644630432
19.7247714996
19.6526412964
19.3501605988
17.4133281708
14.4427261353
14.4490375519
14.4459934235
9.47558116913
13.7135772705
16.5112037659
20.1027088165
22.167301178
26.0743312836
23.0959281921
26.3539981842
28.3445358276
31.0294303894
30.8252944946
34.8811302185
34.8226585388
31.8670845032
37.1237754822
38.4840393066
34.1015510559
33.5833854675
39.253818512
38.8045158386
36.0864524841
30.8165359497
30.5638122559
24.8915653229
24.4381008148
22.1075572968
18.8208351135
16.5639438629
16.1904335022
18.4106616974
19.8889141083
25.3519115448
25.4102535248
21.6912021637
24.4818820953
27.94165802
25.815279007
24.243391037
28.9512214661
30.2884159088
28.748550415
27.674741745
34.1761665344
37.7205543518
39.1985549927
37.5283737183
39.4277076721
37.6813659668
33.9844284058
32.0327339172
32.4676246643
29.2394714355
31.6235160828
32.4350738525
27.3944358826
26.6383209229
30.1415843964
26.4110908508
22.7311916351
26.4923934937
27.255153656
23.4327201843
25.2830562592
30.5635814667
32.2448425293
54.554107666
63.3056678772
89.7891998291
42.1164588928
44.5996894836
43.9564056396
46.9730224609
50.2139282227
47.329536438
41.4868621826
44.965171814
43.5056304932
46.2822761536
41.4567832947
44.5158195496
42.2958526611
36.2188949585
37.2223396301
36.884147644
34.293510437
29.9054508209
31.5304718018
29.3407325745
32.8084640503
39.339389801
87.1152114868
91.5926055908
82.4541168213
39.9873275757
33.9492454529
32.8167724609
33.0175437927
31.1920833588
38.525138855
36.9143257141
36.5927085876
39.3200721741
42.0361404419
36.9136734009
35.9681243896
32.2704467773
32.4995231628
35.9059295654
26.9873714447
30.0013561249
30.5515480042
33.4759483337
37.0533103943
36.5979270935
41.5379180908
43.6469078064
41.3422470093
44.9595718384
40.139881134
42.7282981873
43.6446228027
38.9607315063
36.3697357178
39.6540260315
39.4980697632
33.3940963745
35.9839706421
37.8825531006
35.4905586243
32.7273101807
37.7909965515
38.0240020752
32.9832839966
33.258014679
27.8334999084
25.7395629883
23.0504646301
26.2988929749
25.3295116425
29.1644992828
32.2074050903
31.9463863373
34.8699913025
37.6649551392
39.1342811584
42.5713996887
46.350276947
45.0826721191
43.4807701111
39.6775283813
40.240901947
35.8230476379
33.135684967
32.1012878418
28.0954914093
25.1646347046
22.2164993286
19.7280044556
17.2862682343
13.0769729614
15.9031457901
16.181520462
14.0818977356
14.8596773148
13.8048191071
9.45160007477
9.81945133209
12.4808511734
9.26907062531
4.99703168869
6.50064134598
5.55255126953
5.62917423248
6.07287073135
9.54430770874
12.2004413605
13.395986557
11.0661087036
12.1621074677
16.8111362457
16.2680187225
14.4741220474
18.5919399261
20.639881134
19.2544078827
20.9266529083
24.0176372528
25.515083313
26.1731109619
27.578420639
30.6050949097
31.7007884979
31.1595516205
33.6020050049
35.2139091492
36.4323387146
38.075138092
35.1502799988
33.9875297546
28.4012641907
33.3455467224
27.2238903046
24.8255310059
21.5654449463
18.141708374
21.8094501495
22.3991069794
18.7927188873
18.7618370056
14.7740802765
15.0341072083
15.2837638855
13.4547405243
11.0361785889
16.9130725861
17.2184276581
21.2020492554
23.1589565277
24.0599384308
26.6425361633
29.3767166138
32.2899360657
32.8153762817
33.2162475586
38.4937896729
39.0119438171
40.1067810059
44.5423583984
43.6505699158
42.3623542786
41.8834762573
40.0879631042
42.660949707
40.2980690002
41.3418006897
43.3921279907
41.6999015808
38.4306144714
35.8943138123
33.8224220276
28.8435955048
30.6304569244
26.5393257141
24.6515140533
30.9702854156
33.115032196
35.5532951355
37.4584846497
36.5297966003
35.7857017517
40.3191604614
42.9264640808
40.0853919983
41.2579956055
35.9716796875
35.9625358582
34.0924873352
34.5226211548
32.2912025452
29.7020950317
29.4153385162
29.6896533966
25.8378658295
23.667181015
23.7929611206
22.6644630432
19.7247714996
19.6526412964
19.3501605988
17.4133281708
14.4427261353
14.4490375519
14.4459934235
9.47558116913
13.7135772705
16.5112037659
20.1027088165
22.167301178
26.0743312836
23.0959281921
26.3539981842
28.3445358276
31.0294303894
30.8252944946
34.8811302185
34.8226585388
31.8670845032
37.1237754822
38.4840393066
34.1015510559
33.5833854675
39.253818512
38.8045158386
36.0864524841
30.8165359497
30.5638122559
24.8915653229
24.4381008148
22.1075572968
18.8208351135
16.5639438629
16.1904335022
18.4106616974
19.8889141083
25.3519115448
25.4102535248
21.6912021637
24.4818820953
27.94165802
25.815279007
24.243391037
28.9512214661
30.2884159088
28.748550415
27.674741745
34.1761665344
37.7205543518
39.1985549927
37.5283737183
39.4277076721
37.6813659668
33.9844284058
32.0327339172
32.4676246643
29.2394714355
31.6235160828
32.4350738525
27.3944358826
26.6383209229
30.1415843964
26.4110908508
22.7311916351
26.4923934937
27.255153656
23.4327201843
25.2830562592
30.5635814667
32.2448425293
74.2044372559
82.0096893311
109.9896698
35.4334220886
36.7418251038
38.234790802
38.932926178
40.0588760376
35.1952323914
28.0531368256
34.9528846741
36.7863235474
40.3708877563
36.2852172852
42.1766738892
39.4171142578
34.3228607178
38.9967498779
37.5972137451
39.5618858337
35.0804786682
35.7928695679
33.6460037231
36.0214424133
41.8568954468
108.521644592
112.573486328
101.654067993
38.5307998657
33.1799507141
32.5846977234
32.9634399414
35.1824913025
41.9661331177
39.4394760132
32.4119491577
39.4386825562
38.3115158081
33.692440033
38.9039840698
32.5594558716
35.2114257812
35.463924408
22.234249115
24.6695518494
21.7032661438
26.4736614227
27.3492221832
28.9477272034
34.147441864
34.3921356201
30.5091247559
31.0633296967
26.9883232117
28.0780735016
25.9713115692
22.2155666351
23.035112381
23.4270324707
20.3514041901
17.1913146973
18.996421814
18.0539970398
14.3947887421
14.8514060974
18.9203109741
15.8987989426
11.6802873611
14.5836925507
9.60108852386
11.9438638687
9.64918518066
9.06287193298
13.1418399811
15.8207159042
18.0046253204
21.2995986938
22.6645298004
24.557767868
27.9828796387
29.029088974
32.836971283
34.4615135193
33.9783668518
31.7806797028
29.1500053406
27.8654785156
21.7879257202
22.8994293213
19.2834587097
17.8044090271
21.9623088837
18.2187862396
22.5630168915
22.446138382
19.0780620575
18.2589473724
15.5704040527
18.5953941345
21.5264377594
20.7968959808
19.8080501556
23.2185249329
25.7288398743
24.6556949615
27.578420639
26.2630634308
28.9685230255
25.92786026
22.8371067047
23.2030124664
21.9373111725
20.4329853058
19.1601066589
17.6068496704
15.8591918945
15.4405441284
13.7262058258
10.5783586502
10.7271518707
10.8339366913
7.09532356262
6.11007499695
6.42050790787
4.50322341919
6.47025871277
7.82347249985
5.59984540939
6.89290189743
9.33980846405
10.8779640198
11.101020813
9.84369564056
9.71771240234
8.41662120819
13.6784934998
12.4912004471
8.48416900635
11.7521772385
13.7958297729
15.9189443588
13.0345163345
12.2385597229
14.8136444092
17.1938762665
18.9310894012
22.1530475616
21.4004859924
19.3906993866
15.7483787537
12.4029874802
12.4317007065
8.46386051178
11.4330387115
13.6840486526
11.6670646667
15.3407211304
14.9516744614
12.3149404526
15.4933624268
13.9567623138
14.1543684006
18.114824295
17.2355823517
16.300579071
17.2653331757
17.3600463867
20.6548919678
20.3290748596
22.5740661621
25.8095607758
26.3504219055
23.9089317322
24.6221294403
19.826084137
17.7269916534
20.616853714
20.0456466675
15.5034255981
16.3652458191
16.2079849243
19.2466526031
17.8260765076
18.0145511627
20.9122600555
23.3168239594
23.7404937744
21.1891975403
19.4907932281
15.0969514847
12.0897598267
8.5204668045
11.4383974075
11.127869606
7.57640647888
8.8580160141
14.2257223129
10.456366539
8.09712123871
12.0922718048
13.7688350677
11.1358175278
12.7151193619
18.6814613342
15.9809350967
15.364159584
18.7142906189
20.8369655609
21.9275131226
20.5115909576
22.4015674591
22.0778675079
20.0723705292
21.4561786652
25.3755588531
28.6043071747
27.0406017303
28.8527565002
25.2457618713
28.5070972443
29.1534290314
23.8876953125
24.5420455933
29.4144992828
26.9819831848
22.7476482391
26.8782215118
29.6471252441
26.0150241852
25.6202926636
21.8336410522
21.0607509613
25.2338943481
24.1608219147
22.0460681915
26.6812362671
24.218290329
21.5856227875
20.9156475067
23.5222663879
20.0797710419
16.7629547119
19.9582462311
19.4844856262
13.9761371613
15.5245103836
19.264465332
15.2374515533
12.8151369095
16.3297538757
18.2287902832
21.6429729462
19.6368274689
16.330324173
17.5113315582
18.3245372772
14.0814113617
11.9028072357
9.47404098511
5.40748167038
9.07461929321
12.1530914307
9.09545040131
9.1714925766
13.4970960617
13.6044330597
12.2348928452
13.9428482056
16.9629821777
18.7776355743
17.6123390198
20.7712612152
17.3045730591
79.2533950806
86.1537399292
114.206733704
38.0464363098
39.2172546387
40.994934082
41.0335655212
41.6832847595
36.35572052
29.7471923828
37.0130310059
39.7543373108
43.2311134338
39.5383224487
45.6017303467
42.9384078979
38.279750824
43.356590271
42.0472335815
44.6303100586
40.3739471436
41.0358467102
39.0812301636
41.0055618286
46.7429580688
113.392425537
117.350059509
106.042602539
42.7683792114
37.8393554688
37.4524383545
37.7167053223
40.4202842712
46.5836639404
43.9922904968
36.0145950317
43.3978042603
41.4054145813
37.1654281616
43.2061653137
36.9417724609
40.0401153564
40.0032844543
26.952545166
29.0609264374
25.798034668
30.4188938141
30.5674667358
32.5070877075
37.3708305359
37.1372642517
33.1198310852
32.7255973816
29.2590484619
29.7796478271
26.7764930725
23.8385238647
25.7151203156
25.0660152435
21.2443580627
19.8435173035
20.9211044312
18.8757953644
15.3765115738
17.1356334686
19.836057663
15.5657653809
12.9145097733
15.9654560089
12.5864448547
15.5884237289
14.545372963
13.327126503
17.7980289459
19.2120475769
20.8784751892
24.5430259705
25.4552688599
26.9261226654
30.6092662811
30.8854999542
34.3226623535
36.7459869385
36.6534156799
35.0156402588
31.7986698151
31.3630619049
25.138759613
26.5316677094
23.5157852173
22.4260082245
27.3166732788
23.8523902893
28.4225616455
28.5822505951
25.2638950348
24.4565048218
21.8791294098
24.6731967926
27.7433834076
27.0854377747
25.967874527
29.233297348
32.0284996033
30.8537025452
33.6020050049
32.0048599243
34.5990715027
31.7769889832
28.6238098145
28.4209060669
26.7650661469
25.188627243
24.5655021667
22.9772548676
20.2881393433
20.4337654114
19.4777698517
15.7160482407
15.0628528595
16.1312351227
13.0065994263
10.3620548248
10.1096916199
9.07983970642
6.89290142059
6.13386201859
8.17404556274
6.35892438889
5.71957397461
8.40038394928
7.25191259384
8.89712333679
9.86590862274
12.1369600296
15.4899778366
16.6697463989
13.5053443909
17.3229427338
19.8162727356
21.3349246979
18.614118576
18.4601593018
20.8255882263
23.3475074768
24.8211631775
27.7885742188
26.8675765991
25.2108020782
21.3485069275
18.3959369659
17.9249897003
14.2025718689
16.753988266
18.2850570679
15.2339487076
18.1553726196
17.3513355255
14.1189336777
15.1097459793
12.1798963547
11.2773694992
14.2420558929
13.1915550232
12.0874509811
14.4514961243
16.3686199188
19.428314209
20.3112716675
22.9310112
26.1215229034
27.4347820282
25.5512695312
27.208562851
22.0687885284
21.2690258026
23.5848350525
23.7798252106
19.74177742
18.6718444824
17.3192195892
19.7200756073
17.2297611237
18.3753166199
22.1518497467
23.3409633636
22.7573814392
21.2104377747
18.1301231384
15.2749814987
10.7367134094
6.61147451401
9.72351932526
11.8414974213
9.66795730591
9.97187805176
16.0362586975
14.1063594818
12.3960428238
15.7315387726
18.0350627899
16.6118907928
17.3139572144
23.2428474426
21.417339325
21.0139770508
23.8131599426
26.0761165619
27.6195678711
26.2697963715
27.6901626587
27.0504760742
24.5882720947
24.9432029724
29.6560382843
32.6864700317
30.5905723572
32.2708435059
28.5747280121
31.1183452606
31.6098480225
26.3653850555
25.5392112732
30.7541046143
28.8952331543
24.1667385101
27.2433662415
30.5074501038
26.6661014557
27.8734664917
23.5605792999
24.34882164
28.5697193146
27.5147418976
26.178150177
31.1720581055
28.5113220215
25.4833812714
24.3234729767
25.7662601471
21.9317455292
19.8613948822
22.606836319
20.7394180298
15.8709478378
18.2923965454
20.7232513428
15.6349773407
14.0980358124
18.4293956757
17.8379516602
21.2097873688
17.667886734
14.3458957672
14.4226636887
16.1393280029
13.0540981293
10.6547203064
7.04157781601
6.21886014938
7.07783555984
10.2441215515
10.2347202301
10.9042482376
13.0999517441
14.8476428986
15.2438611984
15.4315910339
18.0243244171
21.1073150635
19.3411254883
20.9257602692
16.2988700867
79.0387268066
88.538734436
116.676177979
33.5983161926
33.8590354919
35.4902305603
34.943561554
35.5362472534
30.7718276978
23.2973003387
30.3022098541
33.5469512939
36.6082687378
32.9438743591
39.8018341064
37.0858345032
32.7564277649
38.506980896
36.7371253967
40.3478012085
35.9818725586
36.5418930054
35.3626365662
37.527431488
42.946975708
114.194755554
118.143257141
107.251335144
38.0087585449
32.2970466614
32.9285736084
32.3767051697
36.2005081177
43.0807266235
39.7656784058
31.0874710083
38.4229812622
36.8205070496
32.8177719116
39.8020095825
33.279045105
36.740776062
35.867816925
21.6450481415
22.9205627441
19.3412017822
23.5306167603
23.1341724396
25.6295394897
29.8296604156
29.5842723846
25.7187614441
25.0583076477
21.7043533325
21.5605926514
18.6911563873
16.2315788269
18.055185318
16.7772865295
13.1814966202
12.4688081741
12.9821462631
10.5964517593
7.35631465912
10.2301578522
12.4170684814
8.69286346436
7.52372455597
12.2139120102
12.3490962982
15.4531927109
14.8508768082
11.1451196671
14.0113592148
14.7175006866
14.6166954041
18.8569374084
18.5440616608
19.3077487946
22.8507289886
22.6655883789
26.1377620697
28.6184520721
28.610748291
27.3520698547
23.8370094299
24.1131668091
18.0190811157
20.088640213
18.0957584381
18.6302928925
23.6427898407
21.2576274872
26.162065506
27.4310073853
23.2834606171
22.7051429749
21.9763469696
24.3271617889
26.6061077118
27.1846790314
26.9482536316
29.2684764862
31.6260700226
31.7410564423
35.1502876282
34.2766876221
37.2528457642
33.5094604492
30.9780502319
31.9391498566
31.0490150452
29.3932628632
27.6594715118
26.420753479
25.0661010742
23.5851268768
22.0739459991
19.6808452606
19.6023578644
18.5655860901
15.428437233
15.132768631
13.9185380936
10.8568563461
9.84369564056
12.0797300339
8.67865848541
5.90461111069
8.89712429047
9.62968826294
6.5299744606
5.55549001694
6.21305704117
9.18117427826
11.4519100189
13.8847103119
13.3047056198
16.7708110809
19.4192562103
19.3400936127
16.0595874786
17.3735370636
18.7808551788
22.5142726898
24.1800041199
27.4259586334
28.0858573914
26.6147174835
21.5908031464
18.91614151
16.5758838654
12.6149234772
13.3329849243
13.6300449371
9.66164207458
11.7631130219
11.934015274
7.73585700989
8.56355285645
5.48123073578
7.48258924484
10.7712268829
11.3815717697
12.7619132996
13.3616704941
12.2680616379
16.077911377
16.3961982727
18.0541763306
21.9005279541
23.2705974579
21.7186317444
23.5834655762
19.6065139771
19.5314178467
22.9804058075
24.3031482697
19.8655853271
18.6187438965
18.4660873413
21.3600654602
18.5190258026
17.945098877
21.7418060303
22.9333324432
22.4795856476
18.7767715454
16.9900684357
13.3841657639
11.2692451477
9.16755771637
13.8915424347
13.0719928741
10.8405294418
14.4842319489
19.0200214386
16.0958633423
16.2396144867
19.4994506836
20.3922691345
18.6146316528
21.2650814056
26.1684570312
22.9050540924
23.5912761688
27.2126464844
28.6726512909
29.9616966248
27.3707695007
29.1896286011
27.8226966858
25.7671413422
26.8823547363
31.4610042572
33.8290252686
31.8774967194
32.6174507141
28.0298709869
30.9721221924
32.4622993469
27.5366973877
26.6962299347
32.3390235901
31.2593021393
26.8578166962
29.7839851379
33.5589561462
30.9176692963
31.2696018219
27.5934772491
27.8413410187
32.7513999939
32.6705169678
30.4519271851
35.3350334167
33.2743377686
30.6050357819
30.1432285309
32.3232192993
28.9896144867
25.8220539093
28.1705226898
27.6899642944
22.3660564423
23.4779529572
26.3382110596
21.9549407959
19.3961181641
22.7209796906
23.2687397003
24.6118755341
22.2815227509
18.491897583
19.8104248047
22.3285694122
18.1750926971
17.881860733
15.0537614822
12.239780426
15.2430715561
18.5651950836
17.3184375763
17.2126274109
20.8833694458
22.2187080383
21.378276825
21.7904872894
25.2067203522
27.6701793671
26.5267791748
28.7620391846
24.5937976837
89.3460769653
101.152046204
128.813339233
45.5788269043
44.7571487427
44.8407936096
43.8050765991
44.8931083679
42.0917510986
33.9463386536
37.6239929199
41.1147193909
42.7087364197
36.8514480591
46.0814590454
44.396938324
39.3718643188
44.7771873474
41.3029670715
45.5946083069
39.6631622314
37.1880683899
38.45885849
39.660369873
42.6688079834
124.801643372
129.02166748
119.333473206
38.3928985596
31.8510284424
35.8579788208
34.9013824463
41.7231826782
50.5187492371
47.4060096741
40.6571807861
46.4292221069
47.5559387207
43.8806419373
49.5472373962
43.3347434998
45.609336853
44.1230812073
28.0447406769
27.1207180023
21.3782958984
23.3105983734
20.3229026794
20.0388431549
24.6626300812
21.7409191132
17.7023181915
15.8951320648
15.1545686722
18.2011356354
14.2527675629
11.7170495987
17.3005752563
18.1746025085
13.3584470749
16.5225257874
19.6741161346
18.841424942
17.4513626099
21.0683460236
23.4721660614
22.7234916687
22.8741722107
27.9269695282
28.0545730591
30.5969829559
28.5118598938
24.7810611725
24.9743976593
27.3951816559
25.1848297119
29.3731212616
26.8511619568
25.5827903748
26.6189613342
25.3056793213
29.2717628479
29.6862869263
27.3543148041
26.8854885101
23.392080307
26.8221664429
22.7797355652
27.2638492584
26.6349067688
29.3092536926
31.534822464
30.2046604156
34.11378479
34.934463501
29.2836322784
26.7702465057
27.976360321
26.8759765625
29.119310379
33.3870048523
31.8654937744
30.784696579
34.9738807678
36.9619903564
41.341796875
39.1307373047
44.3255882263
41.7699203491
38.6139259338
40.8471488953
39.6635856628
39.608001709
37.3786315918
34.729133606
35.4869499207
35.4824523926
31.7479743958
30.0409603119
31.987651825
31.0190582275
26.3940467834
27.5994434357
28.408290863
25.0853977203
22.5740642548
27.2633209229
25.4392642975
21.1813793182
22.9310073853
25.8791561127
23.5007801056
19.0964622498
18.0541763306
13.8185138702
15.9985895157
9.5173997879
14.5683774948
18.4323978424
20.2501735687
23.4399719238
19.909324646
19.9118328094
24.252248764
26.4730205536
30.9791126251
34.0223655701
37.9553871155
39.2843437195
36.5644683838
33.0744132996
29.5547180176
27.9338798523
22.9287261963
20.9179573059
17.4185810089
17.6745376587
12.7049455643
10.2281694412
13.0151014328
10.7414865494
15.7948732376
14.8485651016
16.5002555847
15.9075078964
17.0384712219
12.7883329391
7.79339885712
6.69848060608
3.86742019653
4.45162725449
6.28229427338
6.76040792465
10.7560873032
9.87737464905
14.0348272324
15.8088130951
20.2368602753
18.6959266663
14.2824029922
15.2484846115
16.6355323792
14.7232189178
11.3792457581
12.9944238663
12.6350288391
12.9698905945
6.84286499023
10.4668455124
9.68726444244
14.3032617569
17.8473777771
19.2456588745
15.2598485947
17.1077957153
20.9233856201
19.8171730042
19.4185619354
23.8259315491
23.9151668549
22.6917800903
24.1211948395
27.574930191
28.1915683746
25.7584877014
29.6276912689
32.2184486389
31.624912262
34.7972488403
29.4707527161
29.648771286
26.1027736664
24.114900589
24.0663719177
28.7596530914
28.7085552216
26.2748527527
24.7038593292
19.6233863831
20.9544677734
23.7812538147
21.0143299103
18.7179222107
23.801651001
25.358007431
22.5576648712
23.2962207794
27.5369472504
28.2048187256
28.2285671234
26.4925823212
27.7669487
33.248626709
36.2738990784
33.8551292419
38.9828186035
38.879108429
36.3345527649
37.3602409363
38.4142723083
37.4235305786
33.3195571899
32.3366622925
34.1437110901
29.8468990326
28.2324981689
29.2280406952
27.0974559784
24.1365203857
24.6184234619
25.3038902283
21.58893013
22.8276367188
20.1320953369
23.368013382
26.0602855682
21.8978996277
25.8977928162
25.8505973816
23.6845226288
28.63904953
29.8774547577
28.1906642914
31.0385017395
34.251449585
33.9501342773
32.6689224243
36.0508613586
38.4571418762
39.8956260681
37.2643051147
41.3925514221
36.6267547607
78.454864502
83.7639007568
109.762138367
54.3585853577
56.4397926331
56.4777069092
58.8161964417
60.1184997559
56.1303825378
49.3564682007
54.2616577148
54.8142433167
58.1903800964
52.3755874634
58.173740387
56.1989822388
49.9107818604
52.4716720581
50.7581138611
50.404296875
44.9087715149
43.1595878601
41.7098197937
43.4434280396
47.8237991333
109.602256775
114.103973389
104.619987488
48.4815711975
43.1305580139
43.0575294495
44.7187232971
46.4384536743
53.5181808472
52.68334198
49.9370269775
54.8599891663
56.4741592407
51.8090896606
52.7080497742
47.806438446
48.1779785156
49.6856498718
37.9661483765
40.0035209656
36.7375488281
40.3824386597
41.4437065125
40.0265731812
46.5136947632
46.0802459717
42.5273933411
44.3397369385
40.7630729675
44.6599006653
42.9661064148
38.0832290649
39.3295783997
42.1941719055
38.9195556641
35.5959663391
39.5362205505
39.7888641357
36.2597808838
36.5671958923
41.8555603027
39.9631919861
35.6500930786
38.6136474609
32.4998435974
33.0098152161
29.2366294861
30.9314136505
32.4687080383
37.1562004089
39.2127113342
41.7305831909
43.0193634033
44.6651802063
46.6601371765
48.3086738586
52.806022644
52.4206924438
50.0589065552
47.1496696472
45.754070282
44.3957290649
39.8046569824
41.451385498
37.5045547485
35.9811630249
35.9696655273
32.2692070007
33.4858207703
30.2624797821
28.0625114441
24.937620163
21.4678268433
19.6452350616
23.283952713
24.1976184845
19.2940216064
19.3940429688
24.5446281433
22.6976070404
24.4380931854
18.7970027924
24.0420608521
26.65675354
21.8674125671
21.9970054626
19.0326442719
22.0984630585
22.4820613861
18.2261791229
20.0174388885
25.1473464966
21.319442749
19.9761047363
23.1845016479
25.59998703
22.6013336182
23.0795249939
26.9689369202
27.3229675293
25.2338924408
28.4794807434
32.5073547363
29.7347946167
28.5697212219
32.6751480103
35.4026412964
33.2712249756
32.7514038086
28.7389259338
26.0019836426
27.6045665741
23.8842277527
21.1328964233
19.9610977173
19.9775485992
22.1340637207
24.5380382538
23.8834724426
27.6665992737
27.511920929
30.1561717987
32.9064102173
30.3509349823
26.4626331329
29.1427612305
25.7600078583
29.5616645813
26.7513084412
27.9923591614
28.6289405823
31.0854568481
31.6441001892
29.4376087189
31.1358528137
34.0659866333
35.640045166
33.8659515381
37.7622184753
35.1835823059
32.1174240112
31.2508926392
32.0094413757
32.5216140747
31.0724925995
33.2486228943
33.5873794556
32.3139190674
29.4713115692
28.0096721649
24.3390369415
20.9235134125
18.7465896606
14.6066589355
16.7405204773
19.1824398041
19.3540763855
19.4034976959
22.9029941559
23.6206550598
21.7471237183
25.1161518097
27.6541366577
28.5397911072
28.9038562775
26.3002223969
25.9755516052
26.0475540161
23.1582584381
21.9847450256
22.3222579956
19.433965683
15.7435426712
17.0361442566
17.6707515717
13.4283180237
13.1854372025
16.3734836578
13.8000087738
8.92417049408
14.2334537506
15.4185743332
12.0040473938
11.2117757797
16.0652866364
15.1322307587
12.2129583359
13.0845623016
11.9220066071
10.426659584
9.43169879913
12.6634178162
12.300447464
16.4387874603
18.4028358459
19.5199871063
17.0855331421
14.8471908569
19.1739521027
18.4612674713
13.4435977936
14.0317220688
18.5431556702
16.494594574
13.6277074814
8.82308578491
9.69568729401
6.11483192444
6.74651527405
6.90612363815
10.3671894073
12.0079393387
10.5940418243
13.1783361435
12.3784761429
16.2486457825
13.3450489044
8.16427993774
13.8184833527
14.9020118713
10.9816837311
10.4175043106
15.3458919525
15.4042377472
11.5405464172
16.5209522247
18.9017410278
21.9919338226
22.5569248199
24.3901996613
21.3724117279
19.9354057312
20.4747028351
23.9464759827
23.4895038605
26.3464107513
24.1810703278
20.9697189331
25.4417285919
26.1598243713
21.8410148621
20.5110263824
27.2749061584
25.9431419373
23.9204597473
20.38671875
26.7589702606
25.3629951477
74.8956832886
78.8437805176
104.967704773
52.7064971924
55.1165122986
55.3748703003
57.8530311584
59.2048912048
54.9132804871
48.6221199036
53.8167953491
54.2164268494
57.8446769714
52.4486503601
57.5194358826
55.4947929382
49.2903442383
51.6834831238
50.5186729431
49.8290786743
44.8519935608
43.8962974548
41.8095321655
43.5623397827
48.5781745911
105.622383118
110.048286438
100.145439148
49.056602478
44.225189209
43.2651634216
45.1189231873
45.9331054688
52.2151107788
51.5442848206
48.7377548218
53.7781257629
54.8191680908
50.1631202698
50.8773994446
46.1851463318
46.6878166199
48.5861320496
37.8234481812
40.3747634888
37.7053375244
41.6923561096
43.2105445862
42.3441925049
48.7021026611
48.7224960327
45.1362037659
47.0058441162
43.062461853
46.4563941956
44.8665084839
40.0210762024
40.7901687622
43.3523635864
40.2928619385
36.4906349182
39.9964904785
40.1718788147
36.5592575073
36.4339179993
41.6164779663
39.4876976013
34.871723175
37.1629219055
30.5414333344
30.706155777
27.1846008301
29.7189865112
31.6675319672
36.0519065857
38.7345848083
40.9298629761
42.8235816956
44.8906898499
47.235168457
49.1302032471
53.4738464355
53.4123916626
51.4874458313
48.4445648193
47.0839118958
45.1151771545
40.3111991882
41.3439979553
37.1003417969
34.8565673828
35.1529922485
31.1592350006
32.2399978638
28.8143596649
27.5414142609
25.0874767303
20.7586288452
20.2625102997
23.7273845673
22.9147090912
18.3663158417
20.14270401
24.2454967499
21.2448730469
22.1075572968
16.85014534
20.7002277374
23.5605640411
18.811006546
17.8034038544
14.4149866104
17.4958877563
18.7635993958
14.8838844299
15.7975587845
21.5202617645
18.659034729
17.2100334167
19.8494625092
22.8757762909
20.8518180847
20.7656860352
24.5534515381
25.6962203979
24.1608200073
26.3804626465
30.9519920349
28.948633194
27.5147514343
31.0903148651
34.3929748535
33.0932731628
32.6705169678
29.5015201569
26.6183700562
29.4496955872
25.4972400665
21.7660293579
20.8103733063
20.3856506348
23.6627674103
25.2562065125
23.5177955627
26.997045517
26.0742988586
28.1392745972
30.399356842
27.0922832489
23.5547924042
26.7297992706
23.8090515137
28.078327179
26.0340709686
28.0023002625
29.518415451
31.4142951965
33.0357666016
31.2428264618
32.1045341492
35.3595695496
36.084728241
34.5699920654
38.4994163513
36.0691947937
32.9742164612
32.8714637756
33.9894981384
35.0785865784
33.9063568115
36.2739067078
37.1885643005
36.1928329468
33.2370567322
31.9610118866
27.8287887573
24.0884723663
22.8077220917
18.5321846008
19.210817337
22.2478103638
22.1564483643
22.677532196
25.5152816772
26.6264286041
25.6199569702
28.9700679779
31.09233284
31.7957324982
31.4717140198
28.5118846893
27.2070121765
26.2821426392
23.6953239441
23.3945579529
22.927986145
19.5308227539
17.7208595276
18.0860424042
16.8906936646
13.6700534821
14.4706954956
16.1745910645
12.4330253601
10.1841516495
14.8196086884
13.9449462891
10.0691404343
11.0180034637
14.3851623535
15.7648687363
14.03104496
16.2045726776
15.273557663
14.7982130051
14.0433616638
17.9697475433
17.8613109589
22.0234947205
23.3120803833
24.9997653961
22.811832428
19.8399772644
23.7367515564
23.8377780914
18.8211116791
18.2978916168
22.972826004
21.3630962372
17.3276557922
13.986456871
13.2874622345
9.79320144653
6.74651670456
4.98044872284
7.65625858307
7.30586433411
5.7586607933
7.7219119072
7.38294315338
11.3392810822
9.39203548431
6.38703584671
10.6811256409
12.5392112732
10.0648918152
10.8282499313
14.8065319061
15.4900360107
13.0491676331
17.5742321014
21.8501758575
23.533039093
23.8628463745
24.9898910522
21.7075157166
20.5944061279
19.4367427826
22.4981250763
22.2692279816
24.0296916962
21.8288326263
18.6585617065
22.3488388062
22.5521373749
17.9546012878
16.8387851715
23.1728210449
21.2873649597
18.7599010468
15.6230049133
21.8335132599
21.4890556335
81.8955001831
86.5278396606
113.301383972
51.9642028809
53.8307495117
54.5354042053
56.1510238647
57.0363883972
52.4037055969
45.693977356
51.5049133301
52.9266967773
56.5305366516
51.1957473755
57.2894897461
55.1814575195
49.2206382751
52.6343765259
50.9915428162
51.6138496399
46.4186782837
45.1639862061
43.3587493896
44.8800926208
49.6014709473
113.80456543
118.133079529
107.764030457
48.8504714966
43.9782714844
43.620891571
45.2413406372
47.4224128723
53.9942703247
52.9046363831
48.3704566956
54.4042778015
54.6529121399
50.146396637
52.60389328
47.1787567139
48.2886314392
49.2940711975
37.0225524902
39.1656608582
35.4208450317
39.6364326477
40.1563568115
39.650138855
46.0098457336
45.2680969238
41.2761383057
42.0892524719
38.6918945312
41.8346443176
39.2225341797
34.7911224365
36.9125900269
38.7230453491
34.6675033569
32.2849273682
35.6996498108
35.0584640503
31.2915096283
32.408493042
37.0936698914
34.1886482239
30.3446426392
33.512878418
27.5849227905
28.9132385254
25.5801811218
26.832233429
29.6597480774
33.6880455017
35.7478675842
38.8764762878
40.0479125977
41.6030426025
44.236579895
45.2911872864
49.5908851624
50.2148132324
48.4568595886
45.9921073914
43.749797821
42.9690132141
37.5136947632
39.3451805115
35.470085144
33.9416809082
35.6970558167
31.6459960938
34.1872024536
31.7605342865
28.9814872742
26.2304706573
22.2818317413
22.1042251587
26.2949695587
26.5697212219
22.3012466431
23.9317398071
28.9332408905
26.8825263977
28.9512138367
24.2064762115
28.5455970764
29.6262130737
24.766368866
24.0875911713
20.7138957977
22.3709850311
23.1193675995
19.0919799805
18.3537425995
23.4873657227
20.4393634796
17.0795249939
19.3579998016
22.6747207642
19.0312328339
17.7415866852
21.5650596619
22.081823349
19.2644634247
21.3427333832
26.198431015
23.4905033112
20.7232532501
25.0006256104
28.3709011078
25.691942215
26.3381996155
22.6544284821
21.6982421875
23.2517642975
21.3106555939
17.6929988861
18.6190090179
20.0433120728
22.2583122253
23.3171863556
22.8583164215
26.9429035187
27.6879653931
30.1625671387
33.1557655334
30.5085277557
27.0550823212
27.9137763977
24.1731147766
27.2563667297
23.6273384094
25.610162735
26.4546222687
27.3951129913
28.3440303802
25.8769721985
26.5044708252
28.4606647491
29.1118221283
26.6513347626
30.0921020508
27.2574138641
23.7592029572
23.8211193085
26.1115779877
26.7437515259
26.3716106415
29.2280330658
30.0482273102
29.8016853333
27.275970459
27.2177410126
22.1331710815
19.8292579651
18.1902942657
15.6558990479
15.9614429474
15.9536437988
14.3271903992
14.2468338013
16.4857406616
18.603843689
18.5791473389
20.8453922272
22.2119064331
24.000459671
22.6256542206
20.8487510681
18.7618083954
18.4141731262
14.8616027832
15.6022672653
16.2666358948
12.0902442932
10.1714830399
12.7750396729
12.8116636276
9.35724544525
11.5142278671
14.6906404495
11.7039861679
11.9376955032
15.6996564865
16.3637619019
14.7580451965
15.9607286453
20.2885360718
19.3046245575
17.7753238678
17.699672699
14.9820747375
12.6001739502
16.0413589478
19.2277317047
17.1632843018
20.5609512329
20.3741664886
21.3088645935
19.3106956482
15.277425766
16.70911026
18.2460155487
14.2057180405
11.4332389832
15.3582305908
15.3058395386
10.164689064
10.6402359009
7.08109951019
8.59443187714
10.4175052643
10.8282461166
11.7163906097
17.0137748718
16.0586662292
12.7382259369
13.0551595688
10.9401702881
12.1798143387
10.2335510254
6.26863193512
7.56483411789
7.99477672577
6.16984891891
5.87260055542
7.35732603073
6.19298934937
7.5392074585
12.4367046356
13.2645053864
13.9169416428
14.9044132233
11.6732883453
11.186457634
11.2096376419
15.1775779724
16.2099380493
18.2579841614
15.4474306107
13.6533384323
19.1763591766
18.8842868805
15.5368766785
15.6996135712
21.6975860596
20.3741283417
20.1581840515
15.4577293396
20.7991580963
17.6831569672
67.3942871094
69.5881729126
96.9716796875
43.6840133667
46.4592437744
47.7020263672
49.5335922241
51.1979026794
46.0318832397
41.0363922119
47.2280540466
47.8771362305
51.8232421875
48.0394554138
51.5136985779
49.2042579651
43.8048820496
46.5976257324
46.7401885986
46.4086341858
42.965473175
44.6174163818
41.3136749268
43.0163192749
49.8653564453
98.6834716797
102.705932617
91.1981506348
48.2052993774
44.5882720947
42.0224380493
43.4134712219
42.7535095215
47.1255340576
45.9952430725
41.3235397339
47.2170600891
45.7920303345
41.2336463928
43.4783592224
38.8339309692
40.7306671143
43.0411224365
34.0089797974
37.5758018494
36.4645500183
41.1321487427
43.3291053772
44.4516792297
49.8289260864
50.846572876
47.2658309937
48.7070579529
44.2183761597
45.5935134888
44.154750824
40.1247711182
39.8368186951
40.8253288269
38.5102958679
34.2570648193
35.8189315796
35.4471626282
32.0926475525
31.0232143402
34.9215240479
32.1105613708
27.4719200134
27.4745368958
20.5923614502
20.0552196503
18.434671402
22.6141967773
25.9550819397
28.2974796295
32.3125152588
33.7042198181
36.9131240845
39.839805603
43.2199363708
45.2889823914
48.7748756409
50.0990447998
49.7960624695
46.9199752808
45.2972145081
42.2821388245
36.9580116272
36.3642692566
31.9641017914
28.1681060791
30.6234016418
26.3307285309
28.1171455383
25.8148403168
26.2978172302
26.2795886993
21.2352104187
24.8227233887
27.3784008026
22.8406295776
21.4732894897
26.7666130066
27.8719100952
23.6667995453
23.4327259064
22.0450019836
21.3736305237
20.8610095978
17.9914684296
14.4830675125
12.2327766418
10.45125103
13.3639888763
13.2789058685
8.15545845032
11.8391180038
14.0752019882
11.7739810944
9.8355884552
14.1298666
15.6875019073
13.2152719498
14.7332315445
18.0816402435
18.7776355743
16.8198471069
21.8180236816
22.7401943207
21.1073150635
21.8649616241
26.155166626
27.7733879089
27.6701889038
27.8048248291
25.5732917786
31.0115070343
27.8624916077
22.7329502106
23.4096031189
22.901927948
27.4825801849
26.0350837708
22.3823184967
24.1993255615
22.4425315857
22.3683300018
23.235830307
18.8019695282
17.7591381073
19.0605144501
18.0304965973
21.6970863342
21.9006671906
25.6060638428
29.1213226318
28.4475460052
32.7716445923
32.3891944885
30.5153656006
33.9454078674
31.9483890533
31.618270874
35.0508613586
33.6331520081
31.348279953
33.2959098816
34.9220504761
37.597328186
37.3497657776
39.8956336975
42.4542961121
42.4843635559
39.6422462463
39.3750457764
34.4525222778
30.9569835663
32.2025527954
29.0583267212
26.2054710388
29.1319007874
28.5260124207
30.3857975006
30.7036743164
32.2310066223
33.7801513672
36.6165390015
37.4067649841
36.9306259155
34.9274559021
31.3176136017
27.7596511841
24.2084388733
23.8695755005
25.6288452148
23.0659790039
20.1130714417
23.928899765
21.7938804626
16.6653518677
18.5604362488
21.1827945709
18.7250843048
15.3534440994
20.972322464
21.262550354
16.8564395905
16.9589805603
20.7297115326
19.7213878632
23.4900550842
25.0537166595
27.5216617584
26.4142951965
27.520318985
28.8348655701
33.2121772766
32.7029533386
36.263343811
35.1213722229
38.0046806335
36.9724845886
32.2992134094
34.5250549316
37.2789764404
33.006149292
29.9659519196
34.5805358887
35.0883331299
29.8298110962
29.0125789642
25.7463817596
23.6672153473
23.9204540253
18.7599010468
18.7839946747
20.5012817383
16.0764141083
14.683098793
11.6434144974
14.759636879
10.0601196289
11.2107181549
17.1276779175
14.5216016769
13.2821016312
16.7223320007
20.1581859589
18.3641872406
19.04986763
21.4351406097
23.4875640869
30.0109863281
27.9760475159
26.7578582764
26.2372226715
24.1875495911
22.9424800873
17.9177474976
17.5168628693
17.3966808319
15.1495513916
14.8630046844
12.7782115936
11.1038799286
10.2138280869
7.42681503296
7.7205748558
7.7594408989
5.19708967209
5.91082906723
7.75785493851
10.8637628555
