20.154335022
21.925359726
19.6815738678
22.4101200104
24.6775188446
24.3139591217
25.1502056122
28.7986965179
20.2889652252
40.2087097168
42.082157135
45.4008865356
48.0275230408
48.7178230286
53.6863479614
51.099155426
48.0128822327
51.3301773071
20.154335022
21.925359726
19.6815738678
22.4101200104
24.6775188446
24.3139591217
25.1502056122
28.7986965179
20.2889652252
40.2087097168
42.082157135
45.4008865356
48.0275230408
48.7178230286
53.6863479614
51.099155426
48.0128822327
51.3301773071
20.154335022
21.925359726
19.6815738678
22.4101200104
24.6775188446
24.3139591217
25.1502056122
28.7986965179
20.2889652252
40.2087097168
42.082157135
45.4008865356
48.0275230408
48.7178230286
53.6863479614
51.099155426
48.0128822327
51.3301773071
22.248260498
23.8822574615
21.4343147278
23.6906452179
25.4797058105
24.3204212189
25.3563613892
28.6408824921
22.5075149536
37.8556404114
40.0600891113
43.4440460205
46.0126800537
46.3019256592
51.1443214417
48.4267234802
45.5508956909
49.1193618774
22.248260498
23.8822574615
21.4343147278
23.6906452179
25.4797058105
24.3204212189
25.3563613892
28.6408824921
22.5075149536
37.8556404114
40.0600891113
43.4440460205
46.0126800537
46.3019256592
51.1443214417
48.4267234802
45.5508956909
49.1193618774
22.248260498
23.8822574615
21.4343147278
23.6906452179
25.4797058105
24.3204212189
25.3563613892
28.6408824921
22.5075149536
37.8556404114
40.0600891113
43.4440460205
46.0126800537
46.3019256592
51.1443214417
48.4267234802
45.5508956909
49.1193618774
32.2316741943
33.0319519043
30.0388793945
29.689622879
30.3009643555
26.9381141663
27.1452198029
29.2217159271
24.6888179779
24.0541229248
26.9837989807
30.1878871918
32.9898872375
32.647605896
37.5838928223
34.936050415
32.2867164612
36.3126144409
32.2316741943
33.0319519043
30.0388793945
29.689622879
30.3009643555
26.9381141663
27.1452198029
29.2217159271
24.6888179779
24.0541229248
26.9837989807
30.1878871918
32.9898872375
32.647605896
37.5838928223
34.936050415
32.2867164612
36.3126144409
32.2316741943
33.0319519043
30.0388793945
29.689622879
30.3009643555
26.9381141663
27.1452198029
29.2217159271
24.6888179779
24.0541229248
26.9837989807
30.1878871918
32.9898872375
32.647605896
37.5838928223
34.936050415
32.2867164612
36.3126144409
35.8737373352
36.3145103455
33.3785209656
32.2080001831
32.164352417
28.0809345245
28.0791950226
29.2925796509
27.547750473
21.5917472839
24.1694374084
27.547416687
29.9986400604
29.6391296387
34.2896347046
31.5678539276
28.9961071014
32.9715919495
35.8737373352
36.3145103455
33.3785209656
32.2080001831
32.164352417
28.0809345245
28.0791950226
29.2925796509
27.547750473
21.5917472839
24.1694374084
27.547416687
29.9986400604
29.6391296387
34.2896347046
31.5678539276
28.9961071014
32.9715919495
35.8737373352
36.3145103455
33.3785209656
32.2080001831
32.164352417
28.0809345245
28.0791950226
29.2925796509
27.547750473
21.5917472839
24.1694374084
27.547416687
29.9986400604
29.6391296387
34.2896347046
31.5678539276
28.9961071014
32.9715919495
35.102230072
36.0458488464
33.036075592
32.7598114014
33.375793457
29.8110866547
30.0533466339
32.0018119812
24.9747600555
22.3846740723
25.7879447937
28.6466674805
31.9284420013
31.3770103455
36.5544013977
34.035533905
31.4190559387
35.6441040039
35.102230072
36.0458488464
33.036075592
32.7598114014
33.375793457
29.8110866547
30.0533466339
32.0018119812
24.9747600555
22.3846740723
25.7879447937
28.6466674805
31.9284420013
31.3770103455
36.5544013977
34.035533905
31.4190559387
35.6441040039
35.102230072
36.0458488464
33.036075592
32.7598114014
33.375793457
29.8110866547
30.0533466339
32.0018119812
24.9747600555
22.3846740723
25.7879447937
28.6466674805
31.9284420013
31.3770103455
36.5544013977
34.035533905
31.4190559387
35.6441040039
36.9730491638
37.7364006042
34.7271995544
34.4572906494
35.6537208557
32.9050521851
32.6157493591
34.8836555481
24.1177902222
22.7746906281
26.0441627502
28.0433330536
31.9075260162
31.7095546722
37.1626243591
35.1750984192
32.4348945618
36.3089179993
36.9730491638
37.7364006042
34.7271995544
34.4572906494
35.6537208557
32.9050521851
32.6157493591
34.8836555481
24.1177902222
22.7746906281
26.0441627502
28.0433330536
31.9075260162
31.7095546722
37.1626243591
35.1750984192
32.4348945618
36.3089179993
36.9730491638
37.7364006042
34.7271995544
34.4572906494
35.6537208557
32.9050521851
32.6157493591
34.8836555481
24.1177902222
22.7746906281
26.0441627502
28.0433330536
31.9075260162
31.7095546722
37.1626243591
35.1750984192
32.4348945618
36.3089179993
38.4293022156
39.6626701355
36.6940307617
36.9779586792
38.0540390015
34.9396591187
35.2103424072
37.4864768982
25.153175354
24.8795528412
28.802400589
30.624168396
34.6675415039
33.8819007874
39.2964515686
37.2089004517
34.7525520325
38.9912185669
38.4293022156
39.6626701355
36.6940307617
36.9779586792
38.0540390015
34.9396591187
35.2103424072
37.4864768982
25.153175354
24.8795528412
28.802400589
30.624168396
34.6675415039
33.8819007874
39.2964515686
37.2089004517
34.7525520325
38.9912185669
38.4293022156
39.6626701355
36.6940307617
36.9779586792
38.0540390015
34.9396591187
35.2103424072
37.4864768982
25.153175354
24.8795528412
28.802400589
30.624168396
34.6675415039
33.8819007874
39.2964515686
37.2089004517
34.7525520325
38.9912185669
38.752155304
40.2736854553
37.5685005188
38.9009284973
41.002117157
39.3475189209
39.4965896606
42.6010551453
21.4309120178
33.9970970154
37.4239768982
38.5109443665
42.9544563293
42.7551689148
48.34141922
46.7190895081
44.0669937134
47.8091926575
38.752155304
40.2736854553
37.5685005188
38.9009284973
41.002117157
39.3475189209
39.4965896606
42.6010551453
21.4309120178
33.9970970154
37.4239768982
38.5109443665
42.9544563293
42.7551689148
48.34141922
46.7190895081
44.0669937134
47.8091926575
38.752155304
40.2736854553
37.5685005188
38.9009284973
41.002117157
39.3475189209
39.4965896606
42.6010551453
21.4309120178
33.9970970154
37.4239768982
38.5109443665
42.9544563293
42.7551689148
48.34141922
46.7190895081
44.0669937134
47.8091926575
28.5764446259
27.7543201447
24.8639183044
22.6044635773
23.804058075
22.343952179
20.3423423767
22.5584545135
23.1288070679
24.9793567657
25.2046794891
28.9358692169
30.7043457031
32.4083328247
37.0524291992
34.7807350159
31.3637275696
33.847202301
28.5764446259
27.7543201447
24.8639183044
22.6044635773
23.804058075
22.343952179
20.3423423767
22.5584545135
23.1288070679
24.9793567657
25.2046794891
28.9358692169
30.7043457031
32.4083328247
37.0524291992
34.7807350159
31.3637275696
33.847202301
28.5764446259
27.7543201447
24.8639183044
22.6044635773
23.804058075
22.343952179
20.3423423767
22.5584545135
23.1288070679
24.9793567657
25.2046794891
28.9358692169
30.7043457031
32.4083328247
37.0524291992
34.7807350159
31.3637275696
33.847202301
27.6206951141
28.894701004
26.0232658386
26.9200077057
28.4849433899
26.3685054779
26.7382946014
29.7754573822
19.1334991455
30.8937149048
33.373752594
36.3254928589
39.4403076172
39.7235450745
44.9225234985
42.4862632751
39.5177574158
43.1798858643
27.6206951141
28.894701004
26.0232658386
26.9200077057
28.4849433899
26.3685054779
26.7382946014
29.7754573822
19.1334991455
30.8937149048
33.373752594
36.3254928589
39.4403076172
39.7235450745
44.9225234985
42.4862632751
39.5177574158
43.1798858643
27.6206951141
28.894701004
26.0232658386
26.9200077057
28.4849433899
26.3685054779
26.7382946014
29.7754573822
19.1334991455
30.8937149048
33.373752594
36.3254928589
39.4403076172
39.7235450745
44.9225234985
42.4862632751
39.5177574158
43.1798858643
35.0200157166
36.8250846863
34.0762176514
35.5446853638
37.1505889893
34.7835121155
35.4933166504
38.417350769
21.458480835
32.6541748047
36.220035553
38.161491394
42.1436576843
41.680316925
47.1119613647
44.9733505249
42.3669013977
46.44272995
35.0200157166
36.8250846863
34.0762176514
35.5446853638
37.1505889893
34.7835121155
35.4933166504
38.417350769
21.458480835
32.6541748047
36.220035553
38.161491394
42.1436576843
41.680316925
47.1119613647
44.9733505249
42.3669013977
46.44272995
35.0200157166
36.8250846863
34.0762176514
35.5446853638
37.1505889893
34.7835121155
35.4933166504
38.417350769
21.458480835
32.6541748047
36.220035553
38.161491394
42.1436576843
41.680316925
47.1119613647
44.9733505249
42.3669013977
46.44272995
39.1240196228
38.6814079285
35.7327003479
33.1584625244
32.7954559326
28.8997344971
27.7435398102
28.0894069672
31.0175914764
12.7521533966
14.0157051086
18.6995315552
20.1091976166
20.3627605438
24.8230953217
21.9334812164
18.9477405548
22.7354259491
39.1240196228
38.6814079285
35.7327003479
33.1584625244
32.7954559326
28.8997344971
27.7435398102
28.0894069672
31.0175914764
12.7521533966
14.0157051086
18.6995315552
20.1091976166
20.3627605438
24.8230953217
21.9334812164
18.9477405548
22.7354259491
39.1240196228
38.6814079285
35.7327003479
33.1584625244
32.7954559326
28.8997344971
27.7435398102
28.0894069672
31.0175914764
12.7521533966
14.0157051086
18.6995315552
20.1091976166
20.3627605438
24.8230953217
21.9334812164
18.9477405548
22.7354259491
56.2934951782
55.3275184631
52.4083938599
49.1716156006
49.1267356873
46.007648468
43.918170929
43.8060379028
44.2034912109
8.09241676331
6.25352430344
6.17792320251
7.25511169434
11.5505981445
11.9108123779
9.89156723022
11.6682186127
56.2934951782
55.3275184631
52.4083938599
49.1716156006
49.1267356873
46.007648468
43.918170929
43.8060379028
44.2034912109
8.09241676331
6.25352430344
6.17792320251
7.25511169434
11.5505981445
11.9108123779
9.89156723022
11.6682186127
56.2934951782
55.3275184631
52.4083938599
49.1716156006
49.1267356873
46.007648468
43.918170929
43.8060379028
44.2034912109
8.09241676331
6.25352430344
6.17792320251
7.25511169434
11.5505981445
11.9108123779
9.89156723022
11.6682186127
42.2872276306
40.1749382019
37.6703491211
33.4978942871
34.1854057312
33.4184875488
29.8233757019
30.2425041199
35.092716217
21.84907341
18.4858703613
21.2430515289
21.0441989899
24.980588913
28.3131999969
27.3903751373
23.9003829956
23.7114944458
42.2872276306
40.1749382019
37.6703491211
33.4978942871
34.1854057312
33.4184875488
29.8233757019
30.2425041199
35.092716217
21.84907341
18.4858703613
21.2430515289
21.0441989899
24.980588913
28.3131999969
27.3903751373
23.9003829956
23.7114944458
42.2872276306
40.1749382019
37.6703491211
33.4978942871
34.1854057312
33.4184875488
29.8233757019
30.2425041199
35.092716217
21.84907341
18.4858703613
21.2430515289
21.0441989899
24.980588913
28.3131999969
27.3903751373
23.9003829956
23.7114944458
45.2886047363
44.2955780029
41.4984741211
39.1419029236
40.8385734558
39.9072532654
37.3410835266
39.0808830261
32.0476570129
21.1256561279
20.9923458099
21.0089912415
24.4523353577
26.7661457062
31.6956729889
31.4293212891
28.2855758667
29.6612567902
45.2886047363
44.2955780029
41.4984741211
39.1419029236
40.8385734558
39.9072532654
37.3410835266
39.0808830261
32.0476570129
21.1256561279
20.9923458099
21.0089912415
24.4523353577
26.7661457062
31.6956729889
31.4293212891
28.2855758667
29.6612567902
45.2886047363
44.2955780029
41.4984741211
39.1419029236
40.8385734558
39.9072532654
37.3410835266
39.0808830261
32.0476570129
21.1256561279
20.9923458099
21.0089912415
24.4523353577
26.7661457062
31.6956729889
31.4293212891
28.2855758667
29.6612567902
41.0787391663
40.8580856323
38.1245231628
37.2819862366
39.6922416687
39.205997467
37.4025878906
40.1212234497
25.5750865936
28.310213089
29.6901397705
30.0969276428
34.1398429871
35.5973472595
40.965637207
40.2085533142
37.1050720215
39.3635253906
41.0787391663
40.8580856323
38.1245231628
37.2819862366
39.6922416687
39.205997467
37.4025878906
40.1212234497
25.5750865936
28.310213089
29.6901397705
30.0969276428
34.1398429871
35.5973472595
40.965637207
40.2085533142
37.1050720215
39.3635253906
41.0787391663
40.8580856323
38.1245231628
37.2819862366
39.6922416687
39.205997467
37.4025878906
40.1212234497
25.5750865936
28.310213089
29.6901397705
30.0969276428
34.1398429871
35.5973472595
40.965637207
40.2085533142
37.1050720215
39.3635253906
40.3909263611
40.7186737061
37.9141616821
37.694316864
39.9583015442
38.9298400879
37.7480239868
40.5642356873
23.7728805542
28.4354553223
30.7267074585
31.3043308258
35.6454811096
36.4179954529
41.9558753967
40.9075050354
37.9666900635
40.8438186646
40.3909263611
40.7186737061
37.9141616821
37.694316864
39.9583015442
38.9298400879
37.7480239868
40.5642356873
23.7728805542
28.4354553223
30.7267074585
31.3043308258
35.6454811096
36.4179954529
41.9558753967
40.9075050354
37.9666900635
40.8438186646
40.3909263611
40.7186737061
37.9141616821
37.694316864
39.9583015442
38.9298400879
37.7480239868
40.5642356873
23.7728805542
28.4354553223
30.7267074585
31.3043308258
35.6454811096
36.4179954529
41.9558753967
40.9075050354
37.9666900635
40.8438186646
57.0421562195
56.3847885132
53.4140777588
51.0046424866
52.0037193298
49.7752723694
47.6693649292
48.6729660034
41.722240448
15.9907617569
16.9953689575
13.2698860168
18.3205051422
19.0499858856
23.6474304199
24.6548023224
22.7423191071
24.262922287
57.0421562195
56.3847885132
53.4140777588
51.0046424866
52.0037193298
49.7752723694
47.6693649292
48.6729660034
41.722240448
15.9907617569
16.9953689575
13.2698860168
18.3205051422
19.0499858856
23.6474304199
24.6548023224
22.7423191071
24.262922287
57.0421562195
56.3847885132
53.4140777588
51.0046424866
52.0037193298
49.7752723694
47.6693649292
48.6729660034
41.722240448
15.9907617569
16.9953689575
13.2698860168
18.3205051422
19.0499858856
23.6474304199
24.6548023224
22.7423191071
24.262922287
44.2313423157
42.3363342285
39.9134635925
36.6867027283
38.6021995544
39.0027999878
35.509475708
37.0870399475
34.4669036865
27.6976337433
25.6726760864
26.4514503479
28.1021842957
31.7124137878
35.7345733643
35.5675201416
32.2018318176
32.2033081055
44.2313423157
42.3363342285
39.9134635925
36.6867027283
38.6021995544
39.0027999878
35.509475708
37.0870399475
34.4669036865
27.6976337433
25.6726760864
26.4514503479
28.1021842957
31.7124137878
35.7345733643
35.5675201416
32.2018318176
32.2033081055
44.2313423157
42.3363342285
39.9134635925
36.6867027283
38.6021995544
39.0027999878
35.509475708
37.0870399475
34.4669036865
27.6976337433
25.6726760864
26.4514503479
28.1021842957
31.7124137878
35.7345733643
35.5675201416
32.2018318176
32.2033081055
51.0118637085
48.2232208252
46.102432251
41.1580467224
41.4885673523
41.3414001465
37.2196083069
36.7381324768
45.1352539062
29.1576042175
24.2618942261
26.0491313934
23.7152137756
28.5338249207
29.8687210083
29.9174518585
27.0638751984
24.4494667053
51.0118637085
48.2232208252
46.102432251
41.1580467224
41.4885673523
41.3414001465
37.2196083069
36.7381324768
45.1352539062
29.1576042175
24.2618942261
26.0491313934
23.7152137756
28.5338249207
29.8687210083
29.9174518585
27.0638751984
24.4494667053
51.0118637085
48.2232208252
46.102432251
41.1580467224
41.4885673523
41.3414001465
37.2196083069
36.7381324768
45.1352539062
29.1576042175
24.2618942261
26.0491313934
23.7152137756
28.5338249207
29.8687210083
29.9174518585
27.0638751984
24.4494667053
60.0727615356
58.2116203308
55.5841140747
51.297454834
51.1020812988
48.8950309753
45.8523445129
45.1008644104
50.1019897461
19.1108512878
14.1206941605
13.4534664154
9.51951408386
14.0523281097
13.9588479996
15.6702766418
14.0339479446
10.2032384872
60.0727615356
58.2116203308
55.5841140747
51.297454834
51.1020812988
48.8950309753
45.8523445129
45.1008644104
50.1019897461
19.1108512878
14.1206941605
13.4534664154
9.51951408386
14.0523281097
13.9588479996
15.6702766418
14.0339479446
10.2032384872
60.0727615356
58.2116203308
55.5841140747
51.297454834
51.1020812988
48.8950309753
45.8523445129
45.1008644104
50.1019897461
19.1108512878
14.1206941605
13.4534664154
9.51951408386
14.0523281097
13.9588479996
15.6702766418
14.0339479446
10.2032384872
61.2307472229
60.2557296753
57.343536377
54.0130653381
53.7940254211
50.4871902466
48.447971344
48.0823173523
48.9118156433
11.3213777542
9.95707416534
6.4695892334
6.57620382309
5.97162294388
7.97181940079
10.0928220749
9.85729789734
10.6112556458
61.2307472229
60.2557296753
57.343536377
54.0130653381
53.7940254211
50.4871902466
48.447971344
48.0823173523
48.9118156433
11.3213777542
9.95707416534
6.4695892334
6.57620382309
5.97162294388
7.97181940079
10.0928220749
9.85729789734
10.6112556458
61.2307472229
60.2557296753
57.343536377
54.0130653381
53.7940254211
50.4871902466
48.447971344
48.0823173523
48.9118156433
11.3213777542
9.95707416534
6.4695892334
6.57620382309
5.97162294388
7.97181940079
10.0928220749
9.85729789734
10.6112556458
