4.05694532394
26.7379131317
34.6561393738
21.0419330597
77.7517089844
74.9518737793
81.0901412964
74.361579895
71.9783248901
75.7977523804
74.9465713501
70.4050521851
71.0986785889
67.8668670654
69.2111663818
26.7379131317
0.0
22.9042243958
19.3600730896
56.2017021179
50.9764595032
57.6773147583
57.7350120544
48.3345794678
46.4511756897
50.3150901794
49.0789527893
44.6695594788
46.1455421448
42.8940734863
44.825717926
34.6561393738
22.9042243958
0.0
37.3133277893
67.7894363403
63.9354820251
70.9564437866
71.3753356934
58.7659378052
58.6190643311
62.6971244812
60.5366477966
56.9290313721
60.1996803284
57.2243309021
60.0410690308
21.041934967
19.3600730896
37.3133277893
0.0
64.9155654907
61.2401809692
64.4262619019
65.1070632935
58.9490089417
55.8267097473
59.8625450134
59.8800354004
55.1640510559
55.2390632629
52.5977973938
53.7655982971
77.7517166138
56.2017059326
67.7894515991
64.9155654907
18.8921585083
18.2004470825
22.3754062653
18.6681652069
22.2257766724
22.8327026367
18.6891822815
17.8502006531
20.7495040894
20.1145095825
21.3834114075
20.9495391846
74.9518432617
50.9764595032
63.9354820251
61.2401771545
18.2004489899
17.3906841278
20.3172340393
17.4047012329
22.325504303
22.0695285797
18.2490215302
17.9185466766
19.8666210175
18.3135547638
19.2914409637
18.3144283295
77.2937850952
57.677318573
70.9564361572
64.4262619019
22.37541008
20.317232132
22.9125328064
18.9620342255
28.2763614655
27.9327316284
23.8604183197
24.0082416534
26.1750259399
24.1342029572
25.3356647491
23.9064426422
81.0901260376
57.7350158691
71.3753204346
65.1070632935
18.6681652069
17.4047031403
18.9620342255
13.8568658829
22.0709209442
21.7380542755
17.2539901733
18.2349338531
20.9196796417
18.8839225769
21.0607337952
19.8835048676
84.1399307251
60.4617652893
74.9050140381
68.7880783081
23.2584667206
21.0274772644
21.1042060852
15.9560184479
26.713804245
25.7850894928
21.5059299469
23.0573940277
25.2696170807
22.30210495
24.4781703949
22.5972003937
87.9923095703
64.8551177979
78.2378005981
71.3673171997
25.8282566071
25.1200847626
25.2594547272
18.6999340057
27.3334903717
27.0805015564
22.9921607971
24.7858562469
27.6054267883
25.5539894104
28.3094882965
27.1098594666
83.9518814087
64.9491500854
79.0555343628
70.2003479004
30.6710948944
29.1020355225
28.9686088562
23.4391098022
32.2838783264
30.9740695953
27.2447795868
29.5432243347
31.456205368
28.3644046783
30.8900356293
29.1205043793
88.1305236816
65.9418182373
79.3909759521
72.5064620972
32.4695663452
31.0760536194
31.5365200043
25.2163333893
32.0826644897
31.0434188843
27.6947002411
30.2068138123
32.2611808777
29.6797046661
32.5213127136
31.1507701874
83.4156417847
63.4318695068
78.0003662109
67.635055542
33.0518379211
31.3068847656
31.9215126038
25.9153518677
32.1624526978
30.4015445709
27.428686142
30.2743759155
31.6806793213
28.5546855927
31.284828186
29.7097034454
83.180809021
64.7040100098
78.9735870361
68.3541183472
35.9508705139
34.4867324829
35.2915420532
29.1343421936
33.5078659058
31.6204185486
29.1411075592
32.2831497192
33.502040863
30.5594749451
33.4596633911
32.1305961609
90.1321334839
67.9214477539
79.4233551025
74.1588134766
36.044506073
34.9750976562
35.9839820862
29.2011451721
33.1151809692
32.0916976929
29.4161281586
32.2647399902
34.1578445435
31.9928302765
35.1097297668
34.1469535828
82.3817977905
63.5231018066
77.3988037109
67.2070999146
33.7910346985
32.8080406189
33.638130188
27.2830352783
31.2064647675
29.813741684
27.1279792786
30.0581855774
31.648651123
29.2538204193
32.2001647949
31.1998844147
85.5555343628
62.2439994812
73.8987884521
70.5479736328
29.030506134
28.0861282349
29.4191665649
22.4686317444
27.4246025085
26.8673419952
23.5061340332
25.7842578888
28.0704936981
26.2181129456
29.0844249725
28.2448692322
84.4660568237
60.4924125671
75.3220443726
67.368850708
25.6080856323
23.957118988
25.4769821167
18.3087482452
23.8505725861
22.2042388916
18.7698993683
21.7415122986
23.4757652283
20.4212112427
23.5101661682
22.0974750519
84.8081970215
61.1181106567
74.1535110474
68.8159255981
21.5606536865
21.0039749146
22.3365917206
14.8315629959
22.3205623627
22.1022605896
17.7704696655
19.6018428802
22.5452365875
20.660736084
23.5617046356
22.5924720764
77.4195251465
57.4426803589
72.0887527466
62.5045013428
25.2316646576
23.1512775421
24.30377388
18.6447563171
26.7167339325
25.2555885315
21.4657001495
23.4303436279
25.0458297729
21.9911556244
24.2114524841
22.5862293243
75.5503158569
54.1166992188
68.6481552124
59.5283241272
22.5693569183
19.7094841003
21.9416904449
17.2042655945
24.745557785
23.3743343353
19.590221405
20.9547042847
22.4129180908
19.4306259155
21.2138881683
19.5299949646
78.2299041748
57.6038627625
71.5632705688
64.8047637939
23.5806522369
20.5711650848
20.8722381592
18.7910652161
28.564666748
27.5177116394
23.4967346191
24.2377033234
25.8919334412
22.8664779663
24.0996627808
21.9910144806
74.7355117798
52.0831947327
67.4215927124
59.1700935364
22.4989852905
18.9135093689
22.0747661591
18.6800136566
24.0074539185
21.9148578644
18.609375
19.7548694611
20.1579627991
16.1397724152
17.0925254822
14.4260749817
75.8618927002
54.1234931946
69.1968917847
61.2839508057
23.6339168549
20.3632316589
22.8755779266
18.4824180603
24.6370887756
22.4284667969
18.9038848877
20.7485370636
21.4559688568
17.2746334076
19.0077018738
16.5400238037
81.0409698486
58.9459953308
71.6914596558
66.4909133911
27.6606769562
24.4940757751
25.3272514343
21.708360672
30.3443660736
28.5889587402
25.0456676483
27.707025528
23.9794387817
25.4964294434
23.060956955
78.8577957153
60.7708473206
76.453742981
64.8446502686
32.4218406677
29.5310897827
29.7869358063
26.1369342804
34.7183761597
32.3953552246
29.2072048187
31.3459091187
27.8711051941
29.49568367
26.9136791229
