26.4372406006
23.0795555115
19.1943035126
17.4261207581
14.0069446564
10.7428359985
10.5626678467
9.13850784302
9.12750434875
8.90929412842
4.46998310089
4.91451883316
6.18101930618
9.92036437988
13.2384319305
14.2697076797
17.9218349457
18.153011322
19.2620429993
14.8804941177
19.5835285187
17.2955913544
14.1763277054
15.1387662888
12.2737112045
17.1898155212
19.7402095795
20.0911636353
16.3380966187
12.5150175095
13.9144649506
10.9245672226
14.0453052521
13.9601106644
16.7536201477
18.3320446014
21.1413784027
19.7023525238
22.507976532
18.9744853973
17.7996807098
14.8145608902
14.7841558456
10.0401477814
11.55864048
8.32309055328
12.2531147003
12.5147953033
15.8728094101
12.238653183
13.0415525436
16.3559741974
18.0637683868
19.9400177002
22.3512554169
24.2151584625
27.3145427704
24.9497680664
26.1373939514
28.914560318
29.4197101593
27.737071991
24.3553791046
21.5555591583
23.7636890411
23.0296268463
19.8965644836
22.5721683502
19.3269748688
24.6740379333
25.7894210815
26.5403862
22.065448761
24.4595298767
24.9101696014
21.2926578522
23.9121799469
23.9113750458
25.1734256744
27.1738491058
28.8556976318
30.5836009979
31.6736335754
31.6370925903
29.7520656586
27.6692371368
27.6004390717
23.6727485657
23.6254806519
20.3909454346
21.5623111725
21.3948383331
24.7471904755
27.372625351
29.381685257
30.8435173035
32.0090026855
32.8568916321
34.1380233765
35.455821991
34.7117347717
38.976146698
34.0105857849
31.4396705627
29.1735363007
29.1426963806
27.7469348907
26.5162448883
27.1185474396
27.202960968
31.4167823792
31.1162796021
34.3625831604
30.9390735626
34.4594421387
35.0767707825
30.6630077362
31.9436225891
31.9580421448
31.7260017395
33.817653656
34.843082428
37.6227035522
39.9042701721
38.0008468628
36.7103462219
36.0495491028
36.655216217
34.3370018005
36.6659317017
33.0174674988
36.0648956299
37.7833747864
35.5612373352
39.0234718323
38.9242973328
40.707118988
41.679725647
40.9112167358
40.617565155
43.5369911194
43.3253746033
40.081363678
42.94008255
39.4510154724
36.2779579163
34.1158676147
31.5235881805
29.8817596436
30.7699871063
30.7970695496
32.6179580688
36.594203949
36.2188224792
35.6474647522
39.1516609192
38.471862793
36.6004333496
35.3029823303
36.0168190002
34.53881073
36.7599639893
37.2026863098
40.7077713013
40.9385375977
40.6964569092
38.868927002
41.0942420959
40.7642936707
40.3074760437
42.8554573059
41.80235672
45.8424758911
46.7185325623
48.4604072571
48.435798645
45.4183731079
45.1711425781
45.131603241
44.5562782288
41.9494972229
45.1935272217
43.248588562
39.3772964478
42.0631523132
38.5197753906
34.9093971252
34.6889038086
30.636806488
30.1571388245
31.8525562286
29.2286205292
34.558391571
33.706287384
31.8771724701
36.0935592651
36.6969947815
39.3604660034
37.4108581543
35.9301185608
33.4567642212
34.3682785034
31.9851036072
34.4391975403
34.2797470093
37.8772163391
36.20054245
36.8299255371
34.0718536377
38.475944519
37.8740577698
40.0763053894
42.8494682312
43.7507667542
47.0077590942
46.9719352722
48.1807060242
47.1851730347
43.2873840332
42.9776000977
40.6281700134
41.1642456055
37.5007209778
38.171749115
34.0304832458
31.9775466919
35.3000221252
33.6658248901
32.2235946655
30.6586341858
27.1964168549
25.1398258209
27.7356414795
24.4258575439
30.1870918274
27.2486171722
25.9738941193
29.5813484192
32.9380226135
35.7208976746
33.4727592468
30.8336601257
28.5559635162
28.9736328125
33.7369003296
35.2793197632
32.0491485596
33.2770652771
32.4848060608
29.3395881653
30.1191158295
26.7603168488
27.6323394775
25.9660701752
27.6755943298
29.1480979919
29.4716472626
25.9406852722
27.5903778076
25.2129554749
30.1075172424
28.3382930756
32.8090057373
35.6899719238
36.3541221619
39.9690322876
40.1198997498
39.0621337891
37.9384117126
34.384853363
32.6426582336
29.9040737152
29.6784172058
25.5598583221
26.8040714264
22.5123519897
21.306016922
23.9707317352
23.8374500275
24.1364479065
22.4003162384
22.1265392303
19.1899433136
20.8241691589
18.9908542633
22.5218372345
19.8447055817
20.6784896851
23.103521347
23.9676914215
24.7211456299
20.2977809906
20.6727466583
17.4057807922
17.9138946533
17.6121387482
18.671081543
20.0427913666
19.1302242279
16.3261070251
15.5982246399
13.3978595734
17.4332427979
16.4363975525
21.1841087341
24.0482883453
25.4244632721
29.4436435699
27.9498691559
26.0268802643
24.1481513977
20.7626209259
19.0354251862
15.3822631836
14.3748273849
9.88765239716
15.2353019714
12.1260709763
12.9144172668
14.3490095139
16.1671562195
15.1271333694
18.1574478149
16.2289276123
14.8775873184
13.6889533997
15.426823616
13.7785701752
17.4040260315
16.8940010071
15.8766183853
13.3746242523
10.0328912735
10.3725852966
10.0268917084
10.0746860504
12.7831830978
13.3667449951
16.6980686188
14.1898574829
12.9158153534
10.244386673
8.0477771759
6.15026187897
4.90111207962
7.6072716713
9.00213432312
12.3189334869
13.4596624374
32.5221786499
31.6620063782
31.6441135406
27.7624168396
30.1030044556
27.1322002411
29.962726593
32.7464904785
31.0184001923
27.0230731964
28.812505722
28.5559711456
31.5689983368
30.0438461304
35.0673065186
35.5601615906
33.3998794556
39.0316848755
36.4961280823
34.8235321045
30.2464542389
30.6503353119
25.9217128754
22.6854038239
20.0184497833
18.6224060059
17.9068660736
14.5739765167
16.0573196411
18.4541797638
19.4230880737
21.8918533325
22.8763446808
23.65782547
27.0697956085
28.8163814545
32.6785392761
35.6374015808
36.27161026
36.3488235474
33.7234916687
30.3762264252
31.4861755371
26.895406723
28.1804866791
26.1787815094
24.2281093597
24.193655014
24.0813865662
26.6497840881
30.7361755371
32.5570259094
30.7780437469
33.9643135071
31.5946712494
37.3005332947
34.341468811
40.1679458618
42.8395767212
41.796672821
42.7524681091
41.1308364868
39.0531311035
35.3964500427
31.2017040253
30.0399570465
26.8902301788
23.7490329742
20.3656787872
20.0773200989
18.9338054657
15.0097522736
18.1337890625
19.1905097961
22.1253108978
23.5868186951
24.4649772644
24.8728809357
28.2018165588
29.774433136
33.4478034973
36.9093971252
37.6695861816
35.4440040588
36.1350135803
31.3357334137
32.4974021912
28.3506546021
29.9450969696
27.9578590393
24.5440883636
28.9634246826
30.7487316132
32.4895477295
33.6350784302
32.2977333069
32.5008125305
34.9561882019
32.1508293152
35.0325546265
37.9206428528
34.5676727295
40.2051124573
37.7176399231
35.7363929749
31.3439235687
31.1763591766
26.4163665771
24.7010421753
20.8048667908
20.992723465
19.2446250916
14.1769981384
19.3617668152
20.3567810059
23.1049385071
24.3714904785
24.9278297424
24.7166900635
28.1735515594
29.3107452393
32.8716239929
36.3075370789
36.7924194336
37.4942703247
34.0718688965
30.4752922058
30.9175567627
27.989074707
30.1327037811
29.2903842926
27.2319831848
28.6153354645
32.4795265198
32.4512672424
34.7662620544
33.5727081299
31.4841690063
32.3098640442
35.1187858582
31.6610546112
36.6336746216
34.3438339233
33.8488960266
38.7931098938
36.8817825317
35.3737869263
31.453130722
29.9333305359
24.9446029663
23.6501140594
19.4436283112
20.23229599
18.744600296
18.900970459
19.3104534149
23.4525966644
22.630979538
24.7649974823
23.9542140961
27.3512592316
28.2594661713
32.3227806091
35.2949943542
35.5529289246
35.2018356323
32.6913871765
28.5368537903
30.7555503845
26.7944030762
27.4231739044
27.3805065155
28.5105323792
32.1366271973
32.2579879761
36.4617843628
35.7563972473
32.675037384
29.4578285217
29.8746204376
32.0440711975
28.5109577179
34.4457550049
33.7883377075
31.6243495941
36.7113876343
35.7423782349
33.5479507446
29.7661170959
28.5471019745
24.423286438
22.694694519
18.6916179657
18.7644996643
14.5850467682
11.0586643219
13.4071292877
16.3038005829
18.0833969116
18.916885376
21.5456161499
21.1935157776
24.8508701324
26.2061386108
30.3440685272
33.4519844055
33.4238700867
33.3980941772
30.1074810028
25.2337245941
27.7576828003
23.3410377502
26.2841243744
24.7365722656
25.5320720673
26.4864139557
29.2481594086
32.5390281677
32.3076324463
29.0934696198
26.3795833588
25.41929245
30.0320091248
27.1461009979
31.898311615
28.4268398285
29.1929225922
34.76745224
35.155002594
33.475402832
28.173204422
29.1755905151
23.0750541687
20.7122783661
17.0180931091
15.2204942703
11.2583503723
7.8924074173
8.54228687286
8.30100822449
10.006975174
7.34098958969
4.95194101334
5.10691308975
7.12921953201
11.144867897
10.1263008118
13.7906703949
13.3099946976
14.6995239258
18.2625255585
18.9478340149
22.8131809235
25.1843776703
29.179101944
34.1185302734
32.2903518677
30.8331050873
28.7030963898
24.4934597015
25.7940254211
19.8294372559
22.6149559021
19.774471283
20.154209137
20.677734375
22.7977619171
24.7342834473
24.7085838318
24.8115787506
21.3722324371
22.5605373383
26.6511383057
24.7805690765
29.9997310638
30.4380588531
28.9463844299
34.7731170654
34.4031600952
32.0240211487
27.2791385651
28.9734134674
22.8786563873
19.9152431488
16.5042610168
13.6019592285
11.488568306
8.73649215698
8.76581382751
10.5751218796
12.1544218063
15.4568548203
17.6884269714
19.1359786987
22.8895587921
25.4295654297
29.2431354523
33.035774231
32.2454719543
33.5878181458
29.201467514
25.2761859894
25.5934238434
20.8376979828
22.2539653778
18.7480125427
16.2612419128
17.9356765747
21.6126098633
22.5183086395
23.1987686157
25.3260059357
22.1358604431
22.9033317566
26.9883575439
28.9298038483
34.2076721191
32.7415618896
35.2681808472
33.167552948
32.0391464233
28.2750587463
29.3048095703
23.1227684021
21.1045055389
18.5197372437
15.3142309189
15.1727304459
11.9949922562
12.5954465866
13.5153284073
16.7756233215
19.2915935516
20.0133228302
21.6519260406
24.993768692
26.9511184692
30.7719306946
34.2370796204
35.4243164062
33.8236999512
31.7790222168
28.3595294952
27.1531124115
24.5892848969
23.5854053497
23.0278739929
20.291135788
20.892375946
30.5444507599
31.9295120239
34.0583229065
30.7853488922
34.4093780518
34.2883148193
38.0303878784
41.1644439697
41.5263595581
37.5995178223
38.8442611694
40.1198883057
41.3892936707
41.5081329346
44.390625
46.0626449585
43.0558204651
47.4750671387
43.2236061096
39.8740348816
37.4764595032
35.9544525146
34.0243721008
32.5290908813
32.5151557922
32.9531669617
35.2361869812
32.8453979492
35.9507408142
37.2152900696
36.6716918945
38.6760978699
36.5159683228
36.5668830872
38.2133483887
37.9343185425
40.8541717529
42.5322761536
44.9356575012
45.5961380005
44.2233047485
42.2196464539
43.6414871216
41.8500404358
41.603767395
42.8916168213
39.7989082336
42.0005607605
41.4966011047
45.6118202209
46.5409469604
46.610206604
46.0812072754
47.3918991089
44.8997077942
49.5722045898
45.1248321533
50.3488311768
50.4668998718
49.740272522
48.9293060303
46.2338752747
46.6107749939
41.7258071899
39.6834983826
36.4698219299
35.0640525818
34.434627533
32.6002655029
35.3723373413
35.4568099976
32.6644210815
37.2545776367
37.4160881042
40.3340950012
39.9899559021
38.6276054382
37.3435554504
39.1856918335
38.4889259338
41.0293426514
41.4934387207
44.8534317017
42.3984184265
44.969455719
41.3658485413
43.7451858521
42.2456855774
43.8234825134
44.5832862854
42.4663314819
46.6205978394
46.5064468384
48.5603256226
47.7980384827
47.3464622498
46.0696716309
46.7845420837
43.4114494324
44.4613075256
45.3549842834
40.2808303833
44.1537971497
42.1783447266
39.7353668213
37.3230514526
34.1038551331
32.0668106079
33.5781021118
29.9962940216
34.3840065002
31.7981948853
28.9815216064
34.3749465942
35.5033111572
36.9006347656
35.9801673889
35.9882965088
32.2709503174
34.7886810303
33.59167099
35.7117118835
37.8972740173
39.2381896973
37.3893852234
36.7768325806
34.3288574219
37.5221939087
36.121219635
39.6969833374
41.6418800354
41.0820541382
43.8637580872
45.8729743958
44.9170074463
46.0545425415
42.8766059875
40.8631439209
38.4629211426
39.8441467285
35.3415107727
37.8338012695
34.174987793
32.3013305664
35.4665565491
34.5393028259
34.2867660522
32.2056007385
29.811214447
26.7712898254
27.7809619904
24.105682373
28.4639797211
23.7841148376
27.1779098511
30.6501197815
31.8865222931
27.8250408173
28.8475723267
25.5089168549
27.4406986237
26.6343345642
29.2289600372
31.2390441895
30.6592025757
27.757144928
27.225730896
24.20561409
28.5867576599
26.2386722565
29.6587257385
31.9956512451
35.5761566162
37.3717460632
35.3387145996
38.2724266052
35.4152336121
31.5120162964
28.9056491852
25.3962402344
26.7174243927
22.138174057
25.6000576019
22.6472015381
22.041683197
25.6520500183
27.1793899536
28.2906570435
24.8743591309
25.1946754456
22.3895874023
22.0008487701
20.1321964264
20.3398628235
15.9610118866
17.2539367676
17.4716663361
19.0743484497
17.2084960938
14.3976745605
18.0010128021
16.531993866
18.2153377533
20.1839923859
22.3295459747
25.8918571472
22.5691604614
21.8578929901
18.3837947845
14.8617420197
16.6343326569
13.0048913956
17.829372406
17.3865184784
21.5221290588
19.3082237244
18.5064563751
22.5947971344
19.5276126862
16.1257190704
12.7076911926
10.1638879776
14.5658245087
12.1731443405
16.8374919891
15.7046279907
18.4991416931
22.2118396759
25.0351867676
25.5651817322
20.7823104858
25.4222412109
21.3964500427
18.4761257172
19.2218036652
14.6209821701
15.1750354767
18.2584381104
15.1085224152
15.2867803574
15.9059696198
19.7479743958
19.37840271
22.7977676392
18.9518203735
17.9076366425
15.290854454
13.8700466156
10.1831989288
10.7760353088
11.7021141052
12.4519386292
15.3356990814
16.6023101807
20.3406333923
22.5686378479
27.524017334
23.7580070496
24.6555423737
20.8713035583
18.9469890594
15.7455558777
12.8532476425
10.59623909
5.47424077988
7.26611948013
5.53016233444
5.6706032753
6.00448322296
9.84844303131
9.49612617493
13.5586328506
16.592300415
18.8887691498
22.667596817
26.9735431671
26.2306499481
30.5215263367
30.7695732117
28.4868927002
24.9392204285
28.4955005646
25.1456794739
21.6179637909
22.1552391052
18.4645195007
21.992685318
23.5423927307
21.2471103668
18.1240577698
20.0251998901
21.9439678192
19.8081493378
23.2051830292
24.3228263855
26.8508930206
29.1808128357
33.1697807312
31.4490756989
35.3343276978
30.8337154388
29.256603241
26.5462589264
25.0296707153
21.5709056854
19.2260379791
15.9249639511
14.8593254089
17.5606060028
18.1419448853
21.1030731201
25.0014286041
25.5459976196
28.4124755859
30.4809207916
34.6448059082
36.4709129333
36.9863243103
39.9714660645
36.8168563843
34.8566169739
31.646030426
32.7913856506
29.5816993713
27.440120697
28.6383743286
26.0469226837
30.5830154419
29.8556423187
29.7528915405
27.8520717621
31.2962989807
33.0414390564
30.1147480011
31.4712619781
33.0066184998
33.9855041504
36.565990448
38.3421058655
41.0603370667
41.403339386
39.5030326843
38.1514358521
36.1842460632
36.1938209534
33.2397499084
35.0810089111
30.6382675171
34.7722167969
15.8796224594
16.3986930847
17.3636627197
15.3120775223
17.1414852142
19.4022502899
22.7764492035
24.8664245605
27.2817268372
24.7975082397
24.4046936035
26.8040752411
26.3510437012
28.4920539856
28.9962520599
32.5723800659
30.4606800079
33.2302131653
29.3629360199
26.4360179901
25.0685443878
25.0183124542
25.3653278351
24.08552742
26.4960708618
26.5200042725
31.9506015778
31.8228931427
34.8238487244
33.5604400635
30.8500385284
32.7652244568
28.2383136749
29.0842533112
28.8232326508
28.2538776398
29.8449382782
30.9959659576
33.1754112244
35.5889701843
34.1429672241
33.5774345398
33.278881073
34.2683143616
31.2705841064
34.800403595
30.9229602814
34.8538818359
34.0807991028
39.0211486816
36.840877533
35.9014396667
37.7334976196
37.8714370728
37.2097473145
40.1349182129
37.6234321594
41.4052200317
37.6407623291
38.3660507202
38.0010757446
36.1778068542
37.631401062
32.0840110779
31.3802680969
29.3885402679
29.6905517578
29.2496833801
30.7124538422
32.2792243958
35.7778129578
35.0281105042
38.9750556946
36.3322219849
39.4837036133
38.6995010376
34.7558937073
34.4577102661
34.5244979858
33.2485237122
34.840965271
33.4089317322
38.4482803345
37.9890174866
40.544593811
38.5780563354
39.2563514709
40.18592453
38.842086792
40.9157600403
38.7003822327
41.701877594
40.4659614563
43.4370651245
43.1773071289
44.5927810669
43.8748474121
43.7973022461
42.3562011719
42.4401016235
42.2196655273
38.3784332275
41.5231933594
37.4676780701
34.1810569763
33.2708587646
29.2602539062
29.7093372345
31.8316516876
30.6201972961
35.3098831177
36.3091011047
35.3325653076
40.6734237671
39.093208313
41.5882148743
40.5499076843
37.23595047
34.3954544067
34.8329315186
32.4430809021
33.696975708
34.0868225098
37.617641449
36.800151825
37.4178657532
36.4669532776
39.0000228882
39.8872756958
40.568157196
44.6722831726
42.8209648132
46.8290100098
47.9493637085
45.5424575806
47.6133232117
44.9881973267
45.4735145569
43.3893966675
42.2735748291
39.8675613403
41.2152366638
39.0991134644
34.6114807129
36.259677887
33.6692886353
31.8218822479
31.0672893524
27.1185817719
26.4548301697
29.376865387
28.3427314758
33.6217498779
33.5404586792
35.9363670349
38.2831001282
40.2179679871
36.5968475342
34.7462844849
30.9974269867
31.0955047607
28.033121109
29.3519554138
29.0803146362
31.8479709625
29.2360744476
31.003408432
29.8393039703
34.409198761
34.8551216125
37.030921936
41.2588500977
42.992023468
45.7179145813
44.5468902588
45.9441604614
43.7832145691
39.7430801392
39.4269676208
36.278213501
35.145275116
31.3301410675
32.7202720642
28.3020534515
25.2077178955
26.410484314
24.887342453
24.8018112183
24.7062797546
21.6104412079
22.108165741
25.0738506317
23.5185222626
28.8671875
26.7850856781
27.1882152557
30.5368480682
31.1125335693
31.5928668976
27.481672287
26.7564754486
22.9474258423
22.2744503021
19.7439174652
20.4310932159
20.6609325409
21.3165931702
17.5703830719
19.493265152
17.9906654358
23.1609039307
23.9464168549
27.6004562378
31.5707569122
34.8327217102
35.9388046265
33.5583000183
35.1607208252
31.9373588562
27.7570705414
27.6029396057
24.050989151
22.6481151581
18.5941448212
16.8772964478
13.4924497604
11.7979507446
12.9276781082
14.5683851242
16.7399253845
15.6875238419
16.4403896332
15.9320220947
18.1275272369
18.5272884369
21.7031822205
20.5857639313
23.2177867889
23.8530921936
27.3351802826
30.0148906708
31.220916748
28.968952179
29.9997291565
26.7972717285
29.8554191589
28.312959671
24.6908054352
22.3549671173
22.3904838562
18.1182575226
17.2705497742
14.4763259888
12.3335523605
11.6603775024
11.1597671509
13.82954216
9.40346813202
7.08725786209
6.61043548584
7.39541769028
9.31677246094
12.3881101608
14.7390203476
19.5767211914
21.31341362
24.9005432129
22.6675949097
20.1102085114
17.9930706024
13.3736763
14.4166564941
11.0139522552
6.48469591141
5.66111040115
6.05257606506
7.06312894821
9.08907032013
11.6359510422
12.2999973297
11.1234426498
15.9028263092
15.1401424408
14.3738899231
16.6775341034
17.6048545837
20.1389865875
23.7717113495
22.8661823273
19.7737026215
21.1256599426
17.4407997131
13.1613836288
13.8259267807
11.192817688
12.6502790451
12.1588764191
16.2396202087
11.7130308151
16.3215579987
12.512503624
13.7881698608
9.90396881104
13.4413814545
9.13560390472
14.2977733612
14.9190101624
17.1750450134
13.6740570068
10.070315361
10.9968824387
10.3416490555
14.6085996628
15.9170894623
13.8539209366
17.874622345
16.5775508881
18.5212268829
21.6341209412
19.2547149658
18.2845935822
16.5545291901
20.0192527771
20.213060379
17.4656047821
21.0404396057
20.1869735718
25.6321697235
27.8783283234
27.0316791534
23.6420707703
25.1000232697
24.9080486298
20.1485462189
21.035358429
20.4369163513
21.4997005463
21.857088089
22.5751914978
24.546497345
26.6599121094
24.5079555511
25.2078018188
22.2865695953
24.4315948486
20.7751483917
24.4528522491
20.9863986969
26.9478626251
13.0609455109
12.4780874252
12.4620552063
10.8174819946
11.8976173401
14.6593284607
17.677312851
19.5867843628
22.249584198
20.2243480682
19.7330799103
22.5123519897
22.0109386444
24.7164096832
24.9806060791
29.1786022186
27.6287498474
30.2393817902
26.9597053528
24.642698288
22.924325943
23.9112186432
24.1611595154
22.4588890076
25.0044136047
24.3560962677
30.2473068237
30.6099147797
33.1950111389
31.3675365448
28.1758155823
30.311876297
25.7101783752
27.074552536
26.6463909149
26.5270881653
27.9733066559
29.3230190277
30.9742698669
33.7885246277
31.9933395386
31.5240345001
30.5749530792
31.7589550018
28.124130249
31.5448131561
27.5310707092
31.5045318604
30.4804725647
35.4903831482
33.3133049011
32.5460357666
34.9129486084
35.1691818237
35.109085083
37.7673530579
36.1522636414
39.6906089783
35.4294776917
36.5095977783
36.6964454651
35.3522033691
36.504901886
31.0841369629
30.221540451
28.9971256256
29.3164634705
28.3982372284
30.3428993225
31.0334014893
35.135219574
34.6863021851
38.1575698853
35.0425453186
38.2003631592
37.6469421387
33.5230255127
33.7894439697
33.723361969
32.7767791748
34.3794708252
33.1789741516
37.9993171692
38.0036468506
40.1780586243
38.3378067017
38.4176292419
39.3837165833
37.3600578308
39.1942253113
36.6876792908
39.3911895752
38.2779006958
41.4246902466
41.7015113831
43.3770751953
43.0663299561
43.1410827637
42.2055015564
42.4255447388
42.3548164368
39.0742225647
42.3899765015
37.9110565186
34.5847473145
33.5823822021
30.0648422241
30.4211101532
32.061668396
31.2395343781
35.2742500305
37.0101470947
36.0594902039
41.2484512329
39.242729187
42.0589828491
41.3178520203
37.5923995972
35.4546051025
35.7249183655
33.566608429
34.9337921143
35.2691383362
38.9471931458
38.728931427
39.0239830017
38.0879516602
40.0761146545
41.045249939
41.0624160767
45.0412445068
42.7614059448
46.7112503052
47.9535865784
45.469379425
47.8742103577
45.6806297302
46.5172195435
44.95885849
43.7523727417
41.7816505432
43.3744277954
41.6360626221
37.1305160522
38.9086914062
35.9908638
33.7350959778
32.8288536072
28.8880748749
28.1770687103
30.9365062714
30.1328601837
35.0009689331
35.7674179077
37.6986846924
39.5388031006
41.8906440735
38.7324333191
36.7653160095
33.3412857056
33.4991531372
30.5227622986
31.9649085999
31.6286029816
34.8458404541
32.7235450745
34.2991371155
33.0681610107
37.3266868591
37.7277565002
39.4396095276
43.5029945374
44.724445343
47.7864723206
46.9870834351
48.4301185608
46.6338691711
42.6920318604
42.4355621338
39.7905540466
38.6762313843
35.0033454895
36.704624176
32.6008148193
29.1945781708
30.5364704132
28.3876476288
27.5223636627
27.6718425751
24.0271892548
24.5654602051
27.5639152527
25.6556282043
31.4045677185
29.3849620819
29.2311687469
32.9883117676
33.7019958496
34.6439247131
30.82396698
29.9476528168
26.189491272
25.7928352356
22.9965934753
23.9943828583
23.8477687836
25.4529533386
21.8752536774
23.9170017242
22.1616687775
27.4396438599
28.0093955994
31.5186233521
35.4109687805
38.3263282776
39.8441543579
37.8707313538
39.433719635
36.530582428
32.2965316772
32.0961303711
28.6360111237
27.5683498383
23.4471035004
22.024307251
18.396938324
16.3134651184
17.6454772949
18.2845630646
19.8704185486
19.1029911041
18.4206829071
17.8709659576
20.6361846924
20.0726566315
24.2532520294
22.3404369354
24.2266845703
25.5267620087
29.2456626892
32.1888694763
32.7833328247
30.201839447
30.4380588531
27.6543102264
31.3184375763
30.12134552
26.4883728027
24.8828125
25.1250514984
20.6662750244
20.4914646149
17.1710643768
15.6399965286
14.3190927505
14.1100244522
16.0701236725
12.8724164963
9.32211971283
10.5259046555
10.3698968887
13.8937988281
15.6064405441
19.0782489777
23.5261650085
25.335067749
28.9669704437
26.9735393524
24.9029884338
22.7380867004
18.174621582
18.2409133911
14.4567651749
11.2414522171
8.7145652771
6.05257701874
6.12529993057
7.65540313721
11.1748609543
12.8744840622
11.9653759003
16.1476306915
15.1241512299
15.1042118073
16.6368198395
18.4452838898
19.704574585
23.2831516266
22.6915397644
20.3207397461
21.112121582
16.5872631073
13.4628343582
13.0304889679
10.2827644348
11.5669975281
10.6949195862
14.7911968231
9.07596492767
12.9279155731
8.91773223877
10.4870157242
6.88218164444
11.203710556
8.75802230835
14.4083051682
16.1489868164
18.7556667328
14.8635377884
11.3978776932
10.7304334641
7.77823829651
12.0831632614
12.4053287506
9.23612117767
13.2588205338
12.0048971176
14.1377906799
17.5619106293
15.9963922501
15.8658189774
14.40858078
18.8478145599
19.1397151947
16.098733902
19.4492893219
18.7366161346
23.5816326141
26.3618030548
25.1874027252
21.7693862915
22.4134101868
21.9119548798
17.4349193573
18.4781360626
17.6683235168
19.2477073669
19.1911907196
20.1652946472
21.2785568237
23.5448226929
21.0828590393
21.9292545319
18.5382995605
20.7374916077
16.9911880493
20.5324440002
17.6925125122
23.4916381836
18.3031349182
15.6449832916
13.9961099625
11.9543275833
13.3626050949
10.1498584747
10.5249204636
14.0640668869
11.335269928
7.94506645203
13.077047348
15.4190359116
19.1167411804
20.5977725983
24.4905567169
28.1789932251
28.2065944672
32.5818748474
31.6513595581
31.3679981232
26.6497058868
30.0131397247
26.7199039459
22.4271087646
21.9688796997
17.3679580688
21.7667388916
21.9637756348
21.9034385681
19.7928829193
16.2120361328
21.059173584
20.0974845886
23.5557365417
25.3865299225
28.1251525879
30.8874416351
33.9172477722
33.3897895813
35.6774253845
32.1445884705
29.9570503235
28.0320014954
25.5737743378
22.6031665802
20.6622104645
16.5792827606
17.3465595245
13.8095388412
19.1171894073
24.0463886261
26.5550765991
28.2357063293
31.3332557678
31.9255313873
35.8557281494
36.2936630249
40.6410369873
39.2977371216
40.0449142456
42.2232208252
41.8874740601
40.3642196655
36.2187652588
32.8136520386
33.5538444519
31.8722476959
28.2010765076
28.5901584625
25.6767940521
29.2136611938
27.9426269531
29.3819313049
26.7144412994
29.9546203613
31.5729942322
29.6962471008
31.954914093
33.496509552
34.9393348694
37.8352661133
39.8503036499
41.9428443909
41.8350868225
42.2546348572
39.0191879272
38.0375862122
36.0894470215
33.9280204773
32.3979988098
27.7328567505
30.5858287811
32.0934753418
35.1448936462
38.0276947021
38.7679824829
40.1238822937
42.076423645
41.5098075867
43.5906295776
45.5415382385
43.4481277466
48.4639663696
44.0300941467
41.2494239807
38.1287078857
37.3047180176
34.7237167358
33.5167961121
31.9873790741
32.4017028809
34.5118637085
31.7022972107
36.3122024536
34.6153335571
38.3210220337
39.4061164856
36.7585830688
37.2666549683
38.8140182495
38.7730941772
41.576915741
43.4563941956
45.8767547607
47.2311058044
45.0487136841
42.7528495789
42.8827552795
42.0598258972
41.5922737122
42.6982192993
39.2943229675
41.6419487
44.7304420471
43.3837013245
46.6859130859
46.1375198364
46.2966461182
47.1324462891
47.7763786316
45.8723373413
49.6588516235
48.2348060608
45.4949264526
49.1469306946
46.0889511108
43.4453163147
40.6803588867
37.7309303284
34.6472854614
35.2806968689
33.1616249084
35.5121841431
36.8829078674
37.1822547913
37.2392120361
41.3693237305
40.2196159363
39.9624595642
38.1912612915
40.0435295105
38.9104614258
41.9686088562
43.1940307617
45.7523994446
44.9459838867
44.3958778381
41.5249557495
44.6700706482
42.8785209656
43.4152336121
45.252204895
45.4358482361
49.4857902527
49.8308982849
52.7785720825
52.1029243469
48.621925354
46.9596786499
46.3543014526
46.8590621948
43.1392059326
47.3977203369
44.9257583618
41.5202064514
45.0000610352
42.6701126099
40.1699028015
38.6246414185
35.1470794678
33.3292732239
34.3227539062
30.5398731232
34.7875099182
31.4937667847
28.9518432617
32.9208488464
35.0388755798
36.8927955627
35.3021011353
36.0757446289
33.5561027527
35.4991760254
34.1863517761
37.3029212952
38.4678878784
40.246799469
38.0619087219
37.7208633423
33.7298126221
38.6137771606
36.4096717834
40.1302719116
41.5076560974
43.2977752686
44.8314666748
45.5346794128
48.1982345581
46.5974197388
42.3979911804
40.6568908691
37.9540786743
40.097328186
35.7784042358
37.5961227417
33.2414398193
32.1744537354
36.1088562012
36.3344192505
36.0378875732
32.8964729309
31.718170166
27.694562912
28.7791900635
24.8380489349
28.1253223419
23.1628799438
21.6280937195
23.7211475372
26.6475086212
29.8178062439
28.5865402222
25.3099498749
22.4346218109
21.5900554657
25.9296512604
26.0701293945
23.8768424988
25.5797405243
27.2369709015
24.2005729675
27.6364879608
25.2083282471
27.1859817505
27.4258365631
30.0018234253
33.4243431091
31.3025302887
27.7496547699
27.7384300232
24.1519374847
28.009967804
24.0834884644
29.590177536
30.0829124451
32.3568611145
34.5119552612
33.7528305054
34.6378860474
32.5513153076
29.6944675446
26.3915481567
23.8310775757
25.9667186737
22.4707107544
25.0243930817
21.4187698364
22.8783931732
26.8218517303
28.7137050629
29.0529117584
25.8093147278
28.1833095551
23.1088104248
22.1055908203
18.9579048157
19.6209106445
15.3052396774
16.2911567688
15.5701560974
17.4512958527
15.2804174423
12.4961309433
17.6421070099
16.9630699158
19.1227970123
21.6908836365
23.8345355988
27.7830810547
24.0853900909
24.0164604187
19.8891201019
16.4143238068
17.2511749268
12.9543762207
17.3078804016
15.5439529419
18.3351612091
20.0453090668
18.9619445801
19.174571991
16.6424293518
15.3359193802
10.9948644638
9.38951396942
13.6414518356
15.5785245895
21.4672222137
20.6278877258
23.8078899384
24.318157196
25.4465579987
22.7532558441
27.018781662
23.0390758514
19.2761096954
17.7248458862
14.2845335007
13.8012809753
15.7946987152
12.4412097931
10.9233026505
8.52418708801
10.8137464523
13.1032009125
16.4221515656
18.8480262756
22.7107944489
24.5708618164
28.0972194672
26.8926143646
26.5488967896
23.3315753937
20.8886508942
17.095281601
14.0942993164
11.5472650528
7.03671836853
6.38917779922
5.00058555603
