27.9395179749
21.7107715607
40.2648277283
14.3317680359
39.5873985291
26.9663715363
36.4275665283
37.3259544373
33.1527137756
46.4546089172
48.8743247986
48.8416671753
47.7184410095
45.3819694519
46.641242981
45.2717323303
42.9911651611
41.1237106323
36.4345855713
36.8631095886
32.273273468
34.2061271667
37.7385940552
40.0234146118
41.3730888367
43.508972168
43.1437034607
29.6768836975
55.1890525818
26.8397960663
55.5595169067
40.2076225281
52.4910926819
53.0609741211
48.099155426
58.0422935486
60.0857658386
59.4216270447
58.5665664673
56.1278190613
56.4735183716
55.1798095703
53.5761795044
50.9541320801
40.1032371521
42.438873291
38.9232215881
39.3772277832
42.632144928
43.4574050903
45.2704772949
46.0679740906
21.7093677521
33.164276123
15.1018486023
39.2620697021
19.8706684113
23.1388664246
30.4963111877
18.9589672089
24.475566864
18.7600212097
21.0549697876
23.8563289642
25.256855011
26.1313877106
28.9080238342
30.8213291168
31.0726852417
30.5397129059
54.539855957
54.1199798584
49.8142051697
49.0745773315
50.8248405457
52.3613853455
50.6744880676
53.4626312256
11.9392213821
23.7922515869
13.0298442841
29.293762207
16.1559886932
12.5787677765
25.6774196625
13.5510625839
16.4542350769
20.323638916
23.20753479
25.3048801422
26.0358905792
25.9066162109
28.7565860748
30.068271637
29.6187648773
28.662109375
49.6373100281
49.287612915
44.6420822144
44.3976593018
46.5965385437
48.3688735962
47.1285820007
49.9410247803
12.4202823639
14.2467384338
22.7276954651
19.4197635651
24.6437568665
11.7108783722
26.1895484924
22.262430191
21.255115509
27.3599376678
29.9509792328
30.5004463196
30.188577652
28.5769786835
30.3982334137
30.3066291809
28.9867305756
27.0369243622
39.1558647156
39.3703193665
34.4236183167
34.3916130066
37.2012557983
39.0297355652
38.5443382263
41.1801986694
36.49741745
43.3766021729
34.6954231262
50.5165710449
41.2448043823
40.8486289978
39.1123695374
41.8329658508
47.5290641785
21.6127071381
20.1975517273
17.4449424744
18.3315639496
18.2180213928
15.5105762482
17.3300266266
20.4986000061
18.5075836182
41.1938362122
41.937374115
39.5742378235
36.3049240112
36.2063179016
35.7060775757
32.8260040283
34.3551445007
36.49741745
43.3766021729
34.6954231262
50.5165710449
41.2448043823
40.8486289978
39.1123695374
41.8329658508
47.5290641785
21.6127071381
20.1975517273
17.4449424744
18.3315639496
18.2180213928
15.5105762482
17.3300266266
20.4986000061
18.5075836182
41.1938362122
41.937374115
39.5742378235
36.3049240112
36.2063179016
35.7060775757
32.8260040283
34.3551445007
34.0978660583
35.0839996338
35.4317741394
43.7847709656
41.543346405
35.3055839539
41.4345092773
40.8225479126
43.9126434326
25.4853076935
25.4055633545
23.8412570953
24.9700469971
24.3178215027
22.8779888153
24.1291294098
25.954416275
23.0766849518
39.2888565063
40.4347000122
37.5826339722
34.6529273987
35.4201850891
35.1286697388
33.1105270386
34.5135192871
10.8141431808
27.8579978943
18.0117149353
27.8636379242
20.0143795013
20.5354671478
15.2571592331
20.1852684021
24.5347805023
23.1497325897
25.5767154694
26.0122947693
24.2552165985
22.34907341
25.0643386841
24.0636291504
21.4397640228
21.5230026245
37.3269615173
35.6922874451
31.4364585876
32.5701789856
34.6026153564
37.4288215637
36.6928901672
40.0785179138
16.4364414215
14.4953384399
25.9525279999
20.2308635712
28.4316539764
15.4135322571
29.5975627899
26.1209087372
25.0591144562
28.5708904266
30.8827075958
31.0856723785
30.870967865
29.1717987061
30.4608974457
30.3131084442
29.25532341
26.8520965576
37.1465454102
37.8940620422
32.9649429321
32.4118499756
35.286605835
36.779548645
36.3307189941
38.7445602417
36.4757003784
24.2892856598
43.5066223145
34.5880737305
47.0041923523
32.1860771179
48.2413330078
44.5465354919
42.402179718
40.9378089905
42.1383094788
41.4864006042
42.1515083313
40.8361701965
40.4044380188
40.7177886963
41.0509109497
37.8817405701
43.2930335999
45.7232246399
41.8742599487
39.5716209412
41.7970428467
41.4448432922
40.8938903809
41.6964988708
40.7345199585
26.871339798
46.7860679626
39.1234550476
51.1529159546
35.1491622925
54.6032562256
48.3744392395
46.0865135193
42.0282096863
42.8615341187
42.0921630859
43.5090065002
42.6196937561
41.6145858765
42.6184844971
43.9552230835
40.2105865479
47.3900489807
50.8453445435
47.0852127075
43.5127258301
45.5415306091
44.1986694336
43.2355690002
43.4048881531
35.6785354614
24.6270179749
41.740688324
36.1556091309
46.4176864624
31.7382698059
48.5530700684
44.0246582031
42.8097877502
36.393196106
37.2336387634
36.225566864
37.3284797668
36.1918487549
35.1405563354
35.9176101685
37.1046600342
33.3214187622
41.3997192383
44.572719574
40.7677993774
37.2076759338
39.2005577087
38.0817642212
36.984172821
37.4709396362
11.1359977722
21.0486965179
17.1986999512
26.1950969696
21.3844337463
15.1402482986
23.1102733612
20.0154914856
22.7962055206
19.1699848175
21.7866725922
22.3940544128
22.1111469269
20.685546875
22.8256320953
23.1248912811
22.1209030151
20.4106311798
38.8211669922
38.6801490784
34.0250663757
33.5384254456
35.8030815125
37.5803413391
36.467086792
39.3265037537
18.2442531586
35.2123527527
8.91268157959
39.7670211792
16.5429992676
24.7574100494
22.2232131958
17.7701034546
26.4466247559
8.48280620575
11.5978326797
14.5295667648
14.9497900009
15.7949123383
19.6068840027
21.3908424377
21.2942237854
21.8421058655
49.1036453247
47.9446220398
44.0571098328
43.6662139893
44.9621582031
46.8372573853
44.9596061707
48.0455360413
28.4497928619
42.5193862915
22.6749916077
47.6572380066
29.9399223328
35.7208137512
28.1090812683
31.6930847168
39.9003410339
7.8041510582
6.39028596878
4.14011049271
3.83628749847
6.2346367836
8.9350643158
10.9472808838
12.0158061981
42.6804580688
41.6745605469
38.9036102295
37.3618545532
37.5318603516
38.7132415771
36.1159477234
38.9361152649
20.35754776
34.8832626343
20.684928894
37.4132881165
26.0337486267
29.2294712067
19.4144172668
27.3805274963
34.089679718
15.6151943207
16.9261360168
15.8001718521
13.149887085
10.2706394196
12.4320249557
10.8584699631
8.13463973999
8.38646888733
33.0846443176
31.6074829102
28.1440677643
27.777305603
28.7544384003
30.985956192
29.2580547333
32.670791626
21.7270145416
38.5424690247
16.1560878754
42.1082496643
22.8762817383
30.3561439514
20.5291442871
24.8871803284
33.4504699707
8.29860782623
9.80563259125
10.1705160141
8.06258010864
7.36559057236
11.5696182251
12.2907075882
11.6235208511
13.1423997879
41.7676506042
40.2333068848
36.9522514343
36.4436531067
37.1747512817
39.1265983582
37.0551681519
40.2861022949
24.1746807098
40.4572105408
13.8849554062
45.6097373962
21.3690242767
30.4913311005
26.0789375305
23.1051807404
32.1324806213
5.71476364136
7.68907117844
11.3206672668
12.3901576996
14.4187860489
17.9880580902
20.4206752777
21.1476383209
22.1258201599
51.4657897949
50.2896308899
46.7850570679
46.010761261
46.8824424744
48.492729187
46.2774276733
49.2476463318
58.9325675964
44.4724655151
70.4894561768
45.4369316101
72.4699935913
56.7334480286
67.1291732788
70.3195953369
66.6609573364
68.8759307861
69.9870300293
68.1067733765
67.2181167603
64.4909210205
63.1204109192
61.3794975281
60.4593505859
57.1472740173
36.5771903992
41.2159767151
39.7860221863
38.0089530945
40.1668663025
38.7622680664
41.0409622192
39.7448577881
31.2360954285
15.7922067642
43.2691078186
19.0986652374
44.663394928
27.5709095001
43.0867919922
41.9517211914
37.6997299194
45.161441803
47.1018829346
46.426486969
45.9236984253
43.6222343445
43.7770690918
42.8297576904
41.6443443298
38.5617485046
34.0520172119
36.5819511414
32.1043243408
31.3271160126
34.7545623779
35.3933677673
36.3126945496
37.5062904358
29.971654892
33.2050704956
39.7971420288
29.73005867
41.2720146179
35.5723419189
30.3708629608
41.0971031189
42.13048172
40.5518875122
42.0687561035
40.5717887878
38.1549873352
34.9311256409
35.1276054382
32.2624359131
29.2473831177
27.8037853241
16.440776825
15.3138542175
10.5437259674
13.9825410843
17.176486969
20.7291851044
22.3072414398
25.2175731659
47.5195579529
42.1787986755
55.2871017456
45.8201217651
59.5005187988
49.4543685913
52.2199172974
58.7174987793
59.4483528137
48.5108680725
48.6966438293
45.8977050781
44.696018219
41.9511070251
39.5150260925
37.5106010437
37.2564849854
33.9750823975
17.7128982544
22.9699020386
22.2848186493
17.2344703674
17.7609176636
14.4580965042
15.3074922562
13.3658161163
47.7998123169
44.5921974182
56.4630813599
45.0027656555
59.7033615112
51.1328010559
49.9643440247
59.26795578
60.0495910645
51.74741745
52.2196846008
49.5486412048
47.6435699463
44.5289764404
42.6342926025
39.8945617676
38.555519104
36.003364563
9.77563476562
15.1191062927
15.5826835632
12.3814821243
13.1056613922
11.4775266647
14.4734115601
13.6194915771
47.7092170715
47.955406189
57.4724655151
43.2217788696
58.7005386353
52.6670303345
46.16563797
58.6836776733
59.1776771545
57.0574913025
58.1277351379
56.0609855652
53.4246444702
50.0859909058
49.4316368103
46.129524231
43.3328437805
42.0260124207
14.8256912231
14.2777318954
15.1046094894
18.5557670593
19.9701290131
22.4165649414
25.6737918854
26.8285446167
36.5067520142
31.0385951996
43.9128570557
37.0416984558
48.4307670593
37.471282959
43.9523162842
47.2565689087
47.8663444519
37.5915756226
38.1266441345
35.8428497314
35.2011833191
32.7463264465
30.8611755371
29.657831192
29.7464447021
25.9509811401
23.2446651459
26.964389801
23.9692668915
19.5190982819
21.2657814026
19.7596073151
19.1273174286
19.4695205688
22.3572101593
25.7120170593
30.7843093872
27.7374973297
34.1707115173
27.045173645
27.6384658813
33.5770301819
35.3971061707
28.9735870361
30.4831466675
29.0623836517
27.4059696198
24.4767875671
24.5943088531
22.7053508759
20.7446746826
18.1245594025
22.8821983337
23.2983760834
18.6091575623
17.7831115723
20.479516983
22.4407653809
22.0775146484
24.990322113
49.6624259949
51.1448707581
52.1916007996
56.8987388611
58.3282203674
53.8449821472
51.5621337891
58.6670722961
62.7744789124
39.824672699
38.6301269531
35.0127639771
34.0850982666
32.1258430481
28.2841205597
26.8898525238
28.4849967957
25.8152866364
27.5378608704
30.1965522766
30.2678050995
24.920841217
23.0727462769
19.8728237152
16.857175827
15.8079319
58.0158615112
60.2253265381
57.4958572388
68.0297470093
64.6107559204
61.6131401062
60.3925323486
65.1166229248
70.1655349731
42.1799468994
40.0585174561
36.5118331909
36.7587280273
36.1447296143
31.9570007324
32.1717605591
35.2846107483
33.1679878235
43.1642494202
45.4414634705
45.388053894
40.2468795776
38.42918396
35.4952583313
32.3266944885
31.4106330872
57.2178764343
55.9213829041
59.0331001282
63.8111572266
65.6859054565
59.5993347168
61.3622665405
65.5972976685
69.1761550903
45.331829071
43.8003845215
40.3661155701
40.5141296387
39.3342857361
35.3256111145
35.1230125427
37.6785697937
34.7630691528
38.6753540039
42.023815155
41.8492355347
36.2476119995
34.8133773804
31.2050018311
28.5677394867
26.8212432861
37.1492919922
31.9987640381
43.393573761
39.3568916321
48.4615592957
37.8099708557
45.0822563171
47.2926368713
48.2961235046
35.7043838501
35.9974098206
33.6522674561
33.4101829529
31.2663707733
29.1091384888
28.4041500092
29.1401081085
25.192489624
27.0093040466
30.551656723
27.677778244
23.0401592255
24.3601646423
22.5901699066
21.3287658691
21.5287208557
36.2174186707
33.6259803772
40.4581413269
41.9028434753
46.271900177
37.3705596924
43.9010314941
45.3575630188
47.4452514648
30.8501873016
30.7986621857
28.352684021
28.5159225464
26.7731895447
24.3462734222
24.2828159332
25.7994098663
21.8294849396
30.8502044678
33.7298660278
30.8951587677
26.3359947205
27.1955356598
25.601480484
23.5706367493
24.1228466034
34.4423484802
34.3467178345
37.9117202759
42.0542564392
43.9270553589
36.679359436
41.063041687
43.3420906067
46.2374763489
27.7058830261
27.5525550842
24.9481048584
24.9080371857
23.0906887054
20.5769748688
20.4447231293
22.0321578979
18.1029548645
30.2063064575
32.5287246704
29.6981887817
25.3705730438
26.05052948
24.8468532562
22.5350704193
23.5766868591
44.6620445251
46.9662017822
43.8989257812
55.8025016785
51.1037101746
47.2942008972
49.5865936279
51.1472740173
55.7885017395
29.0790557861
27.3743190765
24.3007926941
25.3846549988
25.0848846436
21.4591732025
22.8219127655
26.3527755737
23.5721855164
41.2902870178
43.2753410339
41.5020065308
36.8793983459
36.3322219849
34.4715614319
31.3498649597
31.7356948853
44.6620445251
46.9662017822
43.8989257812
55.8025016785
51.1037101746
47.2942008972
49.5865936279
51.1472740173
55.7885017395
29.0790557861
27.3743190765
24.3007926941
25.3846549988
25.0848846436
21.4591732025
22.8219127655
26.3527755737
23.5721855164
41.2902870178
43.2753410339
41.5020065308
36.8793983459
36.3322219849
34.4715614319
31.3498649597
31.7356948853
51.1760597229
47.138874054
53.7763137817
56.445526123
60.2429275513
51.6981010437
58.249912262
59.4648246765
61.8344039917
41.3377761841
40.3035430908
37.4335098267
38.2072067261
37.1792144775
33.7398643494
34.1688194275
36.7609176636
33.2264022827
39.7002601624
43.3549575806
41.8988227844
36.4474029541
36.1391906738
32.9989509583
30.661863327
29.4884643555
57.9496421814
51.6627464294
62.1062660217
60.1184883118
68.1290359497
58.1784706116
64.8210754395
67.2083740234
68.7734146118
50.5832214355
49.7055664062
46.7049484253
47.055431366
45.6118469238
42.1165466309
41.8915977478
43.9446258545
40.3780136108
39.0611076355
43.5350036621
42.8086013794
37.1159095764
36.6188774109
32.7329177856
31.0957317352
28.8122558594
58.0290489197
50.2247276306
63.5229530334
57.9396476746
69.0550460815
57.944065094
65.1407089233
67.9445495605
68.7674331665
53.307800293
52.7446060181
49.8168258667
49.893321991
48.1247367859
44.8528404236
44.2471504211
45.7905273438
42.1300048828
36.3598556519
41.2665939331
40.6072998047
35.0336647034
34.8087654114
30.8344421387
29.8487529755
27.2672080994
