59.2944335938
58.8793869019
59.1402168274
62.2759132385
62.8109931946
59.0201759338
61.1348266602
68.2789382935
64.6170425415
64.3123855591
63.9054298401
60.4897346497
58.0232200623
55.9869384766
56.9939079285
39.6657409668
53.127281189
53.2710800171
52.6522979736
56.8357048035
56.71824646
61.0384674072
60.3252029419
65.1725158691
63.7651176453
67.541305542
67.9393768311
73.256072998
73.2735748291
77.4096908569
76.7196350098
79.8739776611
62.7429428101
81.9291687012
78.988243103
74.6900405884
74.2548904419
71.1012115479
66.3103103638
66.6655197144
67.234413147
60.916847229
59.5396652222
56.1319084167
54.3574981689
53.7297554016
54.2168235779
53.0081596375
56.2192382812
57.9141845703
59.3304214478
59.4528198242
61.2559280396
62.9453735352
63.7100982666
64.5025863647
66.6848373413
69.549446106
73.2700424194
70.479850769
72.7336349487
70.4418411255
68.5777740479
65.7259292603
64.5612335205
61.7778930664
62.2306137085
57.7304763794
61.2409095764
56.5955467224
56.7817230225
57.3465805054
56.5473022461
58.4079208374
62.2726097107
61.6603050232
59.3067474365
62.6481666565
65.2913589478
60.2933502197
59.9489250183
61.9526138306
68.1305236816
65.143157959
64.1404647827
65.6458892822
70.3650665283
67.222984314
67.7610931396
69.6983718872
72.3953704834
75.2223815918
71.3648147583
72.4032211304
69.202293396
68.7336196899
67.3563461304
64.4633178711
60.8639526367
60.9904708862
57.7024841309
62.0626869202
59.6091003418
57.7099838257
62.5838470459
62.1473236084
56.9962234497
58.2901687622
53.0752868652
53.8911323547
57.1737060547
58.1513671875
51.9873733521
55.1858100891
55.6351013184
51.5716819763
55.5913085938
57.024810791
58.9470329285
58.4764175415
62.6575279236
64.4766998291
69.0485305786
68.2685089111
65.1439590454
63.1234397888
73.4563140869
68.0381240845
66.5431594849
67.0938949585
73.9052810669
70.4502105713
68.6062774658
69.3139648438
70.0683517456
72.4777679443
72.6308135986
68.9715805054
67.9208221436
66.5272369385
63.038936615
62.1731758118
58.9940414429
58.7045478821
61.7864761353
64.96925354
66.0314025879
66.6364974976
66.6303710938
69.8110809326
71.0734939575
69.0310058594
69.9341583252
73.2446975708
74.4851303101
71.660987854
74.5546417236
77.9545135498
72.6475296021
34.1270599365
34.4126815796
35.9264984131
34.1059684753
33.2831573486
32.3063163757
37.2658576965
32.6569595337
33.9368247986
35.9034080505
38.9813346863
37.928314209
40.0701751709
40.6912536621
54.6915664673
35.3697052002
37.819683075
37.6444892883
37.1307220459
33.3356933594
32.2126998901
29.7835731506
31.2046279907
27.7902107239
30.3847560883
29.2452945709
30.1878795624
29.9876098633
30.9160346985
32.8007049561
32.0058479309
33.9219856262
25.5628242493
31.7771892548
29.1266803741
27.5794734955
27.405620575
26.9939937592
31.8890686035
29.7648468018
26.1454639435
31.2424087524
31.6617126465
32.4861717224
36.5344772339
36.0886497498
36.3868408203
36.0618553162
32.5812454224
31.8773975372
31.6012935638
30.7887268066
30.0196247101
28.8234176636
27.5311698914
28.0255451202
26.9937973022
23.9539222717
23.8301124573
25.9987754822
26.4653663635
27.627948761
28.1774539948
30.7530498505
32.8190689087
36.2997703552
37.8452301025
40.6780395508
41.024143219
42.7952575684
41.1076278687
42.527973175
42.0380859375
37.9589691162
40.3962593079
39.4843177795
37.7259063721
36.6112861633
37.6643981934
39.0186271667
35.1986122131
32.4542922974
32.7004585266
32.6372756958
30.0067024231
29.5818653107
30.2205562592
30.0169448853
28.221572876
29.0872459412
28.633310318
28.4283180237
29.1368160248
30.537191391
31.8900356293
33.0006103516
35.1093788147
35.3489532471
39.9434051514
37.7225189209
41.512512207
42.8541488647
43.4180679321
44.5886878967
44.8653793335
46.8850631714
49.5929641724
52.8079986572
51.4736785889
49.0265846252
49.9174346924
55.6462516785
50.8435287476
47.2807846069
52.162437439
54.5288124084
51.8264541626
47.3694229126
47.808631897
47.0110855103
42.2677536011
46.0813217163
42.506980896
45.4090270996
43.499835968
42.7061347961
43.2649993896
41.045501709
39.2907524109
38.0869369507
38.5161743164
37.213722229
35.0596084595
35.8715896606
35.0359230042
31.7865524292
36.8181037903
37.6853981018
36.6799621582
39.5175094604
40.2057189941
39.7615699768
41.0941314697
42.1928367615
43.9273223877
39.4915771484
42.0348052979
37.8549537659
35.7846069336
37.5611228943
35.9841270447
33.1617355347
31.976568222
33.4960746765
32.1528129578
29.6968994141
28.617685318
31.9428787231
32.7574615479
31.1829528809
31.2982845306
33.3562316895
31.6648597717
30.6008033752
32.1032333374
35.3220329285
30.5830974579
31.7291755676
33.648765564
37.3607444763
36.0208702087
37.8869895935
38.3281517029
46.6826210022
40.1750831604
35.0305862427
35.0210990906
34.5839767456
29.8236351013
28.7961711884
26.1530170441
28.1644802094
24.1513671875
27.3779430389
26.8670940399
28.4521198273
28.3843002319
29.9415035248
32.0559844971
31.4129962921
33.3300437927
38.8552131653
31.5567550659
29.0894565582
26.6845169067
25.5931987762
24.5050525665
29.1617984772
26.9081935883
22.0051269531
28.0300750732
28.0924415588
29.4596786499
33.9573631287
33.1869392395
33.487903595
33.0958709717
28.9852485657
28.5997524261
28.094083786
27.4741783142
26.2601032257
25.3234786987
23.8564548492
24.1201934814
22.9773025513
20.0808601379
20.1099796295
22.3357048035
23.4887256622
24.7682209015
24.9957923889
27.7457027435
30.091386795
33.8674316406
35.1163215637
38.4451560974
38.3471374512
40.393447876
38.4522781372
39.8187828064
39.3979072571
35.5255241394
37.5979690552
36.6340751648
34.7764511108
33.9681510925
34.9242134094
36.656627655
31.9848747253
29.0890197754
29.8418331146
29.9217033386
26.3696155548
26.3555850983
27.1933860779
26.7811565399
24.8125343323
25.6882419586
25.9878559113
25.6632347107
26.0919475555
28.2190341949
29.2870998383
30.5611972809
32.2117004395
33.0607261658
38.2369651794
35.0842132568
39.0506858826
40.8006210327
41.3299179077
42.0320014954
42.615776062
44.7663345337
47.6346702576
50.3080596924
49.2264595032
46.6040000916
47.7827224731
51.6705436707
48.2525901794
44.8319625854
49.6036682129
50.8081626892
47.7325820923
49.2009468079
44.3436088562
44.609790802
39.5232124329
44.1204528809
40.3230438232
43.2237968445
41.058467865
40.5720214844
39.6504974365
39.4089126587
37.0066986084
36.1291427612
36.1239280701
34.75157547
32.3018035889
34.2646179199
33.0623435974
30.8352012634
34.8239440918
35.4509849548
34.5890464783
37.3367004395
37.808807373
37.7947311401
39.0108337402
40.1989593506
42.1406211853
37.6817245483
40.0505943298
35.7796592712
33.8818664551
36.0472450256
34.345954895
31.0138320923
29.5978870392
32.2324790955
30.2875881195
27.1633396149
27.1459617615
30.3647994995
30.9304389954
30.2202033997
30.582025528
32.4605140686
30.6069660187
29.5492362976
31.1998271942
34.4360618591
29.5999088287
31.0293292999
33.1587409973
36.6074142456
35.2986526489
37.0797309875
37.542804718
46.0864486694
39.2162628174
34.3509140015
34.2367897034
33.8461952209
29.240480423
28.1229686737
25.4979610443
27.4990825653
23.7365779877
26.7233982086
26.4409923553
27.9210624695
28.3903923035
29.2240982056
31.7871608734
30.5550251007
32.7138900757
38.4433937073
31.345905304
29.0645809174
26.3376502991
25.8498973846
23.5795059204
28.3971443176
25.9829139709
21.4120864868
27.0922966003
27.3385734558
28.6936588287
33.0800209045
32.5122299194
32.9175300598
32.5215110779
28.3782997131
28.0170898438
27.5018348694
26.8690471649
25.5687942505
24.895483017
23.3290348053
23.5628852844
22.461523056
19.9753799438
20.1029834747
21.6566181183
22.6885604858
23.4331531525
24.0349273682
26.6192359924
29.1338233948
32.9509048462
34.2737503052
37.7446098328
37.6648750305
39.8606147766
37.8525848389
39.4699440002
38.7992668152
34.8298339844
37.0054244995
36.1298789978
34.1739807129
33.2144012451
34.4324111938
36.1965942383
31.4591140747
28.4585208893
29.3318881989
29.429813385
26.0295352936
25.8106937408
26.7613525391
26.6304855347
24.6238994598
25.3788909912
25.776758194
25.5238780975
25.4722537994
27.3077831268
28.3309993744
29.3663082123
31.3076171875
31.9661006927
37.2065620422
34.1815681458
38.2567062378
40.0215873718
40.6484489441
41.5601463318
41.9076385498
44.1561927795
47.050945282
50.0388946533
48.8623046875
46.2249412537
47.404499054
51.1549758911
47.9753875732
44.5267944336
49.5946044922
50.4200325012
47.6626815796
49.1564178467
44.2741394043
45.2888221741
44.2091293335
39.1128120422
43.507183075
39.629486084
42.5953712463
40.5800895691
39.915145874
38.6664161682
38.7522506714
36.3566818237
35.4357070923
35.6356544495
34.3321914673
31.7760639191
33.4910507202
32.1151008606
30.136516571
33.8535308838
34.553401947
33.5675735474
36.3765945435
36.8855018616
36.7944717407
38.1945381165
39.396232605
41.2496948242
36.8477020264
39.2011413574
35.0457191467
35.0717468262
33.1521110535
29.7329158783
28.3098220825
31.0663585663
29.1584835052
25.996263504
25.8712749481
29.4827671051
29.8453865051
