1.72651815414
4.53282785416
4.98480224609
6.86618423462
12.1279344559
12.2398805618
16.4870948792
18.8672885895
18.9666881561
19.2460727692
19.5503025055
21.5232982635
21.4489421844
22.6244392395
19.824798584
17.5000648499
15.6524105072
16.1436653137
14.0851659775
16.4674510956
12.3302059174
13.8859624863
10.1067438126
9.91368579865
11.6504030228
13.6571731567
14.6346788406
13.7746648788
15.5042638779
12.7689313889
13.5447492599
10.1299886703
13.924074173
12.1392021179
13.9772911072
19.3930950165
21.5425930023
18.4395046234
15.5203018188
20.2127780914
21.3628921509
16.5386428833
16.5122585297
20.6058826447
19.6987819672
16.2472381592
21.1446533203
23.0908260345
22.4108142853
27.157491684
27.0982456207
28.1518535614
23.9946899414
20.4651947021
18.0009498596
15.2287330627
13.3690328598
10.1106557846
10.0889778137
5.85794258118
9.95813274384
7.10483455658
9.60459136963
13.604426384
10.3433589935
10.8884086609
7.67081212997
11.6914453506
10.2348022461
14.9096164703
18.3162727356
18.5085411072
21.8740463257
23.4845314026
27.2150611877
26.9012374878
31.0445995331
31.3989009857
28.9737567902
33.5639038086
35.1139335632
35.0132789612
36.0314750671
38.4927902222
40.8686294556
44.1023979187
43.3940010071
41.7998962402
39.3684654236
41.7101020813
43.9332008362
42.5609016418
37.8612747192
39.4150505066
41.6845664978
36.9769439697
33.9570922852
37.1744194031
37.5874557495
32.851348877
31.9021377563
35.5943069458
33.6236152649
30.1314754486
31.7355899811
33.3954467773
29.1387195587
28.6485328674
32.4197769165
32.7200317383
29.3432979584
32.6847305298
27.4552097321
29.216835022
26.4046592712
29.5566806793
27.5719432831
29.5661487579
28.3584365845
30.2975006104
27.0710334778
24.8784122467
27.8060073853
24.2971477509
28.0348587036
27.8176136017
30.0906887054
30.8631668091
32.3423805237
29.6262264252
29.448431015
25.1012191772
25.9381542206
22.3207435608
20.6036567688
24.3165740967
22.4945220947
19.9095516205
24.049238205
25.9941902161
21.2273349762
19.1864566803
23.9407444
26.7755889893
26.3386440277
30.4123191833
29.8112888336
25.3010749817
20.8777198792
23.8916740417
27.286699295
27.3648052216
30.5893268585
29.1305828094
31.6918010712
34.9730453491
36.2250175476
34.2673339844
34.305316925
37.7833328247
41.1337089539
39.7545814514
36.3769416809
39.3685722351
42.9162559509
39.8448181152
39.0816879272
36.9721221924
37.3143959045
34.251991272
36.0402450562
34.6593513489
37.2577362061
34.8675117493
32.4852561951
37.0943336487
39.4197883606
34.6737442017
35.155632019
38.7436141968
38.2187995911
35.1987876892
40.3239784241
41.2244186401
38.1130561829
38.1537475586
43.0544509888
43.7816848755
42.8421630859
43.4666938782
40.1759567261
42.2832336426
41.9055404663
40.6164932251
39.3640365601
40.1826972961
40.1357803345
39.0475997925
44.4779701233
43.6104125977
40.5361595154
43.95470047
47.7874832153
44.760799408
44.6378746033
48.280292511
49.8181877136
48.9607963562
48.5011901855
51.0274047852
52.0143966675
50.2041549683
53.8774147034
53.9459724426
55.757610321
51.7354850769
47.3661651611
50.8767318726
49.4435882568
48.8251724243
51.5883483887
49.1535072327
45.4032478333
44.2782707214
43.7568016052
49.6181106567
49.7095413208
54.2477607727
54.0848846436
50.6596298218
53.7155990601
56.8833961487
53.3897399902
55.7527961731
52.7305183411
53.7120704651
54.8009605408
49.6493415833
53.3821220398
53.0642585754
48.4110908508
47.2362060547
50.4038085938
49.3283004761
47.762928009
50.015499115
52.6347923279
49.6827659607
46.8388633728
50.4677314758
48.8349990845
44.4037322998
44.2483520508
47.1391410828
46.3228111267
41.2028770447
43.3946685791
46.4481124878
46.6072921753
46.1579475403
42.5226287842
44.6928901672
47.4192085266
41.840473175
42.5639953613
40.1941833496
37.6200447083
38.6754074097
42.6069869995
41.5389900208
39.8021812439
44.6836471558
46.2555084229
48.6461143494
45.1393432617
42.6226615906
48.0126991272
46.701675415
42.3022880554
41.5520820618
36.3503723145
38.3645248413
36.7261543274
34.6961021423
36.7051124573
31.9839019775
33.7388534546
4.53282833099
2.93745088577
5.26449394226
6.68690252304
6.38114976883
10.1831855774
8.82833480835
13.7709350586
15.7918958664
15.2912969589
16.3432826996
16.287153244
18.0623168945
18.5721321106
20.2466773987
14.6616439819
12.3345108032
13.3412876129
10.6891298294
14.2227983475
10.6273546219
13.1218509674
11.0753917694
10.1741800308
13.7833185196
15.214802742
15.1978607178
14.5694475174
14.9806852341
12.1147155762
12.2643260956
8.15352630615
11.9943246841
9.18529510498
12.1669607162
20.5023975372
22.2921619415
18.9560699463
16.8076610565
21.8815021515
22.2794876099
17.3317184448
18.3427562714
22.3399791718
20.7061634064
18.233247757
23.27602005
24.2366008759
23.8870029449
27.9718875885
27.7585887909
28.2716808319
24.2751235962
20.3274402618
18.9927368164
16.1603317261
14.7276496887
12.1243667603
11.8463754654
7.60600996017
11.3666038513
7.9888086319
9.42386245728
13.1235799789
9.04545688629
10.4161987305
6.31268548965
11.3055505753
10.6100091934
14.6069307327
18.3169956207
17.3287296295
20.860118866
22.0054740906
25.2955856323
24.7939186096
29.2014942169
28.9648265839
26.4069595337
31.6491470337
32.8947715759
32.3260688782
33.5781555176
36.2615623474
38.3700485229
41.5549163818
41.2232666016
39.7907295227
37.6598930359
40.2535324097
42.7303314209
41.5944709778
36.7736854553
38.1857528687
40.9561195374
36.4005050659
33.0004615784
36.4546089172
37.4838790894
32.6233100891
31.3784599304
35.3941459656
33.925945282
30.3532848358
31.6838722229
33.8965454102
30.1049442291
29.2138614655
32.7184867859
33.7334976196
30.6200065613
33.4880218506
27.9487171173
29.1113739014
25.6586055756
28.4460277557
26.07072258
28.3321590424
26.4421443939
28.3315982819
24.8401985168
23.3023014069
26.447889328
23.0662899017
26.7744235992
27.0978984833
29.2655162811
30.5900192261
31.7824039459
29.1473140717
28.7332344055
24.7774620056
25.4302806854
21.3883705139
19.5688285828
24.1651172638
22.3602581024
19.3242683411
23.2475547791
26.0714912415
21.1202201843
18.4619159698
22.7459831238
25.1919574738
24.2638549805
27.9747982025
26.8773384094
22.4055042267
17.6110706329
20.3841991425
23.8116493225
24.1770267487
27.6422157288
26.6592159271
29.3006305695
32.7268600464
33.7882766724
32.3555717468
32.5774497986
36.4390945435
39.7741394043
38.744644165
35.1098365784
37.6814651489
41.5042495728
38.6615219116
38.2305259705
36.2320404053
37.1049804688
33.6526489258
35.811832428
34.5852584839
36.7747955322
34.0776634216
31.8338851929
36.4572181702
38.1446495056
33.3863945007
34.13073349
37.4535598755
36.5886878967
33.6224403381
39.0396118164
39.5143356323
36.0515213013
36.4911308289
41.3118019104
41.6820716858
40.5609550476
40.9451637268
37.8215866089
40.238445282
39.8481903076
38.0579528809
36.7701911926
37.3183403015
37.5500679016
36.8556976318
42.1523284912
41.0741195679
38.3313865662
41.9877586365
45.5661087036
42.34790802
42.7746772766
46.4191055298
47.5441017151
47.0421333313
46.8936538696
49.347568512
50.3308906555
48.7756843567
52.6617698669
53.016784668
54.8110389709
50.7502059937
46.4323501587
50.2465286255
48.6683006287
47.7487487793
50.4456100464
48.218334198
44.3560562134
43.0759658813
42.1782608032
48.1376037598
47.9402389526
52.5666389465
52.099773407
48.7774658203
51.6238708496
55.0310745239
51.2889709473
53.9036483765
51.1965065002
51.8179168701
53.1217041016
48.1599845886
51.6922416687
51.0269050598
46.5470619202
45.5203514099
48.5551452637
47.6115760803
46.3764533997
48.9019699097
51.6262435913
48.9569816589
45.8401985168
49.2120323181
48.0085334778
43.6834754944
43.076965332
46.1221199036
45.6972579956
40.3537139893
42.1818313599
45.6196937561
45.3736534119
45.5283432007
41.9942741394
44.5317764282
47.0651855469
41.1985855103
42.2663574219
40.2234115601
37.6767654419
39.2351570129
42.7549209595
41.4169464111
39.9537620544
44.8462715149
45.9556655884
48.3946838379
44.472743988
42.3254547119
47.9661521912
46.3216590881
42.1029891968
41.2195053101
36.146484375
37.6796646118
35.8814582825
33.5013580322
34.9441337585
30.354888916
31.5122756958
4.98480176926
5.2644944191
2.93961834908
5.07963705063
7.35690259933
9.9707660675
10.9393930435
15.3593559265
18.2947158813
18.7582702637
19.8533115387
20.3394317627
22.3025875092
23.1267776489
24.864025116
22.532409668
16.7158622742
17.4152984619
14.2529258728
16.5725765228
12.5365371704
13.2354183197
10.5625858307
8.06506538391
11.6939287186
14.3040103912
14.6820421219
15.1254253387
16.280424118
14.2986860275
15.4773855209
11.8791627884
16.3752479553
13.6248617172
16.6084384918
23.2818698883
25.5357723236
22.4271717072
19.7121944427
24.4679050446
25.6419658661
20.7564754486
20.9933738708
25.0689945221
23.9207630157
20.5860157013
25.4765110016
27.1733226776
26.2698440552
30.7143936157
30.3083572388
31.2946853638
27.4386386871
23.5667362213
21.4024410248
19.1129016876
16.825630188
14.1643695831
14.5176877975
10.143828392
13.730093956
9.91746139526
10.8766622543
15.6837043762
12.1697368622
14.2790155411
10.3483924866
15.1857414246
13.5162343979
17.9891910553
20.9207649231
19.8594646454
23.7025299072
24.3844833374
28.4200820923
28.4343757629
32.9129066467
32.8833236694
29.9059181213
34.917011261
36.5998420715
35.9493026733
36.8105888367
39.5971679688
41.883934021
44.8594894409
44.4659309387
43.1766586304
41.0757598877
43.4346847534
46.1063575745
44.6854705811
39.8890304565
41.6675796509
44.2663917542
39.5033493042
36.2627372742
40.0464820862
40.6405525208
35.7116661072
34.9298553467
38.9243583679
36.9931983948
33.6883163452
35.3268852234
37.2104949951
33.0740470886
32.6089782715
36.3400764465
36.8731536865
33.5898780823
36.9165153503
31.5403022766
33.0722503662
29.8082103729
32.8423957825
30.5074291229
32.5535964966
30.7843151093
32.4372634888
29.0294742584
27.446313858
30.2644920349
26.5184345245
29.8442001343
29.6027736664
31.4011497498
32.6348495483
34.4084014893
31.9137935638
31.986158371
27.8598155975
29.0868148804
25.2834339142
23.7187347412
27.9760341644
26.3237438202
23.4902858734
27.5431880951
29.9545326233
25.0668048859
22.6419200897
27.1249332428
29.7143516541
28.8291931152
32.5525817871
31.3825683594
26.9730453491
22.0283050537
24.7139930725
28.07188797
28.6172714233
32.1905059814
31.2663249969
33.8488502502
37.326007843
38.245552063
36.7527122498
37.1278762817
40.8997383118
44.2551498413
43.1365203857
39.5864219666
42.253036499
46.0235862732
43.09815979
42.5718917847
40.4800071716
41.1419830322
37.8962669373
39.869140625
38.5033760071
40.8829307556
38.3314323425
35.9406814575
40.4916572571
42.487651825
37.6581115723
38.1310958862
41.5846748352
40.8463134766
37.7134590149
42.9327507019
43.5858955383
40.1458320618
40.2848548889
45.1452789307
45.6594390869
44.3209381104
45.0918159485
42.0961494446
44.5780715942
44.3032264709
42.5205535889
41.3251953125
41.8658981323
42.1609115601
41.477230072
46.7799224854
45.6690826416
42.919834137
46.590423584
50.181137085
46.8760719299
47.3042373657
50.9893264771
52.0849304199
51.4831047058
51.3221588135
53.8541679382
54.8835678101
53.2861366272
57.1234207153
57.4034767151
59.175239563
55.1055831909
50.8045158386
54.5153236389
53.0013999939
52.1832923889
54.8981513977
52.5864830017
48.7661247253
47.4946632385
46.7026672363
52.671661377
52.5047264099
57.133266449
56.7076187134
53.3856773376
56.2457313538
59.6256332397
55.8723182678
58.4093322754
55.5797119141
56.2161216736
57.3764305115
52.3460388184
55.7931938171
55.2515487671
50.7622566223
49.5681152344
52.5263137817
51.4046897888
50.1860771179
52.5584907532
55.4453926086
52.575252533
49.6300811768
53.1529655457
51.8990325928
47.5099983215
47.1399803162
50.2331466675
49.6666259766
44.3999900818
46.4422988892
49.8110847473
49.7846717834
49.751083374
46.1755867004
48.5407943726
51.1217765808
45.3461303711
46.1219215393
43.9203109741
41.2594032288
42.50415802
46.2555236816
44.9762229919
43.2319412231
48.1392593384
49.4968757629
51.7997093201
47.9662895203
45.638469696
50.9946174622
49.3397903442
45.0287895203
43.9614219666
38.6538581848
40.3460121155
38.2736663818
36.125869751
37.656047821
32.8740386963
33.780418396
4.97924804688
6.68690347672
5.07963562012
2.88387322426
5.37388086319
9.23758506775
11.3144855499
14.3858947754
17.5321331024
19.0376586914
18.9840221405
20.2129516602
22.8100471497
23.4245815277
25.1148509979
22.5741786957
19.7358627319
17.2416858673
14.3010292053
14.8788080215
10.4956264496
10.4725551605
6.71774148941
5.98218297958
7.93795871735
10.1758337021
10.9304962158
11.2300901413
13.0715351105
11.4706954956
13.3948059082
10.8746166229
15.8345813751
14.7639751434
17.2401695251
23.6714191437
25.5914726257
22.3517494202
19.4865951538
24.0286026001
24.653799057
19.6783676147
19.4615192413
23.3424472809
22.0017948151
18.1700992584
22.8682365417
24.5947170258
23.0997695923
27.5544185638
26.9385681152
28.27967453
24.6638870239
20.912569046
18.1775741577
16.6426677704
13.5981683731
11.5118846893
13.100564003
9.43730163574
14.4419155121
11.7047176361
13.8035640717
18.063337326
14.4279108047
14.7795877457
10.9331674576
14.0612096786
11.1223993301
15.754863739
17.7984485626
17.2203369141
20.987241745
21.7998409271
26.3161239624
26.7321052551
31.0278625488
31.6039962769
28.5076560974
32.8025856018
34.9539146423
34.686580658
35.1304168701
37.7330551147
40.335521698
43.2625999451
42.487651825
41.1311721802
38.8418693542
40.9064674377
43.5380210876
41.844127655
37.1473770142
39.2128257751
41.4815597534
36.5586357117
33.5903282166
37.5425605774
37.6555519104
32.7249069214
32.416267395
36.3543434143
33.9843025208
31.0146865845
33.0196266174
34.6007766724
30.2765674591
30.2799606323
34.2433700562
34.4260215759
31.1820774078
35.0479316711
29.7172546387
31.6352348328
28.3858394623
32.1275405884
29.6358623505
31.0975608826
29.7227649689
31.0059356689
27.9154644012
25.9830970764
28.2669429779
24.2054023743
27.2589702606
26.5024967194
28.2343177795
29.1564846039
31.2367649078
28.803237915
29.2628097534
24.9914855957
26.7802600861
23.3867855072
22.3337745667
26.0903453827
25.0599021912
22.5945930481
27.024969101
29.2525806427
24.6878032684
22.7203769684
27.311668396
29.7898693085
29.4024753571
33.2964820862
32.4259490967
27.6481742859
23.2949390411
25.8503246307
29.5277462006
29.1029129028
32.6634178162
31.3074817657
33.5084190369
37.1183586121
37.6806602478
35.7442893982
36.6384124756
40.0529403687
43.4888801575
42.3366737366
39.1109657288
41.9881019592
45.7595596313
42.9905548096
42.1637458801
40.3756027222
40.6604499817
37.1292419434
38.5630378723
36.8307571411
39.3485336304
37.0785179138
34.3274917603
38.6502151489
41.2098503113
36.236328125
36.1982650757
39.8521995544
39.4166297913
36.0310401917
40.8676719666
41.8916091919
38.6995773315
38.3024711609
43.2092475891
44.0830383301
42.7194023132
44.0467071533
41.075088501
43.4454994202
43.4242706299
42.0282936096
41.1555709839
42.1219711304
42.4280586243
41.6875343323
46.95885849
45.6550064087
42.5759162903
46.2961387634
50.0310020447
46.4417915344
46.5618515015
50.4444198608
51.5619163513
50.4662818909
50.1971054077
52.9781227112
54.2424926758
52.5587806702
56.2956886292
56.6202659607
58.0792770386
53.9352493286
49.8723831177
53.4910583496
52.324382782
51.589263916
54.5303230286
52.3207244873
48.4514923096
47.5643081665
46.8727607727
52.523235321
52.710483551
57.1808738708
56.8793525696
53.3081436157
56.0898399353
59.2334403992
55.4139289856
57.5267028809
54.3165626526
55.0769920349
55.8673973083
50.6871490479
54.0689811707
53.8883552551
49.3000717163
47.8161239624
50.7510261536
49.3900146484
48.0266494751
50.1416702271
53.1543540955
50.0231208801
47.3277740479
51.0808486938
49.6900177002
45.2342529297
45.2471237183
48.390537262
47.621837616
42.4960746765
44.9257392883
48.1989974976
48.713886261
48.4316940308
44.8483161926
47.0035324097
49.4549751282
43.768661499
43.9935836792
41.66456604
38.8215370178
39.8180809021
43.682975769
42.4096908569
40.3712120056
45.2664680481
46.8548660278
48.9897232056
45.3048934937
42.7731933594
47.8358192444
46.2318382263
41.8423843384
40.7023620605
35.2735404968
37.201713562
35.1303367615
33.2668647766
35.214263916
30.3240089417
31.752571106
6.86618471146
6.38115119934
7.35690355301
5.37388038635
3.34963321686
7.14071989059
8.16019821167
10.7333030701
13.44805336
15.048201561
14.6183357239
16.0383892059
18.9208545685
19.7222003937
21.7082424164
19.4850845337
16.3252601624
13.640247345
12.7514438629
10.4240188599
10.7642240524
6.58272075653
8.11760044098
6.24257946014
6.92831325531
9.97192764282
10.2698011398
9.86065292358
9.38646507263
9.88197040558
7.76364660263
9.34712028503
7.1391749382
12.3664140701
12.1785736084
14.8457193375
23.5294780731
24.8102855682
21.2545547485
19.0689544678
23.8775463104
23.2978839874
18.15117836
18.7572879791
22.4267406464
20.1748962402
17.1909923553
22.0082187653
22.6010417938
21.2799682617
25.0439834595
24.2625694275
25.1511917114
21.7168121338
17.6043548584
15.8342065811
14.4391756058
11.6303567886
10.5281715393
9.22068881989
14.8710918427
12.5847225189
14.7618370056
18.1951446533
14.0191831589
13.4460611343
9.35938358307
11.4208259583
8.33652210236
12.4486904144
14.5185623169
13.2724790573
17.0733718872
17.8306026459
22.0282344818
22.3701877594
26.7509937286
27.195098877
24.0579128265
28.5125198364
30.5586719513
30.2097415924
30.7194061279
33.3486938477
35.8779220581
38.8311767578
38.1395835876
36.8027000427
34.6117553711
36.8092460632
39.5463256836
37.9976844788
33.2243461609
35.2031402588
37.7602233887
32.9299125671
29.7255935669
33.85754776
34.3721809387
29.3350467682
28.8720264435
33.0707550049
31.0384197235
28.0651912689
29.9577503204
31.9502868652
28.0264968872
27.7966594696
31.6123600006
32.3671760559
29.4248847961
33.0450553894
27.4118461609
28.9593067169
25.1351337433
28.9880714417
26.0753536224
27.4119281769
25.7319946289
26.7919578552
23.6842727661
22.0360488892
24.2450580597
20.1772899628
23.2247753143
22.8465614319
24.6574764252
25.9151248932
27.6650829315
25.242975235
25.5310230255
21.5249290466
23.2960014343
19.7191886902
18.8719120026
23.1214885712
22.4732818604
19.8511867523
24.3207492828
27.2393493652
22.7444629669
20.586473465
24.7836380005
26.8162822723
26.4103183746
30.0960521698
29.1021823883
24.1421012878
20.1327819824
22.342042923
26.220708847
25.2386837006
28.897064209
27.5877952576
29.57629776
33.3552017212
33.5687179565
31.7640972137
33.1050453186
36.5982513428
40.0612716675
39.1958312988
35.9586257935
38.6055679321
42.5965118408
40.143825531
39.4174499512
37.9495925903
38.4789505005
34.3954849243
35.8413581848
34.0524749756
36.2606277466
33.8723640442
31.0483932495
35.2721595764
37.5698509216
32.5171737671
32.4570960999
35.9862136841
35.4282646179
31.9764270782
36.8929100037
37.743927002
34.4214859009
34.108291626
38.9814720154
39.7443733215
38.3075332642
39.6518745422
36.7797393799
39.295249939
39.3878364563
37.856678009
37.1447296143
38.188949585
38.6931343079
38.2179031372
43.3360328674
41.7597694397
38.7317314148
42.6519737244
46.26720047
42.3871803284
42.7334938049
46.7224273682
47.5426902771
46.4481315613
46.3589935303
49.2083740234
50.5982818604
49.0774803162
52.9328575134
53.5371437073
54.799987793
50.5848960876
46.7058410645
50.5428924561
49.4517555237
48.4957466125
51.5139122009
49.5644798279
45.5707893372
44.8062858582
43.8550758362
49.3565216064
49.5328979492
53.9573745728
53.4849243164
49.8462524414
52.4043006897
55.5894012451
51.5473823547
53.6173706055
50.4671783447
51.0164833069
51.8042984009
46.704498291
49.9264144897
49.6448974609
45.1315155029
43.6484260559
46.5005645752
45.1675758362
43.9669647217
46.2148628235
49.3242645264
46.3417205811
43.4967346191
47.1305618286
46.0165138245
41.6204795837
41.4125366211
44.6955299377
44.1718521118
38.91198349
41.2154998779
44.7642784119
45.2112197876
45.3218460083
41.829624176
44.2146034241
46.4167060852
40.5179328918
40.7934570312
38.7091217041
35.8165206909
37.2130317688
40.7228660583
39.2055397034
37.3280677795
42.2382164001
43.485710144
45.6267127991
41.6442642212
39.3589477539
44.6024208069
42.756526947
38.4906196594
37.2800064087
31.9642353058
33.5733451843
31.4901542664
29.3827934265
31.1023674011
26.2984733582
27.6984195709
12.1279315948
10.1831827164
9.9707660675
9.2375869751
7.14071893692
3.24994182587
6.21513175964
7.21866989136
11.0364809036
13.9747552872
14.5733556747
16.5817012787
19.6002731323
21.8740940094
24.735452652
23.3788108826
18.9752922058
15.4099855423
14.4474964142
10.7761154175
9.90156269073
7.02287864685
6.81628227234
8.80044078827
6.82102155685
12.0567941666
12.3483934402
10.312333107
12.1036176682
10.8136787415
10.7104501724
12.5761461258
10.8962192535
16.2840957642
15.3066644669
19.1562404633
29.6258945465
30.8610801697
27.2260150909
25.3742771149
30.3487606049
29.495141983
24.3233604431
25.3491668701
28.9275817871
26.2277011871
23.6219100952
28.334903717
28.3130760193
26.7454090118
29.6869029999
28.3132362366
28.9397888184
26.2554721832
21.7925548553
20.872385025
20.2880382538
17.2592277527
17.0307388306
18.9597263336
15.5582208633
20.7568283081
17.6333198547
18.7457942963
22.5966892242
18.1028594971
18.8387794495
14.2822380066
16.96118927
14.1462659836
17.2030410767
18.2035427094
14.5704135895
18.8729133606
17.717206955
22.2426624298
23.2737979889
28.0461082458
27.887052536
23.7809085846
28.7175235748
31.0289096832
29.7541713715
29.839963913
32.9745826721
35.347743988
37.7611732483
37.5829582214
36.8249359131
35.2817802429
37.4343605042
40.947845459
39.3451576233
34.5149879456
36.8692741394
39.9812469482
35.1896133423
31.6646690369
36.7506599426
37.6157417297
32.3770675659
32.2395324707
36.8829154968
35.0226402283
32.4983024597
34.3989715576
36.7741546631
33.250164032
33.0480384827
36.6856956482
37.9060821533
35.255947113
38.7823944092
32.9613494873
34.084197998
29.5271453857
33.2393379211
29.7061729431
30.9180908203
28.3609542847
28.7131710052
25.5084819794
25.0081253052
26.7788677216
22.4837417603
24.5169296265
24.1663093567
24.9971466064
27.1557617188
29.2787914276
27.3865184784
28.1055622101
24.7849082947
27.1714267731
23.5018196106
23.0784435272
28.0007629395
27.7844562531
24.9228687286
29.1652641296
32.8374137878
28.3059673309
25.7050285339
29.3427257538
30.8156070709
29.8621807098
32.8921585083
31.074962616
26.2544975281
21.9371166229
23.301612854
27.1687393188
26.4084148407
30.5616855621
30.0553016663
31.8266181946
35.9298934937
35.3405075073
34.2959213257
36.4515914917
40.2796401978
43.7194900513
43.3743667603
39.993598938
42.0556297302
46.4226493835
44.3809089661
43.9884986877
42.7441177368
43.7412834167
39.1966590881
40.7972869873
38.977935791
40.7282943726
38.15234375
35.2886810303
39.2386245728
40.9861488342
35.8511772156
35.6613006592
38.8700637817
37.9942550659
34.3593025208
39.2423706055
39.6718215942
35.8739318848
35.6331520081
40.3139572144
40.7399330139
38.5807495117
40.3449058533
38.0951042175
41.2295761108
41.611995697
39.3349456787
38.9013557434
39.6285858154
40.7761383057
41.0493888855
45.8164787292
43.6923561096
41.1752090454
45.5335426331
48.7012901306
44.2070655823
45.4663848877
49.5657157898
49.5312004089
48.7330627441
49.1846961975
52.1016120911
53.6616210938
52.5428581238
56.6419944763
57.6997489929
58.7296791077
54.4318733215
50.8348731995
55.007976532
53.9147491455
52.5917892456
55.596370697
53.9815750122
49.8558502197
49.0162582397
47.5859489441
53.0557937622
52.9189224243
57.3835868835
56.4627990723
52.9223136902
55.0226249695
58.4693946838
53.9300041199
56.1217880249
53.1583595276
53.950466156
49.1149787903
51.7231178284
51.1243133545
46.9578475952
45.38621521
47.7889099121
46.3408699036
45.7935829163
48.1993217468
51.7890510559
48.9884910583
46.0189666748
49.4213752747
49.0398750305
44.7994804382
44.2392578125
47.8687973022
47.8120613098
42.3888969421
44.4439964294
48.5318641663
48.7782020569
49.6396636963
46.3183517456
49.0139694214
50.8428688049
44.6569595337
44.912651062
43.198223114
40.1775588989
41.9403076172
44.9901161194
43.0715370178
41.2296180725
46.0829925537
46.8699607849
48.7942619324
44.2483444214
42.3860435486
47.4794502258
44.9939422607
41.0067558289
39.2341957092
33.9140090942
34.8071212769
31.9892177582
29.6876754761
30.4492969513
25.6888561249
25.4993572235
12.2398767471
8.82833480835
10.9393939972
11.3144865036
8.16019535065
6.21513271332
3.61755657196
6.29342317581
8.46859836578
9.44621181488
11.0489234924
11.9977941513
14.5232973099
16.8999576569
19.8978176117
18.9401531219
14.0543260574
10.4194059372
10.3210954666
6.41506528854
8.59651279449
6.94866466522
9.89696788788
11.916472435
10.8872642517
16.0425834656
15.9286584854
13.9249305725
14.3055763245
12.1173620224
10.6269369125
10.813949585
8.29434108734
12.5493297577
10.810590744
14.9737901688
26.9078445435
27.8294353485
24.1697368622
23.0052986145
28.1657543182
26.8821334839
21.8665180206
23.76404953
27.2629623413
24.2654933929
22.7417526245
27.5847492218
26.8942737579
26.1966495514
28.7849578857
27.765203476
27.6964817047
24.7513046265
20.1950511932
20.4391479492
18.9967880249
17.1962661743
16.7113838196
17.5962276459
14.3496284485
18.7277145386
15.7561912537
16.5068721771
19.4292831421
14.8485651016
15.6931409836
11.4596643448
14.3726739883
13.1218318939
15.3960018158
17.613822937
13.7958049774
17.7336807251
17.0874156952
20.3112812042
20.4456863403
25.2971115112
24.4640331268
20.8598670959
26.6431922913
28.1264266968
26.6597766876
27.5209560394
30.6738605499
32.6307983398
35.3544464111
35.4984970093
34.5991973877
33.1311683655
35.757270813
39.0520019531
37.9499511719
33.0335769653
34.7740936279
38.2727584839
33.8217926025
29.9604816437
34.5504684448
36.1716995239
31.0413894653
30.1052322388
34.7817192078
33.6799087524
30.6906051636
32.041519165
34.910358429
31.8615894318
30.9807949066
34.2175827026
36.1017036438
33.6166305542
36.368270874
30.4339370728
30.9465942383
26.1920757294
29.208650589
25.6856212616
27.4382991791
24.4538497925
25.2426795959
21.7215671539
21.6064910889
24.0317001343
20.3582859039
22.9964981079
23.6531181335
25.0088367462
27.4013195038
28.6363430023
26.5329208374
26.4482345581
23.4275226593
24.8512172699
20.7205181122
19.7995548248
25.3339672089
24.686006546
21.4910240173
25.2806282043
29.4581394196
24.8329868317
21.8377914429
24.9956645966
26.2513389587
24.939704895
27.7307548523
25.7346038818
21.0623950958
16.586265564
17.9091587067
21.7247467041
21.2996292114
25.4270591736
25.2009334564
27.2237758636
31.2234287262
30.9395313263
30.2800197601
32.0257568359
36.1523132324
39.507019043
39.300453186
35.6655731201
37.4564094543
41.8777656555
39.8702392578
39.7636985779
38.4761428833
39.9017372131
35.3285140991
37.4054718018
35.9477157593
37.396697998
34.5211410522
32.0376396179
36.1584396362
37.2205734253
32.2638969421
32.6701507568
35.5979309082
34.3894195557
31.0925941467
36.4314918518
36.4252662659
32.4259490967
32.8773345947
37.4901580811
37.5202560425
35.6232795715
36.5823059082
34.1738243103
37.3310089111
37.4377059937
34.8810081482
34.1611671448
34.6263694763
35.741569519
36.0917167664
40.8354492188
38.8329315186
36.5444068909
40.8754081726
43.9226646423
39.6689910889
41.1467704773
45.0829544067
45.0451545715
44.6644706726
45.2034645081
47.8830795288
49.2525787354
48.2393722534
52.4417648315
53.5512580872
54.7858886719
50.5537986755
46.8159370422
51.1353378296
49.7795753479
48.3028030396
51.1447677612
49.57371521
45.4524154663
44.3909645081
42.7806015015
48.3940963745
48.0119400024
52.5518989563
51.5073013306
48.1233444214
50.2400856018
53.857421875
49.3671379089
51.90234375
49.3921852112
49.2131919861
50.3934173584
45.7251014709
48.473777771
47.5116996765
43.4116783142
42.2086868286
44.7193641663
43.6254730225
43.1403465271
45.8752937317
49.1922340393
46.7703018188
46.5599975586
46.3048782349
42.1806297302
41.1306648254
44.6718025208
44.8866386414
39.3135528564
40.8947257996
45.1086769104
44.7960014343
46.0099334717
42.7565536499
45.7386741638
47.5845985413
41.2781333923
42.1651992798
40.6964073181
37.9202919006
40.1309127808
42.8740921021
40.9082984924
39.5455932617
44.3727874756
44.7709655762
46.9470710754
42.2414512634
40.6930618286
46.2656555176
43.7994041443
39.956653595
38.4654388428
33.4981994629
34.1002922058
31.6431407928
28.8960533142
29.304599762
24.8532657623
24.6687068939
16.4870948792
13.7709341049
15.3593578339
14.3858995438
10.7333030701
7.21866989136
6.29342412949
2.54428863525
4.92869615555
9.32642841339
9.28817749023
12.0470628738
15.5554876328
18.4461421967
21.7984638214
21.2937221527
16.6199836731
13.0292072296
11.0067300797
8.24845027924
5.46877384186
6.08998966217
8.02347183228
12.2476854324
12.3651313782
16.7132530212
15.2617502213
12.228928566
13.0878419876
9.40097522736
9.73476219177
10.5747461319
10.5822095871
14.7464876175
15.1585454941
18.774646759
31.0765380859
31.5007667542
27.7223815918
26.7593669891
31.7123451233
29.4714279175
24.5265045166
26.3641414642
29.4232807159
25.7956848145
24.4078502655
28.8325424194
27.3696327209
26.0599346161
27.6846008301
26.0137424469
25.893453598
23.921957016
19.3174781799
20.0753803253
20.0410919189
17.6887397766
18.694940567
20.6376647949
18.1998653412
23.3600444794
20.9274673462
22.1419525146
24.8813991547
20.2555141449
19.9375305176
15.9214525223
16.8877353668
14.6264028549
15.8286104202
16.1287174225
10.7721862793
14.7512636185
12.6780195236
16.4475688934
17.6319999695
22.4760341644
21.9559745789
17.4768352509
22.7018871307
24.9130592346
23.2715187073
23.2882137299
26.5756340027
28.7966251373
31.11668396
31.1605701447
30.5742816925
29.3732471466
31.6801681519
35.4856796265
34.1230583191
29.27003479
31.5379981995
35.1481781006
30.6440162659
26.7880687714
32.2544975281
33.7524986267
28.5239162445
28.2759399414
33.2143096924
31.9399261475
29.6751556396
31.3430976868
34.2429695129
31.5182819366
31.0628452301
34.2830924988
36.277961731
34.2017707825
37.2842750549
31.3282222748
31.8456535339
26.5844573975
30.2847576141
26.1481933594
26.9734630585
23.8620681763
23.5162124634
20.4719371796
20.8735198975
22.153793335
18.0652160645
19.4884700775
19.8202648163
20.4297180176
23.3212509155
24.8818035126
23.2679233551
23.8218402863
21.3966083527
23.8137340546
20.2097702026
20.3685150146
25.6677150726
26.1589221954
23.355386734
27.2523117065
31.7273902893
27.6168823242
24.9805297852
27.6866321564
28.2980728149
27.331577301
29.761888504
27.7208461761
22.8443775177
19.504201889
19.8692512512
23.8870716095
22.0501708984
26.3135147095
26.0481529236
27.2506999969
31.5766334534
30.1650733948
29.5037078857
32.5793151855
36.4040489197
39.7840919495
39.9695587158
36.7057723999
38.2684059143
42.9106369019
41.4768066406
41.2549972534
40.5771560669
41.8948669434
36.6481208801
38.1620674133
36.2855033875
37.4509048462
34.7988967896
31.9035644531
35.4467124939
36.6908226013
31.5727825165
31.2584095001
34.1014289856
33.016998291
29.3131542206
34.1185073853
34.1976470947
30.1797943115
30.0387763977
34.519744873
34.7179222107
32.2847938538
34.2447814941
32.3530464172
35.7992095947
36.4638366699
33.9053344727
33.870136261
34.7151260376
36.2931060791
37.1152191162
41.4538383484
38.805973053
36.4811019897
41.1414527893
43.999671936
38.9585227966
40.6943092346
44.924911499
44.2732925415
43.4699745178
44.2852249146
47.3032913208
49.0924606323
48.2944488525
52.5234909058
54.0472221375
54.6983070374
50.3457374573
47.1714782715
51.6131324768
50.6955680847
49.0357971191
52.1239929199
50.9768180847
46.73802948
46.1365509033
44.3072776794
49.3869552612
49.2420730591
53.5430717468
52.3363265991
48.7305755615
50.3703727722
53.8356628418
48.9288253784
50.9818267822
48.2319831848
47.7210273743
48.4496879578
43.8386764526
46.0310134888
45.2665710449
41.3268127441
39.7241516113
41.8639831543
40.4257621765
40.2713279724
42.8558158875
46.6458282471
44.1299247742
40.9831314087
44.1198043823
44.2978210449
40.2658576965
39.3440895081
43.188117981
43.570941925
38.0692710876
39.8687973022
44.3723754883
44.5433731079
46.0657424927
42.9916229248
45.9696311951
47.3211250305
40.9445114136
41.1998329163
39.9503974915
39.2353019714
41.6081848145
39.3120918274
37.7507667542
42.468208313
42.662399292
44.4987449646
39.497051239
38.1351852417
43.330039978
40.4118537903
36.762348175
34.808807373
29.8384647369
30.0157299042
27.0841522217
24.3753681183
24.4594154358
19.9589576721
19.2775993347
18.8672866821
15.791893959
18.2947120667
17.5321273804
13.448056221
11.0364780426
8.46859931946
4.92869472504
3.21118545532
6.64555978775
6.25522518158
8.97590255737
12.5640201569
15.6868848801
19.2434368134
19.360704422
14.6537866592
11.3642282486
9.02361297607
7.53774595261
5.70796346664
8.27900314331
11.5163459778
15.5212202072
16.1830768585
20.3095016479
18.4542884827
15.4903211594
15.4833593369
11.2567567825
10.9649362564
10.469086647
11.0289058685
13.7152204514
14.7584285736
17.9924526215
31.079454422
31.0290164948
27.2720890045
26.9384098053
31.8115158081
28.8592758179
24.2133216858
26.6241970062
29.3544712067
25.3113288879
24.8663291931
29.0978240967
26.8127784729
25.9938774109
26.8724498749
25.2727146149
24.5084457397
22.8074645996
18.267911911
20.2342815399
20.1031513214
18.6152706146
19.9185523987
21.4513664246
19.5651378632
24.2857551575
22.2899513245
23.448009491
25.3859729767
20.895483017
20.0779037476
16.6722068787
16.7943534851
15.4336099625
15.4572839737
15.93034935
10.1985263824
13.3652429581
11.2711400986
13.5550670624
14.3032531738
19.1738491058
18.1526222229
13.7042207718
19.5188732147
21.2518520355
19.3567771912
19.7381248474
23.0916881561
25.0467529297
27.5071201324
27.7811279297
27.1825447083
26.1657943726
28.7712059021
32.5710449219
31.5662155151
26.7021598816
28.6063098907
32.5988121033
28.4301261902
24.3067131042
29.6547622681
31.7674102783
26.6727790833
26.0048179626
31.032579422
30.3740596771
28.0625839233
29.3640918732
32.6661262512
30.5354824066
29.7057819366
32.5234031677
35.0990638733
33.3707504272
35.9226646423
29.954656601
29.9560337067
24.3673229218
27.7560005188
23.3699378967
24.1707305908
20.6453590393
20.0838947296
17.0385551453
18.1140594482
19.3741703033
15.811504364
17.1743679047
18.3925933838
19.1907672882
22.4151115417
23.2059307098
21.6458892822
21.7005958557
19.9272251129
21.8549938202
18.1972370148
18.4754905701
24.033826828
24.7050323486
21.9122772217
25.3702831268
30.3101863861
26.4723587036
23.7940578461
25.798707962
25.8771419525
24.8397140503
26.8466567993
24.7096633911
19.9152736664
17.3024578094
17.046880722
21.0450077057
18.6116695404
22.8522224426
22.7749500275
23.7160015106
28.0936431885
26.3621616364
26.0279102325
29.4219684601
33.3055000305
36.6056900024
37.094329834
33.8341293335
35.0514144897
39.8152923584
38.6986160278
38.6481170654
38.2426872253
39.8308181763
34.2913970947
35.9071502686
34.1534194946
34.9169044495
32.1452827454
29.4072799683
32.7800712585
33.5125999451
28.5049228668
28.3693161011
30.8974704742
29.5846443176
26.0042095184
30.9394359589
30.6682186127
26.4711303711
26.6826095581
31.0277309418
30.9532680511
28.5246143341
30.2336063385
28.4343719482
32.0298614502
32.7279319763
29.9540996552
30.0265808105
30.8711986542
32.6343460083
33.739200592
37.8374214172
34.9838027954
32.8186759949
37.5964851379
40.2663726807
35.056098938
37.0756378174
41.3031959534
40.3742408752
39.7045097351
40.7136421204
43.6885223389
45.5152168274
44.9002227783
49.2100601196
50.9583320618
51.5050315857
47.163734436
44.1488265991
48.7439537048
47.8243408203
45.9656219482
49.0291366577
48.1195755005
43.8522911072
43.3045692444
41.2444267273
46.1499176025
45.9356117249
50.1622390747
48.7957496643
45.2127723694
46.6419754028
50.1567344666
45.1119537354
47.2096290588
44.6498908997
43.9196815491
44.7648200989
40.32239151
42.3894081116
41.4137535095
37.5955276489
36.130443573
38.2032623291
36.9240722656
36.9633483887
39.764125824
43.5092391968
41.286907196
37.9277954102
40.809299469
41.2828178406
37.410446167
36.1235313416
40.0160217285
40.7047386169
35.136806488
36.6202049255
41.3460655212
41.2779006958
43.2247848511
40.3085899353
43.5013504028
44.6335868835
38.1610527039
38.6584815979
37.7278594971
34.8225212097
39.4692420959
37.0032615662
35.7867164612
40.3924446106
40.1603393555
42.0582771301
36.8155326843
35.824382782
41.2427139282
38.1745948792
34.7651977539
32.8936424255
28.319934845
28.0400753021
25.3053913116
22.2220611572
21.8139209747
17.6965465546
16.8734779358
18.9666881561
15.2912988663
18.7582740784
19.0376586914
15.0482006073
13.9747600555
9.44621086121
9.32642841339
6.64555835724
3.55943131447
5.88434648514
5.27244710922
7.24522256851
10.8768596649
14.653845787
15.4229593277
10.0868120193
7.12360668182
6.91964292526
6.17283630371
9.52764701843
11.3587312698
15.8336601257
18.6939640045
19.0139465332
23.5464019775
22.2754173279
19.8671588898
19.1180400848
15.4738492966
13.6477708817
11.6946411133
10.8514547348
11.5219812393
11.3376655579
14.419418335
28.1729297638
27.9852256775
24.4060516357
24.7258415222
29.635559082
26.7379074097
22.4367408752
25.5756874084
28.304233551
24.3852062225
24.8733081818
29.2383499146
26.7891654968
27.033033371
28.050327301
27.127161026
25.7963180542
23.4477500916
19.0695018768
21.6983680725
20.2657279968
20.063829422
20.4768562317
20.73188591
18.8704986572
22.2712993622
20.4208602905
21.0001811981
21.9408588409
17.8814945221
17.5074710846
14.9388647079
15.5510559082
16.0370483398
15.722492218
18.0776329041
13.5362815857
16.0108280182
15.3196344376
15.8042230606
14.771569252
19.5040225983
17.3922557831
14.3391551971
21.197719574
21.4617538452
19.392873764
21.2198429108
24.4029083252
25.6303958893
28.5656299591
29.2942218781
28.4208946228
27.4106578827
30.6138095856
33.84998703
33.5085754395
28.6652832031
29.6030006409
33.8649101257
30.1616706848
25.8316612244
30.0682811737
32.9649734497
28.1575279236
26.3608283997
31.1764087677
31.3661289215
28.3171405792
28.8682174683
32.5942306519
30.8098583221
29.1562366486
31.500377655
34.6447677612
32.9161529541
34.5209350586
28.5696544647
27.8974990845
22.4078826904
24.5453090668
20.4633159637
22.3529968262
18.3248748779
18.8917808533
15.2276382446
16.6917171478
19.2776069641
16.8594779968
19.4046134949
21.6660938263
23.2620639801
26.2328529358
26.0908660889
24.148765564
23.0926170349
21.3856163025
21.7875671387
17.5347747803
16.7624320984
22.9155445099
22.622045517
19.4175682068
22.1059551239
27.4237251282
23.4223041534
20.2761764526
21.6556911469
21.6013088226
19.9036426544
21.5750656128
19.0727958679
14.58061409
11.5366754532
11.0463199615
14.9948978424
13.5760192871
17.8690986633
18.3710460663
20.0154132843
24.1335449219
23.2764854431
23.5562877655
25.8298339844
30.2319469452
33.3955078125
33.9001617432
30.1782970428
31.1025695801
35.8520431519
34.5533752441
34.9187660217
34.2146682739
36.3538017273
31.1155109406
33.5146789551
32.3745651245
32.9061355591
29.7125530243
27.6527881622
31.4220809937
31.2315750122
26.5730724335
27.4962806702
29.679145813
27.8992900848
24.9905166626
30.6407566071
29.7999954224
25.391242981
26.7700901031
31.0041103363
30.352514267
28.5117969513
28.694978714
26.4850692749
29.9858169556
30.0701847076
26.8663082123
26.2362976074
26.5046138763
28.0924072266
29.1734867096
33.402015686
30.9469032288
29.1461429596
33.7752532959
36.3493690491
31.7610778809
34.0111045837
37.8998908997
37.1953010559
37.2732391357
38.2840690613
40.8077888489
42.2135505676
41.6470603943
46.0695495605
47.6986465454
48.7402420044
44.5406913757
41.1238021851
45.8225479126
44.4065208435
42.4440193176
45.1968727112
44.1620063782
39.9600944519
38.9393386841
36.7300987244
42.0452842712
41.4041595459
45.837436676
44.3648109436
41.0786514282
42.7207298279
46.5359611511
41.7106513977
44.4637298584
42.4722671509
41.7608757019
43.2781295776
39.0399436951
41.4979286194
39.991394043
36.2180557251
35.3952941895
37.7332344055
37.0404624939
37.0108184814
40.2096672058
43.4039382935
41.652469635
37.8996734619
40.3862228394
40.8025436401
37.0586013794
35.1692466736
38.790019989
39.7035598755
33.9934196472
34.7990455627
39.5153007507
38.5643768311
40.7959480286
37.8990058899
41.3948402405
42.7598457336
36.2265014648
37.7156410217
36.9585189819
34.4684295654
37.5434074402
36.9926757812
36.3715705872
40.9352149963
40.4134712219
42.7056922913
37.5124740601
36.7667579651
42.748626709
39.9658203125
36.6597938538
35.3188934326
31.1769618988
30.867017746
28.7869815826
25.4161777496
24.8369197845
21.3016223907
20.758562088
19.2460727692
16.3432826996
19.853313446
18.9840240479
14.6183376312
14.5733594894
11.0489234924
9.28817558289
6.25522565842
5.88434553146
2.8783018589
4.6377658844
8.72399520874
10.9463777542
14.3200893402
14.7028207779
10.663318634
8.44664955139
5.30558919907
7.10311746597
7.11434412003
9.73501396179
14.3769826889
17.1966438293
18.8990345001
22.3024864197
20.1130161285
17.6834602356
16.2482833862
12.2702865601
10.6193180084
8.35545635223
9.71257686615
10.1582870483
12.7307090759
14.7657051086
27.8631153107
27.2369060516
23.5702838898
23.8985557556
28.4955425262
24.783996582
20.5703754425
23.5012207031
25.7914772034
21.4312114716
22.0562343597
25.9951915741
22.9847717285
22.893819809
23.3272914886
22.1509799957
20.7854423523
18.8747940063
14.4996042252
17.6124153137
17.0629081726
16.8134994507
18.2738933563
19.2522850037
18.3597946167
22.4862174988
21.4186458588
22.8663787842
23.7000522614
19.6163406372
17.5854587555
15.3000059128
13.8486318588
13.6318073273
12.2753229141
13.5179204941
8.93031692505
10.8102960587
10.5710086823
10.9898529053
10.1945590973
15.0285711288
13.9119987488
10.5992088318
16.7521476746
17.6451454163
16.3919429779
17.7283058167
20.6221427917
22.4244651794
25.5494766235
25.5989570618
24.4467124939
23.0104141235
26.0175132751
29.1813983917
28.5876979828
23.6997718811
24.9028987885
28.9246044159
25.0213470459
20.7814559937
25.3128814697
27.9042644501
23.0137290955
21.5611686707
26.502702713
26.4282855988
23.7036590576
24.5756454468
28.1787624359
26.4806518555
25.164144516
27.6482791901
30.6667957306
29.1727905273
31.1671981812
25.2260246277
24.8333854675
19.1201782227
22.3396644592
17.8815364838
18.811958313
15.2415180206
15.0852527618
11.8139162064
12.8380393982
14.6368780136
11.7403812408
14.2083692551
16.4255714417
18.261384964
21.0652332306
20.812582016
18.8362102509
17.942899704
16.3252563477
17.2321472168
13.3405275345
13.5061302185
19.2419185638
19.9292678833
17.2422332764
20.339466095
25.5245494843
22.0456161499
19.5621032715
20.9810199738
20.7232494354
19.9610385895
21.9847660065
20.3103199005
15.2847452164
13.8186120987
13.4637174606
17.5762119293
14.0975761414
18.0856170654
17.5459518433
18.4103965759
22.7773666382
21.3276405334
20.7176990509
23.9452934265
27.7840843201
31.0954647064
31.5718345642
28.3302307129
29.5955028534
34.3346748352
33.2694740295
33.1933708191
32.9519882202
34.5800285339
28.8957691193
30.5683116913
28.9525604248
29.5601711273
26.6988182068
24.1104984283
27.5819454193
28.123670578
23.1510601044
23.3624382019
25.8538990021
24.4753894806
21.0805530548
26.3934497833
26.0596523285
21.9356174469
22.5502548218
27.0184288025
26.9191684723
25.1262893677
26.134935379
23.8077316284
27.1317634583
27.6163749695
25.1344203949
25.0563697815
26.172252655
27.6516819
28.5214672089
32.7173080444
30.0208797455
27.5730361938
32.263381958
35.1213188171
30.132194519
31.7859859467
36.0064964294
35.4306640625
34.6871566772
35.5044708252
38.4215698242
40.1783065796
39.4568557739
43.7472076416
45.4383163452
46.0540084839
41.728603363
38.6308631897
43.2325210571
42.290512085
40.4379272461
43.5201072693
42.6262779236
38.3583564758
37.907459259
35.884185791
40.7074699402
40.6260528564
44.8076438904
43.570941925
39.8985061646
41.4699440002
44.903213501
40.0199775696
42.1275024414
39.5450286865
39.0587692261
40.0580368042
35.5285415649
37.9900970459
37.0136871338
32.9853096008
31.737657547
34.1511650085
33.1364250183
32.8419303894
35.7934837341
39.1552581787
37.0824356079
33.5364723206
36.3615379333
36.5946121216
32.7147941589
31.2538070679
35.0035095215
35.6974143982
30.0600013733
31.3917770386
36.0610961914
35.8535842896
37.7748832703
34.8687438965
38.1495056152
39.3106994629
32.8165016174
33.6338615417
32.7929191589
30.070810318
33.0567321777
34.8169555664
32.4064712524
31.5364894867
36.1229324341
35.7542266846
37.9058952332
32.7593650818
31.8306465149
37.6668319702
34.8908653259
31.4827575684
25.8895187378
25.7135620117
23.7579975128
20.4802207947
20.4965229034
16.7446117401
17.4125080109
19.5503025055
16.287153244
20.339427948
20.2129516602
16.0383892059
16.5816993713
11.997792244
12.0470600128
8.97590255737
5.27244710922
4.63776540756
1.96355688572
4.69574069977
7.02916240692
10.769112587
11.7586565018
7.10678768158
5.56541109085
4.50762653351
7.1960978508
10.4630069733
12.3689908981
17.435918808
19.6230220795
20.9117984772
24.6597423553
22.9741401672
20.887638092
19.1990890503
15.7406539917
13.3062829971
10.3353490829
10.26329422
8.88054847717
10.5744438171
12.2911434174
25.8894672394
25.153131485
21.6286582947
22.4789619446
27.0928764343
23.4498653412
19.5322608948
23.023015976
25.3154621124
21.1141891479
22.4462852478
26.4653720856
23.4167709351
24.1574077606
24.7529354095
24.1242523193
22.3840084076
19.9807090759
15.8875360489
19.3153400421
17.7060375214
18.4227676392
19.0897445679
19.0541095734
18.1565246582
21.2326374054
20.2953128815
21.326007843
21.4010410309
17.6978530884
15.9417209625
14.3906373978
13.3577356339
14.6504592896
13.191163063
15.9610748291
12.4869604111
13.8867044449
14.3740386963
13.6747541428
11.5760259628
16.0477695465
14.0310792923
12.0508441925
18.7114543915
18.4503879547
17.0650978088
19.4265727997
22.1648540497
23.3867454529
26.7858657837
27.1900463104
25.8854923248
24.5081367493
27.8993587494
30.6297931671
30.5285606384
25.7363929749
26.205450058
30.3814487457
26.8812618256
22.5742359161
26.1659984589
29.3193244934
24.7259674072
22.4254112244
27.1151275635
27.6902942657
24.4207134247
24.674955368
28.572561264
27.1411800385
25.1834850311
27.2710838318
30.7084789276
29.2036857605
30.4418830872
24.5399646759
23.5989513397
18.0005989075
20.1335659027
15.9180326462
17.8476028442
13.8432703018
14.7787714005
10.9863166809
12.3075551987
15.3155622482
13.5487785339
16.7547283173
19.5828952789
21.8045654297
24.410779953
23.5764160156
21.4051189423
19.7235164642
18.1894054413
17.8263587952
13.5074825287
12.6397895813
18.8471488953
18.6654052734
15.6167154312
18.0489673615
23.569683075
19.9456520081
17.0684452057
17.9578857422
17.5884418488
16.296962738
18.1332263947
16.2396335602
11.255865097
9.68393611908
9.2174987793
13.3950223923
10.4157981873
14.4823026657
14.3090438843
15.8274230957
20.0172023773
19.3454418182
19.2175445557
21.4604473114
25.7536659241
28.9693908691
29.4422607422
25.8059616089
26.8660964966
31.6099300385
30.3757991791
30.6215133667
30.1310958862
32.1955757141
26.7432155609
29.0662918091
27.9569587708
28.3888149261
25.1794013977
23.1656894684
26.9665279388
26.7627258301
22.0849380493
23.1928577423
25.3869819641
23.6359043121
20.8291893005
26.6709423065
25.8880367279
21.6311779022
23.1835803986
27.5031795502
26.9532966614
25.6188488007
25.4450740814
22.7856655121
26.0068664551
25.9829463959
23.1793804169
22.5148258209
23.2032375336
24.5080776215
25.3169765472
29.6709632874
27.3029136658
25.1035690308
29.6807765961
32.4973983765
28.0091171265
29.8139152527
33.7734489441
33.4032669067
33.2376060486
34.0431137085
36.6046791077
38.0295028687
37.3316345215
41.7123069763
43.3001022339
44.3093490601
40.0923080444
36.6621398926
41.3454856873
40.0103759766
38.0826835632
40.9313392639
39.9239692688
35.6950950623
34.8700256348
32.7357063293
37.9080619812
37.5059890747
41.8635063171
40.5575828552
37.0964126587
38.8568725586
42.5224075317
37.8142127991
40.4293556213
38.2825698853
37.8229637146
39.338809967
34.975479126
37.7352371216
36.3581047058
32.373790741
31.6323795319
34.2352561951
33.6711654663
33.3322639465
36.563835144
39.4915161133
37.7850265503
33.9643478394
36.4701766968
36.6536407471
32.8935928345
30.971118927
34.4863014221
35.3452453613
29.6221256256
30.4087600708
35.0502853394
34.1458091736
36.2745399475
33.3749809265
36.8905677795
38.2479743958
31.714384079
33.3254127502
32.6165161133
30.2420406342
33.4726333618
35.1184043884
32.841709137
32.436340332
36.954574585
36.3756980896
38.8123779297
33.7460441589
33.008518219
39.208480835
36.6623725891
33.3665351868
32.3783149719
28.5287818909
28.3217372894
26.8120384216
23.406665802
23.2289466858
19.9614830017
