22.309715271
22.0454139709
19.5047855377
17.34740448
13.4277925491
14.2317285538
11.4701118469
10.7752933502
11.2842216492
7.04646635056
4.89588785172
6.80103492737
8.08391189575
9.65301895142
10.7163352966
14.5679035187
15.2247648239
15.4607172012
18.1024093628
16.376115799
13.7811861038
11.1561422348
9.79158306122
6.35040283203
7.76939487457
6.15624856949
7.62878513336
12.1944246292
10.5980873108
16.1427288055
16.1878452301
13.866150856
12.8173599243
10.9889917374
9.2631778717
9.51132392883
7.25416231155
11.8959197998
9.92916202545
14.7109394073
15.4690570831
17.1126117706
20.9607086182
19.7832050323
20.3536777496
23.1349086761
20.3304100037
23.7140598297
23.7445640564
16.9354686737
19.8620185852
24.4747257233
21.0179004669
19.0844726562
22.4080162048
23.6242160797
19.7587223053
21.6798286438
26.1679229736
23.9079685211
25.7745132446
27.0097255707
26.1883945465
26.0270004272
23.4154148102
18.6493854523
19.0308132172
17.1127719879
15.02409935
14.0996179581
14.8698034286
12.9717741013
17.14752388
19.4452838898
17.4856910706
15.501660347
11.6860151291
14.7087869644
9.17237281799
12.7370424271
11.0616512299
12.9728841782
15.8871984482
12.7543878555
16.7986297607
17.0575351715
20.5317268372
18.4237117767
20.7948589325
25.0881271362
25.7743110657
23.2873878479
25.2934856415
28.6629905701
28.4802742004
26.0690841675
29.5462818146
32.4669952393
34.9454116821
37.461807251
31.9531345367
32.1417503357
36.3271484375
37.9516067505
37.0390281677
33.0932693481
34.0313224792
36.6392440796
31.7778682709
30.1226196289
32.7747535706
33.7123641968
29.1753005981
29.1992664337
32.8790550232
31.4279270172
28.8371887207
30.6421947479
34.6539840698
29.7085819244
29.5009346008
35.3703727722
35.4115867615
31.2001113892
33.5774116516
29.0538520813
29.9403991699
26.1397457123
26.0855350494
25.9997692108
28.4258747101
26.6475925446
25.6629085541
24.4707164764
22.1220149994
22.8592319489
19.3391590118
21.4981517792
21.7328166962
22.1216182709
26.9188995361
28.1600456238
24.2123470306
25.0020904541
21.8293628693
23.3338012695
20.5558643341
20.3574981689
18.4775772095
22.9504699707
24.3912963867
27.7327213287
29.119682312
33.849609375
36.6428947449
37.3642807007
39.9170455933
39.3818321228
39.0542945862
34.2262954712
37.3931617737
34.7188301086
33.7709465027
36.2454147339
34.2232971191
32.6352119446
30.3272800446
32.6313934326
30.3777294159
34.8355445862
35.2817420959
31.4252891541
34.9403610229
37.7226333618
41.1188430786
40.3318939209
37.4662361145
38.8272018433
42.0740280151
43.4063568115
37.3231239319
39.6190109253
34.6377449036
36.4873428345
35.425327301
39.11769104
35.6370162964
32.4750862122
36.589931488
38.2758293152
33.1737518311
33.7632637024
35.9471282959
34.3621330261
31.0246353149
35.1834640503
36.7344055176
31.2561244965
32.3363189697
36.1552314758
35.3145065308
33.4541320801
30.9184494019
34.5266532898
33.5020484924
34.799041748
38.8925971985
39.3870849609
40.3522071838
41.1954994202
41.5816497803
37.5293502808
41.6106834412
44.64868927
41.0924186707
43.9764289856
47.3857269287
46.0748176575
43.9325561523
48.2117919922
50.5757102966
49.1757583618
45.8340644836
44.6292877197
41.1223640442
43.762298584
45.4582519531
41.4296684265
43.1959724426
42.6200256348
42.2068748474
43.0613327026
47.2464256287
45.9042282104
41.1607284546
44.0749053955
46.3919219971
41.8335227966
40.2473258972
45.1651039124
43.4936218262
40.0772209167
40.6668395996
45.5677642822
45.9839782715
46.5785064697
43.1963806152
45.8100128174
47.0963859558
41.8585968018
41.6729927063
40.0548362732
35.3216781616
39.0221939087
42.388710022
38.3900604248
36.4521942139
41.5699729919
41.3144454956
37.8912391663
38.5622901917
43.0106735229
41.7939529419
37.8041954041
42.7346038818
45.3400688171
27.9774188995
27.7285938263
24.2771911621
23.4540481567
20.4371967316
22.267572403
18.5045928955
19.3761348724
19.6780261993
15.0891981125
13.2729501724
9.65302085876
10.2046489716
7.23585939407
5.65731048584
7.20526885986
6.82114315033
7.70628166199
10.8341627121
10.7887306213
8.24508094788
7.39200258255
6.59783506393
6.08528232574
8.7981262207
11.0874567032
14.5196180344
19.1545028687
19.0237693787
24.0437393188
23.0646266937
20.3157520294
18.1444511414
14.6554889679
13.2717866898
11.4293727875
10.1546764374
11.4917612076
10.4705142975
14.3679151535
11.7350168228
15.8179931641
17.4260139465
16.2403335571
18.0313053131
22.0869255066
20.7855358124
24.4849891663
22.8369979858
17.3147544861
21.6491909027
24.9680557251
20.7491912842
21.0036735535
24.4503421783
24.5169277191
21.0704040527
24.859292984
28.0847797394
25.0486755371
28.0063724518
27.2783508301
26.5753650665
25.1207351685
22.9890213013
18.5962600708
21.2365760803
20.1503753662
19.4781532288
18.9357872009
19.7397041321
18.3725013733
21.5999011993
25.0805492401
22.6804847717
19.3478832245
15.75411129
17.7333717346
13.9826421738
15.1293449402
15.4823646545
15.1548509598
17.4373054504
12.92507267
15.580573082
15.4016017914
17.4725170135
14.1315822601
15.1213464737
20.0707378387
19.2080669403
16.5878410339
20.537853241
22.9471359253
21.3765583038
19.7385997772
24.1316490173
27.7280597687
29.2381439209
32.8552742004
28.2931365967
27.7393302917
32.2500915527
33.7274131775
33.7303581238
29.5845966339
29.6475257874
33.1693878174
29.5512695312
26.5943756104
29.3627433777
31.2616691589
27.1619224548
26.1866722107
30.4129238129
30.0529785156
27.3427352905
28.3184986115
33.3775482178
29.7376937866
28.3080539703
33.7807121277
35.0425949097
31.559009552
33.1326560974
28.4691734314
27.5561199188
22.9194793701
22.6675930023
21.0049324036
24.0169639587
21.3557434082
20.109287262
18.302854538
17.4298477173
18.7389965057
16.240398407
18.3884162903
19.9056625366
21.3325443268
25.7499771118
25.5290794373
22.8908691406
22.5553646088
20.7066326141
21.0208206177
18.0761928558
19.4683456421
16.7849655151
20.3761310577
22.9504966736
26.0428333282
29.1269035339
32.2255859375
35.790687561
35.9438667297
37.7373809814
37.398311615
36.1267280579
31.1377887726
33.8533439636
30.6869487762
29.669549942
31.440164566
28.744890213
27.283744812
24.1414070129
26.7320194244
24.057264328
28.0374794006
28.1683483124
25.0804138184
29.1169757843
32.363483429
35.5814476013
35.5226249695
32.3370094299
32.8406486511
36.5030136108
38.3962593079
32.5318527222
35.5063247681
30.5328884125
33.1758728027
32.6147499084
35.6208724976
31.4322338104
28.759016037
32.5978317261
32.9653015137
28.1961727142
29.5620479584
30.7563476562
28.515504837
25.907497406
30.2053089142
30.2782382965
25.0869083405
27.087884903
30.3645858765
28.7966766357
27.5225658417
24.052406311
27.2772159576
25.8928356171
27.577583313
31.7476787567
31.5778369904
32.1569862366
33.3536148071
33.5106391907
29.8690090179
34.0607910156
37.0154075623
33.9921569824
37.5550003052
40.2759437561
38.9597587585
37.4843978882
41.8112297058
43.8161697388
42.8930206299
38.8710403442
38.3588409424
34.4408454895
36.9160804749
39.4501953125
35.1403617859
36.7110023499
36.9044723511
36.6697845459
38.1082878113
42.1024398804
41.6742630005
36.4748306274
38.4455223083
41.596157074
37.5242729187
34.9791526794
39.5914039612
38.870300293
35.4085273743
35.0621414185
40.6464118958
40.5478515625
42.1479110718
39.0801086426
42.1528968811
42.9744949341
37.6159057617
38.1405982971
37.4018783569
32.5980110168
37.114490509
39.8051986694
35.3061141968
34.5722579956
39.6394309998
38.4696273804
34.6463546753
36.7936668396
40.6603660583
38.6196365356
35.5296020508
40.9942169189
42.7354507446
26.7822971344
25.6491146088
22.0276985168
22.6373252869
19.6019001007
22.3868103027
19.4275455475
20.0979633331
19.3271656036
14.7731580734
13.6826238632
10.7163391113
10.3156785965
7.69627666473
5.65730953217
4.96097517014
6.85252380371
7.92421674728
9.09639072418
8.19928836823
8.38143539429
9.15540599823
5.34950351715
6.919028759
6.79662513733
9.58388900757
13.4214143753
17.3363113403
18.6204662323
22.5821762085
20.8855667114
18.4340171814
15.4731578827
11.7697477341
10.5286302567
8.34486579895
8.83709430695
10.3051948547
11.2712125778
15.4405069351
13.7246484756
18.2590579987
19.6916656494
17.5634593964
18.1811504364
22.6496620178
21.3635845184
24.4902572632
22.1775226593
16.8279247284
21.0730018616
23.4947414398
18.8635482788
19.1659393311
22.4390792847
21.9478435516
18.1685028076
22.4627170563
25.1342945099
21.4832839966
24.1153373718
22.8829689026
21.9689388275
20.4463253021
18.7207145691
14.3997602463
17.4125919342
17.1537437439
16.566242218
16.9358253479
18.4938621521
18.1894798279
21.4516353607
25.2675418854
23.9721908569
21.0707817078
17.4475193024
18.4556903839
14.3115987778
13.51628685
13.4525756836
11.7886199951
13.2626123428
8.71805763245
10.7920179367
11.0141687393
13.10546875
9.52263355255
11.0612716675
15.7496623993
15.7187223434
13.227478981
16.3052539825
18.9911079407
18.3903980255
16.6000537872
20.3984909058
23.9641017914
25.5459308624
28.933298111
24.0701904297
23.447479248
27.8446121216
29.2632026672
29.0587253571
24.9417858124
25.1828708649
28.4949893951
24.7046432495
21.9120578766
24.7547969818
26.5183773041
22.3583469391
21.6715068817
25.9202194214
25.5040035248
22.9906902313
24.2509860992
29.1052474976
25.7220783234
24.5535163879
29.982831955
31.1191635132
28.0426712036
30.0066146851
25.3151912689
24.6083068848
19.6799678802
20.457654953
18.2287540436
20.4558334351
17.7829551697
16.2488765717
15.2282800674
13.8350086212
14.3527936935
11.5269880295
13.5957965851
15.1103725433
16.7989025116
21.0785903931
20.8171215057
18.0155735016
17.7330951691
16.0123348236
16.7061271667
14.1293315887
15.9396495819
14.6504659653
17.7114639282
20.050245285
23.6278705597
26.7842273712
29.609369278
33.0210151672
32.7009010315
34.7222595215
34.7421379089
33.7890625
29.1480026245
32.3979377747
29.4959564209
29.0147857666
31.1347560883
28.5319519043
26.6283931732
23.7279930115
25.2462177277
22.0680866241
26.3010120392
25.962852478
22.3147220612
26.7673244476
29.8194236755
33.1702423096
33.1239089966
30.3135452271
31.0524940491
34.9012451172
36.7019004822
31.1344776154
33.5628051758
28.3342037201
30.315820694
29.2672348022
32.2650871277
28.4483947754
25.392786026
28.961309433
29.8549232483
24.7892723083
25.5390319824
27.0377140045
25.11652565
21.9833068848
26.1347503662
26.8759002686
21.5037937164
22.9369506836
26.4433174133
25.2770042419
23.7147216797
20.7598457336
24.3092060089
23.3868808746
24.9230098724
29.247423172
29.3198413849
30.5210113525
31.5464725494
32.3398895264
28.6242904663
33.0528907776
35.629989624
32.0830612183
35.694694519
38.4949684143
36.8388748169
35.0344657898
39.6712722778
41.5874977112
40.046672821
36.2536430359
35.3807640076
31.3702526093
33.7771034241
35.7231636047
31.5255336761
33.2084274292
32.9713058472
32.6613388062
33.8736495972
38.0164031982
37.2938156128
32.2285194397
34.6643562317
37.5232200623
33.3714485168
31.1487503052
36.0455741882
35.1089401245
31.737953186
31.6945514679
37.2779273987
37.8767318726
39.0946006775
36.0177268982
38.8531036377
39.534412384
34.2449989319
34.2433052063
33.3858680725
28.5514507294
32.8217544556
35.5707397461
30.99817276
29.9755363464
35.0214805603
33.8922042847
30.0697917938
31.9942798615
35.9072303772
33.9537010193
30.6909599304
36.1312599182
37.9562759399
31.2358989716
30.8797912598
27.0191440582
27.1916465759
24.7662582397
27.2692737579
23.3407592773
24.8937664032
24.8419971466
20.2479496002
18.953704834
15.2247629166
15.3497533798
11.9192199707
6.82114219666
6.85252380371
3.56971406937
3.69460511208
5.99532175064
7.97470855713
7.23671150208
9.14401817322
8.42711925507
10.5526218414
12.8448753357
15.8069419861
19.5842628479
23.5963172913
24.4711380005
28.9308815002
27.418428421
24.9390640259
22.0963993073
18.3611488342
17.0014839172
14.2956972122
13.7826051712
12.9100217819
13.2856092453
16.0258579254
12.0109605789
17.2791938782
17.0586185455
15.53561306
17.4822502136
22.1919517517
21.9552135468
25.3762321472
22.5289974213
18.434835434
23.1597995758
25.2072105408
20.6979598999
22.3382911682
25.5776100159
24.8126659393
21.8917694092
26.6009674072
28.793012619
25.3902339935
28.9290161133
26.9576454163
26.4752388
24.2026367188
22.4620876312
18.7995033264
22.6525039673
22.1299552917
22.4084129333
22.087097168
22.9280052185
22.1340808868
24.7171173096
28.7821521759
26.6358394623
22.9658412933
19.7503147125
20.6845302582
17.972196579
17.4251995087
18.7667598724
17.2976436615
19.0291824341
14.9311637878
15.8912963867
15.9453783035
16.6461696625
12.3220376968
11.5741224289
16.6094093323
14.465470314
12.2175350189
17.7196235657
18.9897327423
16.398443222
16.0553379059
20.8295383453
24.9519176483
25.3552303314
29.8779373169
26.1472873688
24.8150978088
29.3208446503
30.4688835144
31.1201934814
27.0104579926
26.2835960388
30.2384872437
27.7321605682
23.901714325
26.4586524963
28.9780330658
25.4345836639
23.6306171417
28.0156993866
28.4477787018
25.7486991882
26.0458164215
31.6434230804
29.049123764
26.83893013
31.7906761169
33.8564605713
31.0137672424
32.0126228333
27.451341629
25.3459835052
20.3378257751
20.11577034
17.1824169159
20.423456192
17.2401771545
15.9524211884
13.6952142715
14.1344394684
15.9179611206
14.7131700516
16.8833904266
19.3511505127
21.601398468
25.3037033081
23.936920166
22.1794033051
20.8650035858
20.0390529633
19.2996368408
16.5134735107
18.9138450623
16.1752967834
18.5750980377
21.7250843048
24.5075244904
28.6035137177
30.403377533
34.3492698669
34.0395851135
35.2855186462
35.1518974304
33.3213233948
28.4591808319
30.9053916931
27.5586891174
26.7058982849
28.0286407471
24.9396190643
23.4515800476
19.8499450684
22.210111618
19.1485118866
22.7284832001
22.5546531677
20.0087070465
24.3856964111
27.864818573
30.9204692841
31.3826217651
28.115983963
28.0382270813
31.9902553558
34.2302627563
28.7257041931
31.9691371918
27.0752811432
30.0827732086
29.8334236145
32.2640228271
27.7296199799
25.4695186615
28.9621620178
28.4253368378
24.0023231506
25.9114074707
26.3616085052
23.7141399384
21.7667102814
26.060541153
25.1303081512
20.2570667267
23.0075035095
25.8474311829
23.82371521
23.2288417816
18.9347000122
21.7833042145
20.0515861511
21.8953819275
26.0607833862
25.5826435089
25.9811306
27.3125610352
27.4514083862
24.0451641083
28.3600711823
31.1552524567
28.3686199188
32.3673286438
34.6371955872
33.2662849426
32.173210144
36.5457344055
38.299118042
37.6062011719
33.2323112488
33.1209564209
29.0181732178
31.4368591309
34.5488853455
30.1369419098
31.768453598
32.4250526428
32.1851539612
33.9846534729
37.6921348572
37.8709106445
32.4440498352
33.695022583
37.3289108276
33.6235198975
30.479347229
34.78723526
34.6740112305
31.2435531616
30.2840328217
36.2196464539
35.8444480896
38.0476799011
35.2461662292
38.550617218
39.0366897583
33.6966285706
34.6836051941
34.5640983582
29.8626594543
34.819355011
36.9786758423
32.2738876343
32.4544715881
37.3464584351
35.603061676
31.6435527802
34.8094825745
38.1742134094
35.6542358398
33.4047164917
39.0430030823
40.1605415344
30.1841259003
29.6696205139
25.588973999
26.8113002777
25.0965175629
28.3644924164
24.6888561249
26.8716487885
26.216709137
21.9173183441
21.6619987488
18.1024112701
18.7427768707
15.7219753265
10.8341627121
9.09639072418
5.17252063751
5.9953212738
4.86356258392
4.98738288879
6.87444877625
10.5842809677
9.28510475159
13.0832624435
15.1541461945
17.7717971802
21.6545963287
24.3485641479
26.5594081879
30.0573825836
28.1280231476
26.5817432404
22.9500961304
19.5738162994
17.7684059143
14.4398412704
14.5342235565
11.9170475006
13.8767147064
15.6973419189
12.3922109604
17.833442688
16.8764438629
14.3779630661
15.2342329025
20.2725772858
20.5971679688
23.3564891815
19.5919342041
16.7128143311
21.3270378113
22.0987548828
17.4826545715
20.018283844
22.8884792328
21.467710495
19.1012229919
24.3048992157
25.5672416687
22.0779590607
26.0782299042
23.4627571106
23.4095439911
20.7068977356
18.921037674
16.07563591
20.5558109283
20.3466739655
21.5875911713
21.3353672028
22.1995182037
22.1941928864
24.1210536957
28.6174964905
27.2718830109
23.754283905
20.9397544861
20.592754364
18.7057647705
16.3681182861
18.4663581848
16.2614078522
17.7367134094
15.2311582565
14.6854381561
16.0289573669
16.1535797119
10.8038883209
8.65162181854
13.1559867859
10.9916315079
10.2660589218
15.8333759308
16.210943222
14.0828304291
15.4073896408
19.4310016632
23.8736686707
23.3076572418
28.3007640839
24.7164402008
22.6076660156
26.7762813568
27.3250484467
28.0710105896
24.1368579865
22.8454399109
26.4527664185
24.5836639404
20.3674488068
22.2478561401
24.9338111877
21.8305969238
19.2519989014
23.4697093964
24.2363681793
21.433013916
21.2460689545
27.0626354218
24.9981002808
22.2930927277
26.9088668823
29.3676395416
26.8766975403
27.5045337677
23.1109905243
20.4526481628
15.3925275803
15.4075260162
11.9315547943
15.2159166336
12.1545848846
11.4024715424
8.76245880127
9.34304904938
11.8647117615
11.8863515854
14.7803907394
17.8363075256
20.8303394318
23.8346157074
21.8106231689
19.8329582214
17.614610672
17.0694408417
15.2092723846
12.5224485397
15.3165941238
12.8893241882
14.1615362167
17.4815998077
20.0726146698
24.6484298706
25.6639022827
29.6942214966
29.1186828613
30.1666164398
30.1780567169
28.2810287476
23.6304893494
26.2589740753
23.0607643127
22.6410045624
24.1761474609
21.1929283142
19.3146266937
16.0387325287
17.4372119904
14.142999649
18.0270290375
17.9606819153
14.9505624771
19.195438385
22.5797042847
25.7061233521
26.1290092468
23.0118618011
23.1243534088
27.131313324
29.2973117828
23.9966907501
26.9439353943
21.9716892242
24.8358402252
24.633731842
26.9124069214
22.3651885986
20.190788269
23.6464710236
23.116317749
18.6908054352
20.8814315796
21.2877616882
18.6911029816
16.9400444031
21.3833999634
20.789484024
15.8321266174
19.0002708435
22.0132541656
20.2364196777
20.3332080841
15.5598011017
18.3240776062
16.3402805328
17.5501976013
21.5780010223
21.9325637817
22.6471138
23.4307785034
23.9294567108
20.087562561
24.4642448425
27.137928009
23.7982711792
27.5498199463
30.1458454132
28.7111911774
27.2065372467
31.648443222
33.5507240295
32.6283607483
28.6396636963
28.1758518219
24.4190750122
27.2151451111
30.3845024109
26.1403846741
28.5164928436
28.8938808441
28.1969604492
29.9144554138
33.2617988586
33.4049339294
27.9483127594
29.051984787
32.5222587585
28.7087669373
25.6025981903
29.7882404327
29.4541721344
25.984079361
25.1564617157
30.8932266235
30.589263916
32.6431541443
29.8451404572
33.1440849304
33.637424469
28.3154029846
29.4310340881
29.4371318817
24.8340454102
29.9861679077
31.9678821564
27.3623390198
28.0330619812
32.833114624
31.0325584412
27.2228145599
30.823841095
33.9922447205
31.5091991425
29.9035110474
35.3975639343
36.3414535522
26.7475376129
26.0642356873
21.9908161163
23.5198249817
21.9206523895
25.4796390533
22.1651611328
24.3941001892
23.3898029327
19.3129920959
19.6547622681
16.3761138916
17.5264129639
15.0552873611
10.7887277603
8.1992893219
6.08818101883
7.97470664978
6.47211027145
4.98738288879
5.98559570312
9.56303882599
7.25262737274
11.5734481812
13.5039720535
15.5514745712
19.3520584106
21.3206634521
24.0975208282
27.1089839935
25.1145687103
24.1179580688
20.2010765076
17.1905860901
14.9896011353
11.4757938385
11.7904863358
9.0125875473
11.7137403488
13.8124198914
11.8960838318
16.9771232605
16.8366546631
13.8127632141
13.6819067001
18.6568222046
18.512342453
21.0343914032
17.4128189087
14.0286865234
18.469329834
19.2619457245
14.5207471848
16.6616611481
19.5363693237
18.1810379028
15.564789772
20.7452411652
22.1171226501
18.6269645691
22.5956573486
20.3730297089
20.4038581848
17.9715919495
15.7787780762
12.6997728348
17.0257644653
16.7315349579
18.1143569946
17.8600788116
18.8458271027
19.200630188
21.1254177094
25.6699008942
24.8439483643
21.664144516
18.844455719
18.1053333282
16.0653781891
13.0646438599
15.1540565491
12.8508272171
14.53428936
12.9096136093
12.2737388611
14.5257396698
15.253660202
9.66810703278
8.4156703949
12.6402463913
11.9963226318
11.5743055344
15.7409772873
16.6877155304
15.8943147659
16.7618522644
20.1293392181
24.3838272095
24.1987419128
28.7196006775
24.5050315857
22.5349998474
26.5476398468
27.0190544128
27.2627391815
23.3566093445
22.4182128906
25.4512042999
22.9797229767
19.2044315338
20.9069747925
23.1703968048
19.7742061615
17.4121284485
21.4935932159
21.775177002
18.8262252808
19.0067577362
24.5895767212
21.9553108215
19.5561752319
24.5526371002
26.5927715302
23.7963161469
24.7595119476
20.2591075897
18.3034877777
13.3125314713
13.7477722168
11.1243772507
14.0093946457
11.5442848206
11.0591373444
8.96625995636
7.72538518906
10.1357049942
9.55763530731
13.2526388168
16.0691757202
19.1003379822
22.2272186279
20.6184616089
17.68501091
15.5971403122
14.3113393784
12.5458316803
9.56251049042
12.0172567368
9.94575119019
11.6704092026
14.6808443069
17.6788883209
21.8310203552
23.4554042816
27.2520294189
26.8093967438
28.276227951
28.2670116425
26.864528656
22.2426834106
25.3578052521
22.4423313141
22.2209262848
24.3353309631
21.7738895416
19.6448707581
17.021276474
17.9452781677
14.8685522079
19.2562713623
19.4232177734
15.6193408966
19.4771633148
22.5174942017
25.8424530029
25.7705821991
22.8932132721
23.6916294098
27.4727115631
29.2680397034
23.8262615204
26.2622394562
21.1014633179
23.4156608582
22.8480072021
25.5953845978
21.4049758911
18.7640705109
22.5231666565
22.9558448792
18.1319561005
19.8367061615
20.9996852875
18.9047222137
16.4747982025
21.0136203766
21.661611557
16.3793315887
18.9166316986
22.4750118256
21.3090305328
21.1110916138
16.9507465363
20.0429592133
18.3875961304
19.1178131104
23.0336990356
24.0735206604
25.1695480347
25.5669021606
26.33634758
22.167345047
26.4311542511
29.0829563141
25.2378826141
28.451795578
31.5821304321
30.1169567108
28.0345554352
32.4915122986
34.6508216858
33.3153648376
29.8922042847
28.8417701721
25.4428157806
28.4334449768
31.026884079
26.9876499176
29.694311142
29.4788608551
28.532497406
29.86328125
33.2817230225
32.8487930298
27.5720710754
29.3026199341
32.2151794434
27.9983081818
25.5009937286
29.9322814941
28.9036064148
25.3925952911
25.2608413696
30.560585022
30.6684398651
32.039440155
29.0018463135
32.0606460571
32.8245620728
27.4991168976
28.177324295
27.6864395142
22.97706604
27.8982124329
30.2672195435
25.8399353027
25.9687995911
30.9292240143
29.5680522919
25.9284477234
28.9365348816
32.4454956055
30.3783416748
28.4183006287
33.7419624329
35.1041526794
24.1659679413
25.0393390656
21.4276447296
20.018327713
18.2607765198
20.3104724884
15.8025960922
18.5600509644
19.0836238861
15.0788574219
15.0875663757
11.1561441422
14.8880796432
12.9622888565
7.39200258255
9.15540504456
9.56954288483
9.14401721954
7.25520324707
10.5842809677
9.56303882599
4.54750347137
5.6277718544
6.80481624603
12.7840623856
13.5715456009
16.8524551392
19.515871048
20.3580780029
24.8379116058
24.1205158234
23.0203971863
20.1526584625
17.5860309601
14.6269311905
11.6618480682
8.92106246948
7.34660148621
5.44258642197
8.00405502319
5.93730449677
9.75079536438
11.5001831055
9.97121143341
11.709197998
15.4408998489
14.288690567
18.0844554901
16.6600170135
11.4349193573
15.8803901672
19.4011726379
15.7097969055
16.3640766144
19.7784729004
20.1993293762
17.6206150055
21.1506175995
24.3966674805
22.3345413208
26.3439483643
26.1560955048
26.3249111176
24.8500595093
21.5947170258
17.5419502258
20.082901001
17.8670558929
18.460018158
16.4722557068
16.1955394745
14.544503212
16.7638664246
20.6330471039
18.0799808502
14.343044281
11.3679475784
12.3136081696
10.5826473236
11.4089632034
13.6727552414
14.2645711899
17.8557720184
15.6863298416
17.6006469727
19.2817401886
21.4029941559
16.8210506439
16.9215602875
21.5730381012
20.736240387
19.3851928711
23.6911849976
25.3716011047
23.8583297729
23.78881073
27.9038410187
31.9017715454
32.4936408997
36.695274353
32.1097068787
30.8579864502
35.0863838196
35.9070053101
35.8726081848
31.8769893646
31.3915367126
34.3163032532
31.0642108917
27.8913326263
29.6828594208
31.5139045715
27.6862754822
25.7844257355
29.557516098
29.1171703339
25.8859844208
26.3079452515
31.5350837708
27.4481124878
25.4546661377
30.9259586334
32.3478622437
28.2528247833
29.0867519379
24.6218585968
23.6147384644
19.8177318573
18.3041439056
18.2775821686
22.0895252228
20.3126983643
20.2557315826
17.4912948608
16.1055698395
18.861869812
17.0822162628
20.7122383118
22.6486301422
24.7179603577
28.8229579926
28.2846736908
24.6333618164
23.5026321411
20.9544181824
19.8812656403
16.3072433472
16.7285556793
12.2992391586
16.3568267822
18.979265213
21.3440074921
24.249797821
27.6197910309
31.2343711853
32.0764579773
33.6593475342
32.8264884949
31.4562225342
26.2157058716
28.6011238098
25.4696102142
24.1581230164
26.1163864136
23.8237495422
22.5101909637
19.9795207977
23.026184082
21.3615703583
25.5058498383
26.7805938721
23.6026878357
26.2576789856
29.3030948639
32.4591598511
31.8427124023
28.4736499786
29.4215774536
32.5073013306
34.0760688782
27.8693218231
30.9285030365
26.2740707397
29.3046627045
29.2910251617
32.5550079346
28.2046833038
25.9247093201
30.3534584045
30.7622737885
26.3057689667
28.4400577545
29.7759017944
27.5974884033
25.5164413452
30.1290454865
30.5814228058
25.4525432587
28.1214523315
31.6556739807
30.2523918152
29.8987407684
25.6515445709
28.5477466583
26.4279918671
27.3061580658
30.8884868622
31.8081798553
32.0170173645
32.5457305908
32.2606735229
27.9893417358
31.6939182281
35.1265869141
31.9644641876
34.5941925049
38.0172996521
37.2057609558
35.3262825012
39.1246414185
41.6738052368
41.1737976074
37.7877464294
36.9618873596
33.9863967896
37.1227760315
40.143699646
36.065776825
38.5811347961
38.614944458
37.7638969421
39.105342865
42.4784355164
41.9532852173
36.7373085022
38.3426971436
41.2231445312
36.8425140381
34.4402770996
38.5844917297
37.330619812
33.720249176
33.6783065796
38.493347168
37.6657371521
39.0572891235
35.835193634
39.0050773621
40.3363456726
34.9975967407
36.1120910645
35.2188034058
30.5906333923
35.3719215393
38.1201667786
34.1264152527
33.8410568237
38.945350647
38.101348877
34.6642951965
37.0261917114
40.9121360779
39.1977958679
36.7713050842
41.941783905
43.7479934692
25.0953350067
23.3184947968
20.3414211273
20.69323349
16.7176933289
19.0817432404
17.2724590302
16.3424530029
15.1653881073
10.8162918091
9.06760406494
7.76939487457
5.82424020767
5.59487724304
8.7981262207
6.79662466049
11.0471820831
12.8448753357
14.0046367645
15.1541481018
13.5039710999
13.5031967163
12.7840604782
8.75278282166
7.4384021759
4.65423583984
7.91309165955
12.7932729721
13.3438959122
17.3051948547
15.7647352219
12.5303325653
10.389090538
6.71202993393
6.72761440277
7.04351329803
8.09792423248
12.5225391388
12.995018959
17.9477748871
17.754901886
21.1604099274
23.8508377075
21.8669776917
21.9726009369
25.8270645142
23.6367683411
26.6048965454
25.2119445801
18.9706325531
22.4054794312
25.514793396
21.2013626099
20.0078220367
23.1830158234
23.2619590759
18.9053592682
22.0990085602
25.4824047089
21.9262199402
23.2492351532
23.114315033
21.6551322937
21.1545295715
19.6816272736
15.0552473068
16.3851547241
16.2305965424
14.0649318695
15.1633453369
17.2955436707
17.0263519287
21.0550518036
24.0888347626
23.254781723
21.2202796936
17.3793811798
19.0801906586
13.582359314
13.8454580307
11.7154569626
10.796002388
11.8095312119
6.70446825027
10.6939249039
9.94622993469
13.3902845383
12.063167572
15.1497192383
19.0620803833
20.2412204742
17.4484024048
18.4660243988
22.225025177
22.7038993835
19.612701416
22.6134166718
25.3033313751
28.1137294769
30.2533874512
24.6883640289
25.0779972076
29.2735500336
31.121471405
30.2186317444
26.249124527
27.4734706879
30.3011741638
25.4022674561
23.8361282349
27.0045108795
28.0247879028
23.4593505859
24.0474739075
27.9927597046
26.8078079224
24.6831054688
26.77891922
30.7201271057
26.6686248779
26.6329307556
32.265411377
32.466545105
29.2052383423
32.013343811
27.3799667358
27.9337539673
23.3824672699
24.6444549561
23.0671539307
24.5579528809
22.2994384766
20.5763282776
20.4140434265
18.2034835815
17.6852664948
13.8604040146
14.9107151031
14.9320030212
15.2309951782
20.0589637756
21.2208995819
17.9677963257
19.0919494629
16.7355327606
19.053358078
16.9929428101
17.9320163727
17.774597168
21.2886314392
22.7997055054
26.7527561188
28.8527336121
32.6207427979
35.4866333008
35.2666625977
37.8690643311
37.9508934021
37.6590423584
33.2268943787
36.8515853882
34.246547699
33.8673286438
36.3581886292
34.0468864441
32.0552711487
29.4915809631
30.7865638733
27.6584243774
32.0666542053
31.582025528
27.5565662384
32.0114479065
34.7822799683
38.2326622009
37.8954582214
35.3759689331
36.5197296143
40.2538566589
41.7909584045
36.2050018311
38.1763038635
32.8715858459
34.1825332642
32.5987281799
35.9339179993
32.7116165161
29.2236709595
32.6970672607
34.4813117981
29.1668186188
29.0263061523
31.1552963257
29.7273101807
25.945104599
29.7310447693
31.3776912689
25.942325592
26.3233108521
30.0198917389
29.3630027771
26.9615650177
25.2087593079
29.052406311
28.7135772705
30.2502403259
34.6362495422
34.7381439209
36.3045310974
37.3284454346
38.3985862732
34.6839942932
39.1392250061
41.5975112915
37.806186676
41.2542495728
44.2325782776
42.4183731079
40.3419914246
45.0884857178
47.0262641907
45.0169639587
41.4878959656
40.2739982605
36.2444572449
38.4465446472
39.537399292
35.5217132568
36.8856430054
36.1458473206
35.9964942932
36.7929344177
41.3043022156
39.9631690979
35.3188781738
38.5724830627
40.9034118652
36.594078064
35.0482025146
40.2818145752
38.9066848755
35.6799049377
36.1787834167
41.5115203857
42.7392883301
43.3464851379
40.1410903931
42.6000556946
43.3880119324
38.2270393372
37.4857254028
36.0826148987
31.2886981964
34.7955360413
37.9697189331
33.5874595642
31.4843540192
36.4919090271
35.8865776062
32.2332267761
32.9169616699
37.2126235962
35.7332305908
31.4921302795
36.6349220276
39.0534973145
27.4223403931
30.2432785034
26.8742332458
24.3989486694
24.6669845581
26.1277656555
20.8611125946
25.4596214294
26.7728366852
23.8699359894
24.6967105865
20.9607086182
25.6619663239
23.8026618958
17.4260139465
19.6916618347
18.4442024231
17.0586185455
14.1247291565
16.8764419556
16.8366584778
12.0123472214
11.5001840591
16.0201931
17.2243671417
23.8508377075
24.2283878326
27.0888690948
28.4904346466
29.4539089203
33.6183052063
33.3525810242
33.3045883179
30.3286209106
28.3037433624
24.8596916199
21.66198349
18.6276226044
14.6540184021
12.5084848404
9.0706653595
6.89730739594
5.71000385284
4.57799291611
8.600066185
9.83870601654
11.0516223907
14.6829032898
13.9690208435
12.9966821671
16.0759506226
19.0027236938
17.435005188
19.5454597473
22.0468959808
22.7765197754
22.5217075348
25.1808853149
27.7053375244
27.341884613
32.5468330383
32.5112953186
33.6998252869
31.9292201996
27.9565315247
25.1184368134
27.6546916962
24.5989818573
26.5544109344
23.3015766144
21.4304904938
19.282453537
18.9897956848
22.4655151367
19.060049057
14.8635044098
14.688252449
14.0706176758
17.0198020935
17.8037128448
21.7724475861
23.0211219788
27.032699585
26.2154521942
27.3153514862
29.734872818
31.3495731354
26.051984787
24.7872047424
28.8571357727
27.0419635773
26.9635257721
32.2299156189
32.5928344727
30.1549301147
31.9718799591
36.1666069031
40.5837402344
39.8363304138
44.9983634949
41.100063324
39.0349998474
42.9707260132
43.0639915466
43.4977722168
39.7634239197
38.306678772
40.9430427551
38.8680305481
35.1134872437
35.7663764954
37.8772850037
34.8525123596
31.6300048828
34.7214698792
34.7557258606
31.1478233337
30.2908191681
35.7485809326
31.9955425262
28.8531856537
33.4106903076
35.5760955811
31.2005348206
30.1895637512
26.6530284882
24.528635025
22.5565757751
18.5384654999
20.5280570984
25.442276001
24.6256771088
25.9439945221
21.890001297
21.4625034332
25.7173614502
25.4638347626
29.7071990967
32.2140426636
34.8188018799
38.4294471741
37.1754837036
33.4656410217
31.3330421448
28.9147167206
26.0729579926
22.4157962799
22.1333866119
15.9553403854
18.7855873108
21.4279994965
21.4876194
24.3883304596
26.9250011444
30.7275371552
32.6300773621
33.0871391296
31.3383483887
29.0422782898
23.6274852753
24.0717163086
20.7502937317
18.2255573273
19.2149543762
17.4741783142
17.4657936096
15.8102455139
20.6573295593
21.3110694885
24.3336257935
27.4261474609
25.5444946289
25.6769313812
28.4475250244
30.8920860291
29.8846092224
26.0268478394
26.7829723358
28.5975399017
29.9355678558
23.5740089417
27.5352554321
24.3621101379
28.7518634796
30.293346405
33.1713600159
28.3576889038
27.6233577728
32.3238601685
31.5623912811
28.5509338379
32.2527580261
32.884929657
30.4508666992
30.0441799164
34.6572952271
34.3114776611
30.1187438965
34.0054244995
37.1121139526
35.4044265747
36.5176048279
31.1231269836
32.9484405518
29.679693222
29.7288227081
32.0021896362
33.7497444153
32.7016220093
32.5645599365
30.919927597
26.4807472229
28.7471179962
32.9769859314
30.7319984436
31.9769306183
35.751701355
36.1063041687
34.4771499634
36.8763580322
39.9749221802
40.9821853638
38.1623191833
37.6491470337
36.0785102844
39.7857513428
44.0868873596
40.3287239075
43.6249084473
44.1225204468
42.7507019043
44.327796936
46.5869178772
46.6267776489
41.3841285706
41.6355476379
44.6427459717
40.4572067261
37.6935005188
40.5414581299
39.3450927734
35.7420463562
35.3626174927
39.0904312134
36.3148155212
38.2397994995
35.2340126038
38.7714157104
40.6116142273
35.5963630676
38.2571182251
37.7834968567
33.8330917358
39.0658493042
41.2958717346
38.0580940247
39.0878334045
43.8723297119
43.0135612488
40.071849823
43.3106994629
46.7210731506
45.038356781
43.9531784058
48.8066825867
50.1813430786
14.4524774551
17.6210479736
15.0651950836
11.0445690155
11.9066743851
13.4078836441
9.30215454102
14.3641881943
15.0072851181
13.8094940186
16.651550293
14.708782196
20.730474472
20.8877239227
17.7333698273
18.4556903839
20.2319412231
20.6845245361
18.3689937592
20.5927505493
18.1053314209
14.3856391907
12.3136072159
13.98138237
13.9155902863
19.0801887512
17.1697216034
18.6092338562
17.6012611389
19.2596435547
21.9682292938
22.276348114
23.90691185
21.208158493
20.9287853241
16.9248905182
14.9118595123
11.6265325546
10.1771659851
7.91639614105
6.67461872101
11.7242469788
9.78058815002
14.0706148148
12.6725769043
11.3798561096
11.1162748337
7.32977676392
10.1693286896
12.4844942093
7.33808279037
7.61054944992
13.5664777756
12.7365760803
10.7609949112
13.3202228546
15.923538208
14.804599762
14.8865032196
19.363576889
19.9396896362
23.8480701447
26.2011299133
27.2352409363
27.0311336517
22.5388202667
19.2056846619
19.1831378937
14.9756155014
16.2055721283
11.9192171097
9.1866350174
6.43558502197
6.15657043457
9.48895359039
7.66468286514
5.56919145584
5.53624200821
6.8959479332
8.96431159973
11.7806243896
15.1714992523
19.79438591
20.8632621765
22.8491382599
25.9663047791
28.9472484589
24.7220077515
25.4552116394
29.0309066772
29.6235466003
29.0952453613
31.896692276
33.8278770447
33.6416549683
33.7725830078
36.954044342
40.670425415
41.3794746399
45.0568885803
39.7441368103
38.5629882812
42.2010917664
42.5717201233
41.7180900574
38.1502113342
37.9776573181
39.4720497131
35.6254081726
33.5234031677
34.2798500061
35.0670890808
31.3514003754
29.6484794617
32.1754875183
30.6437358856
27.2623195648
27.8968677521
31.7962779999
26.1810932159
25.0016059875
30.3900032043
30.5928058624
25.2305164337
25.9150085449
22.2927951813
23.4524765015
22.1073665619
19.7851448059
23.120552063
26.3981704712
26.4262504578
27.4366588593
24.9993400574
22.0920333862
24.883026123
23.0019321442
27.2593975067
28.4226970673
30.1605682373
34.0532073975
34.3706474304
29.0610523224
28.247713089
24.2823047638
23.1180744171
19.7594890594
17.5017986298
13.269276619
17.6608562469
18.3711452484
19.6996898651
19.729385376
25.2578983307
27.7016620636
30.0502490997
32.1590232849
30.5501079559
30.3163833618
25.4864578247
27.8459415436
25.7424640656
24.4009494781
27.3086528778
26.5943050385
25.3838577271
24.8743934631
27.4015579224
27.2398719788
31.5680961609
33.9040374756
30.097158432
30.848279953
32.8907394409
35.9437942505
33.9992256165
31.1374912262
33.4260215759
35.2460479736
35.7054367065
29.4249401093
31.4163780212
27.5309791565
29.7053050995
29.7107067108
33.7728614807
30.4052429199
28.1951541901
33.0978050232
34.9455375671
30.771648407
32.6042518616
34.9567108154
33.6578178406
31.4268608093
35.8329582214
38.0107879639
32.9504852295
35.0747413635
39.1471862793
38.5982284546
38.3877639771
34.6015663147
37.5407562256
35.3905181885
35.2853813171
38.1357803345
40.5185279846
40.8893890381
40.5227622986
40.2207374573
35.313293457
38.2678718567
41.9303321838
38.2159004211
39.1124801636
43.7407264709
43.3798370361
40.5121917725
43.5930786133
46.9074134827
46.2576446533
44.305316925
42.4987678528
40.8962440491
44.5932312012
47.0822143555
43.5930252075
46.9873657227
46.1632080078
44.6524734497
45.3167915344
48.2176933289
46.7394638062
42.1320075989
44.2792472839
45.9781570435
41.0053482056
39.7985877991
43.6559638977
40.9795684814
37.4796981812
38.6912498474
41.8220787048
40.9212036133
40.8929786682
37.3422088623
39.9182853699
42.2239723206
37.3362426758
38.2035942078
36.2776489258
32.2291717529
36.1307754517
39.4816818237
36.7312049866
35.7456016541
40.6732788086
41.0766983032
38.5610847473
39.6548271179
43.9319267273
43.3689193726
40.8620834351
45.078037262
47.6700630188
17.2070579529
14.8465423584
11.2712192535
14.1874046326
11.9309062958
16.4571418762
15.7864961624
16.622543335
13.8390808105
11.1674289703
13.6399021149
12.9728832245
14.6656742096
15.0665454865
15.1548538208
11.7886190414
14.7058696747
17.2976474762
16.5320720673
16.2614097595
12.8508281708
14.003865242
14.2645702362
10.1842803955
11.7808609009
10.7960014343
9.46120166779
11.5803794861
10.2176799774
15.1675205231
15.8880147934
13.5992994308
14.6282434464
10.0587863922
9.42437648773
6.22252941132
4.59279155731
7.16919326782
9.04004096985
11.9706516266
15.3549070358
17.6804733276
20.3957748413
23.0211219788
19.8851909637
17.6736793518
20.9568328857
18.6399097443
20.1313800812
18.4801616669
13.1761960983
15.2768325806
16.9719581604
12.9861736298
11.0365819931
13.6080942154
13.4214897156
8.90560436249
12.1707172394
15.062046051
11.7021846771
13.5700302124
14.4206161499
14.0204620361
14.1328229904
11.072136879
6.600710392
6.76320028305
6.17472362518
5.89345932007
7.13629150391
10.0169563293
12.1834182739
14.9750118256
18.6403942108
20.0816230774
18.9835090637
16.1586761475
15.1715011597
11.1912641525
7.02182531357
5.06583738327
5.16793584824
8.02870750427
9.08909511566
12.8280849457
16.0118122101
13.1622438431
15.5286645889
17.8580036163
20.5144367218
19.7274513245
19.718624115
22.6743164062
24.6231689453
23.4232273102
25.090555191
28.0213756561
29.6573753357
32.0186347961
26.1574554443
25.5590305328
28.8657684326
29.6178150177
28.1131248474
24.6591453552
25.5271396637
26.7204017639
21.8056564331
20.760219574
22.3467597961
22.569108963
18.2441692352
18.3463459015
21.2477874756
19.2476940155
16.7118797302
19.0213794708
22.2633018494
17.1612224579
17.5759754181
23.3927974701
22.9775791168
19.1375865936
22.2315616608
17.8166828156
19.7252216339
16.4006404877
18.1450538635
18.3658638
19.0881519318
18.5785865784
18.2531318665
18.3306999207
14.3095560074
14.1752290726
10.889380455
14.0569648743
14.2123403549
15.6960544586
19.3396949768
20.2750034332
14.6597757339
14.9733438492
10.8365211487
12.3063716888
10.3726043701
9.22815418243
11.068813324
14.0854406357
14.2355356216
18.3324813843
19.3718929291
23.7154026031
25.9597206116
25.9944648743
29.081817627
29.1116085052
29.6758003235
25.7863006592
29.9878826141
28.1713352203
28.4000644684
31.7044429779
30.2658996582
27.8666229248
26.6591110229
26.7346534729
24.3185577393
29.1146736145
29.3664340973
24.4820175171
27.505241394
29.4371509552
32.9536209106
31.7242832184
29.8025970459
32.0502281189
35.1346817017
35.9335403442
30.5656337738
31.4323139191
26.275598526
26.5107650757
24.5440311432
28.4640960693
26.0712223053
22.3165874481
26.1136627197
29.2824382782
23.9989261627
23.5267276764
26.6632328033
26.1160068512
22.1569061279
25.8917636871
29.4152336121
24.0445690155
24.1666851044
28.5220870972
28.8435382843
27.276556015
25.4645843506
29.1776638031
28.5999488831
28.8453521729
32.5152549744
34.3671112061
36.2856063843
36.2401924133
37.6189346313
33.1745109558
37.215171814
39.6546287537
35.0058250427
37.1506156921
41.1469268799
39.5024490356
36.3704414368
40.7889518738
43.2966575623
40.8343582153
38.6781654358
36.4123458862
33.671333313
36.5752563477
37.2438964844
33.8804397583
36.6329460144
34.9503517151
33.8153610229
33.9613456726
37.7824821472
35.6067047119
31.3960876465
35.056476593
36.2775611877
31.3299617767
30.8654212952
35.8631629944
33.1660003662
29.9792747498
31.6732406616
35.6438484192
37.1797294617
36.5732383728
33.1017837524
35.0757446289
36.4560813904
31.5704841614
30.460849762
28.2757129669
23.7498512268
26.7936916351
30.4547462463
26.9196815491
24.4428291321
29.5061626434
29.8304691315
26.9675807953
26.9916477203
31.600643158
31.076417923
27.3285522461
31.7053718567
34.631149292
24.3326797485
21.4364814758
18.29621315
20.8046035767
17.384557724
20.9842891693
20.0987586975
19.4809017181
17.0710067749
13.4671545029
13.3934135437
12.7543916702
10.8361778259
10.7014074326
12.92507267
8.71805667877
12.1318902969
14.9311637878
15.7641916275
15.2311592102
12.9096155167
15.1225652695
15.6863307953
10.6793966293
11.5442438126
6.70446777344
7.88842201233
10.555850029
12.7533454895
15.7638902664
17.5611801147
14.8690347672
12.9112033844
9.19814586639
6.07882976532
6.37463140488
6.37091207504
9.90652942657
13.1516866684
15.4565935135
19.8594055176
20.2198047638
24.0139560699
26.2154483795
23.4679927826
22.4808063507
26.5625686646
24.6135578156
26.7890090942
24.65625
19.2170963287
22.2606067657
24.0044269562
19.5105876923
18.4822826385
21.1506633759
20.4474372864
15.96945858
19.6180477142
21.9780540466
17.6860752106
18.4009933472
17.5596618652
15.7725381851
15.3721065521
14.5446481705
10.3610181808
11.8965549469
13.2645530701
11.4563217163
14.0542917252
17.0335922241
18.2485294342
21.7771244049
25.1556949615
25.6431770325
24.004283905
20.4891109467
20.8632659912
15.8404655457
13.5417690277
11.1807870865
8.02871131897
6.8233962059
5.39025831223
6.14407491684
9.78934764862
8.73219585419
12.4075965881
15.0905570984
17.5863895416
15.5030250549
14.7907333374
18.7051811218
20.602098465
17.7871665955
19.5591678619
22.0781383514
24.7453517914
26.5332775116
20.6155395508
20.8224010468
24.6199760437
26.2227401733
24.9318809509
21.1401996613
22.6197795868
24.857755661
19.6605587006
18.5941677094
21.6263809204
22.2741298676
17.6586303711
18.8035526276
22.52094841
21.1355056763
19.3655948639
21.8948402405
25.322467804
21.6269378662
22.0688228607
27.4712944031
27.4307918549
24.7790184021
28.0512332916
23.5722255707
24.4776535034
19.9611797333
22.403181076
20.4743213654
20.7908325195
18.9018917084
17.1119232178
18.0372524261
15.1691837311
13.4910039902
9.41102695465
10.0544300079
9.61279964447
10.329416275
14.8342189789
16.0716190338
12.1145200729
13.5356235504
11.1289510727
14.2960042953
13.152970314
14.3044252396
16.2370300293
18.7360515594
19.6725997925
23.9981060028
26.0392494202
29.3228702545
31.8812885284
31.084066391
33.9290428162
34.4409675598
34.5715293884
30.7214031219
34.8342208862
32.6383361816
32.8640480042
35.6620101929
33.5562591553
31.1775169373
29.0326786041
29.1498699188
25.7330970764
30.214673996
29.3478946686
24.8377819061
29.3771438599
31.7489051819
35.2400741577
34.8502082825
32.8692550659
34.3149833679
38.0824813843
39.4326629639
34.3305015564
35.5907211304
30.1929473877
30.6160583496
28.457649231
31.733373642
29.136598587
25.3024673462
28.3291110992
30.8302650452
25.3778038025
24.3851203918
26.9599552155
26.0888195038
21.7942428589
25.1930980682
27.846157074
22.4705848694
21.9974746704
25.9386978149
25.9420833588
23.3626689911
22.381608963
26.3884296417
26.5430107117
27.693561554
31.9835395813
32.5410461426
34.726600647
35.4199028015
37.1212081909
33.3668670654
37.8745231628
39.9020576477
35.5939598083
38.8730545044
41.9615440369
39.8545799255
37.3753509521
42.3069992065
44.1686706543
41.4921798706
38.4359436035
36.7434959412
32.8659210205
35.0067977905
35.342956543
31.6371212006
33.2713241577
31.9054069519
31.547170639
31.9562454224
36.497253418
34.7106895447
30.3697090149
34.1869888306
35.9956283569
31.5898456573
30.6182060242
36.0408592224
34.2991027832
31.2661762238
32.2470054626
37.3043556213
39.3200492859
39.3828163147
36.2135353088
38.3029174805
38.9604568481
34.0151786804
32.6102981567
31.0056629181
26.3152122498
29.3437137604
32.5954627991
28.2806472778
25.7293586731
30.6624736786
30.2249774933
26.7179546356
26.9503211975
31.3335094452
30.1030864716
25.6726875305
30.6723232269
33.2632484436
32.8076972961
29.4556922913
26.2293643951
29.6696243286
26.511297226
30.1792125702
29.0824489594
28.4524307251
26.1281967163
22.4380493164
21.5806159973
20.5317249298
16.8837547302
15.5680475235
17.4725189209
13.1054649353
13.9051465988
16.6461734772
18.3813705444
16.1535778046
15.2536640167
19.5286884308
21.4029941559
16.5925827026
18.4460849762
13.3902845383
16.2008571625
18.7141094208
21.4045200348
24.0662460327
25.5923461914
22.4783535004
19.7400417328
16.8013343811
13.6380662918
15.276432991
14.823674202
18.1752243042
19.8909683228
22.7004928589
26.6872253418
25.5871677399
30.3978176117
31.349565506
28.535446167
27.8789653778
32.6405181885
31.5460090637
33.6282615662
30.3566360474
26.0799884796
29.5796890259
30.0770988464
25.2500228882
25.5739860535
27.9243583679
26.1614952087
22.239730835
26.7177524567
27.638633728
22.5676956177
22.9393920898
19.6960468292
17.3030967712
15.7294778824
17.3778972626
14.99604702
18.0064544678
20.672208786
19.6605701447
22.6584606171
25.6440219879
27.0680217743
30.2852134705
33.9911880493
34.3875427246
32.2989768982
28.7501430511
28.9472465515
24.3360710144
21.4461765289
19.9351673126
16.0118122101
13.3385181427
9.78934574127
7.90662384033
4.98034000397
6.06206083298
9.38338470459
10.3363447189
12.8859224319
10.4336261749
7.25128602982
11.6915397644
14.4258270264
10.5454597473
10.9562511444
13.0187492371
16.2280254364
17.5335845947
11.9095964432
12.4516220093
16.5585403442
18.7844219208
18.0741901398
14.1382913589
15.920665741
19.242805481
14.9571075439
13.4223775864
17.6377468109
18.9570636749
15.0457868576
16.7674064636
20.828962326
20.6561355591
19.9183483124
22.1237392426
25.5224113464
24.1387996674
24.2262573242
28.490114212
29.182762146
28.2610931396
31.3217525482
27.1303787231
26.8043136597
21.6673927307
25.0836200714
21.0119819641
20.1345844269
17.2783527374
14.1722574234
16.7483959198
15.4818687439
12.0336952209
9.44034957886
5.97196292877
5.6853146553
6.71827030182
9.60597133636
9.4915895462
9.65811443329
11.0127840042
12.2659835815
15.3729391098
15.6873941422
18.6526584625
21.3208827972
22.1925888062
23.5050487518
27.7171230316
30.8388977051
32.3083152771
35.0638999939
33.1019935608
35.4638442993
36.6891212463
36.4221916199
33.1781692505
37.2206077576
35.0063323975
35.6685714722
37.9733276367
35.4413452148
32.9396324158
30.3470134735
29.5327968597
25.1829166412
28.888710022
26.5778331757
22.6514892578
28.4141578674
30.8190364838
34.0526161194
34.6213417053
33.0324440002
33.6794471741
37.9995727539
39.786907196
35.6067390442
36.7810020447
31.425994873
31.5729141235
29.1875152588
31.4059448242
29.0045566559
25.3336620331
26.992559433
28.7827472687
23.6187534332
21.8613548279
23.5813426971
22.7025356293
18.3739147186
20.7476787567
22.57213974
17.8546390533
16.2914638519
19.3886184692
19.3705406189
15.8119087219
16.4203033447
20.4537353516
21.8173389435
23.5643806458
28.0987644196
27.5228672028
30.3539829254
31.5334300995
33.9947814941
31.2150726318
35.961933136
37.0841331482
33.0069313049
37.2277069092
39.2287139893
36.51197052
34.6301727295
39.9987792969
41.0145683289
37.8300247192
34.1947364807
32.9527511597
28.1401958466
29.2708625793
28.9128990173
25.137550354
25.6747570038
24.4519901276
24.8435668945
25.464717865
30.5209217072
29.282661438
25.0114746094
28.852897644
31.1133594513
27.5907535553
26.1976909637
31.8080101013
31.1511535645
28.5680370331
28.8302783966
34.6988105774
37.4994544983
38.0950126648
35.4713020325
37.4749412537
37.1960792542
32.5445137024
30.7517852783
30.0094432831
25.5738582611
28.4259243011
30.8342437744
25.9046955109
23.8607578278
28.2030658722
26.6938362122
22.7048740387
23.7009620667
27.2560100555
25.1022891998
20.7264595032
26.2458381653
27.951133728
44.7182579041
41.0861663818
37.8440933228
41.9356880188
39.0206642151
42.7879295349
41.529006958
40.9730300903
38.6933174133
34.9602355957
33.7530441284
32.466999054
28.2027816772
26.3379859924
27.728061676
23.9641056061
22.9705276489
24.9519176483
27.0098342896
23.8736667633
24.3838195801
29.3026695251
31.9017677307
27.7077960968
29.9481124878
25.3033370972
28.5410366058
30.9659080505
33.7567672729
36.2905654907
37.5938262939
34.2898826599
31.3408184052
28.8459320068
25.85896492
27.7875118256
27.1545143127
30.3431072235
31.089756012
34.0983772278
37.5691719055
35.4543876648
40.7866668701
40.5837478638
37.8774414062
37.5034065247
42.5621185303
42.2489738464
44.1447029114
40.0077819824
36.9491348267
40.6300125122
40.0245933533
35.2470054626
36.578666687
38.5587921143
36.0350646973
32.8386268616
37.6711120605
37.3675193787
32.0783081055
32.1854438782
27.3056697845
24.9802894592
22.6898231506
26.0530509949
25.4129161835
28.8674793243
32.12840271
31.6593074799
34.8054237366
37.751750946
39.3367881775
42.2646713257
46.2092552185
46.5739784241
44.1586112976
40.6653556824
40.6704139709
36.4684867859
33.2128868103
32.2332839966
28.0213737488
24.8992805481
22.0781402588
19.4307537079
16.7635383606
13.0187501907
16.086725235
16.3832569122
14.2152090073
15.259139061
13.9258089066
9.53445625305
10.1612949371
13.0309047699
9.55974769592
5.02020978928
6.63085317612
5.89045095444
5.46895456314
6.18308401108
9.03141975403
12.2206497192
13.4433603287
11.0208072662
12.3262329102
16.7896709442
16.0483932495
14.414440155
18.556520462
20.475528717
19.0860996246
20.7879943848
24.0162963867
25.3867549896
25.9510402679
27.3271350861
30.0689563751
31.3502674103
31.0956172943
33.5187339783
34.973815918
35.9368400574
38.5044021606
34.9835929871
33.5097961426
28.5785560608
32.4104309082
26.9114322662
24.8365898132
21.741853714
18.2545681
21.9488048553
22.6747665405
18.8705310822
18.8460235596
14.5005903244
14.7554531097
15.3662281036
13.9249095917
11.0493087769
16.7975711823
17.1324195862
21.0902614594
23.1165447235
24.6101112366
28.2911701202
31.2248153687
30.6362686157
32.073348999
35.7110481262
39.5620880127
39.1098060608
41.8493614197
38.7693367004
40.3637809753
42.3211975098
41.6246757507
39.3765640259
43.0169372559
40.9849090576
42.0966377258
43.6991081238
40.9066696167
38.475227356
35.6961784363
33.8399467468
29.0249652863
31.1189956665
27.1379318237
24.8843212128
31.1372966766
33.2168731689
35.7035903931
37.4718933105
36.5814170837
36.156288147
40.7553482056
42.9335594177
40.2681121826
41.2133483887
36.4276847839
36.1940956116
33.812664032
34.4576377869
32.6446914673
29.7084026337
29.3608226776
29.9288215637
26.1060905457
23.6635570526
23.7022476196
23.0769557953
19.9331912994
19.8578014374
19.7589321136
17.6713581085
14.6766929626
14.7499160767
14.7507648468
9.94355964661
14.4218883514
16.9925022125
20.333902359
22.6272125244
26.621339798
24.2471160889
27.8155288696
29.5909442902
32.9931411743
32.0120849609
36.5180892944
36.1733665466
32.8636627197
37.9486198425
38.1945877075
34.7903900146
34.0066757202
39.4912071228
39.1543312073
35.4207420349
31.2450046539
30.845457077
25.190366745
24.2666053772
22.5396976471
19.2048816681
17.1212978363
16.4237365723
18.5062732697
19.5104923248
24.860786438
24.8706493378
21.4261837006
24.6320705414
27.3946647644
25.9091529846
24.0492992401
29.1080627441
30.2696990967
28.7655639648
27.9031982422
34.2107086182
37.8910751343
39.1599349976
37.5277099609
39.2161750793
37.6724090576
33.9381866455
31.824848175
32.372341156
28.9578323364
31.1336517334
32.0717315674
27.0403194427
26.1453495026
28.8915977478
25.9817008972
22.0545005798
24.1256217957
25.6505451202
22.2627315521
19.2258071899
24.369638443
24.1478176117
28.0897789001
25.6174430847
22.3379993439
28.092622757
28.526391983
33.5400123596
32.5804100037
34.876739502
31.9859619141
29.8630523682
32.2576942444
30.6421909332
31.4971141815
30.4570426941
28.3184986115
24.2509880066
23.4554214478
26.0458145142
24.5816516876
21.2460708618
19.0067615509
23.2543907166
26.3079509735
23.1797389984
27.2742385864
26.77891922
27.4205970764
30.0155735016
27.9127960205
33.7458457947
32.9316253662
29.8821277618
31.7521648407
26.8867855072
26.1020641327
24.2504901886
21.7916297913
24.0884284973
21.2130508423
25.627073288
26.0721416473
27.2287940979
30.7176437378
30.2908229828
26.3405265808
22.8060932159
26.0849456787
26.4070167542
25.6410808563
21.0803966522
21.9317874908
23.1607761383
18.9845561981
16.3717708588
18.7717475891
18.4446430206
14.6534910202
15.0442647934
19.0222091675
15.4004936218
11.9724941254
14.7491264343
9.76946640015
12.0506353378
9.54955863953
9.03940105438
13.045255661
15.9473676682
18.0656795502
21.3985061646
22.5862426758
24.1378192902
27.3081951141
27.3809051514
31.5670032501
34.0792770386
32.6469154358
31.0774898529
27.89686203
27.1654262543
20.9476776123
22.5536174774
19.0213756561
17.8247528076
21.8948402405
17.9700450897
22.4118366241
22.1237411499
18.724779129
17.7101402283
15.2060422897
18.3386993408
21.239233017
20.1851215363
19.3527927399
22.8013629913
25.2448806763
24.4194793701
27.3271331787
25.5979938507
28.7737693787
25.1328372955
22.1296253204
23.0949440002
21.2500114441
20.4123191833
18.8113002777
17.3189926147
15.9518756866
15.4903373718
13.5666646957
10.558763504
10.85272789
10.7022066116
6.98429965973
6.06431436539
6.59470033646
4.52989435196
6.50898551941
8.04625988007
5.62113380432
7.14317417145
9.74719142914
10.7664470673
11.8700857162
9.80190658569
9.07525062561
8.39723205566
13.1289606094
12.1751756668
8.08310031891
11.3669872284
13.4080104828
15.3000526428
12.4119615555
11.7604446411
14.445523262
16.8675193787
18.5415725708
21.7515029907
21.3199043274
19.1384162903
15.6301317215
12.1381635666
12.1982727051
8.12059307098
10.5999822617
11.2706489563
15.7094602585
11.8642311096
10.5705337524
12.4568405151
15.2448148727
13.2247047424
15.0214328766
11.7862691879
14.1125936508
16.0800132751
16.9943599701
16.2263698578
20.8690986633
20.6998748779
23.0884437561
26.2383975983
25.6081676483
22.5929603577
23.1126823425
19.1235923767
17.0473976135
20.3416385651
20.0739364624
15.2970733643
16.1594181061
15.897687912
18.8883953094
17.6182937622
17.9888210297
20.8622322083
23.4261074066
23.6406269073
21.0532493591
19.4308433533
15.0773077011
11.9891738892
8.39066982269
11.2558555603
11.2189874649
7.39117288589
8.78788471222
14.1089601517
10.150141716
8.11308193207
12.0251111984
13.7711791992
11.0942850113
12.6815881729
18.5427684784
15.6892442703
15.2142248154
18.8069248199
20.6970996857
21.5619792938
20.2147502899
22.2887058258
21.9969921112
20.0159416199
21.5725421906
25.6626033783
28.4690914154
26.8311595917
29.4740276337
25.4667186737
28.525680542
29.4460487366
23.8609905243
24.5787353516
28.717414856
26.7247409821
22.4501037598
26.6056957245
28.9524917603
25.1344890594
25.1996860504
21.4827804565
20.9033203125
24.1179237366
23.9727287292
22.2509174347
26.9326457977
24.2755374908
21.5618057251
20.954870224
22.7562789917
20.2746124268
16.8563346863
20.0983791351
19.7281455994
14.5201673508
15.5904588699
19.5454483032
15.4336643219
12.7886095047
16.2239093781
18.1170864105
21.321395874
19.2542076111
16.1091823578
17.2171611786
18.1890144348
14.0611944199
11.8573055267
9.74948787689
5.60712003708
9.37236213684
12.3254089355
9.35419654846
9.56401634216
13.9017829895
13.9118175507
12.5014944077
14.6596326828
17.6740169525
17.4709720612
17.6116352081
20.6915054321
22.2482357025
28.6408557892
26.5387916565
23.8601379395
29.7804870605
31.173122406
36.1456413269
35.5432739258
38.237953186
35.2720565796
33.8266448975
36.7954750061
35.3703689575
36.8834571838
36.118976593
33.7807006836
29.9828357697
29.3450832367
31.7906723022
29.9484043121
26.9088687897
24.5526294708
28.1263027191
30.9259643555
28.2929496765
32.2557563782
32.265411377
32.3839683533
34.6631164551
31.5631122589
37.7435646057
36.2227592468
33.3849372864
36.1853218079
31.3490638733
31.182390213
28.9997634888
26.6590232849
28.5947914124
25.4094715118
29.6130390167
29.248085022
31.162443161
33.8727226257
33.4106903076
29.4976444244
25.4250106812
27.6321105957
28.1292190552
26.3667869568
22.2078552246
24.4555549622
24.5236091614
19.2288856506
18.3154907227
20.5015029907
19.0368843079
15.3688030243
17.378320694
19.932516098
15.0183906555
13.6465864182
16.2052383423
12.7810344696
15.7967014313
14.5161781311
13.4179840088
17.7952308655
19.4082736969
20.9632034302
24.7474555969
25.4308261871
26.4636497498
29.888261795
29.0759391785
32.8637313843
36.0570755005
35.1109466553
34.1917648315
30.3900051117
30.6229038239
24.3450069427
26.2449531555
23.3927974701
22.5986557007
27.4713001251
23.8485546112
28.5254840851
28.4901046753
25.1764755249
24.1992111206
21.7667350769
24.6940078735
27.7502117157
26.695274353
25.7273216248
29.0704441071
31.7988491058
30.8164272308
33.5187339783
31.5306358337
34.4899749756
31.0813655853
28.1066589355
28.4543685913
26.163608551
25.1458930969
24.2933864594
22.7748241425
20.3428421021
20.4911422729
19.4236564636
15.6985578537
15.114356041
16.0345020294
13.0387439728
10.2317438126
10.1467370987
9.14853000641
7.14317560196
6.28828477859
8.4414730072
6.32521247864
5.94249725342
8.33529281616
7.98389959335
8.88279628754
9.51750946045
12.3117847443
15.7233247757
16.7702140808
13.3901939392
17.2340393066
19.7176609039
21.0182361603
18.2914428711
18.2736549377
20.7043323517
23.2696399689
24.6326828003
27.5633792877
26.8788566589
25.0351829529
21.330739975
18.2949314117
17.8455600739
14.1088085175
16.0527515411
15.3229045868
19.2958221436
15.1853923798
12.8498764038
12.7936697006
13.827460289
10.4906835556
10.5133676529
6.4924788475
9.33017921448
11.7836608887
14.1255197525
15.268073082
19.6503238678
20.6931724548
23.5015773773
26.8131542206
27.1048870087
24.2747421265
25.9228210449
21.5454425812
20.8189601898
23.4711780548
23.9828739166
19.7699680328
18.6138343811
17.0891857147
19.3513183594
17.0912208557
18.547542572
22.144329071
23.4500274658
22.7207431793
21.1337738037
18.1413726807
15.1372289658
10.3584938049
6.52684164047
9.25397777557
11.7827320099
9.63986778259
9.89887714386
15.9348745346
13.9256248474
12.453494072
15.8186540604
18.1303672791
16.7109279633
17.3228626251
23.2460899353
21.3483066559
20.9793720245
24.0193958282
26.1453800201
27.463684082
26.2037963867
27.7739486694
27.2502441406
24.7286128998
25.2097625732
30.0911808014
32.6586761475
30.4188842773
32.876914978
28.8454589844
31.0664596558
31.8841590881
26.3417224884
25.5006999969
30.162443161
28.6212997437
23.8773880005
26.9878044128
29.7021903992
25.873468399
27.4847183228
23.2073059082
24.3310813904
27.6685352325
27.3065223694
26.4932594299
31.574432373
28.6761264801
25.5552749634
24.4945049286
25.0764312744
22.2112350464
20.0408935547
22.7791824341
21.1382255554
16.2381477356
18.4784393311
21.0351142883
15.772605896
14.0326299667
18.344335556
17.6051826477
20.7767238617
17.0601730347
13.9463500977
13.8609542847
15.7869434357
12.9549179077
10.4805612564
7.06598615646
6.39398145676
7.4237947464
10.3230390549
10.4805717468
11.2560548782
13.8453702927
15.1184282303
15.615650177
16.821182251
19.0616950989
20.0142860413
21.1943798065
22.7225952148
24.2791690826
21.0235958099
19.967414856
16.992105484
22.0356388092
23.8932132721
28.6516647339
27.7929496765
30.9845046997
28.3923015594
27.1852397919
30.5360240936
29.0538520813
31.7056026459
31.1806125641
28.4691791534
25.3151931763
25.234960556
27.451341629
25.1666793823
23.1109886169
20.2591075897
22.4761104584
24.6218624115
22.6132545471
26.2258930206
27.3799667358
26.8806228638
29.0462875366
25.6756458282
31.6056976318
30.5409297943
28.2625026703
31.3911952972
26.633026123
26.6571273804
23.6829357147
21.1365394592
22.2421302795
18.7961521149
22.5428352356
21.7359600067
24.5309467316
26.4801311493
26.6530265808
22.8107566833
18.3714065552
20.0695991516
20.0753974915
18.2234535217
14.6482744217
16.637758255
16.1597366333
11.1266508102
10.5889091492
12.4150123596
10.7976360321
7.29901695251
10.3235025406
12.5726795197
8.35621643066
8.30144405365
13.1397657394
12.3893547058
15.5155744553
14.7071390152
10.9832248688
13.7409906387
14.8200531006
14.668551445
18.9628887177
18.4546737671
18.7771244049
22.0041675568
20.7846755981
24.629776001
27.7159156799
26.9085655212
26.3115119934
22.2927951813
23.1355476379
17.0981369019
19.6198444366
17.8166847229
18.593416214
23.572227478
21.0847702026
26.1321392059
27.1303768158
23.0465641022
22.4931678772
21.8736133575
24.3752326965
26.6781673431
26.8071212769
26.779756546
29.2195549011
31.4370651245
31.7345714569
34.9835968018
33.773651123
37.153793335
32.8164787292
30.2522068024
31.7955799103
30.3270359039
29.2266101837
27.2850112915
26.1890850067
25.0558452606
23.4289417267
21.9170246124
19.6308059692
19.4898853302
18.3044528961
15.368560791
14.8282575607
13.595744133
10.6669015884
9.80190467834
11.817820549
8.38634204865
5.68325996399
8.88279533386
9.73590755463
5.9835486412
5.57115507126
6.31604623795
9.47600364685
11.2248773575
14.5313024521
13.5607757568
16.877696991
19.4970817566
19.4250545502
15.8443536758
17.2154273987
18.5126152039
22.3208293915
23.7531795502
26.6357326508
27.4485092163
26.3036022186
21.263715744
18.6328601837
16.2920608521
12.4546442032
12.463807106
10.0304145813
12.7688293457
9.71792507172
6.66961193085
6.5530257225
6.76178312302
7.49908876419
8.98069381714
8.89308357239
12.0432243347
12.1747350693
14.0257692337
12.5295419693
17.2316970825
17.5582466125
19.5187606812
23.3981018066
23.7276248932
21.0235347748
22.6211605072
19.8556900024
19.6207408905
23.3221931458
24.886516571
20.2782669067
19.2204113007
18.8571910858
21.7034778595
18.9599723816
18.7253112793
22.5959434509
23.9255924225
23.31158638
19.6282520294
17.9304790497
14.1215219498
11.7155075073
9.72937870026
14.2250967026
13.7832622528
11.1689901352
14.7908363342
19.4196739197
16.2126998901
16.4835319519
19.8309249878
20.7837181091
18.9020767212
21.4342193604
26.3735198975
23.0098896027
23.7135601044
27.5086956024
28.7925224304
29.7316932678
27.3562908173
29.5154533386
28.2563095093
26.2288246155
27.5026092529
32.0615386963
33.9485435486
32.0657615662
33.624294281
28.866563797
31.3431549072
33.2856140137
27.9796276093
27.330291748
32.5520324707
31.5305595398
27.0597476959
30.1284866333
33.4059295654
30.7712574005
31.3088302612
27.6754341125
28.0682754517
31.8854141235
32.6871261597
30.8573493958
35.6936531067
33.4004516602
30.6676197052
30.2095108032
31.6228504181
29.1844291687
25.9624233246
28.512386322
28.1068820953
22.9701938629
23.8286132812
26.9151210785
22.4132938385
19.7037963867
22.9824638367
23.5768718719
24.8333568573
22.3025035858
18.6909713745
19.8934211731
22.4203853607
18.5613822937
17.9925079346
15.2447080612
12.5216941833
15.3408794403
18.6024436951
17.5135250092
17.2835044861
21.1533184052
22.3072052002
21.5385246277
22.5517158508
25.8838348389
26.3991565704
26.0538825989
28.6090354919
30.7828350067
31.7535362244
33.7555236816
30.3102855682
31.3196678162
33.2257003784
36.5794487
32.8468399048
37.7257347107
37.2309036255
34.8749046326
37.0571403503
33.7709465027
37.5420379639
35.5811538696
29.669549942
29.0147819519
26.5917816162
26.7058925629
23.5144748688
22.6410064697
22.2209281921
21.7565155029
24.1581249237
25.724779129
29.349313736
33.8673171997
34.4819145203
37.6358451843
36.8147926331
40.6000480652
42.421787262
40.9999084473
42.5177688599
38.1472091675
36.6031951904
33.1049423218
29.373046875
28.317193985
22.620672226
24.2798519135
20.6768321991
20.6977214813
21.7067680359
18.2255573273
16.0646629333
14.3310308456
14.6212997437
18.2110099792
17.3990058899
13.086476326
18.925201416
20.1350879669
16.761264801
17.0398864746
21.7137413025
21.908323288
20.4230060577
23.1368770599
26.1640853882
24.8374996185
25.2546100616
31.1302547455
29.5434188843
32.0403938293
29.6655750275
26.0722351074
26.4360256195
29.5538673401
27.7493991852
31.7002906799
29.3182315826
27.9268932343
28.4054164886
26.4584255219
30.5347595215
30.3067836761
27.5755233765
27.9873504639
24.4009494781
27.9451847076
24.4069519043
29.0618801117
28.4000663757
31.0077781677
32.8640441895
31.3396034241
35.2856483459
35.6685714722
29.9670562744
27.3157024384
28.5807285309
27.2778816223
29.8495807648
33.9437561035
32.2901992798
31.0301303864
35.3481788635
37.6969947815
42.0966415405
39.2481193542
44.8742141724
42.0237922668
38.6010780334
41.0746955872
39.5551643372
40.3136901855
37.7434921265
35.0042533875
36.0529823303
36.3290596008
32.4214248657
30.6726322174
32.7201309204
31.7942886353
27.0161571503
28.1394081116
29.1931114197
25.9325695038
23.0884437561
27.8437633514
26.5107154846
21.9149227142
23.5015735626
27.0769348145
24.3864421844
20.776714325
19.5187644958
15.1206035614
16.6326789856
12.0675096512
15.6326246262
19.1729469299
20.8000946045
24.0848083496
20.5390472412
20.5916404724
25.0237998962
27.3729572296
31.7336196899
34.7439498901
38.2787399292
39.9947738647
37.4779663086
34.0506286621
30.3831214905
29.0722179413
23.9461269379
21.8726634979
21.4979190826
17.7203121185
15.4353713989
16.9719524384
13.7051286697
17.4162216187
15.180765152
19.0236701965
20.6814632416
19.0509204865
17.018743515
13.2847089767
9.25115680695
6.88724517822
3.87262845039
4.43204927444
6.19335126877
5.58331298828
9.82507991791
10.1072130203
14.2043523788
15.3488206863
20.0897922516
18.9590053558
14.4912071228
15.2200021744
16.4582290649
14.3681383133
11.1463088989
13.0848741531
12.5714616776
12.7374210358
6.92867898941
10.6309461594
10.1421661377
15.0045757294
18.4692363739
19.968667984
15.7142896652
17.5810871124
21.3179168701
19.8834991455
19.5545444489
24.314289093
24.2780570984
22.7967681885
24.5131111145
27.9036197662
28.2038078308
26.052734375
30.1400051117
32.5551795959
31.7319335938
34.7499732971
29.4600353241
29.9093055725
26.3899383545
24.1861915588
23.9214439392
28.3198413849
27.4761829376
25.2738780975
24.037525177
19.2560482025
19.5279712677
23.1671867371
20.2035484314
18.1711215973
23.4200897217
24.6173534393
21.852766037
22.5684661865
26.5693511963
27.8967723846
27.512462616
26.0333213806
27.4382038116
31.8148727417
36.2481422424
33.9001312256
38.8093299866
38.7738685608
36.231426239
37.3915977478
37.61328125
37.8513641357
33.4811019897
32.4011764526
34.3778800964
30.674747467
28.4978656769
29.2965641022
27.4152927399
24.4150943756
24.5097961426
25.4545631409
21.2572536469
22.7050189972
20.1479530334
23.6442623138
25.9821300507
22.0726985931
26.2679443359
26.5240592957
24.3991584778
29.421289444
30.3818893433
28.7746868134
31.8380966187
35.3436775208
34.527217865
32.9676094055
37.1454658508
39.263633728
38.0069046021
39.395778656
43.0261421204
43.5471229553
49.9491615295
47.9313468933
44.0949058533
48.5328330994
47.8021812439
52.3039321899
49.7401199341
51.8672943115
49.8946762085
46.1934356689
46.5396766663
43.7622947693
42.643661499
39.9006118774
36.9160766602
33.7770881653
30.2624111176
31.4368629456
31.2991867065
27.215139389
28.4334506989
33.1187286377
37.1227798462
34.9525413513
39.1115570068
38.4465408325
41.3239479065
44.8134841919
45.8988952637
50.0154266357
51.2903060913
48.0887489319
47.3029556274
43.0892524719
40.3412475586
39.7542037964
36.9993095398
39.0306625366
35.9171981812
39.5194816589
40.1087493896
37.6625671387
42.5926399231
39.7857513428
36.9942207336
36.1501693726
40.4298171997
42.2672424316
42.8806877136
37.3427505493
38.5471420288
41.753868103
38.3725776672
35.0026359558
38.9388198853
39.8244781494
36.2662849426
35.9678230286
41.2148475647
38.5982284546
34.7747077942
37.5025253296
31.438167572
31.7839355469
28.0971183777
29.9171848297
31.6777896881
36.3596153259
38.6071891785
40.9415779114
42.3077278137
43.868850708
45.6948509216
46.5334472656
51.2547798157
51.7248764038
48.7316627502
46.5512657166
44.5932426453
43.4999961853
38.6764373779
40.5832901001
36.5752601624
35.0886077881
35.0067939758
31.1009902954
32.3006515503
29.2708644867
26.9600582123
23.5486125946
20.3115634918
18.6106491089
22.2001895905
23.0440654755
18.1845169067
18.2204341888
23.3431777954
21.9148712158
24.2666053772
18.4245948792
23.5260372162
25.4890136719
21.266664505
21.1491737366
18.6582050323
22.0241184235
21.6350288391
17.3861217499
19.4114990234
24.5715293884
20.5611286163
19.1912612915
22.5364704132
24.6669464111
21.4713306427
22.4273757935
26.2781524658
26.3064975739
24.1179275513
27.4492511749
31.5999679565
28.608083725
27.6685352325
31.8807964325
34.2198753357
33.5866546631
31.8854160309
27.4410552979
24.8978252411
27.2392234802
22.042678833
19.7692756653
18.6990776062
18.6303691864
20.3451347351
23.3049411774
22.6667442322
26.620256424
26.2066459656
29.0136947632
32.155216217
30.5687332153
25.8754177094
28.4092788696
24.8063049316
28.5875930786
25.6460552216
27.167514801
30.6214694977
32.1316986084
28.5897731781
30.2380905151
31.0249462128
35.9939613342
31.5427284241
34.4812355042
30.8924179077
29.7487716675
31.9078903198
29.6045265198
29.4208240509
31.046245575
29.9056377411
31.814874649
31.9806594849
29.878194809
27.9425182343
26.6954593658
22.4857158661
19.3718013763
17.5914344788
13.3647193909
15.299864769
17.6305942535
18.1312408447
18.3091773987
21.7980709076
22.228597641
20.1678981781
23.8015956879
26.1345252991
26.8752403259
27.2332057953
25.0434169769
25.067276001
24.7277927399
22.3561229706
20.8070087433
21.2260971069
18.465461731
14.7233448029
16.052652359
16.6055850983
12.3307332993
11.8056631088
14.949016571
12.7994947433
7.71139335632
13.0493478775
14.2855291367
11.0346822739
10.4382581711
15.2925920486
14.0709886551
10.9552745819
11.9456787109
10.4635601044
9.21366977692
8.95062923431
12.6611366272
11.7802343369
16.453327179
17.3303432465
19.4898948669
16.8510780334
14.2660360336
18.5485515594
16.7905921936
13.0063972473
13.4249830246
17.9018802643
16.2031097412
12.6122865677
8.42184829712
9.24420642853
5.16865587234
7.2753238678
6.27548265457
10.087023735
11.5360784531
10.1413555145
12.8493623734
12.1997709274
16.3920707703
12.8241844177
7.91574382782
13.3938322067
14.6868963242
10.198307991
9.93330097198
14.7907466888
14.6740989685
10.7354860306
16.1266231537
18.2979450226
21.5508747101
21.8894138336
23.8627338409
21.0956611633
19.1060161591
19.9617385864
23.4543972015
22.4943771362
25.6576251984
23.7222576141
20.2257595062
24.6783332825
25.7140636444
21.4427261353
19.2552967072
25.7804450989
24.5776805878
20.5966873169
24.5687065125
28.0264205933
25.2101078033
50.7574958801
47.9965858459
44.4444503784
49.6015472412
48.7285728455
53.4237289429
51.5264663696
53.1506500244
50.7119140625
47.2768440247
47.7347373962
45.4582481384
43.7901344299
41.437789917
39.4501876831
35.7231712341
32.8638954163
34.5488853455
34.6608314514
30.3845233917
31.0268802643
36.2505378723
40.1436958313
37.2131195068
41.2626037598
39.5374031067
42.2491722107
45.4187088013
46.090511322
50.5391578674
51.0727081299
47.6127166748
46.9775543213
42.8588829041
40.4608573914
40.3294372559
38.0379257202
40.640296936
38.1646728516
42.1003303528
43.1773605347
41.2907218933
46.2887763977
44.0868873596
40.972366333
39.6268882751
43.9690246582
45.3621177673
45.7601661682
40.3293151855
41.0990066528
44.0236282349
40.4756317139
37.0633659363
40.4515762329
41.1034545898
37.4108047485
36.8623466492
41.8417854309
38.8998641968
34.8033294678
36.4985122681
30.1795978546
30.1621246338
26.8256034851
29.6482524872
31.922208786
36.1216163635
39.0276374817
41.0794792175
43.0887756348
45.0865516663
47.3674507141
48.4012527466
52.969291687
54.0451583862
51.4285011292
49.0808143616
47.0822029114
45.4538269043
40.299823761
41.5686607361
37.2438964844
34.9642829895
35.342956543
31.0899124146
32.1317710876
28.9129047394
27.7117004395
25.0364665985
20.7965526581
20.6444454193
23.9348640442
22.7645187378
18.3495121002
20.3045730591
24.2099380493
21.3152008057
22.5396976471
17.1550064087
20.5063076019
22.9136486053
18.9973163605
17.4401988983
14.3848400116
17.6274871826
18.4614830017
14.7037057877
15.4602088928
21.456451416
18.6648845673
17.0692977905
19.6810626984
22.6505756378
20.6379680634
20.7965068817
24.5308551788
25.5188026428
23.9727287292
25.939409256
30.8174724579
28.7548351288
27.3065166473
30.8218536377
34.0218772888
34.1139068604
32.6871261597
29.167181015
26.7659797668
30.1112155914
25.0345630646
21.5837993622
20.8894748688
20.3576755524
23.3193588257
25.3443470001
23.5043354034
27.1329097748
25.8681545258
27.9851016998
30.6866760254
28.1437702179
23.6193599701
26.8518695831
23.7926483154
28.0753574371
26.0023021698
28.313041687
31.6479721069
34.3653717041
30.7965984344
31.8255596161
33.0813064575
37.482963562
33.2179145813
35.5288848877
31.398935318
30.8312358856
33.491027832
32.0804405212
32.4234008789
34.7534255981
34.0137710571
36.2481498718
36.9912796021
35.1242408752
32.8706245422
31.8380279541
27.2866001129
23.9207038879
23.0362548828
18.8425045013
19.2336521149
21.967124939
21.9575519562
22.4101200104
25.3055820465
26.3944301605
25.2114887238
28.6624183655
30.4818935394
31.3011112213
30.8117408752
28.3607139587
27.1116256714
25.7713375092
23.430267334
23.2037315369
22.8526134491
19.3224887848
17.6392707825
18.2532730103
16.7038230896
13.5286254883
14.4856891632
16.0033607483
12.3288669586
10.4283838272
14.993563652
13.7821464539
10.0763912201
11.5480146408
14.7368030548
16.2025623322
14.1935739517
16.5928840637
15.4688272476
15.0998010635
15.1549959183
19.2888622284
18.6006851196
23.3067378998
23.704870224
26.0901508331
23.5355453491
20.4078178406
23.970703125
22.8281269073
19.0404834747
18.4521770477
22.8437576294
21.2052459717
16.2028980255
14.1383924484
13.348690033
10.1117181778
7.27532529831
5.41191005707
8.38222312927
7.29394674301
5.68801021576
7.2789106369
6.6317987442
10.9545383453
9.03972244263
6.26737070084
9.79643821716
12.291677475
9.82388687134
10.5976238251
14.4267578125
15.2781887054
13.0662679672
17.3027076721
21.66173172
23.3177013397
23.6701698303
24.6432380676
21.5509777069
20.2756767273
19.1880340576
22.3320846558
21.8956375122
23.6223506927
21.4893913269
18.2547931671
21.9213829041
21.9913654327
17.5509929657
15.9088058472
21.6617908478
19.6140003204
15.5870637894
20.017578125
22.6956558228
19.2982025146
46.8612632751
44.8122291565
41.3020439148
46.4259376526
46.5126571655
51.3375663757
49.3059539795
51.8127746582
49.4307289124
46.372959137
47.6415557861
45.1651039124
44.8752174377
42.6416511536
39.5914115906
36.0455818176
33.1334991455
34.78723526
33.9241714478
29.7882461548
29.9322776794
34.6252479553
38.5844917297
36.2738761902
40.7050743103
40.2818107605
42.4186134338
45.6699676514
45.3327560425
50.3647956848
50.6196517944
47.3685531616
47.8040313721
43.1918983459
41.2091217041
40.1095504761
37.3156242371
39.4356651306
35.8903083801
39.9267120361
39.9352645874
38.7406539917
43.0729179382
40.5414657593
37.2841873169
35.3077735901
38.9142608643
40.7649345398
40.4135093689
34.909576416
37.1888237
39.4496917725
34.9381637573
32.4604377747
36.3464660645
36.3890762329
32.5786972046
33.2531051636
37.8474655151
34.1749572754
31.0817756653
33.6887207031
27.7701187134
28.9152736664
25.600561142
27.1645526886
30.1746273041
34.2193374634
36.4743423462
39.4551849365
40.684463501
42.0743980408
44.5022888184
44.6382827759
49.1957359314
50.5951843262
48.1493492126
46.4605903625
43.6559677124
43.2387428284
37.6331520081
39.7606201172
35.8631591797
34.3700370789
36.040851593
31.7484207153
34.2283973694
31.8080101013
29.0992603302
26.0864200592
22.2846298218
22.3100833893
26.3928966522
26.2810764313
22.080904007
23.7720851898
28.6360874176
26.7941799164
29.1080646515
24.0188655853
28.1839542389
28.8308181763
24.5845394135
23.7578353882
20.3861846924
22.5315284729
22.8025245667
18.8213100433
18.2541275024
23.6510219574
20.5475082397
17.167470932
19.5396556854
22.7047691345
19.0957546234
18.1180076599
21.9674625397
22.3320331573
19.5454463959
21.5149688721
26.6323719025
23.7097797394
21.0351219177
25.3745975494
28.5919799805
27.4321594238
26.9151153564
22.8773269653
22.1359596252
24.8140850067
21.1633071899
17.7466659546
18.7854709625
20.0445308685
21.8833026886
23.4298877716
22.922586441
27.1523456573
27.5663070679
30.0720081329
33.3429107666
31.4034423828
27.1340484619
28.1867427826
24.3068351746
27.4842395782
23.8528251648
25.9326725006
28.4646892548
30.7593765259
26.3499088287
26.9829273224
27.0153255463
31.1952934265
25.7915458679
27.8621082306
23.8362636566
22.3639068604
24.9900836945
23.3993988037
24.7735271454
26.6291828156
26.6283588409
29.2965641022
30.0922393799
29.0230712891
26.8038158417
27.0188159943
21.5959682465
19.6381835938
18.3365039825
15.855257988
16.0437145233
15.791472435
14.3466396332
14.0829019547
16.6218452454
18.6827068329
18.1593055725
20.5985469818
21.798116684
23.6381607056
22.2374153137
20.8436393738
19.0389671326
18.4193248749
15.1513414383
15.6339645386
16.599981308
12.3739910126
10.3023881912
13.1288089752
12.9478292465
9.59178829193
11.4944086075
14.6014099121
11.644616127
11.8935699463
15.7485046387
16.1707744598
14.6608114243
16.0886440277
20.1907482147
19.3143138885
17.6518173218
17.9450263977
15.0122003555
12.7419137955
16.4816303253
19.5565681458
17.088760376
21.1311740875
20.3864974976
21.7360801697
19.5277137756
15.458158493
16.752122879
17.0814685822
13.9350976944
11.4251775742
15.1236076355
14.5838270187
8.77899074554
10.2190237045
6.90386676788
8.66478729248
9.93330192566
10.5976190567
11.7077856064
16.965265274
15.7629814148
12.5162811279
13.0213661194
10.2409324646
12.581952095
10.2972764969
6.24932956696
7.68144321442
8.40515232086
6.46330595016
6.10346794128
7.63898468018
6.38930749893
7.7193441391
12.370639801
13.4766263962
14.211564064
15.175948143
12.0859127045
11.384062767
11.6875534058
15.6961336136
16.4177246094
18.6134605408
15.864812851
13.9119138718
19.3894348145
19.4956874847
15.8214769363
15.3545732498
21.5709114075
19.9272441864
17.1642227173
22.4587841034
24.6233558655
22.0694179535
42.8507728577
38.8685150146
36.1520271301
42.5479240417
41.8279151917
46.7856559753
46.449634552
47.3369483948
43.9885902405
41.5966873169
42.8896713257
41.7939491272
40.1085357666
38.9792060852
38.6196327209
33.953704834
32.93983078
35.6542396545
35.6179695129
31.5091991425
30.3783493042
35.8977050781
39.1977958679
35.0967216492
38.7938499451
35.7332305908
37.3331565857
39.613735199
38.5532035828
43.9310150146
42.5922431946
38.8782577515
39.449596405
35.3640861511
34.2909469604
34.4399642944
33.0747375488
36.4696578979
35.1376037598
39.5561447144
41.2228546143
41.1989326477
45.6722068787
45.0383453369
41.2865867615
38.6283721924
42.5792617798
42.8581733704
42.5909996033
37.9000167847
37.8482780457
39.6803359985
35.9912719727
32.9262161255
34.7868461609
34.7507247925
31.1401424408
30.3108844757
34.1208343506
30.6817932129
26.5518493652
26.0772705078
20.0259017944
19.623456955
17.6377601624
21.8080482483
25.2096004486
27.7148761749
31.5331325531
33.2219657898
36.1280899048
38.7141456604
41.9440307617
43.0185508728
46.9765586853
49.5078887939
47.9967880249
45.6877326965
43.3689002991
41.1435203552
35.3998985291
35.4992485046
31.0764198303
27.681974411
30.1030826569
25.5143108368
27.4058418274
25.1022930145
25.1334285736
24.4030723572
19.3672866821
22.8162555695
25.4385929108
21.0924396515
19.3202095032
24.5098133087
26.0487213135
22.0123500824
22.2627353668
20.0185985565
20.28332901
19.5018844604
16.8582611084
14.0366029739
10.7594432831
9.89982891083
12.3869047165
11.4666404724
6.61689662933
11.6103668213
12.6599845886
9.87257862091
8.96150398254
13.3941392899
14.1838760376
12.06727314
14.3208684921
17.158082962
17.4709701538
16.1049423218
21.4028701782
21.710521698
20.0142860413
21.2040920258
25.4507007599
27.3206062317
26.3991565704
25.5896682739
23.9716758728
28.8535709381
25.2774620056
20.2586555481
21.0464363098
20.546672821
24.7944221497
23.9902000427
20.567773819
22.9727668762
21.3616065979
21.7999744415
23.6915969849
19.9835605621
17.0604686737
18.8379154205
17.0726795197
20.8828296661
20.4876041412
24.0391731262
26.2136631012
31.2094287872
27.9336509705
27.3303031921
29.4537639618
32.0588531494
29.1596755981
30.0412731171
25.5392417908
26.8577194214
29.978094101
30.7493419647
31.5148925781
35.4140090942
35.3854751587
38.0069007874
40.2576065063
39.0698165894
36.1950759888
35.8752861023
31.1621284485
27.8580989838
29.3071994781
26.3049850464
23.3839588165
26.0839977264
25.4659576416
27.1098880768
27.9093399048
29.5384693146
30.6463718414
33.6877059937
34.3856544495
34.109790802
32.2178497314
28.9052410126
25.4396572113
22.036819458
21.2229747772
23.1243209839
20.8240242004
17.5061779022
20.9220790863
19.1514930725
14.0677680969
15.4365301132
18.3829536438
16.2271709442
12.44298172
18.0314979553
18.5479412079
14.2481117249
14.4716978073
18.2734413147
17.8947238922
21.2559356689
22.3082122803
24.7506790161
23.5284519196
24.6393356323
26.6172809601
30.901473999
29.90193367
34.2287750244
32.4807090759
35.5360221863
34.3102989197
29.4802913666
31.5737857819
33.0725708008
29.7240257263
26.7511634827
31.26313591
31.3382034302
25.4424438477
25.6121139526
22.3573131561
20.5819854736
20.5966854095
15.5870656967
16.2994995117
18.939245224
14.3072452545
12.3227081299
9.38776397705
11.7664022446
7.45785856247
8.22003269196
14.0594816208
11.6083698273
9.83173656464
13.4260730743
17.1642246246
15.3200454712
15.9500989914
18.3080768585
20.2716064453
26.7481040955
24.9818763733
24.0396060944
23.5083942413
21.6012325287
20.2153930664
15.4217319489
15.7344779968
15.4824829102
13.9566440582
13.3169231415
10.6415262222
10.3671016693
9.26657390594
5.95535421371
6.07388877869
7.36641025543
5.16890668869
6.9014172554
7.9590215683
6.40880441666
