14.6669120789
35.0269699097
37.5221481323
40.7061271667
43.801235199
44.3269309998
48.8012275696
48.9426803589
48.5409698486
21.0208778381
32.1119804382
35.5943450928
38.6374549866
41.8601760864
41.3468017578
45.8158340454
45.8441810608
45.7465820312
31.6278991699
16.4525909424
21.0257396698
23.584569931
26.8294582367
25.4803714752
29.6641654968
29.910484314
30.1076107025
23.8507843018
21.9084148407
26.1993980408
27.1263561249
31.7173595428
32.0254478455
35.4853477478
36.8120155334
36.9158363342
23.2285442352
22.1064090729
25.468755722
28.4058437347
31.7193622589
31.6430091858
35.9981803894
36.2992134094
36.1260452271
20.5070037842
22.3519382477
25.6322612762
27.6834068298
31.625667572
32.3560829163
36.2997627258
37.1860046387
36.9828262329
21.085849762
24.2984809875
28.2463684082
30.1112747192
34.1974563599
34.3147392273
38.2351531982
39.0853652954
39.0735969543
12.6460590363
33.6724700928
37.1202545166
38.2833480835
42.7957458496
43.8422203064
47.4208030701
48.726020813
48.6065254211
23.8125228882
25.0118026733
25.1656169891
28.936542511
30.8962745667
32.8134803772
37.0768966675
37.1470794678
36.2454986572
14.7207555771
30.7154140472
33.1905899048
36.1679267883
39.4199256897
40.1890220642
44.5427093506
44.8855667114
44.473991394
14.8578090668
32.0403137207
35.6306915283
37.5812416077
41.6568984985
42.0671310425
46.050655365
46.8698310852
46.7678489685
33.8763389587
12.4983272552
13.7603883743
18.4093704224
19.9892864227
20.0175018311
24.7130317688
24.355474472
23.8169155121
45.6589698792
8.08017158508
6.22382593155
6.16437959671
9.18174552917
10.7459144592
13.0412120819
12.648235321
37.6787986755
21.8788394928
18.4312782288
21.2670764923
21.3245353699
25.551109314
28.401725769
28.8480987549
27.3933391571
29.22722435
21.1145877838
20.8887691498
21.0148391724
24.5952262878
28.5970821381
31.0147132874
32.9695472717
32.1903266907
18.8974304199
28.2946853638
29.596704483
30.129743576
34.2802658081
37.3678398132
40.2905502319
42.08959198
41.5089950562
16.0551929474
28.627456665
30.8172054291
31.5182113647
35.9290809631
38.3066329956
41.4681816101
43.1508026123
42.7450447083
39.5201950073
15.9790258408
16.9198284149
13.2738285065
18.3121433258
21.70013237
22.4166069031
25.5745410919
25.4158935547
33.0517539978
27.7777671814
25.6931552887
26.5552482605
28.4474468231
33.239490509
35.4703102112
36.9792671204
35.7708702087
49.1946182251
29.3926506042
24.4264411926
26.2664356232
24.1986732483
29.0155773163
30.3847332001
30.6152629852
28.8430557251
53.3376846313
19.1287822723
14.1110715866
13.4312286377
9.66574382782
14.6143732071
13.9532966614
15.1915426254
13.6900758743
50.7612113953
11.7184581757
10.5440711975
6.707010746
7.06304788589
8.67158985138
7.20717716217
10.7951860428
10.9461450577
