21.9274673462
20.015455246
23.2644309998
15.2915143967
13.3622074127
13.1203165054
16.3650474548
14.7547206879
15.9469213486
20.8160133362
18.6729259491
20.4056339264
15.0351018906
11.4590835571
13.2084436417
47.8558998108
46.0324440002
44.0749931335
47.0277862549
44.218296051
42.9674911499
36.5503120422
33.3403282166
31.7019538879
38.6753387451
35.2817840576
33.6076164246
41.4786262512
38.2846603394
36.492061615
47.1337966919
43.6799278259
43.4282341003
43.0508117676
40.596370697
41.8026924133
