6.87806892395
5.50691175461
5.3163228035
9.34637451172
10.8481006622
13.9505558014
17.2786483765
18.965341568
18.8670539856
20.2256450653
22.1516723633
22.8370666504
25.2072029114
23.3227081299
19.6437129974
17.3935031891
16.6870212555
13.9257707596
14.7789611816
10.2994594574
10.4782524109
6.7648062706
6.07686853409
7.66248178482
9.86901760101
10.7466211319
11.093755722
13.1800794601
11.5729465485
13.4997272491
10.9014797211
15.7975683212
14.8979234695
17.4063987732
20.1520557404
24.1312713623
25.8595981598
22.5885810852
20.0937843323
24.5163574219
25.0248565674
19.9166564941
20.3393707275
24.4821739197
22.4066810608
18.2531700134
22.7056732178
25.0412006378
24.0406074524
28.1532802582
27.664440155
28.6625232697
24.9439067841
21.0768547058
18.8474235535
16.9779033661
14.0379190445
11.6401815414
13.4227647781
9.72905826569
14.6253967285
11.3127346039
13.1870660782
17.3355026245
14.2994251251
14.9455709457
11.0003843307
14.0767869949
11.4458780289
15.8450069427
17.9300041199
17.2439785004
21.023519516
23.3027687073
26.3705444336
26.6284332275
30.9501304626
31.5848655701
28.9962062836
32.7486305237
35.1498641968
34.6050453186
35.2481231689
37.7223014832
40.1688652039
42.7804794312
42.9673118591
41.2858657837
38.9820632935
40.9627494812
43.7717247009
42.0364265442
37.3614082336
39.4922866821
41.8600616455
36.8846244812
33.7892036438
37.7990341187
38.1568641663
33.1148872375
32.8595428467
36.6980895996
34.4938049316
31.392282486
33.2774887085
35.0421409607
30.7355709076
30.7687625885
34.726726532
34.7987442017
31.510219574
35.4611244202
30.0426959991
32.0944824219
28.9331817627
31.8793201447
29.8579406738
31.3584098816
29.7851657867
31.0123577118
28.209104538
26.3028030396
28.3650817871
24.4335651398
27.4001121521
26.6115226746
28.21002388
28.8879737854
31.3914279938
29.1490783691
29.4470005035
25.1932907104
26.9729003906
23.6584568024
23.2177295685
23.8525772095
25.230550766
22.8332061768
27.2840003967
27.7712059021
24.9085350037
23.0151691437
32.6814002991
33.3272705078
32.8105888367
33.5425643921
37.1419410706
37.8228530884
35.8556861877
36.5819282532
40.2448730469
43.6859512329
42.6005706787
39.3663864136
42.0938720703
45.9541473389
43.2718505859
42.34998703
40.8148231506
41.0560340881
36.8680992126
38.8684196472
37.4058914185
39.7453384399
37.3229446411
34.7587432861
39.0312728882
41.4180831909
36.5054931641
36.7161827087
40.2001686096
39.6060142517
36.2811584473
41.2508010864
42.1910552979
38.8298416138
38.5405197144
43.4897079468
44.4581489563
42.9292640686
43.5474128723
41.2565536499
43.6099510193
43.6819801331
42.1632881165
41.2282180786
42.1178321838
42.3863220215
41.5118560791
46.6300888062
45.602684021
42.6052284241
46.4370040894
49.9584732056
46.5042266846
46.6463470459
50.4709434509
51.8282318115
50.607875824
50.400680542
53.2132377625
54.5818367004
52.9696731567
56.6337852478
56.877243042
58.4346199036
54.702583313
50.17029953
53.8439903259
52.6795654297
51.955242157
54.811290741
52.621723175
48.5661010742
47.5645256042
46.9544258118
52.7132148743
52.8904266357
57.3023643494
56.900604248
53.3542327881
56.0608444214
58.5737991333
55.2761192322
57.5217094421
54.6228179932
54.5291213989
56.5697441101
51.0414161682
54.6238746643
54.2544593811
49.8229103088
48.6943778992
51.318901062
49.3321228027
48.3577384949
50.4844017029
53.6693000793
50.6379623413
47.8353996277
51.3288574219
50.1366271973
45.7036247253
45.6431274414
48.7891349792
48.0059394836
42.9495429993
45.2876930237
48.7095146179
48.9308357239
48.7551040649
45.1314620972
47.3112411499
50.2273483276
44.1054725647
44.3412818909
42.1438026428
39.2827262878
40.7369384766
44.2035713196
42.8089179993
40.8764953613
45.7904930115
47.2883491516
49.3209838867
45.6947937012
43.102481842
48.4864807129
46.57995224
42.2154426575
41.0486183167
35.7031402588
37.5602340698
35.374546051
33.3880500793
34.9075737
30.4100456238
32.9505271912
18.7909870148
23.4055328369
23.3227024078
20.2140026093
24.3312778473
19.8036670685
22.0558013916
20.7162361145
16.1659221649
15.4606561661
12.3144273758
11.1814517975
6.74274110794
4.86781454086
6.33764314651
10.163523674
11.4741668701
14.7299261093
19.787563324
19.6275196075
24.8017368317
23.8877773285
26.7485370636
27.9102268219
26.9691123962
26.9751148224
24.0351905823
22.4269104004
18.7079677582
14.9798078537
14.1588973999
8.65606975555
10.4845314026
7.31251525879
7.58022260666
16.3696517944
14.6102657318
11.7477207184
14.3552675247
17.5333003998
13.3574075699
11.8105239868
16.1165084839
16.5294780731
13.5510568619
17.5441455841
19.9349975586
17.7100315094
20.91705513
21.7359104156
23.1512355804
21.0540752411
17.2147197723
15.2259435654
17.8562221527
14.7547597885
18.3048534393
17.6763191223
15.0913925171
16.1501178741
16.3678913116
18.4853630066
20.0884475708
17.38306427
14.2744626999
11.1370401382
13.5755224228
10.9767303467
15.295463562
13.0806016922
18.3313312531
19.5861625671
19.4191017151
23.3949756622
21.8778152466
18.3138942719
20.3197803497
19.7630176544
22.309463501
25.1941871643
24.029756546
24.725019455
27.9932460785
29.1056594849
30.07239151
33.8759880066
34.1948242188
31.5789890289
29.0912418365
32.2991867065
33.0710105896
33.4114151001
29.2431488037
28.319442749
31.102722168
28.1474132538
24.8409900665
25.0793457031
28.0122871399
24.5260505676
20.74858284
23.497428894
24.7529907227
20.0005073547
18.9354476929
22.3329868317
21.0602283478
17.7040061951
19.2519187927
22.3946323395
20.6288414001
20.6368274689
15.1339550018
13.9203996658
10.9259443283
11.2522249222
9.64010429382
13.6512956619
12.6613321304
16.6733512878
14.2941970825
11.8215551376
16.3959598541
17.0371417999
21.8462314606
24.5746707916
28.193321228
28.8700714111
27.2773571014
24.4252567291
21.2758140564
18.9224472046
15.3807220459
11.5789060593
8.01404285431
11.88651371
9.28206729889
6.27907705307
6.86902427673
9.41336250305
8.93513774872
6.52709960938
14.5626306534
15.6635580063
12.7512378693
14.0246658325
15.9754753113
19.0896759033
17.0239009857
14.6952581406
18.5128364563
21.6432361603
20.5161647797
16.7005062103
19.3827152252
22.9962444305
20.3006687164
19.8130283356
18.7776813507
20.0895462036
15.3121862411
18.9107265472
19.1073455811
20.2260818481
16.9122447968
16.2684764862
21.1118240356
21.2998752594
17.6426582336
20.3892097473
22.7522602081
21.587480545
20.3852863312
26.1982631683
26.1426696777
23.4655418396
25.3847141266
29.6506195068
29.6617431641
30.2649688721
28.4357814789
24.1906642914
25.2123165131
23.9129943848
23.2832317352
21.2210350037
22.2152938843
21.1668796539
19.1411571503
24.4730854034
24.5838012695
21.3443584442
24.1945571899
28.0454177856
26.2473335266
25.4239654541
28.5346927643
30.9745521545
30.5058937073
29.8583965302
31.8177337646
32.4833526611
30.744852066
34.4658927917
34.6254081726
36.81275177
33.3336791992
28.2301845551
32.2120552063
30.3823719025
29.3654747009
31.9520435333
29.8978919983
25.7364959717
24.6300830841
23.8402252197
29.6628990173
29.8313827515
34.1964416504
33.9942741394
30.5244483948
33.7003631592
36.2009162903
33.6325645447
36.4601211548
34.3861427307
34.9371757507
37.8751487732
32.9593467712
37.5389328003
36.4449806213
32.0532188416
32.3348693848
35.7712364197
35.251285553
33.7515449524
36.6037483215
38.1386413574
36.436290741
32.7641487122
35.2143249512
33.7265777588
29.8657169342
28.4139308929
30.5681018829
30.3828010559
25.2379932404
25.9558773041
29.0068187714
27.5787734985
27.9605846405
24.5207672119
27.4684829712
30.5124549866
24.4914703369
27.2042160034
26.0052471161
24.5915145874
27.8700408936
29.6676578522
28.5171546936
28.7496128082
33.0537185669
33.2447929382
36.2482910156
32.8658065796
31.3671836853
38.028427124
37.1377487183
33.6200752258
34.2318000793
31.0898571014
32.2850189209
32.4671897888
29.5808944702
32.3103141785
28.0689239502
30.6943855286
14.542760849
19.5156593323
19.6437129974
16.1740436554
19.1716842651
14.2815742493
16.545042038
15.1184186935
10.3698701859
10.5293512344
7.06884241104
6.27458667755
4.0700917244
6.32094240189
6.33764410019
4.26903343201
6.54123926163
9.18740940094
14.8993988037
15.0111284256
20.253572464
20.2695884705
22.4691181183
24.6111125946
23.8217201233
23.1885032654
20.8715057373
18.6209201813
15.1824235916
11.608745575
10.0309801102
5.96204471588
6.20306873322
6.33090925217
6.28326463699
19.4848575592
18.6592597961
15.2499265671
16.709815979
20.9203109741
17.6242332458
14.404838562
18.5193080902
20.0150909424
16.4999103546
18.7716579437
22.1656494141
20.3865718842
22.5293121338
23.5195465088
24.1258125305
22.2486801147
18.6550426483
15.2469301224
17.9439926147
15.1283092499
17.3178596497
16.6723670959
15.0441360474
14.5592412949
16.2815151215
16.8542537689
17.9538917542
16.7852611542
12.3062925339
10.5719156265
10.781788826
9.98903942108
13.3278875351
11.892159462
16.8592987061
16.2902984619
17.223241806
20.6366462708
19.1790237427
16.0456180573
19.4271526337
18.0890083313
19.3129711151
23.427570343
22.8783607483
22.5051517487
25.5244483948
27.3576583862
28.3736724854
31.8846797943
32.7304649353
30.5175895691
28.4513568878
31.756362915
33.5108261108
33.5508575439
28.9858417511
28.791349411
32.2158203125
28.7915420532
24.9360179901
26.7673015594
29.8132801056
25.5953578949
22.4675636292
26.1842746735
26.9694232941
22.6501865387
22.2635765076
25.9023933411
24.1981372833
21.5165939331
23.6567516327
26.6772842407
24.7082710266
25.8541564941
19.7360954285
19.0291080475
14.6891841888
16.5161476135
12.7701253891
16.2275600433
13.5143442154
16.5548419952
13.2199106216
12.1428976059
16.4955253601
15.8597831726
20.3774986267
23.0191860199
26.0839099884
27.4329490662
26.5679683685
23.9283695221
21.4149074554
18.9336795807
16.8552398682
12.3326530457
9.71700668335
14.5164699554
13.6536455154
10.0458898544
12.5853042603
15.0489244461
13.7767944336
10.5760688782
13.8632965088
14.6997966766
13.4677553177
14.9366693497
18.1323509216
19.9832935333
18.8446769714
18.2295513153
22.6849269867
25.8873882294
25.4346694946
21.4904556274
23.3840770721
27.5869979858
25.3851680756
25.2858524323
24.4660491943
26.0666484833
21.029668808
24.3288211823
24.0699253082
24.9671611786
21.5784759521
20.3554191589
24.8955974579
24.8633270264
20.6540927887
22.8845672607
25.2310142517
23.6814060211
21.7405738831
27.8244934082
27.4377746582
23.8742713928
25.7278900146
30.23503685
30.0373725891
29.683549881
28.1719989777
24.7534656525
26.836025238
26.0016803741
24.178735733
22.4421691895
23.0567684174
22.9688510895
22.1417579651
27.1944484711
26.4306049347
23.7575054169
27.502166748
30.8069934845
27.9892024994
28.4334316254
31.9096260071
33.2555885315
33.005897522
33.0342559814
35.2251396179
36.1803512573
34.9041976929
38.938369751
39.6042938232
41.4992408752
37.8394775391
33.0981254578
37.4147148132
35.666721344
34.280796051
36.8935127258
35.1728363037
30.8504810333
29.6935558319
28.3198280334
34.1483573914
33.9033355713
38.3920478821
37.6366004944
34.2409210205
36.8983154297
39.7583770752
36.5066337585
39.4883575439
37.5891876221
37.3206710815
40.2453308105
35.415763855
39.3713874817
38.0168609619
33.7948150635
33.8461456299
36.8389053345
36.0224914551
35.1825141907
38.223361969
40.4205093384
38.7172470093
34.9242973328
37.3100547791
36.6260528564
32.6951065063
31.0502967834
33.8297348022
34.0423202515
28.5634727478
29.303319931
33.0915489197
31.7021484375
32.8714942932
29.5524597168
32.698802948
35.254032135
28.9312076569
31.1815719604
30.146232605
28.2363834381
31.5606212616
33.3799362183
31.7361946106
31.6168270111
36.1344795227
36.0950202942
38.837928772
34.7670440674
33.4304771423
40.0477638245
38.3986625671
34.8226051331
34.7364578247
31.0893516541
31.844707489
31.1990318298
28.006570816
29.8615627289
25.4960289001
27.4180774689
12.807682991
17.6868457794
16.6870193481
12.5936021805
14.3833684921
10.4573221207
11.0776033401
9.71822547913
6.90623760223
5.43074560165
4.7302737236
7.22824478149
7.76921081543
11.1506462097
11.4741678238
6.54123926163
4.78199529648
5.39984130859
8.86158370972
9.59625720978
14.7872714996
15.7922115326
18.2948760986
20.5275363922
19.1768989563
17.9029979706
15.8428974152
12.8250722885
9.95245265961
6.69400262833
6.42047023773
5.92374181747
7.91806507111
10.1662244797
11.8020982742
23.2039890289
22.6639385223
18.8514060974
19.4090671539
23.7943820953
20.4845695496
16.2097816467
19.586479187
21.2602806091
17.2396430969
18.0305709839
21.7879600525
19.9660549164
20.8218574524
21.6251430511
21.3618354797
19.9016094208
16.8711452484
12.5494308472
15.2746114731
13.64457798
14.3224458694
14.7147932053
14.9793739319
14.1648159027
18.0509490967
17.7600822449
19.3797798157
19.8007144928
14.688668251
12.8842802048
10.9191856384
9.63541984558
10.5262928009
9.22372436523
12.5721311569
10.5485668182
12.2318887711
15.1678380966
14.5172338486
12.5175266266
16.8093643188
16.1527462006
15.4764661789
19.7908401489
20.516544342
19.9074401855
21.9565029144
24.1648902893
25.7984752655
28.9943218231
29.6397895813
27.6696510315
25.6309547424
28.5990638733
31.0951061249
30.5355625153
25.7447147369
26.5321788788
30.0310878754
26.0218410492
22.0322532654
25.3586177826
27.908164978
23.1076221466
21.0572242737
25.4453907013
25.3974304199
21.7863769531
22.3344287872
25.8241386414
23.7100200653
21.99061203
24.7778396606
27.3844776154
25.3916854858
28.0088233948
21.3539199829
21.427898407
16.3212547302
19.8456134796
15.2908315659
17.1262836456
14.2057561874
15.5722827911
12.3098430634
11.5850467682
14.5807409286
12.2804927826
16.2232761383
18.2805614471
20.8642921448
22.5277786255
22.4458770752
20.039560318
18.4509391785
15.8117542267
15.5485601425
11.2142848969
10.5891027451
14.6939935684
15.8934030533
12.8546991348
16.600440979
18.9888248444
17.7262802124
15.0186891556
17.9406738281
17.6843204498
17.2456912994
17.3898735046
21.358089447
21.5147075653
20.1245689392
21.5735721588
25.702129364
29.087688446
28.9601955414
25.5070991516
27.3560619354
31.8270206451
30.1691608429
29.7637042999
29.511259079
30.564081192
24.9734115601
27.2379932404
26.1254253387
27.1352424622
24.1020107269
21.9135456085
25.9693946838
26.7500419617
21.9040184021
22.9282665253
25.6201896667
24.3165016174
21.3726062775
27.0753631592
27.0443210602
23.2531833649
24.1180362701
28.8796310425
29.1133136749
27.9680461884
27.631439209
25.0598220825
27.6605072021
27.6536159515
25.7166233063
24.9089336395
26.0049705505
26.6248950958
26.4483394623
31.1249027252
29.503080368
26.6438102722
30.9522857666
34.1189804077
30.2079753876
30.918056488
34.9109992981
35.6338157654
34.6828460693
34.9572219849
37.7013473511
39.2209358215
38.1018867493
42.158996582
43.2121162415
44.4470481873
40.5554161072
36.4066123962
40.785900116
39.6155128479
38.15467453
41.1274871826
39.7134208679
35.2875595093
34.6597747803
33.1940994263
38.4697227478
38.5502815247
42.8170433044
41.9086685181
38.2403373718
40.3914031982
43.0733184814
39.319152832
41.6989707947
39.2980194092
38.652381897
41.0412902832
35.9560089111
39.3844261169
38.4211158752
34.1732063293
33.551410675
36.1827163696
34.7615623474
34.1780738831
37.0095291138
39.9061012268
37.8134727478
34.2531204224
36.9748153687
36.633102417
32.535823822
31.3110561371
34.63098526
34.812713623
29.2768764496
30.6599159241
34.8352622986
34.3238487244
35.5785255432
32.2953338623
35.3165168762
37.3852233887
30.8947181702
32.0296401978
30.9045906067
28.378238678
31.4305171967
33.4462776184
31.4246025085
30.6951446533
35.383441925
35.4537963867
37.8076019287
33.3808517456
31.8953552246
38.1876907349
35.9694252014
32.2444458008
31.5188236237
27.3547592163
27.9790344238
26.6620330811
23.5123538971
25.0379333496
20.5198097229
22.5329914093
12.9370164871
15.122882843
13.4227628708
12.4373178482
19.1516399384
17.5463237762
20.4418754578
21.7572231293
20.7252101898
19.1649265289
18.9614810944
20.132692337
17.8552703857
18.1623630524
15.0913925171
15.04413414
15.6415472031
14.9793729782
15.7116470337
18.4461765289
15.2849035263
18.5669460297
14.3475799561
17.7920207977
16.4772834778
16.302986145
18.2652053833
15.2171573639
16.9859199524
13.184513092
12.1461410522
11.0112485886
10.7410707474
12.6758289337
10.7302017212
14.7238206863
13.0823726654
13.8938236237
10.5488233566
8.35198497772
12.3186254501
11.9786996841
7.11506414413
7.44723367691
11.5429935455
10.1870794296
7.39204740524
11.428232193
13.9682722092
14.8177490234
19.5067462921
20.5556430817
21.1924324036
16.3805809021
14.0961513519
11.4952611923
7.52154064178
8.57615566254
5.25130748749
5.14059925079
7.57703351974
9.67998790741
13.8869228363
13.313583374
11.2943181992
7.44501924515
8.48546791077
6.21923542023
7.20585489273
9.80327987671
14.1542520523
17.4532718658
18.8501110077
23.0395336151
25.1882762909
23.9561347961
26.7666454315
28.3459720612
28.1358413696
30.4402370453
31.7463283539
32.7452125549
34.2823028564
35.7102928162
38.0725784302
41.476436615
40.9045753479
38.3907279968
35.2764892578
37.3812026978
38.6578636169
37.4497756958
33.1469650269
34.0715866089
35.5888900757
31.1569328308
28.6699714661
30.4216709137
30.5904903412
26.4046821594
25.077753067
27.7390327454
25.9739284515
21.9499549866
23.2840862274
24.5094852448
20.1518154144
19.5699367523
23.3409118652
22.9979305267
19.5105667114
22.6873092651
17.9803295135
20.4419250488
19.0663261414
21.0004653931
21.3360118866
22.9087810516
23.1532058716
25.5794487
23.5009117126
19.7922916412
22.4366798401
20.0200920105
24.3313655853
24.2876873016
27.5422134399
27.1361808777
27.875333786
24.9014549255
23.8213996887
19.3243312836
18.8900928497
16.0947704315
14.681303978
13.5013380051
13.6853494644
12.3286914825
16.3048496246
15.7867259979
12.9325990677
12.4322538376
28.2463550568
29.1292266846
26.8678321838
27.3178730011
29.8786735535
31.7757797241
28.6216468811
27.8917942047
30.588804245
33.8991241455
32.0024833679
29.2871894836
32.8700904846
35.9148025513
32.7895431519
31.2587890625
29.5243186951
28.9709739685
25.4671897888
27.1696891785
25.9084320068
28.8149223328
26.8084049225
24.5645446777
29.1150836945
32.1676330566
27.8018074036
28.3478374481
32.0484809875
32.0204582214
29.40442276
34.1738815308
35.6455955505
33.3250427246
33.160987854
38.0055274963
39.2938652039
39.1655769348
39.236743927
35.6814460754
36.7543945312
36.3226966858
36.2719612122
34.9973144531
36.4381141663
35.6658668518
33.5361938477
38.875617981
38.7892189026
35.0422096252
37.8669204712
42.034198761
39.7122192383
38.2654075623
41.6782073975
44.3918380737
42.7659301758
41.6593513489
44.2393798828
45.2959899902
43.0854187012
46.2268791199
45.7832527161
47.5955238342
44.1441268921
39.328453064
42.3850898743
41.3020858765
41.1566543579
43.9876899719
41.420589447
37.7287559509
36.9517059326
37.1605224609
42.6323013306
43.4407691956
47.5516242981
47.9031600952
44.2580299377
47.5424156189
49.4944381714
47.0921669006
49.014919281
45.7871208191
46.8214454651
48.8344955444
43.1114311218
47.6084823608
47.6378898621
42.8914337158
42.0314483643
45.3649864197
43.7868919373
41.789680481
43.6922874451
45.9327468872
42.8282699585
40.1665992737
43.8531532288
41.4444046021
37.0164833069
37.3345680237
39.6830024719
38.2572746277
33.6744918823
36.1802978516
38.5944290161
39.0159187317
37.6488647461
33.9164581299
35.6106910706
39.1438827515
33.5399551392
34.0488967896
31.4409790039
29.0956401825
30.3229007721
34.0199356079
33.3509750366
31.7597332001
36.542137146
38.5082626343
40.9766578674
38.3261566162
35.3831443787
41.0463485718
40.3493232727
35.9163894653
35.9617805481
31.3050498962
33.9816360474
33.3692512512
31.5445423126
34.8595581055
30.1722869873
34.0908241272
51.1899032593
56.0438117981
54.6228141785
50.6248474121
52.6934127808
49.1956291199
47.9669189453
44.8452682495
41.3804855347
39.1033287048
37.50938797
36.8463745117
34.2323265076
32.1392059326
34.386138916
37.5891876221
40.2480735779
39.2980232239
43.7314872742
44.5381813049
47.067363739
51.3199920654
52.3037719727
56.3279876709
56.7188072205
53.9573020935
53.1031150818
49.8675575256
46.8672370911
45.1307182312
41.8391647339
44.2009735107
39.5531272888
43.2819862366
41.0238342285
40.8620071411
45.8949737549
42.4468040466
41.4274520874
44.8295211792
45.1698989868
39.0256271362
40.564163208
43.3555221558
39.8176345825
37.7302818298
43.3361854553
42.5683097839
36.8345794678
39.5335502625
34.6340637207
35.8043212891
32.0515289307
33.7996673584
35.7272872925
40.4206314087
40.8696212769
44.469127655
46.7066764832
45.7871322632
48.4726829529
49.3614959717
52.1855201721
54.2058486938
51.1826400757
48.2995986938
44.5858078003
46.5881996155
41.8741722107
44.1899337769
39.7059555054
40.1389122009
41.4449386597
37.7710266113
39.178943634
34.9042320251
31.7687187195
27.5563602448
27.7900123596
33.2927856445
30.5814666748
26.236322403
29.3656673431
31.9720649719
29.3456115723
27.9847831726
30.5168094635
29.3541812897
27.0902881622
26.2541809082
27.9170436859
24.2501392365
27.9253349304
28.5418453217
23.72930336
24.4954681396
27.9448661804
27.9522342682
22.4371013641
26.9592761993
29.2947273254
25.681438446
23.8088798523
29.2076721191
28.7776298523
25.5502758026
27.7666873932
32.7338676453
30.0072116852
26.4630908966
31.2788944244
34.1777000427
31.942111969
30.6712818146
27.2280521393
26.9934883118
26.4958744049
25.5927371979
23.6026248932
25.4326782227
25.1357269287
28.0961303711
28.6840705872
27.7312011719
32.6515541077
33.0314064026
36.7111282349
39.1944580078
39.3094825745
34.2394104004
33.7255592346
30.1302471161
33.4576721191
29.4760112762
31.459104538
31.9513130188
33.1571998596
32.7639808655
34.2766151428
31.5032253265
33.3903770447
36.624420166
37.1250534058
31.5812797546
29.5082244873
27.3005237579
24.0902900696
21.3787746429
20.2450294495
19.659740448
20.3806095123
16.6883907318
14.5273151398
17.5441398621
20.4560165405
18.4895248413
18.1076946259
22.5457820892
22.4558334351
27.3684234619
27.4838275909
24.4994220734
22.4507389069
23.0379753113
19.0321807861
19.9357776642
21.7651081085
18.1864566803
13.9570331573
18.4343070984
19.4117889404
15.5166597366
15.7486019135
19.7870235443
17.563627243
15.9241523743
19.5812454224
21.5297012329
19.0532264709
18.1334095001
22.9476623535
20.4269065857
17.7674293518
13.4496240616
13.0274543762
17.9225616455
19.485124588
22.4762382507
21.6849193573
21.6469230652
19.2366695404
18.2361984253
16.54388237
14.785238266
14.9470529556
14.7459535599
10.7385053635
10.5406532288
11.4046516418
7.19177961349
5.678129673
6.14792013168
9.35165786743
10.3562660217
11.7123632431
16.0793800354
12.8779125214
10.203420639
13.9505348206
16.5168323517
18.4710788727
16.0257568359
18.6395874023
21.6464309692
20.05052948
23.4507732391
22.0263767242
18.0628261566
20.949464798
20.094121933
19.7493152618
16.5148200989
14.65579319
12.8596363068
10.9363479614
6.30706644058
6.32977294922
7.64568758011
8.27704715729
11.4193868637
11.2418031693
10.3343458176
13.0521869659
15.3652153015
18.2234592438
16.5626468658
18.3547954559
15.2436723709
18.4420909882
15.8139657974
13.2678852081
13.5791912079
15.6330595016
12.2673254013
9.79792881012
13.4697399139
14.411233902
10.3465433121
10.3912916183
9.5315694809
14.3196954727
16.5299396515
18.5000534058
14.5264167786
15.0697870255
17.2582798004
20.9260959625
22.8895816803
26.4710216522
22.2492980957
21.1847038269
25.1460456848
24.1855220795
20.0178546906
22.0643825531
20.9483127594
23.8177680969
27.2594299316
27.7985649109
28.8461380005
31.3870716095
34.1408157349
32.9935913086
36.3097915649
34.7883262634
37.3683357239
36.9596710205
38.4618644714
46.0114097595
50.4399681091
47.8353996277
43.8792304993
45.4948577881
43.4870033264
41.0336074829
38.413772583
36.8906402588
33.2676963806
33.3654823303
34.2245025635
32.018447876
31.0042896271
32.7641487122
34.9242973328
36.781879425
34.2531204224
38.6597290039
37.044834137
39.6605072021
42.8910064697
44.0321388245
48.570892334
48.0878562927
44.6685256958
43.7471237183
40.6167488098
37.8356208801
37.0658874512
34.6756401062
38.2816085815
34.9932098389
39.9239044189
38.2544708252
39.5688438416
44.1107025146
41.0390434265
39.1060638428
41.5751571655
42.3033294678
36.0192718506
36.2015724182
38.1657752991
34.6754989624
32.1044998169
36.3243370056
35.3450050354
29.413110733
30.4309177399
24.4874420166
24.6238460541
21.3621292114
24.9994792938
27.408000946
31.734998703
33.7198219299
36.2636795044
39.5837287903
40.1666030884
43.1182403564
45.5881729126
48.0454444885
50.8975906372
48.9828338623
45.4004974365
41.0867004395
42.1130256653
36.5819778442
37.2261352539
32.7338409424
30.9154701233
32.5362243652
28.2153568268
28.7634849548
25.7602062225
24.234003067
19.1627216339
22.261674881
25.8630027771
20.8512306213
18.6954307556
23.1827487946
23.7439250946
20.4773426056
21.0833892822
23.383731842
20.0460948944
17.3582801819
15.2895202637
15.1790132523
10.2965583801
13.3847322464
15.2195529938
11.0262737274
9.68448829651
14.093791008
15.8735656738
10.5222883224
13.7045345306
17.0181446075
15.6811141968
13.6822109222
17.8661556244
19.6980133057
18.2411365509
19.6309814453
24.381231308
23.5330295563
21.3093852997
24.955411911
27.9089164734
28.7672195435
26.2343559265
24.6296463013
23.2458305359
25.6929073334
23.7956466675
19.4736194611
21.8639297485
19.6511554718
23.5486831665
23.3158836365
20.0173053741
23.8993549347
22.5995922089
25.039308548
26.9123725891
26.3278255463
21.2126731873
21.5570068359
19.2243728638
23.5214729309
21.5500011444
25.0090236664
27.3225479126
27.1421642303
29.009059906
31.0072898865
30.1496486664
32.0103988647
34.751914978
35.4243736267
34.0480194092
31.3241462708
29.2278022766
24.7566413879
24.5969524384
21.3705291748
18.5151767731
22.8485488892
20.2069034576
20.6863880157
22.5515232086
24.858291626
25.0803794861
26.7730941772
29.5924892426
28.1426868439
32.4491729736
31.2467823029
26.3854198456
22.7831897736
20.7409229279
18.3251686096
19.7558765411
18.4543876648
14.119184494
15.3598184586
15.8360214233
12.7429876328
10.6195144653
13.0714874268
13.673368454
7.61974954605
10.0661010742
14.6638526917
12.4857206345
9.97767448425
12.8920507431
16.5945148468
18.518913269
17.1586437225
14.4219970703
17.0224227905
21.2227840424
24.1260108948
28.1820659637
28.4532833099
28.5195999146
28.6583137512
26.1965885162
22.5889759064
24.0005092621
25.9371471405
22.0983295441
18.9709281921
22.1627502441
22.5165596008
16.4975299835
15.6359014511
19.5635128021
23.2544193268
22.7854766846
24.5113868713
27.4462852478
24.1229038239
20.6687831879
22.6548557281
25.2460460663
28.0077762604
26.5601463318
30.3280181885
31.8301029205
29.115240097
32.3959846497
31.436712265
29.969877243
33.0617294312
33.6288414001
33.4576683044
29.3058700562
28.6134624481
27.7505569458
24.6615428925
21.2021579742
15.8139657974
16.4338817596
14.2293701172
9.18662166595
11.1969223022
14.9584960938
11.6837453842
8.56939220428
11.0079202652
9.87575435638
5.47584867477
5.21587514877
6.17837381363
4.81044769287
5.63760042191
5.14008283615
5.39478397369
6.29984712601
8.20202064514
9.6410741806
9.9033164978
11.5898990631
13.6338443756
18.1933803558
19.6857776642
19.836856842
21.1058597565
17.7777767181
15.7441864014
12.349190712
15.1186256409
14.902879715
17.6607627869
13.7516355515
11.03652668
13.6145896912
12.6384563446
7.89619731903
8.87808036804
5.84196662903
9.60393333435
12.6389818192
12.2037210464
13.5992994308
16.1036052704
19.7776031494
18.5916748047
22.5447826385
22.1525611877
25.6573219299
25.8417873383
28.6601982117
38.0059967041
41.9426345825
39.2827224731
36.0260238647
39.6533241272
37.6599082947
36.6522407532
35.0462875366
33.2367782593
29.3858146667
29.1727199554
30.0451030731
26.4250736237
24.5546169281
24.5915145874
28.2363834381
30.753616333
28.3782405853
32.8348579407
32.4021263123
33.44298172
36.99949646
36.1968154907
41.1621246338
39.6376113892
36.6456871033
36.9336166382
33.1295013428
31.8713798523
30.0280265808
27.5779933929
30.7974033356
27.0531463623
32.3614120483
29.4190883636
31.5890445709
31.7639884949
28.7095146179
27.255947113
29.459438324
29.2493000031
23.2837238312
24.3261795044
25.3988628387
21.2613792419
19.7697563171
24.2576885223
22.245256424
16.6112594604
18.4952602386
13.5261478424
15.5001745224
12.9952297211
14.8246126175
18.7785739899
21.6209125519
23.0571937561
26.4075431824
29.1597251892
29.0956401825
32.9538192749
34.511680603
37.7601737976
41.1519622803
38.654964447
36.0711593628
31.0993041992
33.1365814209
26.9923496246
28.0503883362
23.9685707092
23.1776390076
27.2792778015
23.2507419586
25.9252910614
24.9259986877
22.9383335114
19.4224967957
23.6198921204
26.952796936
23.4927978516
22.6059341431
27.1343288422
28.3682918549
26.4626331329
28.3116092682
31.6909732819
28.7830314636
25.4574241638
21.7480278015
22.4406909943
19.3762168884
19.8464851379
18.941570282
16.5787200928
14.729344368
14.5781364441
15.763882637
10.1318092346
9.91367530823
12.079410553
9.70052814484
5.41216135025
8.57810115814
8.40695381165
6.69775390625
5.7248005867
10.9915456772
10.1657524109
7.7685046196
10.3112974167
13.569314003
14.7195997238
13.0960922241
12.920674324
14.1914710999
16.2845954895
17.6441307068
13.6922588348
18.4821586609
18.7004737854
21.4776210785
18.2051544189
16.3239326477
19.4371795654
20.6765022278
22.1397819519
25.6249065399
23.8573627472
19.7027549744
18.1618900299
15.2457351685
16.8159065247
13.3538818359
17.3542137146
18.9730052948
16.3493900299
17.7775154114
20.9844875336
20.1101932526
20.6938323975
23.374628067
25.2000274658
31.6683616638
30.1984786987
26.6608772278
23.2069530487
23.2075080872
22.8552455902
17.8141384125
19.3295230865
16.6170425415
18.4243831635
17.4299049377
19.4841537476
22.4249305725
23.731136322
24.1238822937
21.3296489716
24.2062988281
21.5410270691
17.2232017517
12.5657520294
9.11012268066
9.77708435059
12.1593322754
9.78253650665
7.22390985489
13.8528423309
12.6388120651
9.82037734985
12.1433696747
15.2122488022
14.7195482254
13.6763868332
17.2505474091
19.6891078949
17.7998561859
19.7260036469
22.5310134888
25.3664970398
26.3332939148
22.6521625519
20.2224025726
20.9301643372
25.2280654907
26.1847686768
29.9888305664
28.901309967
26.8452281952
29.3158378601
28.6635036469
23.7351379395
24.7161197662
28.7063903809
26.4913024902
21.7775840759
24.938337326
28.2822780609
23.4389266968
20.8312492371
24.2108230591
26.5303993225
24.1354446411
25.7342567444
26.2460346222
25.0467453003
21.5890045166
20.256275177
22.1686916351
24.2604484558
24.2915344238
28.2329006195
27.7028408051
24.8474731445
27.5342731476
28.0916557312
28.6993770599
32.0831832886
33.6835327148
34.7223892212
30.345205307
32.0778770447
31.6208744049
29.8698005676
28.2584342957
22.889585495
25.6766757965
25.4819736481
19.577255249
24.3676166534
26.7654762268
22.2323188782
20.5963230133
24.3011856079
23.1121997833
18.9727973938
19.2258796692
19.6023216248
16.2216758728
14.9028806686
19.0649833679
14.3041944504
10.4806489944
13.3733062744
14.0786066055
11.063211441
9.42870807648
13.9318828583
14.1281642914
18.6601791382
15.9374742508
13.7367973328
14.048418045
14.5190534592
10.8969745636
6.73748636246
4.11801815033
5.22713184357
5.49480581284
5.18801927567
6.10873270035
9.0094575882
10.7358055115
13.6383504868
13.5465698242
10.8810873032
16.1275634766
17.9023952484
15.340180397
18.4541568756
18.9076080322
20.96575737
24.3998088837
23.9766960144
29.1983699799
27.1046180725
31.8483085632
40.1136398315
43.6831703186
40.7369422913
37.8128700256
41.7298545837
40.198638916
39.2100257874
37.9714660645
36.6053962708
32.5888557434
32.6840057373
33.7773780823
30.1227416992
28.2989616394
27.8700428009
31.5606212616
33.9767990112
31.430519104
35.692035675
34.8972816467
35.5706100464
38.7446060181
37.4708595276
42.6037445068
40.4620628357
37.4333877563
38.0812034607
34.2262840271
33.5658988953
31.8561534882
29.8146915436
33.1330604553
29.7774524689
35.1832809448
32.1088867188
34.6457366943
33.0381546021
30.1380672455
28.9206981659
30.7337303162
30.0222663879
24.5350437164
25.7520961761
26.0187587738
21.6688709259
20.9091033936
24.7134246826
21.9601993561
16.954410553
18.2246417999
13.6031455994
15.6762399673
14.3324174881
16.296125412
20.7212371826
22.5044116974
24.2818489075
27.3522281647
30.1626205444
30.3229007721
34.4700584412
35.9804725647
39.3669013977
43.0354499817
40.5927886963
38.3172950745
33.1957550049
35.2879638672
29.0195407867
29.6709747314
25.962228775
24.6878356934
29.4015750885
25.4411201477
28.0675544739
27.922826767
26.4437122345
23.1186752319
27.7165431976
30.5154380798
26.7564373016
26.5118637085
31.0877761841
31.8865394592
29.946937561
32.1110801697
35.3073768616
32.0419158936
28.7964820862
24.9763221741
25.0734863281
21.8525943756
21.7608203888
21.3236751556
19.5957679749
16.7070541382
16.4457244873
18.4649467468
13.3650503159
10.9408216476
13.7948980331
12.8959646225
8.5295791626
9.19135665894
10.2055082321
9.84166717529
6.46077871323
10.8128376007
11.5174694061
9.84429073334
9.52041816711
13.0744752884
14.9710788727
14.7881526947
15.6990852356
17.7809257507
19.7226715088
21.8016548157
18.0002040863
22.7787799835
22.9235286713
25.574640274
21.9831466675
19.9758529663
22.3271961212
23.3398075104
23.9282131195
27.257390976
24.8977775574
21.2397460938
19.8430805206
17.7395401001
18.8567333221
16.2843589783
20.4151344299
22.1197338104
18.5289707184
20.1914634705
23.6826763153
23.0976257324
23.0924530029
25.5415382385
27.7621135712
36.0547485352
34.7097854614
31.1167411804
27.799123764
27.8582286835
27.5991077423
22.5149078369
23.8330554962
21.0380516052
22.665304184
21.2914733887
23.5570869446
26.7408351898
27.6328926086
27.7546215057
24.6911029816
27.2206096649
23.9701766968
20.475358963
15.5596933365
12.1224517822
13.5968923569
16.3132762909
14.0263032913
11.8416614532
18.4416828156
17.3674640656
14.382938385
16.7415428162
19.894701004
19.1814117432
17.5924720764
21.5153636932
24.0842857361
21.6879768372
23.449798584
26.5926494598
29.2776660919
30.73279953
27.271402359
24.8154010773
25.5980949402
29.9872188568
30.9566268921
34.7389221191
33.5683746338
31.3057727814
33.823348999
33.3536262512
28.4288711548
29.1454639435
33.1592407227
31.1551036835
26.2600803375
29.1551208496
32.6958961487
27.6896057129
24.8918304443
28.134967804
30.3620243073
27.799369812
28.8420009613
28.9029006958
27.537940979
24.4777393341
23.4675121307
24.5412368774
26.9819755554
27.5241756439
31.3367328644
30.6132526398
28.1975154877
30.9283542633
31.9178504944
32.3195152283
35.9214439392
37.2960166931
38.6505050659
34.3678703308
36.1821517944
35.3952331543
34.0170516968
32.0379486084
26.4710159302
29.5768795013
28.9236984253
23.2017421722
27.7073116302
30.599691391
26.2559738159
24.3518161774
27.8247184753
26.3979873657
22.0778045654
21.5407676697
21.7806453705
17.8694534302
17.6607608795
22.048707962
16.7403831482
13.4559011459
17.2011356354
17.4439125061
13.7690982819
13.5953359604
18.1367549896
17.4139938354
22.4599895477
18.8073959351
16.8626728058
16.1133289337
16.7861690521
14.4831495285
9.66119289398
6.4865026474
5.22713136673
5.37803506851
6.96447467804
6.2045788765
8.06933879852
11.7177324295
13.9722518921
15.3863744736
12.0713195801
15.6361398697
18.3391876221
15.739572525
19.0436954498
19.5541744232
22.3049602509
25.8426780701
26.06366539
31.5788879395
29.5850048065
34.7176170349
43.1254882812
46.9961547852
44.2035636902
40.9901847839
44.4926185608
42.6727905273
41.4281425476
39.7678565979
38.1220970154
34.2059402466
34.1099014282
34.9905090332
31.4521598816
29.5331993103
29.6676540375
33.3799362183
35.8813400269
33.4462814331
37.8969955444
37.1240272522
38.2930679321
41.6333007812
40.8938522339
45.9370155334
44.1973381042
41.0785942078
41.3801040649
37.6138954163
36.4087944031
34.8089904785
32.5256729126
35.8826713562
32.2373275757
37.5628585815
34.6036376953
36.7215538025
36.3385658264
33.2212371826
32.0413398743
34.2328224182
33.6550064087
27.8522453308
29.215713501
29.9929542542
25.6424293518
24.5631446838
28.8371372223
26.4093093872
21.0496864319
22.5455646515
17.4090690613
19.1090774536
17.0102729797
19.5118770599
23.6099357605
26.1972923279
27.9124336243
31.0806179047
33.9626617432
34.0199356079
37.9772720337
39.4773902893
42.8125114441
46.2643165588
43.6977996826
41.226398468
36.2267456055
38.2980499268
32.1160049438
33.0118408203
28.9726390839
27.7432880402
31.8143844604
27.6292686462
29.8608150482
28.8609294891
27.153339386
23.1570682526
27.4319343567
30.781578064
26.6186656952
25.6773891449
30.4065895081
31.3215827942
28.953836441
30.6714401245
33.7363471985
30.41431427
27.217300415
23.7082691193
23.7430801392
19.7648010254
20.4648971558
20.7700996399
18.16198349
15.085152626
16.3601799011
18.6105155945
12.39823246
11.2322769165
15.1272907257
13.7710571289
8.92857551575
11.6207427979
12.9986009598
11.712644577
9.81049823761
14.9814682007
14.830616951
12.1526584625
13.5150966644
17.2347717285
17.9142284393
17.7341327667
17.5139770508
19.2462768555
20.8495044708
22.4179725647
18.4001712799
23.0265846252
22.8216705322
25.9368438721
23.056098938
20.7760810852
23.9143695831
24.4714164734
25.6664524078
28.7573757172
26.7445468903
22.4498806
21.4713802338
19.0515346527
21.1698951721
18.2871208191
22.432226181
24.1511573792
21.4466876984
22.8289699554
26.1084384918
25.0017719269
25.408952713
28.2060890198
30.1850452423
36.0538902283
34.432926178
30.9588661194
27.3300075531
26.9222679138
26.2577934265
21.5087585449
23.1028003693
19.6654472351
20.707654953
19.9385719299
22.8386688232
25.3630580902
25.967092514
26.9255485535
24.0887813568
27.3673534393
24.3973522186
20.8900585175
15.7393741608
12.8234558105
12.8186759949
15.9242486954
14.3001327515
10.5968418121
16.3806552887
16.3875846863
13.396566391
14.5564832687
17.9195899963
18.0027141571
15.178147316
18.9707946777
22.3390197754
20.1380901337
20.9014778137
23.9426193237
27.1720275879
28.4582653046
25.1753177643
22.1691379547
23.0919723511
27.9620780945
29.264919281
33.1796531677
32.0778198242
30.1010799408
31.8733177185
31.2469329834
26.5260467529
26.8865699768
30.5224742889
28.596452713
23.4908466339
26.1515884399
29.4769515991
24.1292629242
21.2472991943
24.482006073
26.9214038849
24.584651947
25.3747882843
25.9015426636
23.8350429535
20.8067359924
20.8341522217
21.8191432953
24.7692680359
25.0736541748
28.9206008911
28.8157558441
26.5935401917
29.7736949921
30.5318851471
29.99584198
33.793762207
34.6899223328
35.9597854614
31.7248287201
33.0440864563
31.9025344849
30.572467804
27.9961223602
22.249294281
25.5172691345
24.4832992554
19.0381946564
23.4267902374
26.6087055206
22.562915802
20.7276973724
24.1263542175
23.0434932709
18.5206985474
17.7564125061
17.2825737
13.7458324432
13.7516355515
17.8043270111
12.1057195663
9.5116891861
13.5413513184
13.1681728363
9.3387966156
10.6143455505
14.8766956329
13.6345510483
19.3306884766
16.078420639
14.9416189194
14.1565198898
13.4228506088
11.981795311
6.21758937836
4.93431377411
5.49480581284
5.37803506851
3.94566226006
5.99052906036
5.41979408264
7.70677995682
10.2592039108
12.3485689163
10.1421318054
13.4781751633
16.5239257812
15.0512466431
18.763874054
20.5282402039
22.4062023163
26.365819931
26.5000648499
31.7068119049
30.2466220856
34.8998184204
41.2763137817
44.766582489
41.0486183167
37.558971405
38.4508285522
38.4415893555
34.9117622375
33.3701515198
34.365196228
29.8609104156
31.90858078
34.276512146
32.9486122131
33.3185958862
34.2318000793
34.7364578247
35.346786499
31.5188331604
35.0600624084
30.7981948853
33.0693435669
34.6123886108
35.8323249817
40.5303878784
39.0832443237
35.1517066956
34.1968345642
31.5664596558
29.4215316772
30.0417900085
29.2467670441
33.7524795532
32.7147369385
38.0855674744
37.4001197815
40.0273094177
43.898235321
41.6947402954
38.9609298706
40.0459899902
41.3573951721
35.8994407654
34.3006019592
35.1431236267
32.5872459412
29.7297973633
31.3309612274
30.5980815887
25.7162780762
24.1333122253
18.4783172607
16.5307769775
15.2986135483
20.3801174164
22.3944015503
25.2180538177
28.7870464325
29.3885688782
33.586151123
35.9617805481
38.6748542786
42.7325973511
44.3923034668
47.821559906
47.3729019165
43.3649177551
39.0463371277
38.7419204712
33.2143249512
31.6779537201
28.0414943695
23.5641288757
25.2202110291
21.017660141
20.1721038818
20.2486724854
21.4741210938
17.8442630768
23.0861091614
23.0368747711
16.9476890564
19.3307762146
23.3555297852
21.3174552917
18.9404945374
22.1441841125
23.6992702484
19.2162780762
17.0390300751
13.9678163528
11.2741127014
10.1381864548
6.84713745117
8.57483100891
10.6686687469
7.65411758423
6.55629348755
10.7587127686
11.8895015717
9.27740097046
10.5425033569
14.4585342407
14.8338823318
13.451174736
17.5665779114
19.4603996277
19.607416153
21.551076889
23.2609386444
23.8570404053
25.0484771729
26.7340774536
31.0460662842
27.269203186
28.0141849518
25.5420837402
30.2337341309
27.7055015564
22.9844703674
24.7731513977
21.5730171204
24.6551113129
23.5023555756
18.9263458252
19.3811092377
16.1222057343
15.3579349518
15.7745819092
13.9048709869
10.2553920746
12.2017564774
13.6154851913
17.4661083221
19.5126056671
23.2612018585
27.0017032623
25.4669437408
29.4780311584
31.27617836
32.7349510193
34.2917861938
35.8614234924
36.3923225403
39.1312942505
36.4437675476
34.8487167358
30.5699539185
32.5444869995
28.9169425964
25.3254566193
30.8044872284
29.9462165833
31.9845066071
32.782951355
33.7841491699
35.3555183411
38.1622047424
39.4757461548
37.5034713745
40.5639228821
38.8408660889
33.2511634827
29.8435268402
26.3774147034
26.3201560974
27.1838703156
23.7312755585
21.6233386993
25.8172283173
23.011138916
18.3420753479
19.9344024658
22.0740814209
19.0593891144
15.8236513138
19.4033565521
20.928899765
15.9438199997
16.9384117126
20.9994087219
21.0030670166
25.8740692139
25.5857009888
25.417591095
28.3334636688
30.6148109436
33.3702735901
37.2288246155
38.0896911621
38.1637382507
40.0207824707
37.1494216919
33.0938682556
36.0543365479
38.7252655029
33.6895294189
31.709936142
35.8265380859
36.0575904846
30.6932544708
30.2089805603
34.4120597839
37.9251670837
37.0001487732
39.1367683411
41.2828330994
38.6965942383
35.0633926392
35.4381790161
38.1065254211
40.5095252991
39.5386199951
43.5588760376
43.9913063049
40.6827316284
43.2790679932
42.5499076843
43.0061187744
45.7845878601
47.3832092285
47.1921691895
42.7475471497
42.7999076843
42.6660575867
39.0906982422
36.6349105835
31.3870639801
31.4289588928
29.5978355408
24.445936203
25.4961929321
28.7230052948
25.2737045288
21.4569149017
22.5848255157
19.0349369049
16.990070343
15.7941913605
19.967546463
15.8090610504
16.1036052704
20.4068717957
19.6332645416
17.0681343079
19.8870124817
22.8991355896
22.0977878571
20.5514221191
24.4951038361
26.9943065643
31.6690235138
31.7573394775
30.3846530914
31.314043045
29.8319950104
26.3029193878
21.4626941681
21.3260116577
18.454158783
19.0436954498
18.7638702393
15.9916419983
13.8891811371
15.28677845
15.2386541367
14.2975797653
11.4141864777
9.83347797394
10.6966238022
6.87929105759
4.49731492996
6.03210783005
5.97246837616
10.160153389
12.3240365982
17.0652046204
17.5481739044
22.1877803802
31.9635620117
35.5842399597
32.9505271912
28.9551067352
26.131685257
26.0784301758
21.0023612976
18.4935970306
20.9869766235
18.1326580048
21.0913963318
23.8402824402
25.8045425415
28.5628623962
30.6943855286
27.4180774689
25.8912620544
22.5329856873
24.1870613098
18.7927360535
22.9378471375
23.8870239258
28.3373088837
30.8877487183
32.4642066956
29.2473373413
26.1495780945
25.4940910339
20.8612709045
22.7985801697
22.4436969757
25.8152236938
26.8357620239
29.8923015594
32.0656433105
33.4987182617
44.0314254761
42.7613677979
39.0528755188
39.7942504883
43.3299331665
38.643901825
34.977016449
37.3575592041
37.2542877197
32.9462928772
33.5264129639
35.8005828857
31.9813537598
30.7286930084
27.6600074768
25.1525363922
23.425994873
25.4086933136
23.0026245117
26.8659763336
29.0428829193
28.1534118652
31.4404659271
34.0908126831
34.1345596313
39.2900848389
38.8189697266
40.7022247314
41.9878730774
36.7339935303
34.622756958
32.1225166321
29.5134220123
27.6296253204
25.0626811981
21.8240413666
17.4411907196
16.2247638702
12.5268526077
9.77976989746
13.0783691406
14.1704854965
14.5484447479
9.68316650391
9.51614189148
13.0412864685
11.5419855118
7.70056009293
9.99463176727
12.5787153244
12.8192043304
12.8947153091
13.3068847656
13.9128227234
14.9575405121
20.0974216461
18.8870697021
15.5210418701
18.4218597412
22.5907535553
19.8149433136
16.6315898895
22.9406433105
25.418384552
21.7039909363
22.7090206146
27.1529922485
27.0814819336
27.3580989838
28.6213626862
31.7637176514
31.8313045502
31.7634277344
33.5323371887
36.518901825
36.3875846863
40.3396530151
33.9359054565
33.7631225586
28.1129512787
33.1900215149
27.1246204376
24.9799118042
22.2230587006
18.280872345
18.6051807404
21.0458507538
18.3403110504
16.6527042389
12.9171047211
14.1432952881
12.1673622131
15.9121751785
15.649936676
16.8117847443
18.0083293915
20.1091499329
23.0742912292
22.7740077972
25.7670879364
28.1714515686
31.7408618927
30.7820606232
33.4960327148
36.324131012
36.6326179504
34.9568939209
30.6304073334
27.655298233
28.8508548737
25.8711929321
29.7989673615
25.1144886017
24.7594299316
31.0595321655
33.4963302612
36.1389846802
37.9168243408
36.3011169434
36.5388450623
41.1764068604
42.1306762695
41.7000808716
43.8566131592
44.3677101135
37.7455673218
37.4798240662
35.1648712158
34.6298599243
32.8960418701
29.925239563
30.5383319855
31.1836605072
26.9757118225
25.096830368
26.1786079407
25.2550640106
21.5237159729
23.3729705811
23.0213851929
19.8486766815
17.997674942
20.5799884796
21.2488269806
17.316986084
21.1599750519
22.9630908966
26.5420894623
29.1204872131
26.986989975
29.3650894165
31.545507431
34.1146125793
36.1899108887
38.3436737061
34.225353241
32.0269699097
37.0318641663
38.6174812317
32.0520210266
34.1139717102
38.6979866028
36.5703926086
34.0124435425
35.7169075012
39.4000358582
42.488571167
42.6588401794
46.5159378052
49.4218635559
48.2296867371
44.1372337341
42.9298324585
47.4339256287
47.9631690979
45.7489852905
49.2910804749
49.677822113
45.3463668823
46.3898277283
44.0934295654
46.6417808533
47.4053726196
50.3462181091
48.5904579163
44.6449241638
44.3639984131
46.2857131958
41.1157951355
41.3267059326
38.4618721008
35.8415756226
36.2640228271
32.1775512695
32.3296699524
32.2188796997
29.3889102936
27.1019153595
27.2465724945
24.4666080475
26.1172237396
28.2789001465
32.9538879395
31.3252391815
28.660194397
30.6014938354
33.0814399719
30.2496032715
29.238899231
33.5915145874
34.9720191956
30.5420398712
32.0924949646
37.1727180481
38.4193077087
41.3527374268
39.3601455688
42.2338104248
41.5352706909
35.8614654541
34.4857826233
34.8151931763
31.8483028412
34.7176170349
34.8998184204
31.5430355072
30.617017746
33.8227119446
32.2739982605
32.8182792664
27.1806297302
27.4809494019
31.4480762482
26.8324146271
25.0099487305
22.1877861023
19.8124809265
16.7803936005
13.696100235
10.6645956039
6.72796154022
6.69264268875
