42.9678535461
77.9113082886
51.5743904114
75.0385818481
62.6190185547
72.3661422729
25.0539569855
21.8087692261
25.9568443298
25.0381736755
28.3083229065
26.4574546814
25.5314598083
48.4160575867
79.409614563
67.5209121704
67.1118621826
70.7113037109
59.8546562195
62.3444900513
53.4748916626
76.6298522949
48.9353408813
45.1976585388
47.0855484009
70.4307937622
49.8263130188
81.2561035156
57.0935173035
77.6989746094
63.5654029846
75.2009811401
35.8376960754
34.6982421875
35.3728637695
29.9655990601
35.1415710449
29.2449607849
31.2315216064
54.7083854675
80.2097854614
69.1770324707
71.8448867798
71.245765686
61.934047699
59.9667510986
58.1039543152
79.9487991333
56.2284812927
51.6615447998
56.8205108643
73.5619430542
32.7832794189
18.2645740509
18.8818073273
8.9686756134
20.8005409241
6.88216304779
71.9632110596
74.1213912964
73.6436386108
80.0830154419
78.6951675415
83.7990264893
76.9650726318
22.9790668488
31.0717411041
13.5624103546
25.6261787415
16.5161781311
16.7429103851
35.5970077515
17.0102291107
29.1435756683
24.0781707764
27.2934455872
35.8832435608
9.01746082306
16.4559402466
35.9605560303
5.70133495331
31.274263382
26.2267532349
28.4838047028
53.9376411438
53.846862793
56.8270263672
58.8813896179
60.1595344543
62.0730171204
58.2197723389
44.2312583923
27.1834220886
31.2768764496
30.9823303223
20.8208408356
34.7785720825
7.3470993042
40.5710601807
7.32226514816
5.33644533157
22.1786975861
26.6161289215
35.8050918579
27.3898124695
27.327507019
20.1189956665
11.7603006363
20.3125362396
74.4891357422
77.9293212891
75.9635925293
81.2406845093
79.8764801025
84.990562439
76.7713165283
30.9823303223
23.6318149567
9.48211193085
31.165096283
13.5332708359
24.3949508667
24.8835945129
30.7500553131
33.4233779907
33.5707893372
43.279296875
23.8661994934
14.4812307358
33.3894538879
6.42721939087
31.287065506
27.8880214691
28.3987731934
55.2895927429
54.3099594116
57.8945236206
60.4704704285
61.58934021
63.4343414307
59.4565162659
7.32226514816
42.8487892151
27.6567554474
26.4150180817
33.4233779907
22.1376037598
39.8783950806
12.6754980087
36.8101615906
11.3955307007
15.7006149292
25.4310340881
14.3249921799
38.9133911133
20.6904430389
41.4262161255
35.1316184998
38.8022232056
55.234916687
52.9807434082
57.166431427
59.4057197571
60.8715782166
61.6386756897
57.922416687
22.1786975861
44.8874473572
35.5541419983
24.8601856232
43.279296875
30.4198856354
49.264175415
27.7045536041
36.2069702148
15.7006149292
24.3181171417
35.0527496338
35.6010246277
11.7170629501
22.0545063019
7.59013462067
27.2370624542
5.15882253647
75.1939697266
76.8736572266
76.9219818115
84.3056335449
83.0199890137
87.8663711548
81.2326660156
26.6161289215
32.3132743835
18.6012306213
22.2828655243
23.8661994934
22.8335723877
44.1766853333
22.3675956726
26.0549716949
25.4310340881
31.6543827057
35.0527496338
43.902671814
80.6948547363
56.9300003052
79.2458496094
57.5838546753
77.1663360596
41.9590187073
40.1282539368
40.9169197083
37.0093917847
41.1251029968
35.2805595398
35.3862762451
55.2349853516
72.109954834
65.7367858887
66.8965835571
68.0679321289
57.7557029724
55.1283721924
59.322227478
73.7700271606
55.7416877747
52.1434707642
51.5779342651
76.0125656128
33.9005470276
70.6916656494
44.7156219482
68.9152069092
52.7018623352
66.4628372192
31.847650528
29.8339576721
33.7577438354
32.7048301697
36.1979179382
34.2483787537
32.5351905823
42.0003204346
68.8691635132
58.8937950134
58.3671951294
62.0891189575
50.9091415405
52.9253616333
47.3666534424
67.2824401855
42.0669288635
38.8523178101
38.8510475159
64.5419311523
20.8670711517
57.5684547424
29.0857658386
53.2274971008
35.6681404114
50.8894729614
39.7072219849
40.255065918
42.8489074707
41.0306510925
45.3181419373
44.1635093689
41.7099227905
25.9041557312
55.7028121948
42.6697769165
48.0191459656
44.2061882019
33.8278694153
32.5309371948
29.6389751434
56.3129234314
29.0050640106
21.7076683044
32.7845649719
49.9980201721
21.9643974304
60.1067428589
36.4792098999
59.5719413757
40.399597168
57.337146759
42.5495567322
41.5510139465
43.9282493591
42.3714523315
46.3451957703
43.7437286377
41.3901176453
35.3607559204
54.1925582886
47.0692481995
45.7710952759
51.2251205444
39.1152038574
43.5227775574
40.0963478088
53.5384292603
34.8240127563
33.0067520142
30.1801795959
55.6520309448
57.0239562988
91.7954559326
63.6478691101
85.068611145
65.2486190796
83.1241607666
44.0844459534
45.4925231934
46.2032585144
39.475440979
45.5858306885
41.5840644836
43.0514602661
59.6753387451
86.0506668091
73.9517669678
83.839630127
71.9621582031
65.4890213013
50.2171974182
61.7260475159
90.70753479
64.5453948975
54.5864677429
69.2986297607
83.4383087158
50.3258705139
84.8425140381
56.5443229675
78.1435165405
58.8231201172
76.1528015137
41.2020263672
42.876537323
43.952835083
38.1770744324
44.1350860596
40.8691329956
41.4074821472
52.541305542
79.9257125854
67.3063964844
77.0874252319
65.5465621948
58.7941093445
44.5973587036
54.6182327271
84.1293182373
57.4727630615
47.4550056458
62.6627807617
76.3861465454
33.2517471313
69.5169525146
46.825969696
67.7571563721
43.636680603
65.9127960205
47.9728775024
47.8908081055
48.5450248718
45.2233276367
49.901599884
45.8577156067
44.0701179504
45.8714599609
58.0226173401
52.6709327698
55.9444885254
54.5760612488
44.5682945251
40.2470741272
48.9120826721
61.6909980774
46.9767189026
42.9971504211
44.3763961792
65.3348922729
36.3766860962
75.8421707153
50.7673988342
74.3044052124
52.1490592957
72.1516418457
40.2800674438
39.249835968
40.4015617371
36.5827827454
41.4321022034
36.1668434143
35.649936676
48.923374176
67.1789855957
60.5292472839
61.5681495667
63.0959587097
52.008895874
49.1805763245
53.2779541016
68.7535247803
49.6157989502
45.5288124084
45.6097106934
70.9578552246
17.955160141
58.4408721924
32.8955421448
58.0732879639
41.5499229431
55.5552024841
40.0221824646
38.3749542236
41.8015899658
40.8269729614
44.4512023926
42.426738739
40.1925697327
31.296207428
56.3018455505
47.2649917603
44.0181350708
52.1339225769
39.0674972534
46.2105636597
37.2132492065
53.4064788818
29.9186191559
29.0242233276
23.9812774658
53.2509536743
24.4282398224
65.4728164673
37.800075531
63.8040390015
46.5943908691
61.2521858215
33.230506897
31.989151001
35.3737831116
33.6011047363
37.8862266541
35.2022514343
33.5952606201
35.0621910095
63.2928619385
53.0766983032
52.1474838257
56.7875900269
44.3803253174
47.3281211853
40.8832321167
61.4689331055
35.1944770813
31.5876331329
31.775062561
59.2566108704
45.9767189026
81.5988540649
51.7520332336
75.2211074829
58.5565681458
72.9351196289
32.905921936
34.468624115
36.895740509
31.7333202362
37.7198486328
35.4047889709
35.8450431824
47.0831642151
80.0810012817
66.0287017822
73.7493209839
65.3603744507
57.3120307922
47.4877510071
50.2375335693
82.0370178223
51.6708488464
41.7820320129
56.7605247498
72.5219802856
28.111749649
60.2884635925
32.1509284973
53.9022979736
36.0392494202
51.8000106812
43.0509986877
44.636680603
46.4647064209
44.1295318604
48.4819374084
47.7804145813
45.2998504639
28.5533332825
57.8815040588
43.6117973328
53.3449478149
42.9284515381
34.982624054
27.0470409393
30.2746353149
60.6392707825
33.8020973206
23.8249797821
41.2010536194
51.8322372437
24.645318985
57.8507041931
37.3896598816
56.4534835815
32.172706604
54.734287262
52.2521286011
52.5193862915
53.3312644958
51.2728805542
55.3962135315
53.170627594
49.774181366
37.5045204163
46.140838623
40.9953575134
44.6338310242
43.451877594
33.2296524048
32.601776123
39.7769126892
49.9043960571
38.2471046448
35.6247367859
36.4179153442
54.2705383301
45.4494628906
82.2227325439
54.9596176147
77.198097229
55.19789505
75.2184066772
40.5730934143
41.607383728
42.1768836975
36.5696258545
42.549823761
37.8732948303
38.1853752136
51.8136901855
74.4305114746
64.3448638916
72.049949646
63.7274055481
55.6452140808
43.4349632263
54.4778633118
78.740524292
55.5218238831
47.17162323
57.774433136
75.1659927368
47.5342216492
83.5504455566
54.8976669312
77.4773101807
57.8442192078
75.390663147
37.6693115234
39.1256523132
40.3297538757
34.5350036621
40.6910171509
36.9917831421
37.5974960327
50.9394836426
78.6098937988
66.3472518921
74.8675003052
65.2689437866
57.6216011047
45.1188545227
53.5754165649
82.2116470337
55.3957901001
45.8616485596
59.5317306519
75.3376159668
44.5194549561
79.9099349976
50.9625701904
73.5785446167
54.9506835938
71.450340271
36.8218612671
38.4716377258
40.0911750793
34.9669075012
40.8907928467
38.0237312317
38.0856742859
46.809261322
76.1879425049
63.1037368774
71.8091888428
62.035987854
54.4000244141
42.6347885132
49.4036254883
79.3689651489
51.5014839172
41.6597480774
56.4641456604
71.3659362793
