97.6663894653
78.2302246094
86.8898849487
90.4885177612
113.204101562
83.9241104126
98.6261062622
87.4241943359
82.8082199097
91.6748275757
103.082511902
88.0315628052
95.509147644
99.2872619629
90.150062561
100.522361755
81.0158920288
76.8687362671
90.3280258179
99.7251205444
82.7122573853
100.627532959
90.8368759155
100.686248779
104.142936707
81.065574646
87.7613143921
108.443534851
77.2281265259
75.5754928589
97.2364196777
80.8436126709
57.4378662109
70.0849533081
69.7523117065
94.9898223877
63.701587677
80.3823394775
65.9880218506
62.4947013855
70.1768188477
87.0661087036
69.1711273193
76.4096374512
81.6076965332
72.4588699341
82.2930297852
63.3043327332
54.6296577454
69.8229064941
81.5740203857
61.6288948059
81.4745254517
75.4923095703
85.1999969482
84.3988876343
59.5953598022
66.3363113403
88.8935699463
59.3393173218
53.7023620605
79.4969482422
73.5965576172
53.9598121643
62.3245506287
65.5996704102
87.1276855469
58.3634490967
75.1201248169
63.0254058838
57.680770874
65.7012634277
80.7418518066
62.5143661499
69.1016235352
73.7202987671
64.5564727783
76.313621521
57.4872131348
51.9532546997
64.1163101196
73.6509780884
56.6296043396
73.3779296875
72.150062561
79.469039917
77.5467529297
55.2447853088
63.8601074219
81.8336639404
53.7778778076
51.4540138245
74.7376251221
66.9175643921
45.7679138184
57.1889762878
56.8248405457
79.9745178223
50.71534729
67.2983779907
53.5333366394
49.8847618103
56.5832023621
73.5348815918
55.8424568176
62.3100395203
67.3000411987
58.8023872375
68.7452087402
51.5931434631
42.1926078796
56.1573181152
67.2077865601
48.1742286682
66.7878952026
64.8840713501
72.2222518921
69.8809738159
46.371673584
54.1738243103
74.152923584
47.9538841248
42.1894264221
66.8713760376
66.413520813
46.0827064514
58.3431854248
56.170589447
79.4774017334
50.903011322
66.4204101562
53.1083564758
49.9619369507
56.326461792
73.2077941895
55.6554641724
61.1196098328
66.3936004639
59.4545135498
67.8790893555
52.2351417542
43.0794448853
55.6416664124
66.1657180786
49.0505638123
65.7685470581
64.3344345093
71.9328308105
69.123550415
47.2712936401
53.6854705811
73.4978027344
49.0158538818
42.7255363464
66.0344314575
71.759185791
49.7852134705
61.3215332031
59.048084259
83.5807952881
54.4496269226
70.281463623
55.4538192749
53.6753768921
58.7154464722
78.1277313232
60.096118927
65.8780288696
71.6182098389
63.0655708313
71.9465026855
56.4153366089
45.6679267883
59.1413383484
71.1772232056
51.3649978638
70.192489624
69.2096939087
76.918258667
72.5622634888
49.5913314819
55.7872314453
76.8901901245
52.5233383179
46.0354232788
69.9489593506
87.4873428345
65.6858901978
73.2599105835
76.5343780518
99.8599777222
69.6732025146
87.246887207
73.4459075928
69.2922363281
75.5783996582
94.3333969116
74.9937210083
81.8842773438
87.4851226807
76.1471328735
88.7273101807
70.1353607178
61.7490615845
75.3444290161
87.1673126221
66.0347137451
86.1109237671
85.6019592285
93.0904006958
89.0997238159
64.6527938843
74.2070159912
93.3905258179
65.5778656006
62.5360183716
86.8452148438
91.1752929688
66.7154922485
71.0818939209
79.9725341797
103.680992126
70.0871276855
92.4959106445
76.7989120483
70.1346969604
77.9154434204
99.483795166
75.3995285034
84.4854507446
90.9067764282
74.6412582397
93.5737533569
68.9692993164
62.7001419067
77.2317352295
90.5168914795
65.9466552734
88.7209777832
91.6700515747
98.5178604126
92.400100708
64.8530578613
77.9740905762
96.8154144287
64.3012542725
63.9367294312
92.6144866943
80.1285552979
62.5781974792
66.2211532593
75.5666351318
93.4987106323
66.4059448242
83.5301742554
73.6463241577
65.9668273926
75.8533554077
87.0258865356
69.5026626587
77.3438491821
80.8414077759
69.5662384033
84.4038925171
62.8790473938
62.0440483093
73.1652908325
81.1829833984
65.207901001
81.4502792358
79.3519210815
85.8213653564
86.0771408081
64.3046188354
74.7197189331
89.9303817749
59.0474510193
61.2135353088
83.0584564209
