95.0268249512
91.6724243164
95.0856018066
88.9410705566
87.5916748047
87.6606445312
41.8816223145
37.7404441833
31.8444461823
37.3143501282
28.3905887604
32.1595535278
33.8930740356
27.666021347
31.7705898285
38.6145401001
35.5187416077
32.8249320984
35.0195770264
37.7823562622
40.2578811646
35.9122276306
42.0735855103
45.8126068115
41.64012146
43.4235115051
40.1655731201
40.7712898254
42.4188423157
41.385761261
40.4554634094
43.728427887
44.1690940857
39.0797195435
43.3494606018
42.4351844788
36.5092697144
44.311214447
42.3767127991
41.9721832275
42.3985977173
37.4198112488
37.3743476868
36.5106697083
38.0938720703
30.4581928253
39.833984375
34.5775337219
37.9159584045
40.1997108459
32.7957229614
29.5977516174
28.1850681305
25.7740077972
24.2717075348
26.0925369263
25.7235641479
22.918586731
21.979177475
21.7801914215
23.5966815948
26.035068512
38.7350120544
29.4373550415
30.491153717
31.0668048859
31.2903022766
32.5153656006
33.7291412354
32.2732696533
34.0366134644
39.9189033508
35.7045326233
44.3928260803
37.9609870911
40.133392334
41.5291557312
41.6513938904
37.642414093
33.7413864136
34.1923599243
37.8669509888
32.9079589844
30.930688858
38.4385261536
30.9819774628
30.6049861908
95.2431869507
83.6427993774
103.469200134
78.6359939575
91.5498275757
93.4270248413
101.821258545
95.8589706421
82.7012786865
89.4090652466
96.1245346069
84.438117981
94.5994796753
102.463844299
78.4342346191
109.298439026
101.84249115
86.329284668
114.563453674
94.5078048706
81.2139053345
88.5473556519
40.8883934021
40.139591217
49.3111763
43.8281402588
40.2128639221
32.8139419556
42.4881668091
40.4247245789
41.153427124
35.6106376648
38.7753410339
44.8517799377
44.8375167847
53.3971176147
49.2231903076
48.6824531555
43.2195663452
48.4284858704
46.6835289001
43.4759674072
44.8954429626
47.7777023315
47.2690887451
44.1029624939
51.1422348022
51.8301239014
47.0595474243
49.9929122925
49.0670166016
43.6142158508
41.0665092468
41.9481277466
43.606880188
45.3151473999
43.7090263367
45.4306144714
47.5630607605
47.7205963135
45.6020774841
45.5831298828
50.0277671814
50.0894622803
49.2467536926
50.5945968628
51.0215530396
46.9290466309
48.7388877869
43.9570350647
45.0129890442
43.6451416016
41.6180992126
44.4621658325
40.3593063354
38.980632782
41.2670783997
39.8441238403
40.6134490967
43.9926300049
47.3238487244
47.8239250183
49.7455711365
50.1134986877
50.9528503418
47.14894104
44.3003959656
44.3820953369
34.8141059875
39.7281799316
39.6851806641
40.3126792908
42.985206604
40.8611068726
43.8221817017
46.8060417175
46.6675987244
47.1374588013
44.8258857727
44.6816482544
38.4453430176
41.6637611389
38.1268157959
37.4358711243
36.2753372192
38.6821861267
33.3954811096
38.2656478882
41.8442459106
40.0524253845
31.5436630249
32.7281112671
35.5394630432
30.3070755005
40.4108047485
31.0209197998
27.9373569489
25.5824356079
29.7700214386
29.5054664612
32.5792922974
31.1787929535
30.5382022858
35.9922065735
30.8280544281
36.794708252
34.675983429
32.8435668945
37.8412895203
39.1636161804
45.7671966553
38.7446975708
42.3101463318
44.3439331055
46.9244232178
40.8109207153
41.7544898987
37.2184028625
43.6063156128
40.244354248
34.2621650696
39.9869194031
33.6990585327
40.2503433228
35.5448760986
47.0160903931
38.7258300781
43.645198822
36.2798957825
27.191362381
27.534948349
29.9277324677
26.5895462036
23.9560108185
27.2556781769
26.8255577087
22.5409030914
22.7991313934
26.9056987762
23.1066665649
20.0441360474
24.6401844025
25.8063011169
20.0582389832
24.0294399261
22.0885887146
20.0620994568
22.6116905212
21.5974903107
20.3679161072
24.4626674652
23.9542865753
26.5664234161
28.5652313232
28.9532489777
32.6753692627
36.3314666748
33.8681297302
38.3227005005
37.4660110474
32.9170722961
34.2148551941
34.2062416077
30.1173019409
29.7376346588
25.0373859406
27.1353664398
28.2023773193
24.9392776489
23.529466629
19.6782436371
23.1107826233
20.1577968597
15.5300207138
17.852399826
14.3974561691
17.0324840546
15.497628212
14.2389526367
16.9100093842
18.4601097107
20.1812820435
23.324804306
76.1813430786
71.0844192505
76.3958511353
67.5731964111
69.4272537231
69.8359222412
51.3018684387
47.2930984497
43.6032829285
43.0053710938
39.5898284912
43.113571167
41.7389831543
37.3050193787
42.304145813
44.5113372803
42.4232025146
41.0176734924
45.0022850037
45.2324180603
46.5224113464
43.788192749
51.8697128296
52.3819122314
43.9487457275
46.2790527344
43.910861969
40.8765907288
41.3601303101
38.9659690857
34.6655158997
39.6036758423
40.4565315247
37.909866333
42.8706283569
44.3788642883
40.8210830688
46.374332428
45.192073822
42.9295539856
42.0913848877
40.5486984253
39.9771156311
38.7792854309
42.6328239441
36.5446205139
43.9388618469
37.1837348938
42.1158218384
45.4127235413
39.7209815979
34.9724235535
33.4733161926
34.0253410339
34.0896720886
39.068775177
38.6391220093
35.2353591919
33.7413787842
30.4900455475
25.6511745453
27.1259040833
23.9353313446
34.3371009827
27.8421077728
25.5217018127
21.5149898529
21.8936328888
23.6008796692
21.5492687225
15.4968538284
21.2185153961
26.0572052002
17.1695308685
24.7341117859
17.6290206909
19.7258930206
19.8231468201
23.0623054504
18.1566352844
19.238237381
23.1539974213
19.8682975769
21.1662521362
32.2221717834
24.8559989929
21.9688034058
74.8748931885
61.3072891235
85.540725708
61.3369979858
74.5796966553
77.3931121826
81.3060531616
79.5976791382
64.4985351562
67.7582168579
77.623260498
66.2205429077
79.3129806519
83.3273925781
60.969379425
89.7769012451
85.6976928711
68.384223938
96.3472747803
77.3627166748
62.6540908813
70.3092803955
20.9646511078
22.0260448456
29.765007019
26.5989875793
24.6728477478
21.2551879883
25.3830909729
21.7569103241
25.9904441833
23.229719162
22.1887168884
26.0634880066
28.7476425171
35.3856697083
29.1819057465
28.3891487122
21.7865200043
26.0228061676
23.7262802124
20.8031349182
21.0344238281
24.514799118
24.5216083527
21.9658641815
30.6042900085
31.3580379486
25.9117145538
31.050535202
32.498046875
27.3978977203
27.8455734253
29.0242233276
29.7311897278
32.7441864014
33.1801986694
34.6783485413
35.0486793518
37.5513114929
37.5894165039
35.9655609131
39.7123336792
41.3518104553
41.9665107727
44.297000885
43.0953025818
41.0194702148
39.9587860107
35.6297798157
36.0671043396
33.8091773987
30.5314426422
33.4175300598
28.6564712524
28.8995094299
27.9258995056
29.3751850128
28.9926624298
28.916311264
32.2882881165
35.1623268127
37.4331207275
35.482219696
38.5533866882
34.7567138672
34.102684021
35.4715614319
28.2260856628
32.0516929626
33.3890838623
32.9504585266
38.0399551392
35.4753303528
41.4667282104
42.7094268799
44.0121231079
45.8031082153
41.25258255
44.6046485901
34.9099006653
39.0395240784
34.8010177612
35.1171302795
33.5262298584
35.7404212952
30.7642021179
33.0573692322
39.1498451233
38.6467437744
33.8257904053
37.736125946
39.1356315613
34.4294662476
40.3339118958
34.4059867859
33.2896499634
26.8085193634
29.1908283234
32.5717010498
33.194984436
28.0831451416
26.8336582184
34.4200439453
28.127790451
30.8617973328
31.1810398102
32.6781654358
30.9210987091
31.6858825684
40.1269073486
33.602394104
33.9258880615
37.1544723511
40.5776100159
36.3774719238
41.1225242615
37.0276069641
43.1644935608
42.0512924194
36.0003700256
40.8863487244
35.509803772
40.0263290405
36.0526657104
44.2285995483
38.1726608276
44.6223258972
38.6273384094
35.4052619934
32.1313323975
37.4667320251
34.4317054749
33.022403717
38.6991920471
40.3031692505
36.3553962708
36.273563385
41.7225799561
40.0889778137
36.4245681763
40.7129745483
43.8063964844
38.8630981445
42.8681297302
39.7292823792
38.799495697
38.8018989563
34.8671798706
32.7547683716
34.3043327332
28.6552677155
31.8787536621
27.8327522278
28.4354000092
26.2649879456
30.0696430206
26.0562019348
28.1866512299
24.6113739014
21.4098052979
19.0188102722
21.3361377716
21.3030948639
19.2908115387
19.1022624969
21.1045417786
23.3796157837
23.2981357574
28.4134712219
28.1647491455
33.2374610901
34.2647018433
31.0470714569
36.2339439392
33.6454734802
36.9391174316
34.9623947144
31.0741939545
32.3122291565
29.9217987061
30.3644676208
29.4499530792
72.7972183228
66.2277679443
68.9520111084
62.5723724365
63.6042709351
62.1518974304
53.0687675476
48.6943435669
46.0186882019
44.379234314
41.8249092102
44.4589080811
42.2066116333
38.0641326904
43.4778594971
44.0099067688
41.3549995422
41.0109024048
44.9259338379
43.5135726929
44.4734306335
43.3043861389
50.4578056335
49.6216278076
42.0382881165
43.4745292664
41.4091835022
37.2637405396
38.3104629517
35.7550506592
31.0905990601
36.6321983337
37.8239097595
35.9333229065
41.1737670898
41.5673980713
39.5395736694
42.6161117554
42.0318336487
38.8180351257
39.3448982239
38.0704994202
38.483669281
38.6022911072
42.4009895325
37.8294944763
45.2545661926
39.4906616211
44.574092865
49.2550506592
43.6587181091
39.0656204224
36.6468276978
38.1257743835
37.5234184265
42.7693328857
42.4745826721
39.0082626343
40.2128601074
35.6144790649
32.9628105164
34.1955566406
33.1470413208
38.9983291626
32.5699424744
32.2647705078
30.4335670471
26.1219329834
27.2385940552
28.5901088715
21.8209152222
22.8328151703
29.8151035309
25.154127121
27.3877811432
22.4500827789
22.6694927216
27.7235412598
29.8526611328
29.1269283295
24.6728515625
27.7801475525
32.6122703552
31.3734874725
32.527721405
38.4054412842
30.4617767334
28.7365474701
71.5988769531
57.7878341675
79.6091384888
55.7384300232
67.9982070923
71.0403747559
74.32837677
72.8462677002
63.6003417969
62.9557609558
69.0071334839
61.0424575806
73.4425430298
74.7376861572
54.7991638184
81.3596420288
77.0475082397
60.8714561462
89.4521789551
69.8005142212
61.8006134033
63.9412918091
24.9658622742
22.8927383423
27.7605190277
22.8924236298
18.3811645508
24.0653152466
20.4061145782
22.0032157898
22.555355072
24.1420345306
26.339012146
25.0943984985
31.3802986145
27.7289218903
27.3554573059
22.3272571564
27.9435653687
27.3409156799
26.6962928772
28.6005363464
28.7989387512
29.0879859924
24.8156223297
33.879901886
33.1179504395
27.3268623352
31.0297145844
30.533821106
27.6700763702
25.783121109
29.7314147949
31.369512558
31.7496204376
32.7449645996
35.958732605
36.505607605
37.6701660156
38.668586731
38.3730773926
40.0870552063
40.7768249512
42.2799377441
43.4564971924
41.0749092102
38.8913726807
37.4433326721
34.6015548706
33.0583572388
31.2370433807
26.9796600342
28.481256485
23.2223091125
24.350812912
22.7938270569
25.0833969116
23.9963932037
23.900138855
27.2736778259
29.5490646362
31.4307250977
30.8529415131
32.5898551941
29.1851444244
28.1805610657
30.199344635
24.1874084473
28.0129089355
29.623046875
31.0537815094
35.4760169983
34.8138046265
40.7098426819
42.9582557678
44.7568626404
46.8750267029
43.4460372925
46.0872116089
36.3777809143
38.8736228943
34.4691734314
33.6481666565
31.3198280334
31.8397789001
28.3858337402
28.2682514191
34.9956626892
36.6131286621
32.9792938232
37.2546234131
38.7097091675
35.4980964661
39.0251846313
34.2352752686
34.5389137268
29.5332164764
29.5797653198
33.558921814
35.0864448547
30.8217029572
27.1617088318
36.0137252808
32.1628265381
32.5566635132
33.4105911255
37.1849250793
35.2588500977
34.0607414246
42.7526664734
39.2865562439
38.3153457642
39.9264564514
43.3093948364
39.8249511719
44.0726165771
39.8328132629
44.6458053589
42.2376403809
36.1676750183
39.4023399353
34.5473136902
36.8470344543
34.1123313904
40.2081031799
34.8322601318
41.2658691406
36.1052703857
34.9150123596
31.4907169342
37.2327575684
35.6733322144
34.3969154358
39.5999717712
42.4037399292
39.2360916138
38.2206077576
43.5261039734
43.6336593628
39.7492332458
42.9549598694
46.952960968
43.4607582092
47.3924369812
44.0545845032
44.8207435608
44.6350784302
39.687625885
39.266620636
41.4535827637
35.959854126
40.4063796997
36.3497276306
38.9303512573
36.7756118774
38.9571762085
34.7310371399
36.0581932068
31.8900680542
27.4752235413
26.7990684509
30.9498844147
30.0811653137
31.2695446014
30.680978775
33.7383575439
34.1337089539
32.6215858459
38.5134735107
36.7510681152
41.9744644165
42.401134491
38.5212287903
43.7336387634
40.7132949829
42.9012832642
41.5282211304
37.7214050293
37.1362953186
35.5189857483
33.5403251648
32.2877120972
64.2259521484
57.7827339172
62.3603363037
53.8210792542
56.7726707458
56.3786659241
60.8222808838
56.7932548523
54.9062309265
50.812335968
50.7129402161
53.4004898071
50.8527412415
47.8387031555
52.2789268494
51.2161407471
50.4677314758
49.8560600281
53.9939308167
52.6534156799
53.3812675476
51.9135894775
59.8125419617
58.2576255798
48.7559432983
51.0348243713
49.7034988403
44.9032440186
45.186958313
42.9575424194
37.7753868103
42.8527565002
43.0989303589
42.8707275391
47.1797904968
49.5460929871
47.7259216309
50.5594711304
50.1340179443
46.9084510803
45.8513641357
46.4760932922
46.3669586182
45.5150909424
50.5219078064
46.4746017456
52.1863670349
46.4961242676
51.5901870728
55.7225646973
50.969078064
46.9263572693
44.2170562744
46.1544647217
45.791229248
51.0453681946
50.6472511292
47.605052948
48.4284744263
43.1666374207
40.5537033081
41.7450180054
38.9853057861
44.72706604
39.8945121765
38.426448822
35.8353729248
33.530620575
33.894744873
33.1323738098
27.3605823517
30.0522117615
33.6226615906
26.8960838318
27.7330760956
24.4591445923
23.1539459229
28.0684719086
32.012134552
29.8326377869
26.022808075
32.6681785583
35.592716217
33.7038230896
36.8057594299
43.2098731995
37.1294746399
34.3847808838
62.4325561523
47.8779258728
71.9661636353
50.1957893372
61.4222755432
64.3121414185
66.4751205444
66.0413742065
55.2874794006
53.8975028992
62.8577423096
54.2347450256
66.5985107422
68.3376922607
49.2907752991
74.3337173462
70.729057312
55.0175476074
81.8124008179
63.4652099609
53.4394645691
57.2853813171
23.8840293884
24.8941326141
26.7409114838
26.6175365448
27.9435520172
27.0184383392
27.4511909485
20.6771183014
26.6611003876
28.3139057159
25.2434539795
24.2256965637
25.2977199554
27.9346790314
21.5160369873
18.360578537
15.358417511
17.961856842
21.5133800507
21.3534812927
18.9524936676
19.4225921631
17.0125427246
26.6590461731
25.931640625
19.0266532898
25.8351631165
28.9687747955
27.2242259979
28.6339950562
32.522644043
31.9099903107
32.7622756958
35.5240058899
38.0944976807
36.5048332214
38.9768714905
41.2741165161
39.6297607422
40.6474609375
42.4047050476
44.5453224182
46.2867584229
43.8004570007
42.6015968323
39.946975708
37.9998321533
37.2271575928
36.3189163208
31.5679893494
34.6263656616
29.1824226379
31.4225597382
28.9538784027
30.6171703339
28.6620445251
26.151807785
27.9481487274
31.8430194855
33.250705719
30.0897350311
34.05701828
31.797164917
32.8081436157
35.9985160828
32.2756614685
34.7101745605
36.2177696228
36.460735321
41.340839386
40.5294036865
46.4252853394
46.9927864075
48.9464454651
51.4743156433
46.8377342224
51.592338562
41.3911056519
44.3944473267
40.3858451843
40.4240989685
39.2025108337
39.7290878296
36.6528205872
36.0370368958
42.912612915
43.5163612366
42.0350189209
46.1568870544
46.2910041809
44.3711357117
46.7214202881
43.1040840149
43.3277702332
38.6820297241
38.4075164795
42.0663833618
42.3561859131
37.9591369629
35.2426528931
42.3729896545
38.8526916504
38.729095459
39.325668335
43.474357605
39.8764228821
38.2479057312
46.2279624939
42.9219207764
40.7621116638
42.6202697754
45.5883979797
43.4232330322
49.2193565369
45.5995445251
49.5416145325
49.3133049011
44.4260215759
47.0767288208
43.1578330994
44.7541770935
42.2134017944
46.4318237305
42.6959381104
48.9676017761
45.1734809875
45.712726593
41.7798614502
47.3640441895
45.7504577637
45.0149002075
50.2988090515
53.0083656311
49.908290863
49.2278862
54.4625244141
54.4357185364
50.7096672058
54.0601654053
57.9734916687
54.1736373901
58.0580558777
54.6600456238
54.9489402771
54.4289474487
49.5760154724
48.4729995728
49.7803077698
43.7328643799
47.3868331909
42.1147079468
43.9506645203
39.8989486694
41.6399803162
37.762714386
37.3111457825
32.5629692078
30.921037674
28.1686534882
32.4063529968
34.2883834839
34.3572463989
36.0453834534
37.9567947388
38.7125358582
38.9424285889
45.3100395203
44.9339561462
49.8421134949
51.1543273926
47.9039459229
53.2749977112
50.545085907
53.2294921875
51.6036911011
47.6101608276
47.5641937256
45.2511978149
44.0034942627
42.084854126
63.3131370544
57.0943450928
61.0922851562
53.8338737488
56.3003883362
57.5022315979
60.5802154541
56.5311775208
54.2703666687
50.4762535095
49.9563140869
53.0211639404
50.6510047913
47.2877197266
51.6268157959
50.9685173035
50.2071380615
49.283618927
53.6040916443
52.5302581787
53.0991287231
51.3786697388
59.5567398071
58.249294281
48.7426223755
50.9176139832
49.3684616089
44.8723449707
44.8571662903
42.505645752
37.407585144
42.2279853821
42.6106796265
42.1280326843
46.4307823181
49.1127510071
47.2652397156
50.5437431335
50.175868988
47.5239181519
46.2385025024
46.8625831604
46.8413352966
45.6393699646
50.8518218994
46.3211212158
52.0827484131
46.4286842346
51.7114295959
55.496761322
50.4945907593
46.2465591431
43.7452812195
45.1099128723
44.9077682495
49.9539299011
49.4407806396
46.2941894531
46.6835365295
41.78956604
38.6276817322
40.3229179382
37.0566825867
43.2301559448
38.6956520081
37.1095199585
34.0090713501
32.1555671692
33.2804374695
31.9879226685
25.7327594757
29.2932872772
33.3360671997
25.888923645
27.1929607391
23.1827812195
21.5518226624
25.4611854553
29.5075454712
26.76978302
23.7262859344
30.4045810699
32.8999633789
31.146697998
34.311794281
41.0783653259
35.0986480713
32.0127029419
61.6428375244
48.6086349487
71.1918716431
51.0099182129
61.1135253906
64.2856750488
66.0305328369
65.8570251465
54.3951568604
54.0664367676
63.7033500671
54.0259056091
66.6745910645
67.4443664551
50.5298309326
73.8552474976
71.0417785645
56.3149261475
81.2816009521
63.0045700073
52.6008644104
56.8267936707
21.4276161194
23.2704792023
26.3478279114
26.3594322205
27.3409137726
26.9599666595
27.6291103363
21.5197982788
27.4149436951
28.7790203094
26.094619751
25.7176952362
27.4805927277
30.2010574341
24.2169418335
22.0201091766
16.3916740417
17.9618606567
18.7773838043
18.9688396454
18.797958374
21.0608959198
18.4897270203
28.5035247803
28.2607765198
22.1645336151
28.1788311005
31.2290382385
29.0209999084
30.325170517
33.4058952332
33.4191169739
34.8143844604
36.9606781006
39.2550773621
38.1420021057
40.6497612
42.5207023621
41.0582466125
42.6542701721
44.4172286987
46.0608062744
48.0405921936
45.6951370239
44.6262130737
42.1212387085
39.497013092
38.7244606018
37.4091644287
32.8638839722
35.2016334534
30.3259773254
31.441028595
28.8231544495
30.6253643036
29.3707103729
27.1883354187
28.9184570312
32.8281021118
34.8827476501
31.973695755
36.1840820312
33.3037567139
34.1890411377
37.0871505737
32.7655181885
35.4293518066
37.3815116882
37.3115272522
42.5573310852
41.5042648315
47.6041374207
48.1212615967
49.9868965149
52.4062004089
47.8673629761
52.3185691833
42.2940864563
45.1363143921
41.0797805786
41.2700653076
39.6144599915
40.5410995483
36.902141571
36.5820999146
42.9986495972
43.1388626099
41.3484649658
45.5168418884
45.4042663574
43.2436180115
46.0198554993
42.5546379089
42.469291687
37.5682525635
37.857673645
41.74451828
41.6417198181
37.2538299561
35.3351821899
42.1527404785
38.3894233704
38.7636833191
39.5662155151
43.222442627
39.674331665
38.7847099304
46.5011672974
42.9578018188
41.233455658
43.3979606628
46.2348518372
44.0875244141
49.5733680725
45.8616867065
49.6863327026
49.706199646
44.504119873
47.5608558655
43.1969108582
45.2225799561
42.3605461121
46.7828979492
42.8154144287
48.8681602478
44.8383674622
45.0111846924
40.8858451843
46.3984451294
44.3813476562
43.7436637878
49.2216644287
51.6553268433
48.4375267029
48.0882720947
53.3479652405
52.9925270081
49.4558448792
53.0897521973
56.8363227844
52.7575149536
56.9673461914
53.6676635742
53.6449584961
53.4379081726
48.7896881104
47.4565963745
48.9320220947
42.9280395508
46.5121459961
41.4936523438
42.926990509
39.2231254578
41.5954055786
37.6266784668
37.7535171509
33.1423835754
31.1460838318
28.2037372589
32.1234588623
33.7507858276
33.0866241455
34.4543228149
36.3091201782
37.6282348633
37.8562545776
43.931427002
43.5801277161
48.627494812
49.8015136719
46.402431488
51.7392425537
48.9101524353
51.6615180969
49.7427749634
45.6132164001
45.8207244873
43.172706604
42.3923187256
40.3227767944
66.3107147217
60.2353897095
66.2383117676
56.4362983704
61.3101806641
60.1289978027
58.9658889771
55.3278007507
53.8691062927
49.8737487793
50.283115387
52.8139266968
49.4598922729
47.8225402832
52.0741653442
51.3253135681
49.9585075378
50.1807250977
54.0292930603
52.4127616882
53.9397964478
52.7108459473
60.1992454529
58.5407829285
50.0872421265
51.8781738281
51.8476486206
46.446937561
47.5545310974
45.7399864197
41.2183227539
46.7350845337
46.7686920166
46.0128822327
49.5938682556
51.5593566895
48.9524307251
51.6367721558
50.1995925903
46.4824790955
45.6451568604
45.5612182617
44.2817878723
44.1766281128
47.9535636902
44.7340927124
50.2153167725
44.4393844604
48.6680488586
53.7176933289
49.1279792786
45.9385719299
43.4968185425
46.2240524292
45.9070358276
51.4822311401
50.9667892456
48.6615219116
49.9929084778
44.2227058411
42.6112709045
42.2474403381
41.061870575
47.0805892944
41.2639961243
39.5553398132
38.0598182678
35.3876037598
34.2748794556
34.2322769165
30.4029750824
31.2779350281
33.587097168
28.9587287903
29.7513198853
28.5676574707
28.9858646393
34.3800544739
37.633895874
36.2103843689
31.05052948
36.7243118286
40.6551399231
38.4980621338
40.6598205566
47.2189750671
40.8143157959
39.4294586182
63.9883842468
50.4298744202
75.2347183228
55.1007499695
66.5313491821
69.7738800049
68.9507598877
71.2801742554
57.8871269226
56.3108940125
66.1586532593
58.9268684387
72.1538925171
71.7871780396
53.6202316284
77.3490829468
76.6140289307
58.5655288696
85.1615982056
68.5489730835
56.1235160828
61.8416252136
31.9906387329
31.4457511902
32.2849578857
30.8267116547
31.029718399
28.0543899536
28.5671634674
23.0230808258
26.5657539368
26.6137084961
23.5209236145
23.7483329773
22.8143920898
27.9089069366
22.5846729279
23.2458953857
23.2878913879
25.8351650238
28.1788272858
29.8213157654
29.7354278564
27.1867847443
24.7791919708
21.6104240417
27.8825950623
24.1067256927
19.2387695312
24.0394744873
23.1560001373
24.9366359711
29.3492240906
27.962928772
27.5714607239
31.3597145081
34.3233985901
31.580078125
33.9895782471
36.7316932678
35.3116798401
35.8134994507
37.1543769836
39.5874328613
41.1650009155
38.7986183167
37.65442276
34.796546936
33.3294715881
33.2104415894
33.4862861633
28.879825592
34.1974143982
29.0042972565
33.8187980652
32.4986915588
34.5758590698
31.3612308502
28.8745517731
32.5534820557
35.366645813
35.6472549438
31.0823135376
33.8518028259
32.3979187012
32.9757995605
35.109500885
32.5381698608
34.2114257812
34.0085983276
33.7545013428
37.7300300598
36.9108047485
42.1071548462
42.8937911987
44.5649642944
47.294921875
43.0848579407
48.0938415527
37.9093513489
41.261100769
37.781124115
37.5857925415
37.5884399414
37.9447402954
36.1909561157
36.2659454346
43.7656211853
44.1391067505
43.767036438
46.6917266846
48.0730209351
46.6652946472
48.3972663879
43.770072937
44.1178474426
39.9354171753
38.6276321411
41.4733390808
42.5061645508
37.5759811401
33.8521766663
41.2601051331
38.1957969666
37.214389801
37.2529067993
41.2833404541
38.1735191345
35.2742500305
43.6035766602
40.569355011
38.0760536194
39.3015480042
43.0998764038
39.6718406677
45.862159729
43.184211731
47.2230949402
46.5637893677
42.3992500305
44.7437057495
41.7077941895
43.4355239868
41.2318153381
46.0967636108
43.0485877991
49.4625358582
46.4810218811
46.8752288818
43.994304657
49.6622467041
48.5241012573
47.1245803833
51.9809379578
54.9459533691
51.7710456848
50.3373565674
55.6035690308
55.7361564636
51.4354553223
54.3342208862
58.3343582153
54.8311691284
57.6073989868
54.0153007507
54.6811447144
53.3106155396
48.2663345337
47.4387207031
48.1823730469
42.2771644592
45.8586997986
40.3636703491
43.003036499
38.7680282593
39.1648178101
35.6400337219
34.4390144348
29.9437255859
28.5555171967
27.0340633392
31.4453887939
33.137512207
34.9834327698
36.9095840454
38.8781051636
38.3044395447
38.3886146545
44.9599113464
44.6338348389
48.9587249756
50.6368637085
48.0507316589
53.3267211914
51.0937309265
53.8554534912
53.0294494629
49.6089019775
49.4231796265
48.1235580444
46.3210411072
45.3861351013
84.1033401489
77.3199768066
82.1105194092
72.4993972778
76.942527771
72.3770675659
49.7180519104
46.8664932251
46.0576782227
45.3001480103
44.4644966125
46.0114707947
42.5928611755
42.7141571045
47.3657493591
48.2455215454
45.055847168
47.0006446838
49.3256263733
47.6413841248
51.1462631226
50.4152870178
55.774230957
54.9992790222
49.8473968506
51.428150177
52.0238838196
47.1355819702
50.3020324707
48.9460792542
45.833240509
51.6496353149
51.8393669128
49.4247207642
53.2688827515
52.4636611938
48.6547737122
50.8567733765
47.9169387817
43.4018669128
43.6692962646
40.6357879639
37.4160690308
39.2630195618
38.252620697
36.9797935486
42.068321228
35.6503601074
37.4078712463
44.2278671265
40.8176651001
39.2356414795
37.8377838135
41.8918685913
41.9339675903
47.0942153931
48.1227149963
46.2919578552
47.7206077576
42.9553337097
42.6772918701
39.1566543579
41.7045631409
49.3730125427
40.7195205688
38.6237487793
39.6615715027
37.4384536743
33.5921096802
35.1596374512
34.8300704956
33.9219245911
34.7271995544
33.4837417603
37.6249351501
35.9512519836
38.3118972778
43.049041748
45.9330177307
44.4297828674
37.5513038635
41.8426589966
47.3649978638
44.4637336731
44.3947982788
51.7917289734
44.308429718
44.5886802673
82.2307357788
66.3686752319
92.075592041
68.4080657959
81.9305725098
85.2264404297
84.8364105225
86.8903274536
76.1269607544
72.3123397827
78.7051086426
74.4191818237
87.7244262695
87.4457015991
66.0361785889
92.9461746216
91.5531234741
70.5535430908
101.880073547
83.7986221313
74.4431381226
77.2071609497
42.3469963074
40.8474273682
43.1369552612
39.6479644775
37.6701774597
31.0409469604
34.8109817505
31.8898468018
32.4583473206
27.6281147003
27.3616275787
32.7412071228
30.1102390289
38.935092926
35.2764968872
36.131072998
35.411605835
38.9768714905
40.6497612
40.9038887024
40.6445465088
39.2320747375
35.4099235535
32.8636627197
37.3709449768
34.7330703735
31.1964054108
33.9895820618
30.639295578
25.8930644989
25.019153595
27.3182754517
24.4673347473
23.4182052612
23.6207752228
26.3927078247
23.6435947418
24.3765773773
23.9269523621
23.8186988831
23.5472164154
26.3268947601
27.5647087097
26.6818008423
25.9400787354
25.3183612823
23.5686454773
27.586435318
30.8629417419
29.3077316284
36.8189468384
32.6263847351
38.8924407959
39.3193283081
40.9687309265
37.4959793091
37.136428833
41.7756462097
42.9085617065
42.4215812683
39.5885276794
38.7993965149
38.2156867981
36.1611557007
36.5094032288
33.2742500305
34.3501586914
30.3245315552
29.7146263123
29.068567276
27.4089984894
29.093252182
30.3327064514
32.0587844849
33.7937545776
31.1037864685
35.56300354
26.8276748657
31.5117931366
30.4002742767
30.1977348328
33.0425071716
33.785861969
34.3323898315
36.6434288025
44.158531189
45.3705177307
43.7453727722
44.8607139587
48.5522232056
47.0410575867
49.299621582
41.734375
41.864780426
38.7899246216
36.8589019775
36.8881835938
39.9201774597
36.2239341736
29.5532360077
36.5674591064
33.7291870117
32.5800933838
29.9699935913
33.1424636841
33.1231803894
27.5131206512
35.9970054626
32.5451087952
30.7547264099
29.2888755798
34.6193084717
28.5050830841
34.1856498718
33.4569625854
39.6800003052
36.5268135071
34.821105957
36.6982307434
36.5264968872
38.5331230164
38.4918937683
45.5855102539
42.499206543
48.5460700989
45.7920532227
43.9713973999
43.5659942627
48.7426452637
48.2670631409
45.6077957153
49.2480812073
52.244228363
49.004119873
46.310459137
51.2037467957
51.341506958
46.2348213196
48.0844078064
51.7711257935
48.9887046814
49.1562232971
45.4787559509
46.767906189
43.7185287476
38.9052047729
38.7004623413
38.2204246521
33.6008720398
36.6132354736
31.8226509094
35.9126930237
32.6814498901
30.4408664703
28.3208293915
26.7961940765
24.8748550415
23.73396492
25.863035202
28.3342552185
28.1646366119
32.9486427307
34.3198890686
36.2166023254
33.2545623779
32.6767539978
38.350479126
37.9322090149
40.5094451904
42.6358718872
41.7038154602
46.1953277588
45.2170677185
47.9175834656
48.8259887695
46.8998718262
46.5910072327
47.4244918823
44.9549179077
46.1437530518
90.0485534668
80.411819458
84.7147064209
73.8857040405
79.0369491577
70.4488449097
50.0206832886
47.3839225769
47.0680885315
46.6364593506
45.9378509521
46.9422111511
44.0096893311
44.1808700562
49.0006713867
49.5585403442
46.7463264465
48.824016571
50.6938247681
49.0149269104
52.9528388977
52.2302207947
57.3903923035
56.4683380127
51.4093818665
53.4481544495
54.0154266357
48.9785804749
52.7467002869
51.3883743286
48.2476539612
54.1378135681
53.9846878052
51.6627922058
56.2987480164
54.6550827026
50.846118927
52.5518379211
49.7834320068
45.1600227356
45.3833694458
41.8459243774
38.7893867493
40.9118728638
39.2648124695
38.3530654907
42.9278793335
36.3345909119
37.5168647766
44.3595504761
41.8184890747
40.5088920593
39.1851997375
43.3766479492
43.6843681335
48.4203414917
50.2813529968
48.2769393921
50.0277557373
45.1447944641
45.2372703552
41.0887031555
43.8067588806
51.8787231445
43.1332359314
40.2897453308
41.7290039062
39.8261795044
35.1795883179
36.911239624
37.3910980225
36.5119171143
36.6717453003
35.5073471069
39.90234375
37.9866294861
40.9648170471
45.643661499
48.894618988
47.3346939087
39.7123336792
44.3769378662
50.215839386
46.8760299683
47.0903244019
54.3256225586
46.5714111328
46.9011230469
86.9935684204
67.3329544067
97.1786651611
67.2256164551
84.5405426025
88.6642074585
86.851524353
90.635345459
82.1858520508
73.6101760864
77.3696594238
76.0615234375
91.9035873413
89.716468811
64.3882827759
95.1807861328
93.9952163696
68.5939865112
106.321487427
86.0815429688
80.1082763672
78.7524185181
45.0482635498
43.7828865051
45.4147605896
42.2142333984
40.0870513916
33.3440170288
36.5482711792
33.7458190918
34.8239593506
29.9993305206
29.1029262543
34.6091346741
31.8644313812
40.4922447205
36.9180870056
37.6432037354
37.3607330322
40.6474647522
42.654258728
43.5486946106
42.4412078857
40.8500442505
36.1019363403
34.2890586853
38.5902519226
35.7361412048
32.1489715576
35.8134994507
32.2062797546
27.0225505829
26.7377719879
29.119764328
24.8833599091
25.2966384888
25.2562103271
27.2362747192
23.6897010803
23.8186988831
24.9616737366
21.7686252594
21.0756530762
24.8798656464
25.9162158966
26.7834262848
25.7280254364
26.1940765381
25.5632419586
29.7271347046
33.2920379639
31.6941127777
39.0048713684
34.902759552
41.7438316345
41.5377807617
43.4543762207
39.5937690735
39.3169975281
43.6535224915
44.6653785706
44.2162513733
41.4716796875
40.4850578308
40.5511207581
37.675113678
38.9020767212
35.3731651306
36.1443023682
31.9657936096
31.9421958923
30.5594387054
29.2534408569
29.3710098267
30.4582214355
31.3326339722
32.1212806702
29.4783287048
35.2259407043
27.1062717438
32.0964889526
31.7245788574
31.8028450012
34.8422698975
35.5593681335
36.5159187317
38.5986061096
46.4094352722
48.3506736755
46.2517356873
47.2816429138
50.328666687
49.6928520203
51.624961853
44.0865440369
43.7731208801
41.2582855225
39.4243927002
38.4386634827
41.580368042
38.8515853882
31.5460586548
37.855682373
34.9663543701
34.4792060852
31.1309318542
34.087223053
34.3386459351
28.3242092133
36.7300987244
32.6931762695
30.9738903046
28.7785682678
33.28515625
27.95860672
33.5283317566
33.4429779053
41.2825050354
37.1388397217
36.4853820801
37.9282455444
38.5665397644
40.1787414551
40.7071418762
47.4099998474
44.5561943054
50.5075721741
47.9991340637
46.0640144348
45.9211006165
50.9949913025
50.7301483154
47.9707641602
51.3821563721
54.4348297119
51.249294281
48.3698539734
53.1249275208
53.3393249512
48.1395759583
49.7522964478
53.3494148254
50.7380142212
50.3314552307
46.68957901
48.0149688721
44.5408973694
39.9433708191
39.6881332397
38.6627464294
34.3543205261
36.8323822021
31.9957752228
36.0368232727
32.4881057739
29.2362327576
27.8974876404
25.4656391144
24.3137226105
24.5709896088
26.6189594269
28.515329361
28.860578537
33.8335647583
35.6482543945
37.241809845
33.839553833
33.6650886536
39.1363868713
39.0920028687
41.1150665283
43.576423645
43.172164917
47.4928359985
46.8546524048
49.6114234924
50.8313713074
49.1446037292
48.8575439453
49.9653167725
47.4002456665
48.7946624756
82.2412261963
75.8910064697
76.8731765747
72.1409988403
70.7855758667
66.9780578613
50.1613578796
44.9391365051
42.929523468
42.6599235535
38.5874099731
39.339302063
37.1361274719
32.5135231018
38.3744239807
38.6692085266
34.1092910767
34.5193595886
37.4614143372
34.5716819763
35.7117500305
35.8986434937
41.0113563538
40.0722351074
34.8972892761
35.148109436
33.1720657349
29.3542022705
32.4654808044
31.1431770325
29.6868495941
34.377784729
34.9857749939
32.145488739
37.0405883789
34.1424217224
31.8355693817
33.7171669006
33.0856399536
29.4200611115
32.5087928772
30.1088066101
32.7994537354
35.0515213013
38.693157196
35.0621261597
44.7401237488
40.5667228699
44.7650032043
50.5515861511
44.2484855652
40.9763870239
37.1794395447
39.4513778687
36.6613235474
41.705997467
40.6475868225
38.1190376282
41.8442497253
37.9103469849
38.1704521179
39.4256706238
41.1730079651
45.6814041138
38.2913398743
40.2725105286
40.7222862244
35.6733589172
35.923538208
39.720905304
35.8377799988
34.6443328857
41.1856040955
39.31224823
42.2599067688
37.654335022
38.5276527405
42.7895622253
43.222114563
42.9209518433
39.149848938
39.812625885
44.2515029907
42.8478965759
43.0510215759
45.9800415039
38.132019043
37.3518257141
81.881111145
68.1551971436
87.3977737427
60.6849899292
74.372505188
76.9850006104
83.1153793335
79.0187606812
73.0210418701
72.7605438232
74.4189529419
68.0244293213
79.1984786987
82.5143814087
59.5214424133
88.7504272461
81.8338165283
65.7535934448
96.3546066284
76.0932998657
71.293006897
70.9421768188
39.3971061707
37.3801765442
42.3184509277
37.3580932617
34.9956626892
28.1970272064
37.7416267395
35.2489051819
34.1690711975
32.8444213867
37.1153144836
40.2627677917
35.6665534973
42.6363182068
41.1598587036
40.4985084534
37.7592658997
42.9126167297
42.9986419678
42.601688385
44.5690116882
44.4587516785
44.3298988342
40.6164131165
47.968914032
46.832118988
41.8055229187
43.7656211853
41.3967704773
39.124584198
34.5130310059
39.5339050293
41.3861198425
39.7994499207
39.5792121887
43.8314476013
45.3662757874
44.1585350037
44.5330657959
45.688785553
46.4094276428
45.5045928955
46.7898483276
46.3448905945
44.3135299683
39.9059562683
40.8402175903
38.9720878601
36.7586212158
36.8566169739
32.7614479065
34.3841629028
29.7296924591
29.4430923462
32.1852493286
29.3869571686
28.3332862854
33.0615463257
35.0361289978
33.7169952393
34.7270927429
36.6095161438
36.1410064697
33.7670288086
29.4185142517
31.4122829437
23.3854103088
29.0429363251
29.679561615
34.1507377625
36.0750770569
37.8325996399
41.1748313904
45.6042823792
46.6483421326
48.5706367493
47.1719360352
47.4460258484
39.6858215332
40.2986221313
35.8777275085
32.2793655396
29.9618721008
27.1803760529
24.1203327179
23.6847038269
31.0276584625
27.9859256744
31.353395462
35.8800697327
33.8299751282
37.4680862427
30.6908893585
32.9996070862
32.02942276
30.0376834869
32.7410049438
37.5904960632
35.5432662964
30.3089694977
39.1298751831
37.5393371582
38.4335975647
37.4427375793
41.6100502014
42.9532699585
40.8130187988
48.5421485901
46.5515823364
46.4589653015
46.4652900696
49.0549583435
44.9847869873
47.3137016296
42.4979286194
46.4156417847
41.3820953369
35.0347976685
36.5991706848
30.4466686249
31.3853321075
27.1662960052
33.6161727905
26.1466178894
33.2435836792
27.6795787811
26.0964221954
24.8770523071
29.655796051
30.4237689972
28.8308811188
31.9146785736
35.773651123
33.9612350464
31.6139278412
35.9133224487
38.051486969
34.5762710571
35.7441139221
40.2971725464
39.2089920044
42.7453613281
39.8720016479
42.6494026184
43.0019035339
38.1586532593
40.1529846191
43.5148735046
40.2242240906
45.10521698
43.2937088013
46.79322052
46.6919937134
48.1511039734
44.5237808228
46.5110054016
43.4696388245
38.3017883301
39.788520813
43.1527709961
40.3498878479
42.9713516235
40.6955986023
44.1278991699
43.5808677673
40.4475440979
44.5253715515
40.8756942749
45.3439979553
44.1677894592
39.8517990112
43.6797218323
40.4861106873
40.5847053528
40.204082489
37.5525245667
34.800075531
35.1567077637
30.6154155731
30.5550899506
