21.9572658539
18.7930431366
15.4360227585
13.5998420715
8.8350276947
6.27558469772
7.5355181694
5.41771602631
7.37487459183
5.0654463768
6.57924985886
7.41253757477
6.08886528015
7.25294160843
10.3396320343
11.2610111237
11.651550293
14.1596136093
15.8646764755
16.8095531464
17.7748470306
21.9788608551
21.5735969543
19.2985248566
23.2776908875
19.9782924652
19.6508960724
22.8705768585
21.8368682861
18.8320617676
20.2645111084
24.507604599
22.2884902954
19.9639434814
24.4141578674
26.3182373047
23.8228435516
25.4015159607
28.9837856293
29.4584388733
27.2668304443
30.7955093384
34.6857185364
32.6547470093
32.5542907715
36.587562561
37.891330719
37.4403419495
37.3691596985
40.6059417725
39.669670105
35.292098999
36.0370788574
37.5303726196
35.0967559814
34.5795288086
37.6793251038
35.4307937622
33.9437828064
32.32396698
29.2409172058
31.342716217
28.3474121094
30.0801696777
29.4176197052
29.1507282257
31.3571872711
32.8717803955
29.1088085175
25.2072601318
24.9028148651
23.7629566193
25.6030368805
23.9062194824
26.9502353668
25.9473266602
30.1427516937
27.7305698395
26.3626003265
23.9231090546
20.8015785217
22.3482398987
20.8775157928
20.2336673737
19.2374649048
16.7920970917
15.370095253
14.0915555954
12.78673172
13.4446678162
11.6341962814
16.294631958
19.6107311249
15.2011404037
15.740655899
19.929485321
22.5763244629
18.656162262
15.8722581863
19.1217880249
21.0943622589
17.4089431763
16.4875011444
13.0224847794
14.5006227493
13.5746393204
9.6547203064
14.2234239578
14.6849851608
11.4778928757
15.0500946045
18.0222110748
15.9063777924
16.2066421509
16.4762439728
15.0574407578
18.7277450562
18.2357845306
22.6340847015
22.8716659546
27.7916316986
26.7146263123
31.2683067322
31.4497280121
27.3670291901
27.8394432068
26.7507648468
23.0657939911
20.9380874634
14.3045835495
16.2557754517
12.0439224243
11.8381528854
7.97675704956
8.81714344025
11.4709892273
11.0607118607
15.5755300522
17.7376003265
21.4899635315
24.7952899933
26.6193618774
28.8501682281
29.5635757446
30.4264221191
32.1784744263
31.2096977234
29.2162075043
31.6897850037
30.7590579987
26.2987270355
23.2700767517
23.4574756622
20.1133403778
20.8951358795
19.5285835266
19.636932373
21.2029495239
18.7121982574
24.4649791718
22.0530014038
22.7811698914
26.3973007202
27.9975643158
24.4075775146
27.9962596893
31.7516613007
33.3872413635
34.1592674255
30.179189682
28.731967926
33.8541603088
32.7113265991
27.6138954163
29.4556827545
33.9478187561
29.1147079468
26.2199554443
30.7669429779
31.5855484009
30.9114627838
30.1545829773
33.7638664246
32.2865791321
34.2721939087
31.4942092896
34.9509468079
33.0271568298
35.5951347351
37.1676101685
39.5272979736
43.1633415222
49.4530525208
48.2258682251
44.3755989075
44.2375411987
39.3124771118
40.1362724304
35.514289856
37.7757987976
37.7596282959
34.9772071838
26.8360671997
27.2029857635
29.7361450195
28.2217521667
32.0204544067
30.8056316376
33.3975143433
36.6688308716
35.6919517517
31.893201828
35.0967483521
38.6764984131
33.0296401978
32.8983688354
38.0214958191
37.7042350769
33.5226173401
35.9785461426
40.2237358093
37.9704284668
35.4224700928
40.0260734558
41.3246612549
36.0338897705
35.0847396851
33.1859664917
30.8594722748
27.8179092407
25.6563816071
28.0972156525
25.7741012573
22.0145511627
21.6065998077
22.2148342133
19.9542541504
16.7706413269
18.3425502777
19.074388504
14.3533477783
13.3549871445
16.9371776581
15.5564250946
10.6818265915
15.4905490875
16.6838817596
13.2008752823
12.6075935364
16.6337661743
16.3152809143
12.2230367661
11.9350938797
9.51806259155
7.785115242
6.47539329529
4.09207725525
4.56411266327
6.99301671982
8.54666233063
11.1411361694
12.8866167068
16.1583518982
15.2136707306
20.3817596436
20.6733722687
24.8083095551
26.1564598083
31.5013160706
31.3465709686
27.9746494293
30.1047668457
25.4080638885
23.9327316284
20.3041877747
18.4786815643
14.2471084595
12.6590662003
9.10503101349
9.78252983093
11.2105474472
11.9683332443
14.8612823486
15.5242357254
20.0348033905
21.1570949554
18.4170570374
19.5064201355
23.6898002625
24.6237602234
23.8282356262
34.1962547302
37.3104438782
40.4401855469
39.5036430359
38.6781730652
42.6387062073
34.7220878601
33.9763183594
34.8628501892
31.5522899628
28.8678073883
31.7891769409
31.4067993164
26.1012630463
28.0338954926
26.723783493
23.9584274292
27.8102397919
28.9667758942
27.6710777283
29.7142391205
33.1519546509
31.0139255524
29.9182853699
32.3242034912
27.9777641296
24.6891422272
21.6494560242
18.491361618
15.0613498688
12.8664445877
8.58172225952
10.7432947159
7.5360956192
11.1704702377
12.7516832352
13.1280069351
12.0560007095
16.0125465393
18.7672328949
22.3189601898
25.0223331451
27.2142486572
31.4478302002
32.0941696167
34.3619117737
31.3514575958
27.2449951172
25.1737442017
22.1735858917
21.1239337921
18.737663269
16.0473155975
18.7487678528
16.1274089813
13.0323944092
8.6058883667
10.5833005905
8.81107902527
4.77705764771
5.81558132172
9.31964969635
13.1765804291
15.2756319046
19.0811157227
21.2205257416
24.9175014496
28.0723896027
29.7698936462
34.0442352295
38.279586792
37.6744918823
33.5434494019
34.1892051697
34.5286026001
31.3550033569
29.6866493225
32.6248207092
28.7058429718
32.6247520447
31.9206390381
27.3831539154
28.3922252655
31.7136764526
29.5403423309
25.5542201996
28.6938037872
31.384147644
28.6794300079
25.0506839752
27.942363739
25.2992076874
21.9124774933
20.4628677368
16.4411792755
17.180185318
19.8367729187
18.3429546356
22.4905548096
21.7551422119
25.5698108673
29.1726512909
31.7577934265
37.8647270203
34.9519424438
31.5216732025
28.9177513123
26.224609375
22.2629718781
18.656036377
24.5791320801
22.5695972443
24.7217140198
24.7494125366
24.9286556244
24.6113471985
23.3561573029
24.567527771
21.3853435516
26.0362415314
27.3067569733
26.770608902
21.8565006256
23.9062175751
27.4256381989
21.2115058899
19.7870388031
24.0178012848
23.9093284607
19.0016498566
20.13331604
24.5076236725
22.4702320099
19.1889400482
22.7011070251
23.7738437653
18.9484291077
17.2620983124
15.5677146912
14.4446897507
10.2002763748
8.55332279205
13.4607744217
11.4961843491
6.43973064423
8.2405166626
11.1317825317
9.84535694122
8.46002674103
11.9889507294
13.8268346786
12.5339488983
12.5513296127
16.3840351105
18.0418872833
17.28191185
19.8334598541
21.6917476654
21.7485980988
22.8808803558
25.5069217682
27.1321125031
25.6727046967
26.8773460388
26.0015048981
21.5740871429
19.7521419525
21.5978298187
18.4786834717
15.7726984024
18.2443618774
15.0720977783
14.6659860611
10.7263174057
7.36241436005
8.00708198547
5.8358039856
8.61539459229
10.0756168365
12.7396945953
16.5681591034
18.8544139862
16.0865097046
14.5760316849
11.0106115341
6.9050078392
6.25522947311
5.01309967041
7.20093774796
10.998465538
12.0170125961
14.8098306656
13.3936891556
13.8201541901
18.4652423859
21.4059066772
22.7574958801
18.2159500122
16.301492691
21.055316925
21.2822971344
18.2455005646
23.5209178925
26.9068641663
30.7284603119
29.2760410309
26.2170562744
30.4863185883
20.4464759827
21.5212726593
23.1518287659
18.6411075592
17.7341499329
22.1027317047
22.3348617554
16.7061424255
17.2093410492
13.5234050751
11.3679609299
15.3307943344
13.0793876648
11.3332386017
14.8165874481
16.0943183899
13.3227205276
13.486995697
16.9175930023
15.0019321442
11.3808431625
10.7174367905
10.2036991119
10.2918186188
12.235168457
15.5442228317
17.7724685669
19.8126621246
23.214641571
20.7590427399
20.3823986053
15.7333755493
17.3866996765
14.9524888992
14.3140535355
16.4751281738
15.9039716721
18.9664974213
19.3206291199
22.544511795
22.0005588531
19.8682136536
19.0487117767
19.2171554565
19.2108020782
20.1250228882
17.2425518036
20.3492107391
16.9035301208
18.5618476868
18.1217269897
15.1230745316
12.0474786758
15.6103515625
14.6942157745
10.8841724396
7.72791385651
6.2274184227
5.25052022934
7.77364253998
8.59722137451
13.1302499771
12.7613964081
17.0312976837
21.2247657776
19.9457359314
15.5631351471
16.6992950439
16.6796035767
13.2122440338
13.023443222
16.158914566
14.0253982544
16.9480552673
14.8944540024
10.6950778961
14.2395067215
16.2645797729
12.9253082275
11.060254097
15.9265966415
16.4293117523
13.8699140549
13.8289413452
17.5304031372
17.0752944946
13.9243564606
17.353061676
14.0753602982
13.0041704178
10.1417036057
11.8016681671
10.4845619202
13.0283126831
14.9702777863
18.3479194641
21.8212833405
29.3941326141
27.1768856049
23.2958507538
21.9031391144
17.6872634888
16.7453861237
11.9983587265
15.2106952667
15.4654941559
13.8798913956
21.4509754181
19.6684932709
18.3127117157
16.1704063416
15.5997447968
11.7606067657
15.6333751678
16.5388908386
15.8883523941
11.1052808762
13.5746421814
16.7297992706
10.7218790054
9.92029380798
14.6519107819
14.495098114
10.3118143082
12.6106538773
16.8380908966
15.4615468979
13.5762090683
17.7087173462
20.1164875031
16.3389892578
14.7048883438
15.6705570221
12.0256538391
10.1115999222
11.6969089508
12.2101411819
8.36999702454
7.865878582
12.0552024841
10.6608934402
7.82367515564
11.6630630493
14.1889209747
12.8237190247
13.735874176
16.6547050476
18.0995254517
17.4241714478
19.7191238403
23.157377243
22.4981765747
22.6889305115
25.7778682709
27.5564498901
28.1123180389
27.6585884094
30.2189979553
29.4750137329
24.7380905151
24.5608348846
26.5706233978
23.9584274292
22.5755825043
25.350528717
22.7522411346
21.2623596191
19.2305412292
16.1090641022
18.4893360138
15.9454803467
18.6417980194
18.8556499481
20.0396213531
23.1581420898
25.3256778717
21.6750793457
18.417848587
16.353761673
13.3372306824
14.6432828903
11.3679580688
14.3400020599
13.2202110291
17.6049633026
15.8130950928
15.7383556366
13.5592718124
11.6031293869
15.6043491364
17.3449764252
17.1745243073
13.2175722122
11.1920423508
14.1785211563
13.1347913742
9.70317935944
13.9938220978
16.5846176147
20.8188304901
20.7302684784
17.2331008911
20.9150810242
15.1991786957
16.9180927277
15.8704013824
11.2171468735
12.0010795593
15.9680500031
14.2708539963
9.27456378937
7.93142414093
5.63609886169
5.43786287308
6.87553215027
6.75616121292
8.13298892975
11.3658180237
11.9474868774
10.9121313095
14.0162010193
12.5957422256
7.88017272949
10.686205864
8.728515625
12.7676773071
13.1110935211
18.0326118469
17.8164253235
21.7149200439
23.5654830933
20.2790985107
20.758108139
18.0960502625
16.4751834869
14.3626832962
8.74379920959
12.9328050613
9.91325187683
13.0419301987
11.3225679398
14.8020877838
15.0949668884
12.1875019073
14.1278514862
14.8123397827
17.3759365082
19.634771347
19.2958812714
22.5355682373
21.2578773499
22.1213703156
22.6343975067
21.0772418976
18.1108837128
20.8416519165
19.3351840973
14.8398122787
11.3647661209
11.8831501007
8.26236820221
11.1505050659
10.4235401154
13.7271127701
14.5064125061
15.5047044754
21.5997257233
19.2133636475
16.9039497375
19.9725856781
20.5633773804
16.2803783417
19.1526603699
22.7677574158
22.6890411377
24.1773815155
20.6621990204
17.8665714264
22.4913101196
22.2994766235
17.3467464447
17.6446323395
22.4211769104
19.2934970856
15.9362344742
18.8615074158
20.6164970398
19.673866272
18.0144348145
21.6689414978
19.6526489258
21.1712169647
18.5588302612
21.915807724
20.7130241394
23.7312335968
25.3580589294
28.3699321747
31.8835811615
39.2299804688
37.4029655457
33.513053894
32.5886955261
28.0647583008
27.7122879028
22.9085521698
25.3178596497
24.8831768036
22.5613861084
27.7564067841
26.7387428284
23.9179840088
22.8237304688
20.4934368134
16.4160060883
20.8777866364
19.3870563507
19.587146759
15.3959064484
15.0500974655
17.2473087311
12.9173526764
10.1521053314
11.2559623718
11.88829422
8.19925880432
5.97923088074
10.0950260162
9.99810504913
7.4745349884
7.72788000107
10.6958742142
9.35993671417
5.68086910248
9.75387954712
8.99578380585
7.87912559509
11.71027565
12.9803133011
11.6727104187
12.4614801407
16.1744441986
16.4113922119
16.0926818848
19.2326831818
21.2967758179
21.1055603027
23.0299816132
24.8875617981
26.2522830963
27.2630329132
29.3729114532
31.4187431335
31.7068386078
32.7709197998
35.2716636658
36.8370170593
38.1605491638
37.9076271057
40.1244659424
39.5439949036
34.7313613892
33.8564338684
36.0675697327
33.1519508362
31.0124855042
33.5075492859
30.3692359924
28.8899803162
25.6331157684
21.4447116852
23.3323554993
18.3460407257
20.6521244049
18.3980617523
19.3609027863
19.6259536743
23.0617809296
20.936580658
15.1705970764
16.1848373413
13.5854406357
17.4750709534
16.0943183899
20.5286540985
21.2480945587
25.7731189728
25.1223125458
25.9707660675
24.0145206451
22.2954864502
26.3380222321
27.0230693817
27.4882659912
23.941991806
21.1891498566
23.3184528351
22.5188789368
19.2398376465
16.7033081055
18.5703907013
22.5542221069
21.9992961884
16.4645824432
19.6300544739
13.2344017029
17.1124343872
16.9861965179
12.586016655
15.7688045502
19.4993572235
18.9676780701
16.2755756378
13.8624095917
10.7557449341
11.3658180237
10.331911087
5.85754203796
6.03993463516
6.93535804749
5.30577707291
7.03207111359
9.98807048798
13.3392839432
11.7420301437
15.8724508286
17.2287368774
20.8503265381
22.8295345306
27.8533439636
28.4642181396
32.1219367981
34.285610199
30.7055721283
30.6026859283
27.0313720703
25.8048286438
22.0072574615
16.8032341003
18.0022506714
13.6529035568
13.2432441711
11.5693445206
14.8490848541
18.1125793457
18.5936126709
20.5125865936
23.0715179443
24.8738288879
27.802936554
27.0580940247
29.4877433777
27.9290542603
30.2714519501
31.3693656921
28.6789588928
26.2521305084
29.8647708893
28.6827869415
24.1828727722
20.2744255066
18.9790477753
14.6721305847
15.0012960434
11.048781395
12.4157915115
10.4333314896
8.22001075745
13.6473760605
10.0354557037
9.45163345337
13.341170311
13.7846927643
10.4785032272
15.5000009537
18.1072063446
20.4825363159
20.2053527832
16.1121368408
15.8728847504
20.9555587769
19.190158844
14.5682029724
17.9200077057
21.9261875153
17.0916137695
15.2277145386
20.8978290558
22.3408622742
23.3167438507
22.5264225006
27.4137573242
26.1346721649
26.2508602142
22.1240577698
25.6055240631
21.929233551
25.4107322693
25.4543762207
27.2453365326
30.4777164459
37.2035751343
36.1239089966
32.6593399048
32.7109642029
28.3373756409
29.8093013763
26.0870246887
26.2927589417
27.3069458008
23.6455821991
6.56508636475
8.23049926758
10.052113533
10.6546230316
15.2279405594
16.1969661713
20.3997344971
23.4400310516
24.5096492767
20.4875907898
21.4899616241
26.8740348816
23.8836460114
21.5831756592
25.9464588165
28.7574977875
25.8718090057
26.3783397675
31.4579429626
31.5349712372
29.8078517914
31.4537029266
35.1806755066
32.3440551758
28.8620033264
30.653011322
28.3855857849
24.2328300476
25.4324359894
28.4007816315
24.6522598267
21.2053260803
25.1079921722
24.9915752411
20.9628124237
22.0718307495
25.503950119
24.2990207672
21.621055603
24.0702514648
27.3014602661
23.8901977539
23.7343788147
30.0452213287
29.0802059174
26.0318756104
29.1043395996
32.2516098022
30.7793273926
27.9476013184
30.1895046234
27.5478649139
24.7677192688
25.3593196869
24.1220111847
21.1239356995
22.2196540833
26.31199646
25.2737636566
26.327255249
24.8633403778
24.07862854
23.1346664429
23.7451972961
22.0429935455
23.971572876
22.0247249603
27.2877006531
25.607301712
20.648103714
22.0517196655
18.7629814148
20.4608211517
18.0719032288
19.2108020782
18.6284885406
18.8939170837
21.0493202209
19.7720623016
19.1276226044
15.96397686
13.2082242966
12.5930404663
8.83535671234
14.099984169
14.4156999588
9.90003108978
10.8288106918
14.7582416534
15.1304759979
28.6372566223
29.4636058807
33.934261322
35.7433586121
32.622341156
35.1188278198
32.3873710632
33.9069061279
32.3262443542
28.0365447998
28.393201828
31.8286743164
29.0970840454
24.2611637115
23.2898597717
22.5900268555
17.3759365082
18.7060050964
22.7317905426
20.0727996826
18.6953258514
24.8738250732
23.2632961273
19.692741394
19.4790325165
14.016160965
13.576710701
10.8390293121
10.17162323
9.91729259491
10.7947015762
13.5910778046
15.8907108307
19.044757843
18.4684867859
12.9196968079
10.665104866
9.60177898407
6.59349822998
5.0893945694
9.46262836456
8.17360973358
12.2982521057
15.4468240738
17.3776054382
17.61810112
13.0660972595
11.0507106781
6.57600450516
5.15360593796
4.33774662018
7.1094751358
8.21446800232
10.9915552139
10.9648103714
14.4252166748
14.1719074249
14.9712257385
16.9538650513
19.3539733887
15.5571060181
14.8443918228
14.0087871552
15.3708314896
14.1857290268
17.7044086456
17.2107753754
21.5668621063
23.6638565063
27.9807891846
28.235660553
26.4145050049
27.8395252228
30.6314620972
27.5034542084
26.1289749146
31.0127830505
30.402967453
34.0177192688
31.7640552521
28.3935222626
32.5011100769
34.6836891174
30.7423801422
29.9149990082
34.8499069214
34.1833953857
31.0350341797
31.95038414
34.8914642334
33.300163269
30.3637084961
32.2966995239
28.4882831573
29.2417926788
28.1677017212
28.5088806152
28.0770988464
26.9114379883
30.9385757446
33.3197441101
37.2300338745
41.3227577209
39.8321456909
35.816493988
35.6084632874
30.544549942
31.1369991302
26.8528270721
32.7675018311
33.2001571655
32.5607643127
31.0808181763
32.181186676
29.8628520966
30.0114765167
29.3187789917
26.0865001678
31.9487323761
31.1443042755
31.8526287079
27.0449047089
26.3973026276
29.8006095886
25.503446579
22.0434036255
23.2434101105
24.9181041718
21.0286026001
18.3002433777
22.0807647705
21.9229488373
18.6069602966
16.419467926
17.671749115
16.6884899139
12.4572458267
13.5256023407
16.8729553223
12.6455850601
14.5480718613
20.0063266754
19.7577838898
17.2877483368
19.8599700928
22.9603977203
22.9227523804
23.6027526855
26.3187656403
27.9315700531
28.3165874481
28.5107803345
31.5280380249
33.6476173401
33.7076683044
35.4284515381
37.470161438
38.0745582581
39.2986221313
41.6434822083
43.5160713196
42.2127456665
43.3956108093
42.4008750916
38.1032943726
36.1043395996
37.6075286865
34.1892051697
31.4647884369
33.8271713257
30.5375881195
30.3617172241
25.7141819
21.7870998383
21.2434539795
15.8390169144
15.2778520584
11.0817842484
11.0787134171
8.12565422058
12.4220275879
13.0057249069
7.26452636719
10.778222084
10.6590280533
14.4384698868
16.6992912292
20.3564453125
23.5666446686
27.2479343414
28.5158157349
30.9304580688
29.0158691406
28.0570678711
32.341003418
32.853302002
35.1230735779
31.4151153564
27.8008937836
31.0
31.6254901886
28.482093811
29.3622837067
31.5769805908
35.6011543274
34.4817314148
29.2740688324
32.5685005188
23.578212738
26.8688030243
28.6382293701
24.1587371826
25.9828090668
30.204454422
30.6028594971
26.6737213135
25.2316684723
21.1055278778
19.9725894928
21.042181015
16.3850021362
14.0572528839
15.9085235596
13.341170311
9.28623485565
11.1620006561
12.2409963608
15.5916404724
16.3169517517
17.7832889557
21.2689800262
22.6956176758
26.3522891998
30.5430221558
33.2166824341
35.8193244934
38.6596565247
34.9823646545
33.7627182007
28.772315979
29.422208786
24.5346126556
22.8560276031
21.5921478271
19.6084938049
18.8811397552
20.1149330139
22.4132213593
24.4163722992
26.1161136627
25.4860992432
28.2877750397
27.8395233154
30.1634044647
27.814119339
29.2334136963
26.6112480164
30.3574848175
31.6962833405
27.6972827911
26.4480381012
30.7953052521
30.9022636414
26.8084964752
23.2469558716
19.9897232056
17.3104915619
15.1069860458
11.5889558792
11.1447811127
7.07333803177
8.44040584564
7.17335748672
7.29334831238
4.32133817673
5.1425652504
7.02903175354
5.95266294479
7.77673435211
12.1720647812
12.3612451553
10.1575469971
11.6174163818
15.7258033752
15.8409776688
14.1743860245
17.4783782959
20.6093902588
19.2179584503
19.0256786346
22.8156795502
25.8110275269
27.6938533783
25.9671497345
30.7255554199
28.5885944366
26.2567234039
21.7216281891
22.9221954346
17.1365814209
18.5330257416
17.7836265564
17.6788368225
20.7844352722
25.3809909821
25.0506095886
22.0019798279
23.3585605621
19.1731777191
23.0916194916
21.2984771729
20.9445590973
24.3074092865
20.8549594879
33.3176841736
33.7659263611
32.5531349182
31.6098384857
31.6550655365
27.8851737976
32.7509918213
32.7655105591
32.2905921936
27.5670318604
28.7319698334
31.4106426239
25.4208488464
23.6838474274
26.3341255188
25.7468585968
20.961309433
20.8007698059
24.0838947296
21.8566894531
18.0927562714
20.1989040375
19.5026721954
15.1695489883
14.179769516
10.6894226074
13.0526227951
9.82720470428
7.66867685318
13.6022434235
14.3874835968
11.6425008774
11.2220096588
15.4777135849
16.7722816467
15.6809024811
17.5514507294
20.3515892029
20.764673233
19.7496795654
22.5565319061
26.1832180023
25.6603736877
25.8348140717
28.7739048004
30.1554374695
30.4568920135
32.4787826538
35.1723060608
34.3087844849
35.0161781311
34.7112197876
30.3587760925
27.8589019775
30.2582244873
27.3831520081
23.9116592407
25.2307014465
21.7512817383
20.9567298889
16.4258384705
12.4754247665
13.111992836
7.53832530975
10.7564058304
8.27340698242
12.7624921799
12.5488128662
17.4140110016
17.3355884552
13.910984993
13.0903024673
8.59112071991
11.6726932526
10.6950788498
13.855796814
16.4438819885
19.3435096741
21.1432151794
24.2562160492
23.4054584503
23.9046363831
28.7264690399
31.4183883667
32.6042938232
27.8975448608
25.9410686493
30.2822170258
30.099981308
26.6483879089
27.1536560059
30.7222156525
34.1005973816
31.568403244
27.9428100586
32.2489089966
19.8918228149
21.5449771881
24.8689746857
20.8540039062
20.6327934265
24.7953701019
26.4365234375
22.0254936218
22.2080535889
17.798116684
17.8665733337
20.6540851593
15.3234319687
14.3520126343
18.3758125305
15.872885704
12.603272438
15.3324451447
18.7821998596
19.7787742615
17.6167354584
18.3683547974
19.5795249939
20.1871700287
22.6545581818
25.8267307281
27.9736175537
29.6827487946
33.4222946167
31.2134571075
30.7584190369
25.8122901917
27.560092926
24.2262496948
22.7811489105
23.9294071198
22.2364673615
23.6632900238
23.8963298798
27.2186260223
28.3136711121
27.6140117645
27.2702846527
28.493062973
28.3935241699
29.7590446472
26.6740016937
29.1574859619
25.4226207733
28.0177230835
27.6650276184
24.0461082458
21.538734436
25.1155662537
23.9733390808
21.0101642609
18.0546760559
16.100643158
14.068526268
14.689535141
12.3931360245
15.9578466415
12.3638334274
16.1133880615
18.0711193085
16.4442443848
11.6942634583
11.6174173355
9.08812141418
7.59877920151
8.16244506836
7.92860746384
6.46362543106
7.04182243347
5.10649728775
6.01095151901
7.07504653931
5.99679994583
6.69985723495
9.91858196259
10.9448480606
10.8994531631
12.1616849899
15.7489128113
17.6375980377
15.7334423065
20.1979122162
18.4407691956
15.6434011459
11.0528526306
12.8874549866
7.72381687164
12.5044050217
10.7173690796
12.9381074905
15.6656618118
24.1863269806
22.3416633606
19.1595973969
18.2371616364
15.1536684036
15.6136474609
13.3006601334
11.2327365875
13.4175262451
9.71756076813
