22.9098262787
25.0722293854
23.4948062897
19.9196434021
21.8643741608
19.0748882294
22.5220928192
20.6133384705
23.8532238007
20.9616794586
17.11876297
16.9245452881
15.2485275269
14.6849184036
12.6789741516
12.6762533188
8.23937225342
10.1508169174
12.9809055328
12.9586811066
11.6144275665
10.3907985687
12.2766819
12.3875417709
8.71517086029
11.4408035278
12.3458337784
15.5807600021
17.3047943115
20.8800449371
19.7827892303
20.3421840668
17.4390983582
12.9302864075
11.1516723633
8.61382961273
10.9350252151
10.6769037247
13.7757329941
15.6667871475
18.8872013092
23.7487201691
18.4181194305
22.3397579193
21.1020584106
14.658372879
16.7690258026
21.1132717133
18.6556568146
15.0441169739
19.6563816071
22.0995349884
19.3491153717
19.31681633
19.1842212677
18.9647312164
16.8925495148
15.1037626266
10.9037494659
14.2299985886
14.4034519196
14.4348945618
15.5679912567
17.5458183289
18.5505065918
21.6833362579
25.3089084625
22.0472927094
21.5595283508
19.5793437958
17.9956512451
15.8104820251
12.5272197723
12.6824617386
9.80874347687
10.7577314377
8.57595825195
8.26917076111
8.93652439117
10.0381641388
7.6180229187
9.23881626129
12.7643709183
14.0240774155
11.9798545837
13.3809766769
16.2508926392
16.9476051331
16.5224304199
20.7215671539
17.7948703766
17.4129047394
23.2962665558
19.9636001587
25.101934433
25.9996337891
25.5704116821
21.3064613342
21.5374546051
24.1132125854
21.1758289337
18.013507843
20.8645782471
22.280248642
18.168674469
17.994342804
22.0004444122
21.5927810669
19.0808486938
20.7938041687
25.1581459045
22.1870136261
21.2805271149
26.5277233124
26.8662204742
25.532289505
28.6675739288
21.8539237976
23.6283035278
18.1177062988
22.7041625977
17.4965400696
18.1137104034
16.0328083038
14.3032503128
14.506108284
12.572883606
11.5569324493
8.67720031738
10.4409122467
12.0346317291
13.5814476013
16.4199295044
14.8738031387
14.6505327225
14.1136322021
12.7213773727
13.7463340759
11.0436544418
11.7266492844
14.772028923
15.7152118683
24.4748725891
22.0033245087
25.6886253357
24.6036472321
21.1067810059
26.0745735168
28.8289794922
32.5660057068
32.3717269897
29.3794250488
30.4378623962
35.0491104126
36.2331352234
31.3154182434
32.7532119751
27.7321586609
28.8268604279
27.9854507446
30.0735321045
26.3699836731
23.2913951874
26.4033546448
27.5926113129
22.4069786072
22.3213596344
24.1511554718
22.8770542145
19.1281738281
22.9937934875
24.368730545
19.2712440491
19.5325908661
24.0418548584
22.6498126984
20.73579216
18.8594665527
22.6746749878
22.3395195007
23.38397789
27.4929962158
25.8943939209
30.8054084778
31.1195983887
30.313331604
27.6825199127
32.3135490417
33.3970069885
30.0743961334
32.219417572
36.1819038391
35.2617530823
32.5683174133
36.2834091187
38.8318214417
36.634727478
35.6453819275
32.8103599548
28.5556488037
29.9727897644
31.8135681152
27.9231834412
30.4398193359
26.9666557312
29.0420303345
31.4162578583
34.8957099915
34.0724487305
29.0042457581
31.3002986908
33.0588531494
29.4446201324
27.6089458466
32.9473686218
31.5220050812
28.7575702667
29.3234462738
35.3041763306
36.0565757751
38.5279998779
34.0082817078
37.013343811
37.5385322571
31.9142723083
31.0615882874
30.1194992065
25.2279586792
30.2369632721
31.59856987
27.7469902039
26.7354354858
30.9798679352
31.1844520569
27.0053100586
28.6867275238
32.8927879333
30.89087677
28.3119258881
32.8667869568
35.0717315674
32.7244110107
30.9401473999
34.42527771
33.3069267273
28.7033557892
32.3802490234
30.878944397
35.1537780762
33.2521247864
37.1815605164
34.2530632019
30.4079933167
30.6528491974
28.3276805878
27.9524154663
24.7807750702
23.3225288391
18.6482276917
18.0151386261
18.3906383514
14.5720567703
12.1557264328
15.1983823776
19.2400951385
21.5994739532
18.86003685
23.4584121704
24.0098667145
25.7080936432
28.9784374237
29.8739566803
33.5843276978
33.2833023071
33.1572341919
29.7021923065
25.33228302
23.8791294098
20.8166637421
23.1804351807
19.6295127869
23.8209171295
23.2506599426
25.0723743439
28.941280365
24.5553760529
25.9897441864
23.2703323364
19.1438827515
22.8885288239
24.8274765015
21.2586765289
20.473323822
25.8612575531
25.6461048126
21.8224887848
23.2991924286
21.0143547058
22.1726818085
17.7352581024
17.2689266205
16.5270652771
21.7913894653
22.9711360931
25.0249919891
26.0014858246
27.5673351288
29.3698863983
31.0072021484
35.4066352844
32.8823051453
32.1200866699
29.2100696564
26.9678535461
26.9344482422
22.3422584534
24.1803035736
20.4732379913
20.0262336731
19.9226093292
16.3208847046
18.0307998657
15.6592311859
12.4662370682
8.96047210693
7.97695064545
5.48299455643
9.57727527618
12.8496961594
9.8290348053
9.50576686859
15.5350084305
16.790348053
19.3385162354
17.3536014557
21.6067066193
16.4250450134
21.5610866547
19.6699485779
21.2649612427
18.5192604065
15.0960388184
17.7111225128
18.3804950714
13.5225868225
18.4436702728
16.004486084
12.7104768753
16.291185379
19.1689071655
16.5700817108
15.3627614975
21.1729774475
21.6632671356
18.5289020538
21.2015666962
24.1885814667
24.4630298615
24.8097133636
19.1245822906
17.5010700226
12.5310192108
15.6360321045
8.63132476807
8.44976329803
4.51129245758
3.87921762466
4.29855012894
6.96983575821
8.1581029892
11.5872716904
13.4820098877
17.8770809174
21.1078567505
21.9168376923
17.1856365204
17.0832481384
13.1557693481
15.1677808762
12.3913164139
11.4954605103
11.441116333
15.4621162415
16.6508789062
13.3000907898
9.67803764343
11.8014583588
9.74994564056
6.43361568451
12.5136604309
15.6515579224
18.883928299
20.0219097137
17.379070282
17.2126045227
22.1236362457
24.2580356598
20.8870658875
22.2573719025
18.3033676147
19.5861968994
19.3948574066
19.8660793304
15.5450696945
14.0779666901
15.8561754227
14.0771093369
9.95041179657
12.1281099319
11.4055919647
8.6496515274
7.58639907837
11.8199224472
10.5695648193
5.75556135178
10.0141973495
14.1980218887
11.0634994507
11.9827976227
7.69839525223
9.89400291443
8.24965000153
8.00967502594
12.2003450394
12.2880973816
17.1842823029
16.3481674194
16.3346118927
13.8924875259
18.3669567108
18.8524837494
15.0012369156
17.5890846252
21.4522571564
20.0724372864
17.5390205383
21.5469093323
23.7423915863
21.6360435486
20.4175930023
18.0199146271
13.6754150391
16.0016803741
19.4219684601
15.6806745529
19.3822879791
17.8008155823
18.4108352661
21.3264904022
23.4375114441
24.4657726288
18.8119945526
18.5843715668
21.4590816498
18.9297065735
15.2376480103
19.4515571594
19.5227184296
16.4642124176
15.4815006256
22.4497528076
22.2383041382
25.8461360931
22.34557724
25.9320373535
25.9277591705
20.132976532
20.9578971863
21.9989433289
17.7578048706
24.6492595673
23.6517543793
19.1701183319
21.281463623
24.6374073029
23.0577583313
19.938999176
23.8254241943
26.3997879028
23.6407432556
23.4924411774
28.2496070862
28.2950687408
27.4836101532
44.0700073242
44.6829032898
41.8767738342
38.6090202332
43.8851470947
40.9822731018
44.8722343445
44.2653465271
46.3489112854
42.022857666
39.7935295105
38.6432418823
38.8681755066
35.1075363159
33.4100837708
35.7387962341
30.8226737976
33.5505065918
36.1182899475
33.9759788513
32.0868377686
33.3158302307
36.9946517944
37.561794281
33.2790260315
35.7156028748
31.3540649414
33.4905853271
34.3213691711
36.6089172363
38.7925453186
37.1467514038
35.2827453613
33.2961540222
29.614358902
31.8549556732
31.4042758942
35.2767105103
35.3488731384
39.3819046021
40.8017120361
44.0374603271
48.6842918396
41.3789710999
43.7667999268
40.3741836548
35.571105957
37.1811180115
39.1526298523
35.30701828
32.9996490479
37.2981414795
36.3660354614
31.7427520752
29.6033878326
24.655752182
22.4823989868
20.2031269073
25.2534198761
26.2231273651
29.4139442444
33.3098297119
32.3004760742
36.9506721497
40.2287864685
42.69008255
45.6058158875
49.1180076599
47.2646827698
47.3452911377
45.4492492676
43.1261749268
40.8177833557
36.5005989075
35.2834434509
30.6855335236
26.7570533752
26.5985927582
23.1794929504
22.4978084564
19.3983230591
21.8062114716
21.8471832275
17.787322998
20.5810623169
21.4507255554
15.7306146622
15.3420038223
20.2221412659
17.970293045
16.1276760101
17.5114612579
13.8288345337
12.2325429916
9.51436138153
4.25603675842
4.52506971359
4.66498947144
6.72521018982
8.37502384186
8.97187519073
10.3759975433
11.9186182022
13.4920568466
14.0390729904
18.306728363
18.8561630249
19.0780830383
22.5266628265
23.7147140503
24.076007843
27.6310520172
27.9804210663
28.1578025818
30.2151355743
32.4198646545
34.8012657166
32.0433197021
31.9181137085
28.4268741608
33.0477256775
28.5066642761
24.1169128418
23.0246315002
20.7510814667
25.5565795898
25.3487014771
21.2625980377
22.143119812
18.4000873566
18.9988117218
19.6633834839
16.9286575317
14.3692903519
16.3197116852
16.6055755615
21.0501918793
23.1084804535
25.8277187347
28.9514274597
29.5499153137
33.5900382996
34.6768493652
30.8635807037
31.7639255524
28.4744434357
25.7550697327
30.0507068634
30.8970623016
33.4381103516
34.7131729126
34.9108161926
35.3786811829
38.8974571228
40.7214660645
39.1120796204
37.4178962708
35.4712677002
32.9166221619
30.3229846954
29.6729602814
29.6966648102
27.2305030823
24.8666095734
26.5447597504
23.9109249115
19.6283550262
19.9957466125
21.454000473
18.6438426971
15.6461858749
18.5510234833
18.5848274231
13.5799121857
11.1628570557
15.762169838
14.1743144989
18.4593715668
20.2140541077
24.8493804932
23.9775543213
26.5076370239
25.6032352448
28.6997909546
30.8159790039
34.3084754944
33.7559204102
36.9609680176
35.1140174866
31.5038204193
34.4511947632
37.1398849487
33.4086112976
31.0101032257
35.0183563232
35.6184196472
31.1875801086
30.1554660797
26.9431591034
22.5632858276
20.8541736603
16.5376930237
15.2320203781
15.2819728851
10.0784397125
11.7822589874
11.636177063
16.3015651703
14.368850708
12.6700086594
17.9044437408
18.415807724
16.9536037445
17.7989444733
22.8373241425
22.5266647339
23.2002105713
23.5479164124
28.3393764496
32.5523643494
34.1147918701
31.9206295013
33.4916725159
31.0204029083
28.4440803528
24.934299469
25.7499885559
23.3141727448
24.4641647339
23.1022853851
19.7905902863
18.4212036133
18.9028587341
17.7602710724
13.9591035843
14.6320180893
15.632021904
11.4274454117
9.71043300629
12.5835313797
12.7857131958
8.32771778107
34.9682044983
38.38306427
37.1576652527
32.5993118286
36.2526702881
34.5575828552
38.7119102478
36.7254219055
40.5171279907
37.5677871704
33.6287841797
33.4805297852
31.1546401978
30.2223472595
26.6976985931
25.3958129883
20.9162883759
20.3880729675
20.7167644501
16.8565940857
15.3103618622
18.2563495636
22.3448505402
24.4868412018
21.8137531281
26.1941699982
26.4370059967
28.4667987823
31.6660556793
33.1850547791
36.8349494934
36.0762329102
35.9434165955
32.6917533875
27.974319458
26.9423274994
24.0329322815
26.4371089935
23.221496582
27.0942935944
26.8192424774
28.2490978241
32.257686615
28.5075912476
29.9340744019
27.2505283356
23.1770401001
26.9396858215
28.8632469177
25.2694091797
24.4468517303
29.8445224762
29.5372333527
25.5825538635
26.8165111542
24.0676822662
24.8935108185
20.395149231
20.7002887726
20.0805244446
25.366563797
26.7892818451
28.4969863892
29.8036708832
31.4504051208
33.1233291626
34.8993644714
39.2657623291
36.4894218445
35.5290718079
32.6571578979
30.6738128662
30.4850177765
26.1217536926
27.7943439484
23.9976406097
23.2183074951
22.4865036011
18.9698638916
19.9011592865
16.9778060913
14.5236101151
10.9913406372
9.38895797729
5.75195264816
9.87059593201
13.1017904282
8.87980937958
7.53618621826
14.320941925
14.555855751
18.3769931793
16.5523414612
19.9091644287
15.2747745514
20.3349266052
18.2577648163
20.767370224
18.0815486908
14.2531805038
17.5326023102
19.076587677
14.1207027435
14.5771665573
19.676897049
17.8091773987
14.9225330353
21.3137779236
19.4395561218
18.1288986206
23.5600852966
24.8341617584
21.8126049042
23.795463562
27.1383419037
27.7902755737
27.9189434052
22.6864204407
20.6768684387
16.151638031
18.8863887787
12.1852293015
11.4883565903
7.89322948456
6.60038375854
7.71092939377
10.9127035141
11.3173646927
14.5108880997
15.3813304901
19.8629741669
22.7445430756
23.3041782379
18.400812149
18.9411315918
15.1924037933
18.0705718994
15.8001403809
15.3288421631
15.4498271942
19.4036617279
20.6955051422
15.1157188416
11.6217317581
12.2281494141
8.8080739975
7.50170564651
13.4884748459
16.5221576691
19.1710262299
21.0690555573
18.82081604
17.8580055237
22.6997299194
25.2919006348
22.7506027222
24.0502681732
20.7163238525
21.8399047852
21.6551837921
21.4784984589
17.5105075836
16.5515632629
17.3126049042
14.4933233261
11.4917898178
13.401184082
11.4985771179
8.43614768982
8.6000919342
11.4865350723
8.0428981781
4.82709598541
9.25040435791
12.5114364624
7.96531057358
9.40624427795
4.70997714996
5.94051170349
5.02919483185
5.42210054398
9.92975902557
8.63416957855
13.6094245911
13.6597385406
14.516998291
13.1600408554
17.3636798859
16.9046459198
13.5510959625
16.8199176788
20.126996994
18.1066684723
16.4827194214
20.7056522369
22.1918849945
20.1336975098
18.4270057678
16.5098743439
11.4098396301
12.7377882004
16.6630115509
12.8590373993
16.0578784943
15.2989473343
16.1902351379
19.4610481262
21.3993606567
23.2791976929
17.636302948
16.7300224304
20.386674881
18.5777072906
14.2980308533
18.2153644562
19.3536663055
16.7207565308
14.7893266678
22.303647995
21.998664856
26.0917568207
23.2802791595
26.8635597229
26.3505783081
20.8889904022
21.8708095551
23.5606117249
19.728105545
26.385219574
24.7151107788
20.1078968048
22.6181755066
25.4723892212
23.3645820618
20.3434505463
24.5041408539
26.5226078033
23.1836204529
23.5044975281
28.2091178894
27.6194896698
26.688117981
43.0266838074
46.5845184326
45.4202880859
40.7599906921
44.8575439453
43.4201507568
47.7238464355
45.8004646301
49.6472854614
46.6287384033
42.7674407959
42.6066856384
40.2831497192
39.1540260315
35.4674491882
34.1735839844
29.9020404816
29.223903656
29.1473579407
25.0800514221
23.8018951416
27.0133781433
31.0347251892
33.3532180786
30.9110984802
35.286655426
35.4020843506
37.5417556763
40.5973968506
42.0564498901
45.6357765198
44.9521484375
44.5898551941
41.3394813538
36.7188262939
35.9563713074
33.1311035156
35.5808906555
32.1109580994
36.0029678345
35.3203201294
36.3624572754
39.8920555115
36.5105552673
37.1832885742
34.1974945068
31.1348342896
34.8830718994
36.0066986084
32.3869247437
32.3039932251
37.5080871582
36.3955345154
32.3939437866
33.7809486389
30.4527931213
31.4551010132
26.9016456604
27.9086513519
28.296754837
33.434589386
35.1153106689
37.0598182678
38.4618034363
40.0698280334
41.9313926697
43.3751525879
47.8256492615
45.2999610901
44.3110313416
41.3325500488
39.2495574951
39.431640625
34.9019050598
36.7137680054
32.8261528015
31.7098388672
31.3031158447
27.5628623962
28.3404655457
25.012090683
23.2802658081
19.9046478271
17.314743042
14.3883504868
18.0621509552
20.2167205811
15.0580148697
13.9107761383
20.0958862305
18.1228485107
23.8841190338
21.9983634949
23.194732666
19.358537674
22.7570228577
19.4062385559
23.1279506683
22.0078830719
17.2979259491
19.855304718
23.4241733551
19.2954292297
18.3242321014
23.7432384491
23.4102115631
20.4426364899
22.1788578033
26.1656417847
25.110660553
22.9461021423
27.4909057617
30.4047260284
27.1883773804
27.2553539276
31.4557285309
32.9089050293
31.8472080231
28.1486282349
24.9731559753
22.1439704895
18.4206008911
17.1204509735
15.0115022659
14.8133525848
15.7728910446
19.1096878052
19.5315513611
23.1245632172
23.4070892334
27.6281318665
30.3860816956
30.2174911499
25.1526145935
25.9017429352
22.1681785583
25.7142715454
23.0853481293
23.4787654877
23.5920963287
26.7645072937
28.0723361969
18.0271644592
15.2961168289
12.9463186264
8.95140075684
11.4244852066
14.1120653152
16.0332889557
16.8804836273
20.1839160919
19.2966117859
17.0344028473
20.823261261
24.0686092377
23.7755889893
24.5266494751
23.0709171295
23.6883182526
23.8053646088
22.1918067932
19.3143634796
19.8896141052
18.7052536011
13.7134475708
14.2460889816
16.295375824
12.3303756714
9.88228702545
13.2180614471
13.222161293
6.34351205826
9.99540424347
13.2566375732
13.2679224014
8.72337055206
12.4287643433
10.1294517517
6.81338310242
6.82752084732
5.29645824432
5.15504598618
5.54470729828
7.54254341125
7.59603261948
11.4342937469
12.398563385
14.4463701248
11.8970050812
9.52290439606
13.274148941
14.9785938263
11.448392868
11.7075223923
15.7429447174
15.61079216
13.6786823273
11.1753845215
10.7332582474
5.90544128418
5.59033584595
11.5369729996
9.38632011414
12.0031900406
14.3846464157
13.8808364868
17.0042133331
17.0914916992
21.0844650269
16.3841609955
12.502986908
17.349275589
17.6596755981
12.6984481812
13.7863836288
17.3307991028
15.7827110291
12.014550209
19.1053009033
18.1248283386
22.9982585907
22.0477180481
25.3919048309
24.0322227478
19.8263645172
21.74792099
24.8559551239
22.5801372528
28.6208019257
25.4281616211
21.3314037323
25.2554798126
26.7303028107
23.5391159058
21.9414272308
26.5822734833
26.9372215271
23.2660579681
25.3166637421
29.2762699127
27.0264472961
27.0645313263
40.830997467
44.307598114
43.2903289795
38.5881652832
43.5544509888
42.7721862793
47.5234642029
46.0837974548
50.1177711487
46.872959137
43.5485267639
44.182674408
42.1605949402
41.7102012634
38.7378997803
37.521194458
32.7654914856
32.1701545715
32.1458969116
28.0120773315
25.3891849518
28.79255867
32.6803283691
35.4383201599
32.8074874878
37.4667015076
37.5211372375
39.1058235168
41.9429969788
41.923828125
45.3951148987
45.8516616821
45.0211524963
41.3698272705
37.7518730164
36.7159614563
33.9419708252
36.5926856995
32.5918273926
37.2225418091
35.6656112671
37.4469146729
40.200881958
35.1261100769
34.9522247314
31.3462257385
29.5031299591
32.7541542053
32.7596282959
29.1661701202
30.0003890991
34.6647338867
32.5228691101
28.6931858063
30.4419307709
27.1296272278
28.9449234009
24.5713024139
25.3375606537
27.0879173279
31.6877307892
33.4878921509
36.1851768494
37.3777008057
38.9678764343
41.4947891235
42.3330802917
46.8111457825
45.3992805481
45.0255584717
41.9757041931
39.0982780457
39.7771720886
34.5420913696
36.4654045105
32.5586929321
31.3196411133
32.7045974731
28.3984107971
30.446844101
27.5169258118
25.4552001953
22.3271350861
18.9502754211
17.7841472626
22.196395874
23.1923274994
18.5345630646
19.3178787231
25.3053340912
23.9020767212
28.8131885529
26.0032196045
27.7249889374
22.4762077332
24.7804336548
20.4685916901
22.8898983002
23.2784538269
18.2600135803
18.4144458771
22.3251781464
19.1997756958
16.1892852783
20.9955291748
21.4747333527
17.7048244476
17.9436664581
22.5046882629
21.3187408447
18.3076629639
22.1055011749
25.8084812164
22.4105510712
20.9930858612
25.5825595856
27.5104446411
25.5237045288
23.3636360168
19.5837802887
18.5864429474
19.0076828003
16.3208904266
14.1103563309
14.1377868652
15.609662056
16.6830463409
18.7749843597
19.4676208496
23.722114563
24.6515140533
28.3661823273
31.743642807
31.067243576
26.0121555328
25.7192955017
21.6722583771
24.6758384705
21.0260868073
22.3557834625
22.6757907867
24.1800365448
25.7571849823
16.019826889
13.5137939453
11.3968095779
10.0759105682
9.37216663361
9.49285411835
10.1786699295
13.1957187653
13.8139476776
12.717048645
15.4630470276
18.0922412872
18.4681110382
17.6969280243
17.4791717529
16.766866684
16.7957286835
14.53444767
12.8063097
14.1970043182
11.8481349945
6.56031847
9.46854686737
11.7910270691
7.58486175537
6.845744133
11.5445327759
10.8635063171
8.26103687286
11.5132036209
14.2486286163
14.0906991959
13.0777540207
16.9984970093
14.9857931137
13.2363700867
12.5177154541
8.71252822876
6.65880918503
13.1924247742
14.8939733505
11.7012996674
14.6918411255
13.749417305
14.9216852188
13.7980613708
9.2099905014
10.8250484467
13.4653329849
10.5166978836
6.66336965561
10.6162052155
11.9969530106
8.13183879852
7.52729606628
4.56498241425
4.1102232933
8.9539937973
12.1526918411
11.3387670517
16.0333213806
16.9781265259
14.2264223099
15.9527330399
14.983341217
17.8394775391
13.7861709595
9.33321094513
12.3197422028
12.5211238861
8.23862457275
7.3399271965
9.99658679962
8.3104391098
4.67505741119
10.8205757141
10.3503541946
14.6878614426
13.7477588654
16.9548873901
15.6372795105
11.6712350845
14.1979808807
17.7292156219
16.6297893524
22.3428115845
18.7346019745
15.4092597961
20.3817005157
21.3942108154
18.1693611145
18.0439548492
22.7564048767
22.6351356506
20.2273979187
23.0388050079
26.3983764648
24.1203460693
25.714345932
35.6420860291
38.0992851257
36.3329772949
32.523109436
34.9550132751
31.9740428925
35.1323318481
32.8969917297
35.7710227966
32.9167709351
28.7680835724
27.1310939789
25.1735591888
22.4270858765
18.4026031494
18.3885097504
14.5624446869
15.6028671265
17.3955802917
15.4339818954
16.0183486938
16.8399848938
20.4122390747
20.783159256
17.7739295959
20.5919075012
19.4738082886
22.3008041382
25.2181396484
29.149312973
32.4660148621
29.8256835938
30.1892623901
27.9553165436
22.1102657318
22.2152347565
20.133764267
22.4623622894
21.7986755371
24.1797618866
26.1568183899
27.4381790161
32.7230491638
29.8941421509
32.9635887146
31.1838817596
25.3872909546
28.625087738
32.123134613
28.8565254211
26.2307300568
31.502822876
32.7022171021
28.8430938721
28.7130661011
26.2203979492
25.3939361572
21.8631591797
22.8073329926
20.2532405853
25.0446834564
26.5774860382
26.2143325806
28.497877121
30.524394989
31.2855739594
34.3260574341
38.095500946
34.1136474609
32.7308731079
30.5459194183
29.7270965576
27.8740463257
25.0376663208
25.3912353516
21.8558998108
20.7982254028
16.9300441742
15.1968650818
13.1851243973
10.2585992813
9.71492385864
8.21309280396
9.61763954163
7.3419547081
4.08946323395
7.77187108994
7.59639024734
5.58246469498
5.12770414352
8.40037250519
8.90090942383
9.27825832367
13.6754817963
11.9371213913
18.1667423248
19.0312042236
21.1708698273
16.259765625
15.4932403564
20.4264240265
19.8478240967
15.2104969025
18.8755836487
22.5365562439
19.6491336823
19.3795013428
23.4748687744
24.7011241913
23.7059059143
24.2958297729
29.0413475037
29.0533542633
27.3704433441
30.7749404907
32.9310112
33.0375823975
34.9613723755
28.8035106659
28.4849414825
22.8047199249
26.9922981262
19.7706108093
19.2730484009
15.3769226074
11.9436187744
13.6057958603
15.2801160812
13.5256662369
13.335521698
12.0379657745
15.7874450684
16.8464050293
18.4504928589
14.9664325714
17.0780143738
15.5666227341
18.2186450958
19.0061817169
17.771024704
18.5746574402
23.0940532684
24.6357860565
24.4841632843
21.3232288361
22.8594417572
19.4240074158
18.1443653107
24.4390697479
27.5447978973
30.4779872894
32.0187606812
29.4700908661
28.8173904419
33.7846260071
36.2105445862
32.9098625183
34.4164848328
30.3223705292
31.3751773834
30.6291332245
31.1332473755
27.4178256989
25.3085098267
26.5058555603
21.2627449036
21.2636795044
20.8454551697
18.7547512054
16.3068695068
18.7281093597
16.8282718658
13.2003536224
13.5677118301
16.8776359558
12.9850912094
10.2489366531
9.09686851501
12.4386291504
14.0401878357
16.3803462982
20.5919704437
15.9940814972
20.5084896088
23.0527362823
23.6327533722
22.9204921722
27.347694397
26.6262607574
24.4129333496
27.8700313568
30.8193359375
28.6795845032
27.8013267517
32.0474052429
33.1592788696
31.1054553986
29.1059360504
27.2432250977
21.6000270844
20.7917003632
23.1244163513
19.0714225769
19.8335494995
17.6682224274
21.0748329163
24.3397064209
27.737827301
28.8307666779
23.5093517303
24.7304611206
28.1821098328
25.9581489563
22.7457351685
27.8226222992
28.59724617
26.4266433716
25.1363220215
32.646232605
33.1704177856
36.9331321716
33.7499504089
37.0951957703
36.4141349792
31.0440311432
30.7096290588
31.54180336
27.0299358368
32.6375236511
31.9841156006
27.2655467987
27.6891441345
30.9277744293
29.5837459564
25.2584571838
28.1529121399
31.055644989
27.2711677551
25.7996101379
30.6493110657
31.1376857758
28.2381820679
37.1739959717
41.0411338806
40.3149414062
35.5266838074
40.0790214539
39.5422172546
44.2428665161
42.6533889771
46.8852500916
43.9188652039
40.460559845
41.3418655396
39.0267105103
39.1695861816
36.1849021912
34.4668693542
29.913482666
28.829208374
28.4520378113
24.247095108
21.5004730225
25.04804039
28.7582206726
31.7465763092
29.4685497284
34.284576416
35.0666236877
36.4677200317
39.5513343811
39.257106781
42.8666267395
43.5419769287
42.986530304
39.2112045288
35.6535835266
34.0868263245
31.039188385
33.3474121094
28.8877182007
33.4214859009
31.5163230896
33.0925865173
35.6042671204
31.0038013458
30.6644535065
27.2606143951
25.6455764771
29.1313724518
29.148399353
25.7193813324
26.8129615784
31.4921588898
29.6138820648
26.071390152
28.3811435699
25.7472476959
27.9460449219
23.5045070648
23.2462863922
24.6111793518
29.2749671936
30.5273246765
33.6211967468
34.1712417603
35.4304275513
37.7970161438
38.3999977112
42.9267234802
41.4661979675
41.011505127
37.8753852844
35.03282547
36.0825653076
30.9424419403
33.2973709106
29.7093467712
29.09308815
30.5246753693
26.4213867188
28.7956943512
26.2299461365
23.4982337952
20.1907291412
17.6279029846
16.0201377869
20.4801712036
22.5145816803
18.2039299011
18.2916965485
24.8989772797
24.3203868866
28.6629314423
26.1175136566
28.7612056732
23.3169536591
26.5703239441
22.7481555939
24.7927494049
24.3919906616
19.5866012573
20.1346759796
23.1136398315
19.4395275116
16.8223953247
21.6001815796
21.2016143799
16.8669605255
17.810590744
22.2310619354
19.9933280945
16.8168334961
21.5999221802
24.2195644379
20.3368625641
19.8598461151
24.2327480316
25.5402736664
23.4330062866
20.4686889648
16.5261592865
15.2745161057
15.1741800308
12.3069391251
11.3144979477
11.2869472504
13.4688215256
13.2768850327
15.5382671356
17.26836586
21.5492458344
23.3173809052
27.2252540588
30.7844810486
30.6203784943
25.6134815216
25.026424408
20.7508220673
23.0422420502
18.8181667328
19.4235019684
19.0964355469
20.9889793396
21.9118804932
11.2356472015
8.73204517365
6.80444669724
6.46981811523
6.32154750824
5.02735519409
6.60486602783
8.38154506683
10.9786186218
10.1211557388
8.96074676514
12.8513097763
15.5059309006
14.7259302139
15.0341491699
13.8116617203
14.4011468887
15.1091470718
13.6236076355
10.1922721863
11.8159389496
11.2757539749
5.41239881516
7.26150798798
11.4984388351
8.19020080566
5.89594745636
10.6795511246
12.0613260269
9.7389755249
14.7508964539
16.1097240448
14.2173233032
17.7173500061
14.5119419098
13.3653678894
10.9501943588
7.27946996689
6.05258226395
12.7571020126
15.209359169
11.267996788
12.4194574356
10.2479972839
12.1733198166
12.3971300125
7.12409543991
8.43945217133
12.3010587692
10.8014621735
6.43443250656
10.3857002258
12.9846544266
10.6056976318
10.1840858459
7.97355985641
7.20864295959
12.1934862137
16.2125015259
14.4753398895
19.1668739319
19.6153316498
17.6130409241
19.6791934967
19.3703250885
21.5990009308
17.0211524963
13.6018018723
16.2237205505
15.3487672806
11.1722669601
11.5153274536
12.7057981491
9.74625301361
7.34464693069
13.0337991714
11.2279052734
15.6764135361
13.6248521805
17.385383606
17.2015228271
12.0083560944
15.3218793869
18.1017780304
16.2174510956
22.8818473816
20.0972194672
16.6305961609
21.294965744
23.1406764984
20.483379364
19.8500747681
24.4626502991
25.1750450134
23.0566444397
25.1401691437
28.8915710449
27.3385543823
28.5988807678
31.8173065186
35.5994300842
34.6729431152
30.0686511993
33.2359352112
31.791223526
35.8817520142
33.7317428589
37.7451629639
35.0987052917
31.0168571472
31.1689434052
28.4998092651
28.3076095581
24.8056640625
22.8531570435
18.592792511
17.3799571991
17.2636451721
13.1940441132
11.4592857361
14.6811227798
18.6459884644
21.0950660706
18.826997757
23.4586086273
24.6245098114
26.404296875
29.886390686
31.0492095947
34.8332748413
34.3539047241
34.5151939392
31.1361865997
26.5666408539
24.8871021271
21.645822525
23.6193981171
19.850112915
23.6208076477
23.0035514832
24.230556488
28.0974960327
24.8768444061
26.2633533478
23.8882331848
19.8715324402
23.8897972107
25.9352664948
22.5791072845
21.9080791473
27.2749099731
27.3182907104
23.7405929565
25.4693317413
23.4916725159
24.6923160553
20.3150901794
19.509552002
18.3701953888
23.6224880219
24.4060764313
26.5184383392
27.0907897949
28.3746509552
29.8473892212
31.408946991
35.819858551
32.9621124268
31.906621933
28.9250011444
26.9965496063
27.1820316315
22.9431667328
25.1044998169
21.7087554932
21.7050075531
21.0556240082
17.8802509308
19.2572212219
16.9671859741
13.6253299713
9.95062065125
9.99123477936
6.19900560379
9.75858306885
14.2889871597
11.2474727631
9.26064682007
15.9597082138
17.2273979187
19.9677295685
18.5119152069
22.6788864136
18.044675827
23.4682846069
21.7140026093
23.6509895325
20.6701087952
17.2914562225
20.2588386536
21.0155353546
16.0399227142
16.5776405334
21.233127594
18.7314033508
15.4869098663
19.0485515594
21.9287490845
19.1666431427
17.8580265045
23.7933673859
24.0577602386
20.7583999634
23.5114536285
26.5224914551
26.6049156189
26.7084083557
20.8673267365
19.0516548157
14.2104082108
16.6885204315
9.58511352539
10.595205307
6.84483957291
6.40046310425
4.79335641861
8.4309129715
10.3565282822
13.3048276901
15.3545789719
19.827129364
22.8565387726
23.9599475861
19.3507003784
19.4424476624
15.6729602814
17.4842624664
14.71367836
13.218419075
12.4568042755
17.0772323608
17.5982818604
12.5633325577
9.3633890152
11.067864418
8.8857793808
7.05111455917
12.926451683
16.3847999573
19.3006019592
20.6848678589
17.6634349823
16.9494628906
21.9899597168
24.3429718018
21.0033817291
23.0190029144
18.9965953827
20.9975700378
21.2213611603
21.6288127899
16.9635925293
15.9556083679
17.9435424805
15.3577203751
11.8549261093
14.6389837265
13.507976532
10.3396606445
10.1556129456
14.1968917847
11.7462825775
7.67317533493
12.241651535
16.1594295502
12.0958337784
13.0239543915
8.24010276794
9.88080024719
7.04187059402
7.84795284271
11.8849115372
11.1399526596
15.9397621155
15.1513309479
14.5413799286
12.2292413712
16.8794345856
17.4717788696
14.1976099014
20.5661354065
19.4642086029
17.6187858582
21.4936466217
23.5207977295
21.9976997375
20.556137085
18.7236156464
14.4259281158
16.5126399994
20.6651935577
16.953830719
20.2606544495
19.3018856049
20.1359348297
23.2448673248
25.1448440552
26.6554527283
20.9942264557
20.1903114319
23.4566440582
21.2352085114
17.2122097015
20.9372234344
21.4891204834
18.3760623932
16.9271373749
23.9520797729
23.057390213
27.0583534241
23.7788734436
27.5056877136
27.6205978394
21.7739639282
23.1476478577
24.3642749786
20.2491474152
27.2719764709
26.1600990295
21.7210559845
24.036605835
27.3351287842
25.6211967468
22.6192550659
26.5754680634
29.0344638824
26.1454811096
26.1152534485
30.8821220398
30.744228363
29.8785171509
25.4303607941
25.5480041504
22.7729434967
20.1693248749
23.3302650452
19.551990509
22.8028659821
22.0202579498
23.9118480682
19.7841014862
17.358953476
16.3354320526
17.0375080109
14.0599060059
14.1649332047
17.0578346252
12.5499563217
16.5510482788
20.198474884
20.4180831909
18.7119007111
17.5097141266
19.3475704193
18.6149959564
14.2178926468
15.0396928787
9.94139957428
11.2070121765
12.3202457428
14.9013624191
17.5557422638
15.601858139
14.6782836914
12.2689628601
7.54441070557
9.56099796295
10.0590839386
13.9088811874
16.4606609344
19.34623909
22.1008834839
26.0319538116
30.8596458435
23.7134685516
27.7636699677
25.9692592621
19.7575283051
20.3318119049
24.3104667664
21.6097011566
17.3091278076
21.0320549011
22.9693279266
19.6322937012
17.2729072571
15.8874645233
13.5427703857
12.9391040802
13.7889471054
10.6425104141
12.4330377579
15.0143671036
12.090212822
16.7859706879
20.092206955
21.6616668701
25.4485874176
28.3234176636
25.8838596344
26.1768321991
24.9858531952
23.2607002258
19.739200592
16.8223342896
14.2636699677
10.4780244827
7.35557031631
5.20366334915
4.75561666489
4.15911912918
7.01415538788
8.29241275787
11.8763723373
13.2448291779
16.9119796753
15.0835189819
11.8063097
16.4983310699
19.5959720612
16.8715820312
20.6407642365
16.4431438446
14.9982357025
20.4180164337
17.183303833
20.6164951324
22.5063114166
20.640007019
16.642616272
18.7833061218
20.545835495
16.0480079651
14.9202890396
18.531578064
18.0386390686
14.0921640396
16.5117759705
19.9654884338
17.9348220825
17.4931087494
20.5999755859
23.1019496918
20.6679573059
21.5261535645
26.2455310822
25.8993453979
25.1902751923
29.6130104065
23.9049568176
26.3571281433
21.1785087585
26.6959533691
21.9806156158
20.5140762329
19.0132102966
16.7300720215
19.0995044708
16.4758110046
12.920750618
9.13053607941
7.06537866592
4.36490440369
4.33924674988
7.50628137589
8.43581581116
8.34859466553
10.7821149826
9.45530605316
14.0068426132
13.7533378601
16.5612354279
17.4608650208
20.4194068909
30.2782001495
27.1942462921
30.7951984406
29.1967487335
24.9476661682
30.1092472076
32.290599823
36.2089347839
35.9149360657
33.7854309082
35.2740745544
39.7131385803
40.7598114014
36.1951141357
36.3931694031
31.8772716522
31.4131832123
29.5454769135
31.5031223297
29.0973491669
25.3518733978
27.3262691498
29.9996204376
24.6016654968
22.4216899872
25.0670261383
24.9108486176
20.0761299133
22.6286048889
25.8198108673
21.0826301575
18.9966888428
22.8053302765
23.5372371674
20.9895935059
20.9755306244
25.1785087585
26.4413566589
26.8958301544
31.0931472778
29.7434215546
34.7315826416
35.5298805237
35.8171386719
33.3545913696
37.9678230286
38.4801521301
34.6049003601
36.9616889954
41.0097389221
39.3432235718
36.1226959229
40.1077575684
42.532333374
38.5499725342
35.0728416443
30.614692688
31.5471057892
31.5861988068
27.9932441711
30.2348670959
25.4926185608
27.6836395264
29.3294506073
33.4959182739
31.4025001526
27.1241493225
31.0906600952
31.9712028503
28.0483150482
27.5432834625
33.5713119507
31.5074691772
29.4979476929
30.7803516388
36.3485603333
38.5981292725
40.3429222107
35.800994873
38.243347168
38.1799964905
33.2067909241
30.7990722656
29.3533973694
24.6186542511
27.7995681763
29.723192215
26.172624588
23.4706230164
27.5055027008
28.4252700806
23.7709197998
24.0963783264
28.7255649567
27.0315799713
23.2950973511
27.3951740265
30.5998935699
27.5308647156
44.2801322937
46.6197509766
44.6471977234
40.458316803
45.0328483582
42.7061195374
46.8243637085
45.3058776855
48.3914985657
44.7705993652
41.3579826355
40.4673156738
39.1323814392
36.4670066833
33.2381782532
33.6269264221
28.9722595215
29.9590206146
31.2402381897
28.0038986206
26.7268314362
29.0301532745
33.1558227539
34.5573692322
31.1274414062
34.6849327087
32.7043228149
35.1580429077
37.4129447937
39.784992218
42.8937683105
41.3985519409
40.5216255188
37.8428153992
33.0982589722
33.7472457886
31.8526973724
35.0470466614
33.2706756592
37.1968078613
37.7686080933
39.7188415527
44.1130104065
39.1458778381
40.8449325562
37.6602745056
33.3565177917
36.3815231323
38.1727485657
34.2594680786
32.9351158142
38.0993804932
37.2018585205
32.6582527161
32.4575691223
28.1583137512
27.7187194824
23.7019100189
26.6858234406
27.0778312683
31.8293418884
34.5939903259
35.1030883789
38.1022224426
40.5499343872
42.5840759277
44.9171066284
49.0487518311
46.46849823
45.7743492126
43.2471618652
41.2031517029
40.0659942627
35.6457595825
36.0844306946
31.6634731293
29.2160301208
28.2975673676
24.5848731995
24.2742118835
20.487695694
20.7222442627
18.5713748932
14.8203668594
14.1464700699
16.4506988525
15.1077108383
10.6181373596
12.5885772705
14.7643957138
11.5023202896
17.2216625214
14.6493549347
14.0526800156
10.8266572952
12.6609182358
9.70568656921
14.3527441025
13.3726997375
9.39696407318
13.0827579498
16.771446228
13.6982660294
14.1642065048
18.8134002686
19.1253128052
18.4455738068
20.083694458
22.9113693237
23.8151130676
23.1030807495
26.2113513947
29.6488265991
27.8618144989
28.0679569244
31.6078853607
33.4918060303
34.0450248718
30.4224185944
28.5746040344
24.9362564087
28.2170848846
22.6896076202
19.5679779053
17.3455467224
15.3771743774
18.9652690887
20.94947052
18.8283729553
21.3656921387
19.4534053802
22.7760543823
24.6547794342
23.6331329346
19.0311756134
20.7688312531
18.3239097595
22.9763050079
22.508731842
23.9366455078
25.5812034607
28.0706100464
30.7839851379
25.9535541534
22.4163818359
21.7926998138
17.7100601196
17.2531166077
21.552564621
23.0578041077
24.8158073425
27.3279705048
26.9872131348
25.9881439209
29.7668190002
32.4630355835
31.5674800873
31.1475219727
29.3467330933
28.4028301239
27.1226654053
25.7971038818
24.2095012665
23.1594696045
21.1252212524
19.2150535583
17.8739318848
16.5073223114
14.0010194778
13.537894249
13.4527082443
11.2449302673
8.23841953278
10.4948892593
8.89558887482
6.39310979843
4.79104471207
6.23142623901
9.1699886322
8.41069984436
13.366809845
12.8600769043
14.8676557541
12.8707542419
15.3927001953
18.0202503204
21.8734874725
22.3491764069
25.0911617279
22.583820343
19.9112281799
23.4176826477
25.4120922089
21.4902801514
20.6531562805
24.8105697632
24.6874351501
21.2506561279
19.2887878418
17.3332042694
11.8947649002
8.69926357269
8.04173851013
4.68707990646
4.85555791855
4.28714466095
6.59963703156
10.1963443756
12.8346366882
15.697101593
11.3039321899
11.3795995712
15.4137926102
12.1655216217
16.0728397369
18.4974193573
18.2026462555
16.0035915375
22.8308238983
24.7309837341
28.1973705292
26.7760505676
29.3989562988
27.1643009186
23.6496639252
22.8492031097
25.3055076599
22.7091693878
27.0438270569
24.2235431671
19.9302349091
21.9760894775
23.0576725006
20.178445816
17.3412780762
21.0978298187
21.5015830994
16.7978878021
18.037021637
21.9162521362
19.915687561
18.3373794556
27.1537246704
30.8554191589
30.2612018585
25.5022792816
30.4137096405
30.33385849
35.2482757568
34.0931968689
38.3827438354
35.3733520508
32.4553260803
34.1567802429
32.2084541321
33.2847557068
31.3369235992
29.7886657715
25.0614356995
24.2457237244
24.2815341949
20.7825164795
16.5779647827
19.6146583557
22.7530326843
25.8280735016
23.3878936768
28.1248550415
29.0283107758
29.6186962128
32.4849967957
30.7007789612
34.2073898315
35.9408798218
35.2469940186
31.1852779388
28.7341442108
26.5885791779
23.6496315002
25.9091434479
21.2684116364
26.3551921844
23.9340763092
26.693813324
28.822977066
21.9185199738
21.5148429871
17.6681995392
16.3478240967
19.2254276276
18.8913440704
15.3746871948
16.893535614
21.2074699402
19.1724948883
15.8399944305
18.7516593933
17.2499504089
20.3013935089
16.3462142944
14.319149971
16.1732234955
20.130531311
20.9931221008
24.7845630646
24.7928390503
25.9870758057
28.8339328766
29.1198101044
33.5630912781
32.9831237793
33.2021026611
30.1961784363
26.6759052277
27.8727226257
22.2893447876
24.6435394287
21.3829689026
21.2387180328
24.3099079132
20.2881965637
24.0172080994
22.6537723541
19.3099536896
16.9182052612
15.1700906754
15.7212467194
19.558221817
20.8975009918
18.6705551147
20.1307525635
25.4863262177
26.6145610809
28.711769104
25.9128875732
30.1245555878
23.8834037781
27.3633918762
24.3908214569
24.4563751221
23.7109832764
20.0806713104
19.632818222
20.3358078003
17.2461585999
14.7179536819
17.7658462524
16.1968994141
11.3708972931
12.6201438904
16.011100769
12.0192813873
8.83982944489
14.6021509171
15.1282720566
10.8094596863
12.308298111
15.6501131058
15.9913129807
14.6389398575
10.2804441452
7.12031173706
5.2543721199
6.17560625076
5.12926864624
4.48898077011
7.44967031479
11.0513381958
10.5370283127
9.49922561646
11.8874473572
15.7937393188
18.8893547058
21.9381980896
25.8979282379
26.0567321777
21.7845497131
19.9268703461
15.8360147476
16.0850601196
10.7821874619
11.340628624
11.0527505875
11.1538066864
12.2705516815
10.4826364517
7.96719741821
11.297162056
12.9650821686
8.11039638519
8.01145458221
9.19517993927
13.2572717667
12.1899785995
10.1195039749
12.7257461548
16.3114719391
16.9234619141
12.8642168045
12.7337026596
8.77874660492
8.92645454407
9.0369348526
10.5111932755
5.8409113884
4.30860519409
8.37158203125
9.23462963104
5.30483531952
9.03136253357
10.1105632782
9.65641593933
9.71423149109
13.2840242386
15.512556076
12.8151006699
15.5734891891
18.8443641663
18.7101631165
20.6853580475
17.4553909302
18.7560653687
16.511882782
13.9715967178
15.5309677124
20.1054821014
23.9670238495
20.6317863464
20.1954555511
16.356256485
19.4318695068
21.339515686
16.2914867401
16.4786682129
21.0138053894
20.7762184143
15.7958402634
18.5146579742
22.2287464142
19.7473583221
20.224395752
16.8304672241
15.9781494141
20.5869617462
22.9799900055
20.5054016113
25.5607662201
23.701461792
22.1880970001
23.7409267426
24.7722225189
24.4914093018
19.8766593933
19.5375614166
20.1328449249
17.0391807556
17.7083854675
15.3753547668
11.7522325516
13.1997833252
16.8580589294
16.7792396545
18.6262054443
13.9210357666
17.2663803101
18.576089859
12.7353057861
14.0729970932
14.2032928467
10.688574791
17.9432468414
17.5302429199
14.457857132
17.3342895508
20.6130466461
19.7299995422
18.4135341644
21.9267749786
24.2941455841
23.5220489502
23.9978065491
27.8531398773
28.1961936951
29.1824741364
34.3038978577
38.7627182007
38.3859481812
33.5944404602
36.8397827148
36.2586517334
40.5308532715
38.3943252563
42.7885856628
40.4300041199
36.4450798035
37.1965675354
34.2198944092
34.9027633667
31.4747009277
28.8381118774
25.0184631348
22.9645442963
21.8325710297
17.4738349915
15.5733776093
19.2701091766
22.7201042175
25.8317203522
24.3660144806
29.2269287109
31.269777298
32.7128791809
36.2851219177
36.5143318176
40.3506126404
40.6316261292
40.7836723328
37.1289825439
33.1034927368
30.9087524414
27.4379520416
28.9901542664
24.159072876
27.9326343536
26.0414009094
26.6579055786
29.3064403534
26.8903427124
26.909286499
24.4222393036
22.3126430511
26.4585018158
27.3053817749
24.2601222992
25.0406570435
29.9549846649
29.2348327637
26.1471138
28.8691177368
27.2146644592
29.313167572
24.878288269
23.4528007507
23.2704105377
28.1976089478
28.5071029663
31.6221828461
31.3056945801
32.0263442993
33.6337471008
34.2643051147
38.8056335449
36.5083580017
35.4868125916
32.2535629272
30.0612831116
31.3958969116
26.982629776
29.9405879974
26.961183548
27.4099025726
27.7280273438
24.4345474243
26.4479255676
24.3025550842
20.8153839111
17.2013816833
16.6904830933
13.4372930527
17.1503677368
21.4452438354
17.7461128235
15.6821660995
22.9471340179
23.3990001678
27.0438117981
25.4710483551
29.0192756653
24.2279167175
28.9881076813
26.2485866547
28.408821106
26.4479141235
22.2757472992
24.2634067535
26.0118350983
21.4091777802
20.4107151031
25.218744278
23.4419670105
19.2379112244
21.6930522919
25.3887844086
22.1739864349
19.6341342926
25.5387325287
26.3137874603
22.2237892151
23.7821292877
27.4083652496
27.6199626923
26.0898475647
21.285987854
18.0120697021
15.1555786133
15.0488681793
10.1217298508
12.2138977051
10.4569826126
12.2434234619
9.34005355835
12.8648147583
16.0665683746
19.6185016632
22.2037200928
26.513551712
29.8507194519
30.6900558472
25.9287471771
25.5569972992
21.3998146057
22.9169883728
18.8295593262
17.6075286865
15.9929122925
19.7317886353
19.3034934998
7.13756370544
5.0815911293
4.19423866272
4.47799396515
6.12427806854
8.01114559174
11.6181621552
13.5911626816
15.4259691238
12.0785045624
10.204703331
15.2331476212
17.9626426697
15.3852434158
18.2011547089
14.99949646
18.0954227448
19.4555454254
19.2748680115
14.2281961441
15.1100625992
17.0079269409
12.3834295273
11.3564786911
16.0792007446
13.9495811462
10.5175762177
13.2403106689
16.6471939087
13.2790803909
11.7342090607
16.9178314209
19.7925319672
15.8926343918
18.3061027527
13.6506032944
13.1602106094
8.32058429718
7.54709386826
8.80678844452
11.316365242
14.5086221695
11.1182861328
9.14347648621
5.56792068481
9.92384719849
11.6542549133
8.20786952972
9.99538230896
13.8482885361
13.8924531937
12.175321579
15.2825317383
17.6579360962
17.2542819977
16.1419467926
15.2517156601
12.9972925186
16.432926178
21.6304187775
18.8548946381
22.617193222
23.0096378326
22.57629776
25.3876247406
25.9480438232
28.2094993591
22.9728660583
20.3280849457
23.5688877106
22.1054821014
17.7366275787
19.3055839539
20.3887691498
17.0685577393
15.0201931
20.9372940063
18.227640152
22.7954502106
20.1697540283
24.1071109772
24.6932621002
18.9983501434
24.0405979156
20.9756679535
28.2797012329
26.5020847321
22.6676387787
26.325258255
29.0981884003
26.9560966492
25.2308368683
29.5996646881
31.2812767029
28.8405132294
29.8871974945
34.2470207214
33.3756523132
33.6217308044
33.1799736023
36.9755325317
36.8360595703
32.3028793335
37.5249786377
38.3011932373
43.3054771423
42.4371986389
46.8323783875
43.9399642944
41.4212417603
43.5524635315
41.6190986633
43.0758094788
41.2328224182
39.469329834
34.9060516357
33.7775878906
33.3394851685
29.6692943573
25.662191391
28.8072128296
31.6391525269
34.9868202209
32.965549469
37.7077522278
38.8191490173
39.2132377625
41.9117469788
39.3020973206
42.5844841003
45.0545654297
44.1044235229
39.9371414185
38.1579666138
35.9609336853
33.1340713501
35.2008132935
30.2205123901
35.1691589355
31.9317989349
34.3166809082
35.2289962769
28.659198761
26.6897220612
22.7230262756
23.9121799469
26.1719322205
24.0597782135
21.4100666046
24.3409481049
27.392162323
24.0620594025
21.7346687317
25.0495700836
23.6920127869
27.2762794495
23.8973579407
22.1977729797
25.1134929657
28.1679000854
28.9019050598
33.1844978333
32.7646331787
33.5661125183
36.6436882019
36.0178604126
40.2838058472
40.6690483093
41.1369094849
38.1001396179
34.3121490479
36.312412262
30.7440872192
33.3466300964
30.4596061707
30.2847938538
34.0158958435
29.9203910828
33.7687263489
32.2492408752
29.1603927612
26.662443161
24.3528003693
24.6082191467
28.8230743408
29.9266452789
27.000787735
28.3462409973
34.2250289917
34.5010147095
37.5280189514
34.4830741882
37.8886566162
31.5792160034
34.0017433167
30.0667076111
30.2237949371
30.9265670776
26.7540817261
25.0507221222
27.0082988739
24.8526191711
20.9920597076
23.5626144409
23.4997882843
18.8368473053
17.8436050415
21.6692333221
18.551076889
14.7005853653
17.7680625916
19.8218307495
15.7372102737
13.4392318726
17.3816318512
18.5596847534
14.2407207489
14.4924869537
9.72204208374
13.446146965
10.509557724
14.2511138916
13.6996259689
16.7613525391
20.2530879974
19.5930862427
19.3340950012
21.5927448273
25.5497093201
28.3366527557
31.1005210876
35.0952224731
34.719493866
30.450920105
28.4584751129
24.503704071
24.9683132172
19.7518901825
20.9344120026
20.4284648895
19.2781887054
19.7468299866
13.5303182602
13.3506383896
13.9862146378
17.1121501923
14.3187322617
9.2930355072
6.43086862564
8.21649646759
4.80149793625
6.68434429169
10.455575943
10.676984787
9.80818271637
8.34614181519
4.64915895462
6.21427345276
3.91568279266
6.59870100021
5.96495962143
4.7238073349
8.49342727661
9.11694526672
9.17962169647
10.9427261353
14.3088903427
14.1239528656
14.6779184341
17.0970230103
18.4634571075
20.3141918182
20.0575275421
22.683757782
24.3253993988
24.8492336273
27.8131809235
24.9360408783
24.9311466217
22.4548931122
19.0935821533
18.1966285706
24.9457950592
27.3471679688
22.5631217957
22.3929195404
18.9126853943
19.7035083771
21.8516330719
17.0843677521
15.1881427765
18.9152755737
19.4928359985
13.7862462997
14.2133741379
18.4806690216
16.3407096863
18.3333625793
15.2734861374
18.1088142395
23.3323287964
25.4602737427
24.4471797943
29.6693115234
28.8685874939
25.9454441071
26.6259593964
25.9453849792
25.9856071472
22.8349304199
20.9112262726
20.3237876892
18.5772743225
17.3279972076
16.7074108124
14.0766534805
11.371972084
13.1105833054
12.0086307526
10.5800418854
10.7328910828
6.20079565048
9.36074638367
12.1442661285
7.95428466797
11.9762983322
13.0037918091
13.2794704437
18.5511989594
16.9587478638
16.0949287415
20.4397392273
22.0919036865
20.8173427582
21.9402580261
26.1415176392
26.4261054993
28.3453235626
31.0726470947
30.4389209747
33.0486869812
