16.5322380066
15.3652486801
17.3895168304
18.5428791046
21.7396640778
20.6082191467
20.0444927216
25.9606456757
23.109992981
25.4852104187
27.6146202087
25.4932842255
23.7297859192
22.2426509857
22.6906852722
19.5713062286
18.4344463348
14.8085775375
16.9274959564
18.9718379974
19.2948703766
21.1512336731
24.1430854797
22.6492080688
26.574760437
22.4611911774
25.6132793427
25.1814365387
25.4769592285
28.2930603027
23.5034809113
24.9728031158
20.4187736511
18.5635185242
17.1219615936
14.3499469757
15.3927335739
12.1280031204
15.8209276199
11.4483509064
15.3418264389
16.4717960358
11.4781141281
13.4290885925
18.3835220337
15.3215999603
13.0944252014
10.8053474426
8.3501701355
7.45296812057
9.00638103485
6.37998390198
7.74182462692
8.31241226196
6.4423418045
6.78364038467
9.94366073608
11.5355405807
10.7147693634
12.6089773178
15.0002193451
17.8838500977
21.9333171844
23.7325744629
23.5816364288
18.5394649506
17.6026878357
17.1251621246
12.3079586029
16.8188858032
11.666097641
7.95597314835
11.7809534073
9.72476291656
13.5592050552
14.3406686783
14.9540290833
14.9484558105
9.56955051422
12.9990558624
11.1555080414
14.2578792572
15.3918762207
19.789680481
24.0050449371
23.7714252472
27.3454151154
29.4267024994
26.4672489166
26.055809021
27.8422813416
29.0844745636
29.658411026
32.3594360352
33.3847923279
33.6409416199
36.2524528503
37.712146759
38.5798683167
39.7194900513
35.3217811584
39.4425621033
40.6023483276
38.8154945374
35.2336044312
34.5484237671
34.5988845825
33.0327682495
30.306470871
30.2715530396
30.5356693268
27.9098358154
25.1231918335
26.5975151062
26.9433727264
22.3687515259
22.2244205475
24.6099205017
20.8428077698
19.0706787109
22.8245391846
22.3850593567
18.747800827
19.951133728
16.2874317169
17.786939621
17.9266929626
16.116065979
20.5340270996
22.235578537
22.6012821198
25.6230163574
24.143901825
19.9434871674
23.1676883698
22.5747451782
26.9929218292
27.4451732635
30.0309257507
31.3932590485
30.2642993927
28.2323570251
25.4783859253
22.2778968811
19.2062358856
16.9783248901
15.8683834076
11.5950193405
13.8608942032
13.8110513687
13.5948982239
14.4602384567
27.4837379456
27.9126052856
32.3166007996
32.7887954712
28.8379821777
31.0101299286
31.7582435608
30.5500850677
26.5791378021
27.1780586243
28.6882839203
23.6285762787
22.4645843506
25.7001781464
26.9425678253
21.2839126587
23.0493831635
26.8337669373
23.5287342072
23.3356647491
27.608959198
29.3678150177
26.1098957062
28.0680046082
31.2852191925
30.2906265259
28.743812561
33.3167572021
36.2917938232
32.5357513428
32.2081222534
37.842376709
38.6117935181
36.3115768433
36.9327316284
33.4696998596
35.0919342041
34.4699783325
35.6668014526
36.9678230286
39.5958061218
37.0395469666
31.1637363434
35.7182579041
38.4529685974
33.8366241455
31.6042556763
37.768989563
37.5764389038
32.5516052246
34.6048431396
39.181854248
36.8537101746
39.9988327026
39.0063514709
42.4733657837
41.9348754883
43.6979904175
48.3880844116
44.5892601013
43.1501350403
44.2566680908
46.1240196228
41.9798698425
39.8213348389
43.2000083923
40.7527732849
36.2826080322
36.198841095
38.2399291992
38.1826553345
32.4742431641
33.8840866089
35.5883407593
33.8567771912
33.7546310425
30.1628360748
32.7109489441
35.7757415771
30.7831573486
32.4693908691
30.8114643097
27.9240722656
33.404750824
34.6708869934
32.4516601562
32.1506690979
36.6330833435
38.3409042358
41.1853866577
39.2013015747
36.2221832275
38.9717407227
41.5028152466
40.1838874817
36.7199783325
11.6474351883
7.0046081543
10.9385499954
12.5411348343
15.1908092499
11.9679203033
10.7955179214
16.7247886658
15.3479032516
17.6461277008
19.9378528595
19.4711265564
17.3443145752
18.1443691254
20.1355514526
19.2481994629
21.1427593231
17.759885788
16.2139778137
16.2046833038
14.0242099762
15.2486162186
15.4151315689
12.9853534698
16.0525226593
11.5917272568
15.8726062775
14.9281730652
14.2381744385
17.2607192993
12.2522439957
14.2783203125
10.0954313278
9.85918712616
9.80293750763
10.5462255478
12.6863584518
12.6579418182
17.2813835144
16.3425712585
20.5574531555
20.7411518097
17.2862262726
20.9978199005
24.8011302948
22.5776062012
21.6916160583
18.4880981445
16.7328014374
18.0015678406
17.1719455719
12.395368576
11.6660957336
15.7208013535
13.1776781082
8.21505451202
10.3770236969
12.5164051056
9.39895057678
7.74033880234
11.3513469696
12.1444711685
11.6141042709
16.7348213196
17.1558990479
18.3098468781
13.8942937851
11.3385038376
8.55034542084
4.98453426361
6.11099386215
4.9082865715
7.54421234131
11.383020401
14.4397373199
17.5271339417
17.6845417023
15.6458091736
10.5635328293
9.6689786911
6.37803125381
4.38776874542
7.3512301445
10.9828310013
14.9558839798
15.8897199631
18.899225235
22.0157241821
20.3538761139
21.5893573761
23.9125537872
26.7311420441
25.9193439484
27.3578224182
30.0861682892
30.4791431427
31.128578186
33.008228302
35.1854896545
36.4683647156
31.4113388062
35.0058784485
37.000087738
33.6514053345
30.1452388763
31.1394519806
30.9405670166
28.3001251221
25.8750209808
27.7393798828
26.9622001648
23.2840480804
22.6390762329
24.5970401764
23.6144771576
19.7565631866
21.5745830536
23.4579162598
18.3444595337
18.8455963135
24.1285858154
22.2923603058
18.7054729462
23.2097797394
18.4219837189
21.1026287079
19.7230587006
20.3191642761
23.1708431244
22.520401001
22.9083404541
24.0145244598
22.7925300598
18.5663547516
19.9801902771
17.146396637
20.5811481476
19.5966320038
21.1720466614
23.2329406738
23.1780929565
21.4520606995
20.5236225128
16.2265853882
16.2607936859
13.9150896072
15.5079288483
11.4159393311
16.6174850464
15.2182445526
18.6664581299
19.8996582031
37.4170150757
37.0591163635
41.7734909058
42.6009788513
37.9200363159
39.3976974487
39.3421592712
38.0018310547
34.8926849365
35.0676574707
35.3577079773
30.4146652222
30.534614563
32.3557701111
32.2269973755
26.7414913177
26.8591518402
30.062456131
26.9235286713
25.0561943054
29.087184906
31.7975978851
27.173828125
27.7851333618
31.5094966888
30.7914943695
27.7699871063
31.9335021973
35.8593254089
31.3550720215
29.6420574188
35.4850120544
37.0603370667
34.5877380371
36.4320106506
33.7646217346
36.0309257507
36.5793457031
36.6971588135
39.0637130737
41.7739677429
40.3243904114
35.3652610779
40.2256393433
41.8901519775
37.0894165039
36.3403968811
42.2381324768
40.3941307068
36.116268158
39.2118911743
43.4974784851
40.0345191956
42.8547058105
40.4713134766
43.2337150574
41.8343925476
42.7797851562
47.1010856628
42.4391098022
41.5860404968
42.1736717224
44.8683929443
40.4004440308
38.4387893677
42.5867080688
40.4869537354
35.6807823181
36.1980247498
39.1858024597
39.081993103
33.4645423889
35.6377182007
38.2650527954
38.2973098755
38.0621986389
34.3893013
36.6607170105
38.9947395325
33.6796112061
33.8153533936
31.978427887
27.8506469727
32.6386260986
34.7235565186
31.3952140808
29.930524826
34.8676719666
36.7902946472
38.9806289673
36.645072937
33.3612556458
35.4679527283
37.5435752869
36.1278381348
32.1025314331
45.7815742493
40.0634803772
41.870464325
39.7870101929
43.8450660706
41.9943199158
38.0427703857
39.0797615051
35.7608680725
33.1146583557
28.7926197052
28.1554584503
24.7540512085
24.0731563568
25.3725013733
24.2941398621
25.3148498535
27.2928848267
27.2843780518
28.4656429291
26.5770587921
30.2730121613
30.0086994171
33.0459136963
36.8935508728
38.7829742432
42.5502357483
43.9717597961
40.069026947
40.3686065674
34.7592735291
32.4226379395
31.6840991974
28.927816391
31.7605457306
28.0656394958
31.5509643555
30.8420181274
32.6517562866
36.6924285889
35.1469993591
31.4708595276
31.7396469116
36.1707000732
32.8205795288
30.7714595795
32.5730133057
30.5706825256
35.1212310791
36.5915527344
30.392873764
30.8995895386
36.3115768433
33.759513855
29.2075939178
32.0162277222
35.6966819763
31.9904308319
29.1300830841
34.0642127991
35.3906936646
30.2386322021
32.3834342957
26.6199398041
25.9009971619
22.243642807
24.6599330902
24.3681564331
30.4144268036
31.0096588135
32.7990074158
34.5877380371
36.1810493469
38.1349754333
40.3053321838
40.7021789551
42.2130317688
39.2749557495
37.047328949
34.4229850769
35.8128395081
31.0417423248
33.1833686829
28.4280548096
26.6601734161
26.2091350555
22.6180686951
23.0952148438
19.4758338928
17.5403747559
14.5733165741
11.6159791946
9.56844806671
13.0226812363
11.6019554138
6.51193189621
9.04151535034
12.2941474915
9.92816925049
6.27771949768
6.44685125351
8.56209564209
12.2002506256
13.9876327515
16.9058856964
13.3218326569
11.6163511276
15.5048084259
17.0969047546
14.2089881897
15.3278484344
19.5884246826
19.3311576843
17.7768135071
21.104845047
23.7283058167
23.6540679932
22.7555465698
26.5516414642
29.2859325409
28.0806026459
29.3125801086
32.3244743347
33.3038978577
35.4346237183
29.6185970306
27.2638149261
22.2642478943
23.5267047882
18.3812904358
15.8228502274
14.3100042343
11.0238523483
13.0790624619
16.8928985596
15.1146745682
18.5064926147
17.5528144836
21.3461780548
24.0854473114
22.6911125183
19.2639827728
20.9896869659
17.5554790497
21.0712718964
20.3051242828
21.0106010437
20.9433422089
25.7024288177
24.0850982666
25.9376583099
29.3386859894
33.0790367126
41.8951797485
38.9194717407
42.4950180054
42.8648338318
36.8012313843
34.4039535522
32.2982254028
30.1373195648
31.9165840149
32.569568634
28.845615387
27.6803779602
31.865272522
30.4504356384
28.7063484192
27.3610630035
27.7458457947
24.3499011993
21.0138301849
20.3051757812
19.8772964478
16.5830001831
14.9299631119
15.3037109375
12.6419839859
10.6445446014
10.3887653351
10.0640497208
7.73041200638
5.18473243713
7.79431343079
7.56014919281
4.39322710037
4.71205043793
6.70846891403
9.38431549072
12.6923370361
9.36187362671
13.3678512573
15.8994894028
18.3372745514
19.623550415
21.4810905457
18.462348938
15.7683506012
20.15741539
21.3219642639
15.5365056992
16.951259613
21.2320556641
22.1144218445
18.5546588898
17.475566864
13.9107780457
12.8920688629
12.6206731796
10.2450771332
14.5985984802
10.4293327332
11.9009046555
15.16431427
18.9089183807
17.4924583435
14.3978452682
15.351855278
19.2726135254
16.9905567169
13.6634712219
17.3748321533
21.3686904907
17.5740909576
15.8140583038
21.3662910461
23.1063041687
25.923746109
25.0435466766
27.7148685455
26.2447319031
22.2188186646
22.9851970673
26.2938518524
23.6130275726
28.6595153809
25.1450576782
20.8175544739
23.2648429871
26.3173084259
21.1914634705
22.8788814545
16.5807209015
18.9748382568
22.9611854553
21.6664047241
18.3327350616
20.0111274719
53.8258895874
49.6337966919
51.6589584351
50.2105102539
54.7027435303
53.4077606201
50.1868133545
53.2688598633
49.0828208923
47.7989845276
45.0516853333
42.82762146
39.7525863647
37.2134056091
37.0477905273
33.3674545288
30.4462127686
32.4574584961
36.1104469299
39.0243759155
39.0628318787
43.0372657776
45.212020874
47.3349838257
52.0929641724
51.9007911682
55.9452934265
56.7935752869
53.9736862183
55.4327163696
48.9741668701
47.8474388123
45.3221702576
41.9522743225
43.4312362671
37.9255828857
40.9007377625
37.9379005432
39.2949447632
40.5937271118
38.142539978
35.2411117554
34.61328125
36.9145812988
33.2222900391
30.3559932709
31.2824516296
31.240032196
36.6279907227
35.9424591064
30.6577033997
34.4546890259
39.181854248
34.0972862244
32.2422103882
37.2266159058
39.3903770447
35.4033355713
35.9248695374
40.4305076599
40.5836257935
36.8983917236
41.2202033997
36.5109672546
37.8813209534
34.1389961243
34.4586448669
35.9043922424
41.2115058899
39.9817352295
44.063949585
43.4974708557
42.9391899109
46.2736244202
45.9585037231
47.0079994202
46.9981193542
44.5509529114
43.8949508667
40.8595733643
44.3020629883
39.8469581604
43.6922035217
39.730178833
39.9209098816
41.9947624207
38.4623756409
40.5816612244
38.0207633972
34.8240356445
31.1929702759
28.7205924988
26.085357666
30.7389678955
31.625169754
26.9349994659
28.4860305786
33.5838890076
31.6424999237
28.0124053955
27.0190830231
28.1868782043
30.7075309753
29.0032215118
33.7188453674
31.8693180084
27.1195678711
28.9996356964
31.8317642212
29.9691524506
26.2425479889
30.4934139252
32.1086196899
27.6582660675
28.5682125092
32.4992790222
31.4817752838
28.0790214539
31.3619117737
35.5386390686
32.2393112183
30.363866806
35.2289428711
36.6644134521
34.7892990112
31.5904808044
27.4432487488
25.4598369598
24.3540172577
20.5891284943
22.5267467499
22.6728572845
24.1760978699
25.4133110046
27.2348079681
28.2711238861
33.1413116455
34.6265945435
38.311756134
41.8537368774
40.3246955872
36.7997093201
36.4551391602
31.6550731659
34.5042381287
30.1568374634
31.3182430267
28.432975769
32.2786445618
27.5024776459
30.2528781891
29.2776298523
32.063167572
29.0782146454
25.7472038269
27.256860733
27.2217178345
22.4883060455
18.6303482056
16.2498168945
14.7826852798
19.125043869
19.7539634705
15.8616323471
18.5016040802
22.3578109741
20.4687786102
20.4107246399
22.3485870361
24.6874599457
20.4388618469
18.8474502563
21.8398208618
20.2522201538
13.8704566956
18.7039222717
21.3811969757
17.8124256134
16.7137680054
21.1459217072
21.2929382324
17.4782238007
20.5622024536
24.3141517639
23.6977653503
21.1457653046
22.1144237518
18.6393547058
16.4649429321
13.4234046936
10.4331188202
15.2372779846
13.3898296356
15.6317634583
14.2026586533
15.128484726
12.5352706909
10.9701385498
10.4424133301
10.5736103058
6.28507804871
7.77526569366
8.10318183899
5.58235883713
6.83417081833
6.56392145157
11.3541412354
13.9825277328
17.2588920593
20.0528049469
23.3416519165
24.58634758
22.4609508514
25.343624115
24.5313663483
24.6514663696
22.4803581238
20.3732509613
21.5221920013
21.5757827759
17.8218421936
16.1167411804
19.6881198883
17.8446540833
13.2904748917
13.9784955978
9.7828168869
14.7023000717
16.3601303101
18.9982566833
17.7693462372
16.8727226257
21.4650268555
25.5993156433
26.5917472839
31.3676433563
26.212266922
25.8572216034
30.1102180481
31.2462615967
26.8292751312
29.6784954071
27.0369472504
28.8410110474
32.8160362244
33.3749847412
31.7728042603
33.4060020447
53.2841148376
47.9758682251
50.669921875
49.2597084045
53.3520278931
51.0050811768
47.4066772461
49.3736381531
46.2342147827
44.0804176331
40.0890197754
39.518661499
35.6835670471
34.9630699158
36.2275657654
34.1539268494
33.8016433716
35.4515075684
36.8710289001
38.6795158386
36.7775802612
40.8274765015
40.4956245422
42.9971961975
46.7560882568
47.6078643799
52.0708122253
52.5491981506
48.5701637268
49.6476478577
43.2895507812
41.83826828
40.8470191956
38.2740936279
41.2897567749
37.0407752991
41.0266838074
39.3856010437
41.7668380737
44.4568099976
43.1170349121
39.7233200073
38.9637794495
42.982006073
39.9641456604
36.9687690735
38.0655097961
36.4455795288
41.4479522705
41.3764076233
35.1401062012
37.0684356689
41.9348945618
37.4292984009
34.1620559692
37.878528595
40.4183387756
35.8724822998
34.4731063843
39.1977500916
39.4070930481
34.3107948303
37.0196266174
30.4465560913
30.6563987732
26.992395401
29.7910900116
31.5306873322
36.9002113342
37.6932067871
40.1177253723
41.8343887329
42.9773025513
46.2731628418
47.9183044434
49.1761360168
50.4287872314
47.8719825745
46.0477218628
42.4736824036
44.5706787109
39.1145401001
41.3397789001
36.6920852661
34.5666923523
35.8265228271
31.9635543823
32.8517608643
29.3217353821
27.7945079803
24.9776229858
21.0484752655
20.6527614594
24.7732429504
21.9312591553
17.6752891541
21.2411346436
23.6926765442
20.1529216766
17.127368927
14.2158336639
16.1389427185
16.2334575653
13.7542142868
19.5212993622
19.3254699707
14.6140060425
16.5809936523
20.0867977142
19.7188949585
16.677362442
20.6584148407
23.0338916779
20.9033679962
21.7543830872
24.9665813446
26.0989608765
24.1590213776
26.6033306122
31.325214386
29.7373466492
28.6125240326
32.4938316345
34.773853302
35.3909606934
31.3016681671
28.269695282
25.0859909058
26.6011657715
21.9093799591
20.1276626587
21.3187732697
19.4809799194
22.4197635651
24.7710399628
22.7811203003
27.2677173615
26.3378734589
29.6111755371
32.3442001343
29.8529052734
26.6004772186
27.0025482178
23.7011642456
28.0175609589
25.9319458008
28.3508739471
27.1692733765
31.9471187592
28.3579902649
29.8078384399
31.5574398041
34.4962730408
40.6153640747
36.8855552673
39.7394981384
40.8096466064
35.149307251
32.1715888977
29.0563392639
28.0950069427
31.2050952911
30.4273071289
25.8902645111
26.7820930481
31.3163261414
27.9880256653
25.4071674347
26.6617717743
26.2084026337
21.4309768677
20.7310276031
20.520483017
17.6921577454
14.6007604599
16.149559021
15.4612007141
11.218298912
12.0198335648
14.277929306
10.6998023987
7.2423453331
12.6088838577
14.0981369019
9.99666786194
9.07753276825
12.6206731796
11.6140422821
12.1122026443
9.21908283234
11.6664276123
14.2252321243
16.5186462402
19.4540023804
21.5551719666
23.5165615082
23.3649921417
19.3941040039
17.3797168732
21.141204834
19.3780937195
13.3588542938
15.4243068695
17.7146606445
17.258895874
12.4550504684
12.0148200989
6.84207677841
5.53085803986
5.52540016174
8.33556461334
9.06593799591
6.19538927078
9.04015445709
9.658867836
10.2877283096
8.13669586182
5.71641683578
10.2932729721
11.1731481552
7.69119977951
8.39918422699
13.0711088181
12.8476009369
10.5545520782
14.0938215256
17.7082290649
19.7118663788
20.4404125214
21.7486915588
18.8416137695
17.5405254364
17.6230297089
22.0547084808
21.6398639679
24.8666877747
19.7823925018
17.6403598785
21.3022327423
21.9863643646
15.5952033997
17.2092971802
13.099187851
16.735332489
20.205499649
19.1638774872
17.2344532013
20.4675350189
56.3096961975
50.9925956726
54.359539032
53.444152832
57.1928901672
54.169418335
50.79347229
52.7615013123
50.3470687866
48.2503890991
44.1826629639
44.4234199524
40.1977844238
40.3567085266
42.2289237976
40.4652290344
40.5957794189
41.6873092651
42.73487854
44.2630081177
41.5691490173
45.5956268311
44.1093292236
46.287727356
49.3728485107
49.9958343506
54.8566131592
54.5810623169
50.2411193848
51.5799446106
45.1479492188
44.1605758667
43.7434921265
41.8106422424
45.4159660339
41.7588005066
46.1946296692
44.7534637451
47.8051872253
50.1584358215
49.5837516785
46.3813667297
44.9823570251
49.2881507874
47.0621643066
43.6579551697
44.3320007324
42.3411521912
46.9930114746
46.3821334839
40.2646827698
41.8804283142
46.1240196228
41.2780036926
38.3572273254
41.5730628967
43.4890365601
38.7032814026
37.3012542725
41.5515327454
41.2132225037
36.0127067566
37.9711608887
30.8716697693
30.9527587891
27.8697872162
31.615190506
34.2544174194
38.7487297058
40.4856185913
42.2897491455
44.868396759
46.4662628174
50.2651329041
52.4228134155
54.2150764465
55.8538742065
53.6171760559
51.5846633911
47.403339386
49.151473999
43.2255096436
44.5914649963
40.0576515198
36.8941230774
38.6214599609
34.8006057739
35.3142318726
31.7888526917
31.3491783142
29.3407554626
24.97448349
26.5029335022
30.0802993774
25.2628116608
22.4333076477
26.8810043335
27.5423812866
23.4109363556
21.8053665161
17.9634017944
18.721282959
16.1147499084
11.6208381653
17.4925727844
19.9332008362
15.3843975067
15.4468927383
19.2268486023
20.9984130859
17.3895874023
19.6564750671
23.2044658661
22.5401172638
21.9264011383
24.272480011
26.8889560699
25.6038036346
26.4350337982
31.6451778412
30.9175853729
29.2068767548
32.4412460327
35.4734039307
36.4585838318
33.3011512756
30.9251308441
28.6457958221
31.1871547699
27.2687702179
24.6503391266
27.1754493713
24.8249855042
28.2821159363
29.7288913727
26.6303653717
30.6520957947
28.7797145844
31.1718616486
33.2783966064
30.04621315
27.427564621
27.4012889862
25.4854660034
30.137960434
28.833272934
32.2351951599
31.510433197
36.0298118591
32.5362625122
32.9878921509
34.9190597534
37.176612854
45.3813514709
41.4190826416
44.3242683411
46.1254081726
40.6153106689
37.9795722961
34.4541473389
34.3089904785
37.2381019592
35.3501434326
30.8322296143
31.8613357544
36.2047729492
31.8955154419
28.3978385925
30.3210487366
28.3917274475
23.8458652496
24.9513473511
23.64793396
20.0987949371
19.9426269531
20.7481708527
18.2581977844
15.5241479874
17.8897838593
18.7540187836
13.9014024734
13.9609851837
18.6496219635
17.7893466949
12.8634929657
15.0791053772
18.9089164734
19.3439292908
19.9730434418
17.3113708496
19.7802181244
22.8495521545
25.4981517792
28.4710597992
30.5621833801
32.0745697021
32.1484031677
28.2997512817
25.9967765808
29.3134765625
27.5980987549
21.8690471649
23.0048732758
24.7932300568
24.531375885
19.0131130219
19.8680438995
14.4531068802
13.8415279388
9.65886688232
11.6099739075
10.7691841125
11.5677728653
7.71235990524
5.41045236588
5.11199951172
6.78503131866
6.13426446915
7.46374511719
10.5395507812
10.9010314941
10.8363170624
12.3046588898
15.198679924
15.5867547989
16.9964637756
22.7920303345
22.8447189331
23.6533622742
23.4546775818
20.0735855103
20.2540130615
17.781917572
21.4460678101
21.5097064972
22.1709327698
17.568195343
16.3115024567
19.0526256561
17.9308795929
11.5040111542
11.3476772308
9.70839881897
13.7258501053
15.3760976791
13.7779150009
13.2541389465
17.4017982483
48.5677947998
44.6936454773
47.4930114746
46.7789611816
51.0657424927
49.1666755676
46.3436965942
50.1589355469
46.4295082092
45.6672706604
43.3766822815
41.5307579041
37.9053115845
35.8800888062
36.2920455933
32.327960968
29.4818553925
30.4283905029
34.3076286316
37.3180007935
36.7226524353
40.9132652283
42.5458335876
44.0394439697
48.5750045776
47.4415740967
52.0004234314
51.9927940369
49.2255096436
51.3124351501
44.4396591187
44.0891189575
41.3903884888
38.3729705811
40.1270523071
34.7137947083
38.2784576416
34.9932327271
37.4118690491
37.6463699341
36.3419151306
33.8792686462
31.8733329773
34.4680976868
32.3198280334
28.363489151
28.3725280762
27.8453979492
32.9255065918
31.1222877502
25.906578064
29.9065494537
33.8567771912
27.8132381439
26.7404651642
31.7164821625
33.010269165
28.658914566
29.9196720123
34.0030937195
33.5119132996
30.0617675781
34.5261573792
30.0009613037
31.9294300079
28.5265693665
28.5618171692
31.0849113464
35.5720863342
34.5404205322
38.8026542664
38.2973136902
37.6725082397
41.9431648254
41.7055435181
43.6402931213
43.9012832642
42.0068702698
41.3398704529
37.2156791687
40.7414779663
35.6724128723
39.1217575073
35.4331436157
35.3683776855
38.6875038147
35.1413230896
37.6579284668
35.5464477539
32.5578994751
29.340007782
26.5708255768
25.7926063538
30.4874858856
30.3236484528
26.6063232422
29.2308349609
33.629535675
31.5619010925
28.9837589264
27.5153465271
26.8398208618
28.9774742126
26.6993541718
30.5666999817
29.3377113342
24.1140842438
24.8461399078
27.4809494019
26.2865982056
21.3338775635
24.7845344543
26.842414856
22.1191902161
21.8672103882
25.7213382721
24.6970024109
20.9909057617
23.536151886
28.0024490356
24.5703392029
21.8364429474
26.8056564331
28.5770835876
26.1872310638
23.8602199554
19.7338600159
19.116601944
18.6201953888
16.0872688293
18.0567512512
20.2920417786
22.1588592529
23.9684562683
24.1555538177
24.8336009979
29.8016471863
31.4947242737
34.6382713318
38.2053871155
36.4320831299
33.16381073
31.8864307404
27.2406425476
29.9102020264
25.0162696838
27.1062011719
23.9269504547
27.3619632721
21.8715991974
23.9258136749
22.1978931427
24.3383789062
23.8739509583
20.0005989075
22.3921699524
23.6791286469
18.3754234314
15.4254360199
11.9501266479
12.0936536789
15.4631900787
13.7931337357
9.27222537994
12.0600185394
16.1867389679
12.5735855103
11.5273685455
14.4609680176
16.031999588
11.8009490967
11.8644399643
14.8492946625
12.9145402908
8.87694835663
13.8034648895
15.9854755402
13.8300228119
14.134349823
18.0158119202
18.3800868988
17.2312507629
20.0279884338
22.3083534241
22.6457939148
21.9705562592
23.1063041687
20.7923030853
17.6269359589
14.4087228775
11.9414014816
18.7082633972
18.5912437439
21.9809875488
20.2866210938
18.6596279144
18.3531742096
17.7905464172
14.5272388458
13.5333271027
13.0387887955
12.6881828308
8.7871131897
6.7006278038
9.78281497955
6.78713989258
11.5950222015
12.4966583252
16.875787735
17.7082328796
21.847984314
25.3537750244
25.5617256165
22.272693634
23.9887008667
22.7920265198
21.4932022095
19.7500972748
19.3352890015
17.4549617767
16.7413291931
14.5351762772
12.3771333694
13.8974332809
11.7411708832
9.10692024231
7.23985004425
5.82062292099
7.1986951828
9.8314781189
9.52069187164
8.61610507965
13.548075676
17.0976676941
18.7932128906
23.3016719818
18.5838413239
19.1568317413
23.2424945831
24.2048072815
21.2842521667
24.4763755798
23.2725811005
23.7261695862
27.3824977875
28.9625759125
28.0500984192
28.6969642639
42.1782646179
38.3497619629
42.6502609253
43.1555023193
46.6389923096
43.278968811
41.0600547791
45.2313690186
43.0079078674
42.6667327881
40.6844749451
40.3436698914
35.8758926392
35.7229309082
37.5932846069
34.4933204651
33.4530296326
32.7501373291
35.1772956848
37.3933067322
34.9415550232
39.0633659363
38.4491500854
38.9731864929
42.317440033
40.1975440979
45.6161499023
43.9713630676
40.7605934143
43.6373558044
36.4591827393
37.3524284363
35.3737983704
33.6730804443
36.5591011047
32.5875701904
37.1898231506
34.5496101379
38.7489356995
38.3216133118
39.3027191162
37.381313324
33.8251304626
37.5055427551
37.7953796387
33.1274032593
32.1796836853
30.139591217
33.7706642151
31.1196708679
26.2963466644
28.531545639
30.8114624023
24.5959892273
23.9353027344
27.1400165558
27.0127792358
22.1277770996
23.1780338287
26.0995235443
24.4048194885
20.6835727692
23.8302021027
18.7313041687
21.0818996429
18.9700489044
19.9429683685
24.5708961487
26.9664783478
27.7370185852
30.8979740143
31.978427887
32.4194450378
37.8308258057
38.9565200806
42.1639137268
43.5471343994
42.4979629517
41.1879196167
35.5910606384
38.0863456726
31.9679813385
33.4111289978
30.1641654968
28.2749614716
33.1228790283
29.7911167145
32.1452598572
30.6891880035
29.2124023438
27.5979442596
24.3269309998
27.4647693634
31.1358528137
28.0166931152
26.9168891907
31.1486301422
32.9126739502
30.5641021729
30.3567752838
28.1088199615
24.6407699585
24.9444885254
22.0819187164
23.3271465302
24.0800914764
19.3464660645
17.2320270538
18.9159488678
20.0811958313
14.0356817245
14.0830316544
17.3062877655
14.3089427948
10.6200685501
13.0735721588
13.8474025726
11.286532402
10.0171461105
15.6516523361
13.8216285706
9.62874794006
13.4565734863
16.9537067413
16.1408233643
15.3070821762
13.4630393982
15.1023006439
18.0438499451
17.8389892578
16.7425231934
22.0727615356
22.5153465271
25.347322464
23.2344989777
21.6360435486
25.5198764801
26.2040157318
27.6322250366
30.4660263062
27.9631156921
25.7713375092
22.9920272827
20.2706604004
22.853553772
19.0369281769
23.2807369232
21.3300209045
23.901222229
19.2410812378
18.3940429688
17.9227428436
18.4144325256
29.7425174713
26.1509628296
29.8928489685
32.8310546875
27.705488205
27.088300705
23.9600067139
25.1070785522
25.6687698364
21.8985214233
19.1438045502
18.6029415131
21.3722915649
16.5857963562
12.4094276428
13.9820566177
9.86508560181
8.07348918915
12.6094989777
10.6898298264
8.02688980103
14.3827648163
14.0578832626
11.8340864182
14.0905761719
17.1500892639
17.2702465057
16.7834014893
20.7775535583
22.3923435211
20.7838573456
22.0344696045
24.9095134735
26.2938518524
26.6064949036
23.8668766022
21.7370281219
22.0292129517
27.6493530273
29.8770637512
33.8670425415
33.1449394226
30.5669193268
32.3906326294
31.5294361115
26.9055137634
26.9196853638
28.4852695465
25.5238628387
21.5163936615
22.441778183
25.5993175507
19.8079566956
24.674079895
21.0540599823
24.911365509
22.0547103882
26.1710395813
28.9596366882
27.2480583191
23.2760486603
22.325750351
21.4460659027
17.6093158722
17.459941864
20.6225852966
14.6662778854
12.1938734055
15.067109108
14.6944532394
11.4073944092
10.2534103394
14.5828523636
12.9796047211
17.0976676941
13.379822731
11.352107048
9.94476127625
10.7190122604
9.41029548645
5.20510149002
5.60509586334
7.34823608398
5.66581726074
7.83059835434
9.73276901245
10.1393556595
12.1143035889
14.8970804214
16.9734230042
14.2017402649
15.9646072388
19.371006012
20.12109375
18.605922699
49.9525184631
44.9870872498
49.111289978
48.9994888306
52.3040237427
48.6121902466
45.7665290833
48.3029937744
46.6329841614
45.1285095215
41.7146148682
42.4955253601
37.8766365051
38.7738609314
41.2277107239
39.4695930481
39.9378433228
40.0051193237
40.8373222351
42.200592041
38.8239021301
42.7903442383
40.5029792786
41.8703689575
44.4124336243
44.0629196167
49.3640632629
48.0832977295
43.766254425
45.7446975708
39.0996513367
39.0613136292
38.7203559875
37.4697532654
41.3870162964
38.3367080688
43.1605911255
41.7426719666
45.689289093
47.1511001587
47.755947113
45.0741043091
42.6340141296
47.1379089355
46.3578872681
42.3991622925
42.3876266479
39.9145927429
43.8072090149
42.5397796631
36.9071617126
37.9852523804
41.185382843
36.2779159546
33.8883171082
36.3166427612
37.3626174927
32.5924758911
31.3731651306
34.8088493347
33.874042511
28.9229774475
30.1834259033
23.1721801758
23.5216732025
21.3118000031
25.2984161377
29.018907547
32.1239242554
34.5330924988
35.9412765503
38.9806289673
40.8326568604
45.2675132751
47.7579689026
50.2946166992
52.2976036072
50.661441803
48.5655059814
43.5725898743
45.027671814
38.7425270081
39.2291984558
35.1940231323
31.4280204773
34.4102249146
30.82995224
31.6058216095
28.8755092621
29.0107135773
27.9037895203
23.6465988159
27.3808422089
30.4733982086
24.7345962524
23.8685455322
28.9029312134
28.6092472076
24.9689369202
25.187877655
21.7037773132
19.3345680237
16.367609024
12.0422468185
14.2458438873
17.9553565979
13.7657966614
10.9710435867
13.9018783569
17.4169921875
12.8923282623
12.4415645599
16.928155899
17.3269252777
14.9096136093
16.0538692474
19.7450370789
19.3011131287
18.3124217987
23.4781646729
23.67228508
21.8671340942
23.9773712158
27.4388713837
29.1128692627
26.78058815
25.5162944794
24.3945293427
27.9702377319
25.5377960205
22.2975711823
26.4220943451
24.2875652313
27.9228572845
27.5819244385
23.8987102509
27.2547035217
25.3700466156
26.605764389
28.4060153961
24.8267307281
22.9410457611
21.5746192932
20.7931995392
25.0262126923
24.0643215179
28.3769626617
28.0006122589
31.7222690582
28.5478343964
27.7533874512
29.8638858795
31.2977771759
43.3722877502
39.5768623352
43.0722236633
45.5699653625
40.0618209839
38.430267334
34.9558486938
35.3656158447
37.1130485535
34.2752952576
30.4128074646
30.4215946198
34.1636772156
29.5711174011
25.4438705444
26.8145141602
23.375207901
20.1913700104
22.5507583618
19.8584537506
16.6183700562
20.2837905884
19.3656654358
15.4228811264
15.6288509369
19.0246315002
18.194108963
14.2281637192
18.1886787415
20.9517021179
18.0229320526
15.8184490204
20.1360340118
22.8788795471
24.3830699921
23.8069877625
21.7983093262
24.0751667023
27.883272171
31.07447052
34.6889572144
35.8887329102
35.5487709045
36.8517150879
34.0944709778
30.3765525818
32.6776313782
32.728515625
27.4864711761
26.3028907776
28.2903556824
29.6784992218
23.2444515228
26.0965843201
20.4308300018
21.8186511993
17.2093029022
19.8564853668
20.5243339539
18.8402519226
15.1469659805
11.9405107498
11.3476791382
7.63947677612
9.84198379517
13.7055454254
8.98948764801
8.94670581818
13.0643148422
13.8626117706
11.5874509811
13.9088611603
17.4968070984
17.9347858429
24.4763717651
22.5533542633
22.0944519043
21.0511035919
18.7969055176
18.4356651306
13.5111885071
14.8970813751
14.4607400894
12.9217414856
10.3546695709
9.29476261139
10.0250835419
7.78256702423
4.39503717422
6.86188697815
6.59676599503
5.88118314743
6.80319499969
8.96042156219
10.474357605
