104.581443787
93.4513778687
91.6801605225
84.5678939819
35.94972229
37.7265281677
37.9141464233
37.1523399353
44.5581626892
36.9301643372
38.1584129333
41.2467346191
35.5599136353
40.3020019531
41.8162155151
42.807964325
35.4222831726
39.8114433289
41.7581748962
35.338886261
36.1167640686
41.4008369446
36.4895820618
39.8636054993
41.5219192505
45.2975311279
40.0421485901
38.0680885315
38.3829193115
35.794178009
33.4174537659
35.4071769714
31.3680973053
30.1847839355
34.0197792053
29.9584445953
27.4189891815
27.3705482483
32.3635063171
36.5308151245
36.0338096619
41.7115592957
39.8330039978
41.148525238
43.3641891479
47.3115844727
39.623210907
36.3122825623
40.1674461365
30.45545578
33.289276123
35.781124115
30.8313388824
35.3955307007
35.4410095215
36.3895072937
38.320941925
34.8814735413
41.1863098145
40.0773429871
45.0120925903
42.3324546814
43.4198799133
42.1675491333
39.3533706665
43.2082443237
38.6499404907
43.5046806335
45.4676895142
46.0842170715
49.4959945679
49.1367988586
53.0956192017
51.2045974731
53.7559509277
51.5975265503
53.0311737061
52.5416870117
53.0279846191
51.8801803589
49.3033866882
52.5842895508
55.7651252747
54.4745063782
54.9021186829
48.2418823242
51.4842453003
49.0558662415
49.8856925964
49.2634277344
43.4996566772
47.0269012451
44.0177688599
46.8764953613
46.7612838745
52.8894195557
51.7948036194
55.8751602173
49.6754646301
52.169631958
53.6925506592
48.1943359375
44.0266532898
48.8349609375
46.8433647156
48.8092651367
50.2589416504
50.1895828247
52.9355697632
52.5236930847
56.0680160522
56.0884017944
59.415851593
56.8007125854
59.9416503906
54.1709632874
52.1791648865
53.7029342651
50.5897789001
49.8446083069
45.8790779114
47.0242118835
45.4149971008
46.9562988281
46.7430610657
43.9803504944
48.2901077271
44.5594940186
51.2009239197
48.3923530579
40.0566215515
44.5897903442
44.8592987061
45.2510414124
47.443901062
42.923915863
41.6339683533
43.1051864624
39.1793251038
38.6499557495
42.9622383118
39.4409713745
38.9551391602
36.1335334778
41.1558113098
40.5032234192
34.3024291992
39.0569839478
39.4781951904
39.8058052063
39.3615379333
42.6101493835
44.0862808228
42.6363677979
51.0577201843
47.3366546631
49.8976898193
48.9775619507
39.9456253052
43.9908943176
44.9581336975
44.0760116577
46.6255264282
47.9545860291
46.2907295227
106.46118927
92.5938491821
90.4423828125
82.1139373779
25.1190433502
26.5023345947
26.2866001129
25.1157741547
34.2485313416
25.2221412659
27.099029541
30.8800354004
25.3444652557
30.9952602386
33.4437675476
35.3465042114
27.6284446716
33.138130188
34.4543838501
26.6333580017
26.093952179
31.6646614075
25.44597435
28.9997367859
30.761920929
35.2691192627
29.211019516
26.62682724
27.2696475983
25.2509841919
22.19972229
26.5142917633
23.7658748627
21.5591907501
27.3705539703
27.3729915619
22.1559429169
18.8697662354
23.6183261871
26.4817466736
25.7880916595
31.8234653473
29.1573905945
30.6691989899
33.8246650696
39.3256034851
30.1413116455
27.1544036865
31.4632225037
21.9669723511
22.5028514862
25.6125240326
19.7461662292
24.6464710236
24.4062004089
24.4918174744
26.6551856995
22.9818058014
30.2052764893
29.3068084717
35.3290557861
31.9807071686
33.4165725708
32.3203659058
29.0726566315
34.1408348083
28.3605613708
33.6134681702
36.4094734192
36.4976158142
40.6847724915
40.3683662415
45.0072212219
42.748500824
45.7330818176
43.3388061523
45.1763191223
44.5099906921
45.1290092468
44.0028877258
41.236000061
44.9592323303
48.7251319885
47.4646339417
48.1069107056
40.3847846985
44.4116706848
41.6911811829
42.5378456116
41.638961792
34.6772689819
38.2362670898
34.3208808899
37.656162262
37.262046814
44.8727073669
43.21068573
48.3484153748
40.6200332642
43.6197471619
45.2862091064
38.9300727844
34.0710868835
39.9463806152
38.2195167542
40.2836112976
42.5925331116
42.5983734131
45.7050476074
45.2621841431
49.1700019836
49.2032432556
52.7606620789
49.6269416809
53.5253334045
46.9450416565
44.4382781982
46.2327346802
42.5776405334
41.3808898926
36.8766365051
37.7562828064
35.9033737183
37.7127075195
37.1686630249
33.7683105469
38.8817024231
34.1901741028
42.5412368774
39.0154533386
29.1316680908
34.9684028625
35.5232086182
36.0755767822
38.5076332092
33.8277816772
32.061832428
33.3059539795
28.787103653
27.4477329254
32.6243667603
28.5755271912
28.0785770416
24.7059707642
31.1167144775
30.8399925232
23.5808410645
29.6970882416
29.9413852692
30.9928264618
31.5095710754
34.455821991
35.8867950439
33.9406318665
43.5081748962
39.3716049194
42.4650192261
41.4456672668
31.5167884827
35.5122718811
37.2433586121
36.1800956726
38.6635398865
39.852809906
38.1330528259
95.5802993774
82.7851104736
81.1148223877
71.8554840088
30.1875705719
28.3820571899
30.191865921
26.6115894318
34.3143386841
28.954000473
30.5516738892
30.4238090515
29.4496231079
32.2420425415
34.9822807312
39.6866760254
35.5589447021
38.185295105
38.4317245483
31.7446498871
28.1203842163
30.5867195129
26.323425293
24.1565227509
28.6614646912
31.3856544495
24.34167099
22.7335224152
27.5969314575
26.9934101105
29.9524364471
33.2363891602
34.9742355347
36.0631332397
41.1485176086
40.4469490051
36.4274291992
32.1649208069
30.6692028046
32.4867134094
30.6706867218
25.1295375824
26.2450122833
22.5659160614
24.6840248108
32.8861465454
25.4132709503
28.3206634521
35.2361679077
31.5888977051
31.0633239746
34.7122955322
33.8325805664
35.0451545715
31.5672664642
31.3404464722
32.0054664612
31.2287502289
31.6867809296
32.8493804932
37.3105163574
35.9411315918
35.9526863098
36.1697349548
35.9502563477
41.905834198
37.1352806091
38.6663856506
42.2809104919
38.8130111694
42.3117485046
44.1697387695
48.4530220032
48.1542778015
50.4019088745
47.6553497314
50.1416511536
51.2697868347
51.2089271545
50.2829971313
49.0754013062
52.678276062
55.0711021423
55.5750541687
55.4867973328
49.7330970764
54.4898757935
53.4080352783
51.0168914795
51.018901825
44.7325172424
45.2121620178
40.818862915
43.2174873352
39.7938613892
47.3669624329
45.7985458374
50.613445282
42.4710845947
43.7156867981
45.1368255615
41.4155921936
38.5047836304
45.003578186
46.2140274048
47.112449646
51.5127220154
52.7754325867
55.9198074341
56.786605835
59.2852706909
60.3053398132
62.4894828796
58.5610847473
60.7867240906
56.6585159302
53.1773109436
54.0270347595
51.4954032898
48.625453949
45.6751441956
43.3423118591
42.0534210205
43.700138092
40.7209434509
37.8650970459
40.3654174805
34.8272285461
43.5857391357
42.0371322632
35.0002555847
42.1004676819
43.924282074
44.0058174133
45.7635002136
44.5060577393
41.6125068665
40.6511268616
38.1751289368
33.66015625
38.1480178833
35.2174758911
36.1367988586
34.6378250122
40.3918418884
41.0473365784
36.9879226685
42.403213501
41.7599067688
43.0519447327
45.5502166748
46.462474823
47.5988578796
46.0337600708
52.1707229614
50.2146339417
53.0539054871
52.4282112122
45.3229675293
46.7315330505
48.488067627
48.0372009277
47.8066673279
47.3518600464
46.9618415833
85.9901657104
69.0356674194
67.0189590454
60.2336616516
44.4687919617
44.0517082214
45.8328971863
41.7972373962
52.2409095764
42.6031608582
46.9586105347
51.4768066406
53.5386238098
58.20860672
60.4884147644
62.2440719604
56.424118042
62.7029838562
58.3226776123
56.0750389099
53.3938522339
52.1968307495
51.2859306335
50.9380950928
50.0190658569
50.3946723938
51.5324745178
46.4500045776
50.4020767212
48.823223114
46.3736610413
51.8096084595
50.7729797363
45.4265861511
52.5416793823
46.7490921021
48.446346283
49.4625854492
44.5099906921
52.0920753479
52.7244224548
51.4777183533
54.4616775513
49.795375824
51.2697868347
58.3583984375
59.8513412476
57.9707183838
55.4060249329
53.8362007141
52.3882522583
50.0389862061
52.3815727234
44.0145301819
45.5359687805
48.6684532166
45.0900878906
41.0068130493
37.8762168884
43.0016517639
40.3932304382
40.4271697998
32.9288864136
33.1824607849
34.9155502319
32.1255645752
32.3636703491
27.3184204102
29.3083992004
26.0688838959
28.4696063995
28.0377216339
23.2907333374
23.1797332764
20.0696392059
19.0040798187
19.6424694061
24.2986240387
17.9700450897
23.4100627899
21.6284770966
21.3700408936
27.9161567688
28.2175960541
32.0064163208
25.4311656952
31.372461319
28.76820755
33.0514640808
28.4020996094
26.4972248077
25.9173793793
25.6142749786
22.0987911224
26.7370052338
31.2463588715
24.8520851135
32.1079292297
28.6979103088
33.4902877808
37.2269439697
30.4878730774
27.9834079742
28.5888595581
27.2311553955
23.7564601898
27.4035701752
24.5746250153
29.2719593048
26.9338417053
29.6926250458
32.3230171204
30.0530757904
25.5923976898
31.6394672394
25.1477985382
21.6607170105
22.7574310303
24.3109493256
20.9416542053
24.9356899261
27.7493190765
30.1896247864
31.6796989441
34.6263847351
36.2235946655
43.1372108459
41.1984710693
45.6783485413
40.660900116
31.0774021149
34.4149627686
30.6893119812
33.5718193054
38.1997261047
36.1346664429
36.5502891541
40.5158920288
35.9575881958
37.9894485474
37.4303741455
30.3129291534
36.5789337158
35.5056533813
33.4477958679
33.9321632385
35.6306114197
37.064956665
31.5592365265
34.9411849976
39.0013809204
36.3058280945
32.6776275635
34.1819000244
36.9941749573
32.1758079529
32.4994659424
32.4875144958
30.1067409515
32.2940826416
33.27709198
30.4804039001
32.6927223206
27.9816818237
27.9008960724
96.2397537231
81.3565826416
79.1150665283
72.0153579712
44.2860069275
44.7757034302
46.4146614075
43.3240203857
53.2902030945
43.609916687
47.5080375671
52.4693946838
52.4102668762
57.2945289612
59.5029182434
60.8393440247
54.6312446594
60.622833252
58.2236061096
54.6232032776
52.9318122864
53.4390716553
51.1031990051
51.9684448242
51.0283050537
52.5086288452
52.0658035278
47.5445594788
50.5637245178
48.4057159424
45.8036766052
50.4506034851
48.7205581665
43.4709243774
50.1895751953
46.1023521423
46.1102676392
46.9640960693
42.5983734131
50.4949531555
52.1143493652
51.1007156372
55.1236152649
50.9177398682
52.7754364014
58.6896209717
60.6826934814
57.3862495422
54.3812141418
54.5350227356
50.5612754822
49.2386436462
51.0974845886
42.4279251099
45.03150177
47.8081092834
45.4124641418
42.4561576843
38.0171127319
44.6369590759
41.7938041687
42.6549491882
35.8694381714
36.2463493347
36.9034881592
33.0927047729
32.9348640442
27.8455619812
32.2965431213
29.2602310181
33.6751251221
34.4279022217
29.8493061066
31.6890487671
28.0559825897
28.5989246368
27.7632961273
30.5636386871
24.57462883
25.2496261597
27.3381729126
23.06889534
23.2623271942
29.4628772736
28.1556949615
31.7182559967
23.2206878662
26.7004909515
23.4045944214
30.2535972595
26.2686214447
25.4614391327
28.267786026
28.8383750916
27.9825839996
32.872051239
37.7487716675
33.0695381165
39.3193511963
35.5331497192
40.3903198242
43.5523262024
36.1438713074
32.2835540771
33.0889778137
29.2505207062
27.1347827911
26.8053150177
26.4701461792
23.8195552826
28.7641067505
30.257598877
31.0605316162
27.438615799
32.4618034363
23.9114456177
22.7989444733
26.0660991669
25.7871208191
26.2954177856
26.6527442932
32.0719299316
33.3383369446
35.222328186
38.6255226135
39.3325500488
46.1445350647
44.3876037598
48.9663887024
44.1766242981
33.6832008362
36.4467926025
32.4546279907
35.2513008118
39.8643074036
35.7420692444
36.7066192627
41.2499046326
36.2142906189
39.2926216125
39.6902389526
32.4133453369
36.9880981445
35.7454338074
34.0504875183
33.2258262634
34.2546234131
34.9664840698
29.8828220367
32.1909217834
35.7045593262
34.3202972412
30.7714576721
32.8445739746
37.3009872437
30.9056472778
30.7658786774
29.3458175659
26.2161140442
29.5966300964
29.7337913513
26.2338447571
31.1379165649
28.4843406677
27.1636581421
86.499206543
71.8628463745
69.2445526123
61.8185958862
34.3024139404
32.2278366089
33.1309890747
28.1698894501
37.6145172119
27.2662010193
31.7927799225
36.946182251
37.8427352905
41.9054069519
45.5058708191
47.9027824402
43.3499298096
49.1379814148
46.6434783936
41.6890106201
39.6245346069
40.2605056763
36.1005401611
35.4455528259
33.8132972717
35.7773742676
36.2320823669
32.2112884521
36.9392127991
37.2587509155
35.464756012
41.311630249
41.0676078796
36.6879959106
42.9622344971
39.2145843506
37.3929100037
36.5439987183
32.6243667603
40.7619590759
39.4600486755
38.6995849609
41.5126838684
37.4173049927
38.1480140686
44.0763587952
47.6876716614
43.3959732056
42.7604598999
43.771697998
40.1122055054
37.0721931458
38.1659736633
31.8058547974
32.582950592
33.2877159119
31.495880127
27.9636726379
25.9673748016
30.4674167633
31.3509254456
33.2660484314
28.1322612762
30.4699211121
31.8856449127
29.064912796
33.5522155762
26.8042087555
29.2524318695
32.1653594971
29.6401977539
33.3908157349
33.4001541138
35.765045166
34.2583961487
36.580039978
35.887298584
37.9285888672
37.4303741455
38.5111961365
39.4979133606
36.7569656372
40.3682327271
44.4909057617
44.5165939331
45.2195014954
38.5993423462
43.1515617371
40.9494247437
39.6713981628
38.6732826233
32.408618927
33.4038047791
28.4211940765
29.8030338287
28.5067214966
34.4973526001
33.3642883301
36.8549194336
29.9787712097
32.1125488281
34.6131973267
28.5085277557
25.8393440247
31.4319972992
31.7336540222
33.9746589661
37.7364730835
39.6902313232
42.2568321228
42.7675285339
44.5299110413
46.1342964172
46.8630256653
43.7616615295
47.8251266479
42.9060173035
38.6449241638
39.7750892639
36.9656257629
33.9624214172
30.9682998657
29.062959671
27.4732913971
29.0857448578
27.8147373199
26.2199649811
31.701625824
28.7723655701
34.2695198059
30.2222290039
21.802318573
28.1128253937
28.6230163574
30.3829517365
33.188911438
31.4400272369
29.4736385345
29.5710048676
25.2788581848
23.4927635193
22.6056728363
27.0866661072
24.5641803741
26.9984893799
28.9562320709
28.2828865051
30.8672580719
28.8043785095
32.8852882385
35.9359359741
34.1746406555
34.9610366821
32.6723670959
39.2292022705
35.9318389893
38.8226203918
38.9303092957
33.8964576721
34.4947280884
37.401550293
37.8081130981
37.8798561096
36.6036567688
37.5268745422
