2.96948289871
5.13040399551
5.77149963379
6.03499937057
9.71593952179
14.1988630295
16.5520401001
16.9936237335
17.0488491058
17.868555069
20.0177230835
18.6406536102
21.0529460907
19.444732666
15.9225931168
13.9345369339
14.2524213791
12.1322870255
14.5231218338
10.6584300995
12.9498376846
10.0983419418
9.45421695709
12.3033847809
13.6086654663
14.2509660721
13.5177516937
14.8414669037
12.0168008804
12.2450046539
8.7299489975
12.7340993881
10.2535896301
13.1750583649
20.3498897552
22.3607158661
19.1863498688
16.9352874756
21.5285015106
21.6914291382
17.0104084015
18.1603679657
22.0015277863
20.0976486206
17.282081604
21.8266525269
23.5007457733
22.9277496338
27.3116397858
27.1805610657
27.7380504608
23.6217918396
19.8848304749
18.1626205444
15.3644943237
13.8923768997
11.1493711472
10.8973474503
6.79675149918
10.9157772064
7.79781579971
10.032708168
13.5748023987
9.93185901642
10.8039875031
6.82963323593
11.2537984848
10.0005750656
14.0960388184
17.7624225616
17.5083198547
20.6101150513
21.9816131592
25.7154159546
25.248298645
29.5825805664
29.0696315765
27.8168563843
31.9555053711
33.5373458862
33.3860054016
34.466381073
36.930896759
38.9752616882
41.6419525146
41.7034835815
40.3923377991
37.9093132019
40.3560180664
42.9001655579
41.4751205444
36.7461662292
38.413684845
40.8172264099
36.0849189758
32.9654655457
36.4268264771
37.1744117737
32.244594574
31.1567134857
35.2238731384
33.5980072021
29.9351425171
31.3446235657
33.4058570862
29.3105049133
29.0127696991
32.6612358093
33.2410621643
30.0432834625
32.00415802
27.9711704254
29.4974689484
26.1880588531
28.4908809662
26.7969436646
29.0684604645
27.3891963959
29.1349658966
25.4241065979
24.0295600891
26.4109039307
23.1453304291
26.6712112427
26.7235031128
28.9250164032
30.1307144165
31.244977951
28.6438293457
28.5282993317
24.4052696228
25.1116371155
21.6348838806
20.6470069885
22.539232254
23.3630371094
22.2612323761
28.7930488586
30.4675483704
33.9314804077
34.8940925598
33.1834411621
33.2385597229
36.9953079224
40.4184646606
39.3315162659
35.8680992126
38.5097808838
42.3001670837
39.4293403625
38.574306488
37.2235031128
37.1319618225
34.0655708313
36.3385353088
34.785068512
37.089263916
34.5574684143
32.2521972656
36.7987289429
38.7311782837
33.9094200134
34.569858551
38.0189933777
37.205165863
34.2093582153
39.4850196838
40.1679954529
36.7977714539
37.0006217957
41.9036026001
42.404460907
41.3928070068
42.0133399963
38.7260665894
41.0066947937
40.8850784302
39.1364021301
37.8012771606
38.9045028687
38.8401107788
37.8338127136
43.0431289673
42.0136184692
39.2034683228
42.9182853699
46.3604393005
43.3434371948
43.577999115
47.1728057861
48.1867828369
47.9703559875
47.5515518188
50.1839523315
51.1050682068
49.4821586609
53.3335990906
53.7242126465
55.4794273376
51.6706237793
46.9588241577
50.6576652527
49.1929168701
48.409122467
51.059803009
48.9102668762
45.0143089294
43.7555541992
43.0335197449
48.9877738953
48.8260269165
53.5185890198
52.8336639404
49.5431747437
52.3901252747
55.279094696
51.9753379822
54.4800186157
51.7835083008
53.0997047424
54.5028419495
49.2081871033
52.5448265076
51.7531318665
47.2307052612
46.1277580261
48.6267967224
49.1305274963
46.9866943359
48.9605445862
51.866809845
48.995098114
46.0720100403
49.5655250549
48.2937927246
43.872089386
43.4703369141
46.6020202637
45.9349632263
40.7177810669
42.7706222534
46.0810317993
45.8977661133
46.0360298157
42.3742408752
44.731098175
47.2956085205
41.7141304016
42.3198852539
40.2304878235
37.4950561523
39.3957366943
42.4490890503
41.2720146179
39.7082099915
44.6903686523
46.0263900757
48.2190933228
44.5739059448
42.00598526
48.2693939209
45.8392829895
41.6099967957
40.6313095093
35.6501159668
37.3369064331
35.0827407837
33.1937255859
35.343788147
30.1925830841
31.6463756561
5.13040494919
2.97780799866
5.07140874863
7.64211034775
10.2039413452
11.831817627
15.9186954498
18.9619369507
20.219953537
20.4831542969
21.6653118134
24.002166748
22.9648952484
25.4669303894
23.8253288269
17.9651641846
18.261013031
15.4710445404
17.054977417
12.8985500336
13.5506210327
10.4828739166
8.04027080536
10.912197113
13.4249801636
14.3516340256
14.6718702316
16.7033309937
14.739358902
15.8541669846
12.710808754
17.1817588806
14.2090520859
17.4593582153
23.3712539673
25.8282852173
22.9292869568
20.2057266235
24.5615749359
25.5092868805
20.8603057861
21.4495677948
25.4502716064
23.8976726532
20.4307727814
24.8245315552
27.100227356
26.1027908325
30.7288627625
30.4003734589
31.3256454468
27.3448352814
23.6483745575
21.3107738495
18.9881591797
16.8082180023
14.045920372
14.3033037186
10.0907344818
13.717218399
10.0661115646
11.3223781586
16.1220321655
13.126999855
14.8255004883
10.9672241211
15.54708004
13.6432933807
17.9756183624
20.9898357391
20.4026737213
23.8883514404
24.7555885315
29.0333862305
29.0049972534
33.4522285461
32.991153717
31.2427387238
35.4174728394
37.3220901489
36.9800796509
37.7704353333
40.3731880188
42.5331878662
45.0038528442
45.0506401062
43.8919715881
41.5022506714
43.7805976868
46.5326080322
44.9041252136
40.2047386169
42.1675033569
44.4879989624
39.6149139404
36.5980567932
40.3584403992
40.819732666
35.8278083801
35.1041717529
39.1750564575
37.2244873047
33.7809906006
35.4099006653
37.2509002686
32.9175033569
32.9381446838
36.7063827515
36.9349899292
33.6175346375
35.7805137634
31.9790382385
33.7277526855
30.5336589813
32.8553962708
31.2593784332
33.4286384583
31.7348957062
33.2910766602
29.5824985504
28.3259086609
30.4684753418
26.9258880615
30.0889072418
29.7043762207
31.5237731934
32.6885681152
34.3444023132
31.9071617126
32.1977310181
28.0144042969
29.1703109741
25.8577709198
25.064743042
26.8131847382
27.7629337311
26.552822113
33.0820274353
34.8200263977
38.3402366638
39.1924781799
37.5562667847
37.7109146118
41.4648361206
44.8874282837
43.7624320984
40.3120536804
42.9596557617
46.7247390747
43.7786445618
42.9211006165
41.4254379272
41.2592277527
38.4112014771
40.6246261597
39.0053710938
41.4174003601
38.9569854736
36.5832901001
41.0799217224
43.1534309387
38.294052124
38.7956123352
42.3010520935
41.5257301331
38.4186134338
43.573600769
44.3284873962
40.9127883911
40.9434509277
45.8583183289
46.4142837524
45.1824989319
46.0674629211
42.9217681885
45.307636261
45.2649993896
43.4102058411
42.121055603
43.1220970154
43.145149231
42.2001113892
47.4039077759
46.3457870483
43.6200218201
47.3646125793
50.764289856
47.6826171875
48.0270500183
51.629863739
52.5632019043
52.363155365
51.9805755615
54.6419334412
55.5735855103
53.9525756836
57.7906341553
58.1351623535
59.9076957703
56.1009254456
51.3852844238
55.0226669312
53.5602493286
52.8291435242
55.4519119263
53.2367591858
49.3790893555
48.0576629639
47.3794059753
53.3948783875
53.1802253723
57.9046325684
57.2054977417
53.9643440247
56.8083686829
59.7288093567
56.3991470337
58.9170722961
56.194152832
57.4596595764
58.7986373901
53.4942817688
56.7337150574
55.9765434265
51.474861145
50.2630195618
52.6688957214
53.0297012329
50.973575592
52.8605079651
55.9131393433
52.9153556824
50.1114883423
53.6830825806
52.4256248474
47.9792976379
47.7068061829
50.887386322
50.1558418274
44.9844474792
47.1432037354
50.4399528503
50.3472442627
50.4038848877
46.7259559631
48.973690033
51.5769004822
46.0532875061
46.491558075
44.3065261841
41.4972915649
43.1521186829
46.3791542053
45.2323303223
43.473400116
48.4628944397
49.9441986084
52.0177726746
48.4063110352
45.7360420227
51.8018188477
49.2891197205
45.0256843567
43.8526992798
38.6936950684
40.4373703003
37.9113731384
36.1788253784
38.0373306274
33.0189323425
34.2006645203
5.77150011063
5.07140922546
2.79095458984
5.18468666077
8.87123966217
11.3753786087
14.1402740479
17.3629016876
19.4827079773
18.674905777
20.57771492
23.4600601196
22.234003067
24.9135761261
23.6707019806
20.0344753265
17.7497673035
14.7046546936
14.6216564178
10.1657772064
10.4017829895
6.43091726303
5.99081611633
7.36778974533
9.2323513031
10.3495359421
10.4715242386
12.9801273346
11.3536014557
13.2098617554
11.059419632
16.21434021
14.7741394043
17.7155990601
24.0693206787
26.0469608307
22.8666954041
20.169052124
24.3628730774
24.7077178955
19.8551712036
20.1258640289
23.9434337616
21.9703502655
18.1501693726
22.4076881409
24.5369148254
22.9556674957
27.4420623779
26.8333072662
28.0396213531
24.3577232361
20.6740074158
17.93126297
16.4015083313
13.4652137756
11.4935483932
12.9874925613
9.591755867
14.7999210358
12.1628818512
14.3641166687
18.5239906311
15.0111732483
15.216088295
11.26927948
14.1716327667
11.0374860764
15.3916501999
17.5136451721
17.1467456818
20.6535701752
21.6107349396
26.2529602051
26.6238765717
30.9192447662
31.1101341248
28.9794273376
32.633102417
34.973072052
34.9175224304
35.3001251221
37.7650642395
40.2315254211
42.6600036621
42.3134689331
41.1120529175
38.6009712219
40.614654541
43.374961853
41.5183296204
36.9218330383
39.1584587097
41.2275085449
36.222240448
33.4327316284
37.4230461121
37.5091514587
32.484161377
32.2249221802
36.3028259277
33.9908447266
30.8916072845
32.8765220642
34.5140647888
30.0958423615
30.5455932617
34.4869918823
34.495891571
31.2732658386
34.1396560669
30.0787067413
32.1015396118
28.7184963226
31.6722049713
29.9402084351
31.5072193146
30.1204395294
31.2231807709
27.9054431915
26.4047851562
27.9635639191
24.0921497345
26.9406433105
26.0879535675
27.8154144287
28.744468689
30.7002449036
28.3562736511
29.023601532
24.7957992554
26.539352417
23.6112136841
23.5140171051
24.9641780853
26.6549777985
25.9041366577
32.7091560364
33.9454727173
37.5664176941
37.9683647156
35.9725723267
36.6901397705
40.2021102905
43.7124443054
42.6262969971
39.4685249329
42.2496147156
46.085849762
43.3751831055
42.2503089905
41.1133956909
40.6879501343
37.4193153381
39.131061554
37.153011322
39.609046936
37.3782539368
34.6479606628
38.8969650269
41.4395256042
36.4175071716
36.423664093
40.0812225342
39.5486869812
36.1749992371
40.9789772034
42.0391387939
38.8114776611
38.3460464478
43.2873916626
44.1576271057
42.8514556885
44.3029212952
41.2269554138
43.539516449
43.7960968018
42.2275619507
41.2881317139
42.6819648743
42.8084220886
41.9121131897
47.0280265808
45.7107505798
42.6888809204
46.5530815125
50.0541992188
46.6435394287
46.7517318726
50.5712242126
51.4796142578
50.7946281433
50.3479347229
53.260684967
54.4559936523
52.8019981384
56.5683898926
57.0254364014
58.4541015625
54.5599899292
50.1170349121
53.7194747925
52.6048698425
51.9089393616
54.756893158
52.6704864502
48.7708091736
47.8084373474
47.1690406799
52.8524208069
52.9590034485
57.5205192566
56.903842926
53.4187774658
56.1332931519
58.8564033508
55.390460968
57.5023078918
54.4379119873
55.7352523804
56.7642669678
51.3133163452
54.4320220947
53.9938659668
49.3998680115
47.9011421204
50.2743263245
50.3513793945
48.2406005859
49.913356781
53.1246986389
49.9072570801
47.3259887695
51.0819587708
49.7683105469
45.2901000977
45.3349151611
48.5985984802
47.7383728027
42.6813049316
45.1726913452
48.4585227966
48.8656349182
48.7795562744
45.1328926086
47.2363624573
49.6155891418
44.1469154358
44.0672950745
41.8203315735
38.8261642456
40.2452774048
43.5778083801
42.3705673218
40.3585624695
45.3403587341
46.9464416504
48.8382987976
45.2967681885
42.4936599731
48.3186187744
45.7555999756
41.463218689
40.1663093567
34.9012260437
36.7818412781
34.2048225403
32.7128181458
34.7368965149
29.8028373718
31.4737854004
6.03500080109
7.64211034775
5.1846871376
3.41298794746
6.79422998428
8.25320720673
10.662106514
13.5209875107
15.5822277069
14.5538330078
16.5507278442
19.6325321198
18.6002140045
21.5311889648
20.860824585
16.7440319061
14.2551345825
13.1191768646
10.9704971313
10.7852449417
6.56097650528
8.23597717285
5.93752717972
6.66877412796
9.40688514709
9.69760131836
9.56619930267
9.04642105103
10.0787239075
7.97670269012
9.45884132385
7.51169300079
12.9820718765
12.1409463882
15.3682889938
23.7860126495
25.1907405853
21.6702861786
19.6887550354
24.0858974457
23.2949981689
18.4102802277
19.3961963654
22.8931026459
20.1783370972
17.1800117493
21.5607910156
22.6647510529
21.2626686096
25.1263847351
24.4052886963
25.1760883331
21.6706943512
17.6229381561
15.7690219879
14.3305873871
11.6552667618
10.6360435486
9.34421157837
14.9547548294
12.6439714432
15.1154708862
18.186466217
13.9624147415
13.759478569
9.55856704712
11.6322059631
8.44544410706
12.2717180252
14.4743051529
13.5176525116
17.0215435028
17.8869743347
22.263217926
22.553560257
26.948600769
26.9804496765
24.8306312561
28.6424789429
30.8730144501
30.7209854126
31.1843128204
33.6831550598
36.0621566772
38.5068626404
38.2778282166
37.10206604
34.6853179932
36.840549469
39.7007446289
37.9868621826
33.2964172363
35.4492759705
37.8044929504
32.8961906433
29.8589038849
34.0109825134
34.4917640686
29.3683757782
28.94506073
33.2611885071
31.2804756165
28.1545715332
30.0115966797
32.0365486145
28.0089988708
28.2060279846
32.0243797302
32.5879745483
29.6212558746
32.4976272583
27.918548584
29.5926208496
25.666475296
28.935585022
26.5579338074
28.0384101868
26.358001709
27.2750320435
23.9103145599
22.699054718
24.2216720581
20.3513145447
23.2035121918
22.7455272675
24.5395488739
25.8407707214
27.423997879
25.0857105255
25.5879802704
21.583360672
23.3275470734
20.1802825928
20.142616272
22.128370285
23.9098339081
23.5862979889
29.1097583771
30.1967487335
33.9718170166
34.0656089783
32.218082428
33.3011665344
36.9209098816
40.4521713257
39.6285629272
36.4473075867
39.0107040405
43.0494728088
40.634311676
39.598690033
38.8170967102
38.5893974304
34.7918205261
36.5259475708
34.5312080383
36.693447113
34.3420295715
31.5779094696
35.7358207703
38.0080070496
32.9244995117
32.9432945251
36.4695472717
35.8052864075
32.38621521
37.2795257568
38.1612319946
34.8039321899
34.4421539307
39.3535041809
40.1047363281
38.7330360413
40.1698989868
37.1833267212
39.6348342896
39.9841194153
38.2674865723
37.4674263
38.902721405
39.2215156555
38.5782966614
43.5515213013
41.9879951477
39.0247955322
43.0785217285
46.4605026245
42.7972679138
43.1208496094
47.0367927551
47.6772918701
47.0044059753
46.7269287109
49.688419342
50.9909934998
49.4920043945
53.3660926819
54.0771789551
55.335308075
51.3802490234
47.0952339172
50.9127388
49.8474617004
48.9467010498
51.8686981201
50.0087776184
45.9976348877
45.1416664124
44.2620925903
49.8083534241
49.8924369812
54.4152565002
53.6440429688
50.1013679504
52.6104545593
55.3837776184
51.7143287659
53.8115844727
50.8186531067
51.9016532898
52.9220237732
47.5871772766
50.5683059692
50.0210151672
45.5017127991
44.0148849487
46.2946357727
46.4276313782
44.466960907
46.2764854431
49.563117981
46.5029792786
43.7725563049
47.4057006836
46.3516273499
41.9287986755
41.7521705627
45.1437416077
44.5108718872
39.3322944641
41.680721283
45.219203949
45.5492897034
45.8394012451
42.2698669434
44.6167259216
46.7459411621
41.0832138062
41.0672874451
39.0590744019
36.0332374573
37.7993087769
40.844909668
39.4089622498
37.5557937622
42.5461349487
43.8206596375
45.7372436523
41.9231071472
39.3562660217
45.3044700623
42.5816726685
38.3925704956
37.0483474731
31.9133205414
33.4784507751
30.9043159485
29.1529808044
31.0919971466
26.0782775879
27.6263751984
10.0298395157
10.2039451599
8.87123966217
6.79422903061
3.15065693855
6.21882820129
7.14400434494
10.8107852936
14.2356033325
14.1921453476
16.570854187
20.0713653564
20.4179096222
23.9243812561
24.134765625
18.8683681488
15.3947582245
14.3359661102
10.7372179031
9.60618877411
6.61415863037
6.47902011871
8.39094352722
6.21962499619
11.2677955627
12.0051841736
9.99538421631
11.5629177094
10.7760658264
10.5376968384
12.2143974304
10.6749734879
16.2893276215
14.2983188629
18.9896774292
29.1760940552
30.5383701324
26.9389858246
25.3851909637
29.9597415924
28.7508678436
23.9607601166
25.426404953
28.763376236
25.6207523346
23.1418037415
27.4564228058
27.9013404846
26.3713417053
29.4187526703
28.2011871338
28.6706237793
25.850189209
21.3991374969
20.4247589111
19.6668300629
16.8901596069
16.7231826782
18.2446956635
15.1102209091
20.1353321075
16.9767055511
18.6039924622
21.7181892395
17.0704803467
18.3697528839
13.6538105011
16.4687995911
13.7304668427
16.4279460907
17.7851028442
14.4278450012
18.5282154083
17.5631713867
22.1963062286
23.1211166382
27.9600467682
27.2847728729
24.1389636993
28.657989502
31.0961208344
30.042345047
30.1937961578
33.1602592468
35.3885650635
37.3517494202
37.5970840454
36.9252319336
35.1104431152
37.2793884277
40.8361358643
39.1247673035
34.3564453125
36.8241882324
39.7422943115
34.93309021
31.5314598083
36.5243682861
37.4336051941
32.1269836426
31.9291725159
36.6555976868
34.925945282
32.1483612061
33.9462432861
36.3914642334
32.8217048645
32.9256973267
36.5582084656
37.6542167664
34.9586715698
37.8765258789
32.894985199
34.1198425293
29.4692268372
32.9919509888
29.5264892578
30.9548206329
28.4001197815
28.7203407288
25.0858325958
25.1027088165
26.3470954895
22.2779197693
24.2501964569
23.9597396851
24.8282661438
27.0172348022
28.8605861664
27.0234355927
27.8813552856
24.5128364563
26.801984787
23.4128875732
23.3726997375
26.351732254
28.0249061584
28.0592308044
30.5602684021
31.735490799
35.9082260132
35.2757644653
34.1967201233
36.0002975464
39.9672966003
43.469367981
43.1446533203
39.8009223938
41.7983856201
46.1955070496
44.1748847961
43.4686775208
42.9922370911
43.1674537659
38.8956947327
40.8137969971
38.8566627502
40.5552406311
37.9922294617
35.2533416748
39.1645240784
40.8435554504
35.7039489746
35.6857681274
38.8713569641
37.8601417542
34.3040122986
39.2124328613
39.65102005
35.827835083
35.6012001038
40.3418540955
40.7518692017
38.7368507385
40.4665489197
38.0396461487
41.082485199
41.6703948975
39.2144737244
38.6731681824
39.7578392029
40.6805839539
40.7418365479
45.4051895142
43.3265266418
40.8669052124
45.3457374573
48.288848877
44.056186676
45.2635955811
49.2900886536
49.1195907593
48.7568016052
48.999130249
51.9955291748
53.4420280457
52.3323745728
56.441619873
57.583530426
58.635761261
54.6054420471
50.5699615479
54.7407875061
53.6370201111
52.3710327148
55.2914848328
53.7500686646
49.5939750671
48.6752586365
47.3242607117
52.8391647339
52.6090621948
57.1815567017
55.9822769165
52.5289878845
54.6014671326
57.6448936462
53.5101356506
55.7811965942
53.5092697144
54.4962921143
49.5415649414
51.9882354736
51.1122245789
46.9167404175
45.3656959534
47.1789741516
47.2404327393
45.9163742065
47.9229164124
51.6147651672
48.778755188
45.9125785828
49.2911109924
48.9275588989
44.6634902954
44.1060714722
47.8201217651
47.6392440796
42.3057899475
44.3520469666
48.4079856873
48.5120582581
49.5514717102
46.131942749
48.8380813599
50.5822257996
44.6354560852
44.6568946838
43.034286499
39.924079895
41.9930686951
44.6860656738
42.858341217
41.0865936279
46.0170135498
46.7828445435
48.533706665
44.1938934326
42.0601959229
47.8247566223
44.6003417969
40.6836624146
38.8484611511
33.799621582
34.6168670654
31.4610595703
29.4032077789
30.1760063171
25.4514389038
25.5674324036
9.71593856812
11.831817627
11.3753786087
8.2532043457
6.21882820129
3.67974185944
6.29864263535
8.36391830444
9.80458164215
10.8538455963
12.1109809875
15.0988931656
15.6614360809
19.1440143585
19.5217628479
13.9381856918
10.3435430527
10.1505889893
6.37754201889
8.39119148254
6.86921167374
9.71699619293
11.6375541687
10.5577964783
15.5383520126
15.7011947632
13.7803401947
14.0536088943
12.141913414
10.6040039062
10.4793586731
8.12891197205
12.4228506088
9.67785644531
14.7473888397
26.3601455688
27.4049243927
23.7793865204
22.9794979095
27.7136878967
25.8805103302
21.4187278748
23.7317962646
26.8215065002
23.5079059601
22.1687297821
26.5726718903
26.2905921936
25.6327438354
28.3118019104
27.4777984619
27.2308578491
24.1934738159
19.6760425568
19.912273407
18.3279876709
16.8338470459
16.4429588318
16.9019641876
13.9754447937
18.0138034821
15.0504722595
16.5448760986
18.35962677
13.436167717
15.1043043137
10.7369346619
13.8049678802
12.6971616745
14.572479248
17.1006526947
13.7020435333
17.2397232056
16.6718540192
20.1354808807
20.1593112946
25.0707817078
23.6040248871
21.3198471069
26.3957118988
28.028470993
26.8282909393
27.7323532104
30.6985321045
32.4727554321
34.6977767944
35.3750572205
34.5882873535
32.8303451538
35.4625282288
38.8126602173
37.5704421997
32.6787872314
34.5529060364
37.8629722595
33.3804664612
29.6178474426
34.1401176453
35.778842926
30.5891723633
29.5907936096
34.3508338928
33.3629302979
30.1423950195
31.3727550507
34.2979240417
31.2036018372
30.6107826233
33.8856544495
35.6544075012
33.1260566711
35.3081245422
30.2139320374
30.8503723145
26.0566577911
29.1457691193
25.3620128632
27.3379211426
24.3447151184
25.1340503693
21.0924930573
21.4704380035
23.4213314056
19.9848918915
22.5545310974
23.3045444489
24.684091568
27.1779689789
28.0518665314
25.9916210175
26.0455589294
22.9383430481
24.2912254333
20.3904628754
19.5982780457
23.2394351959
24.2031650543
24.2274284363
25.4642391205
26.9578323364
31.0894203186
30.768907547
30.0558586121
31.4864368439
35.6986846924
39.1130752563
38.9281921387
35.3452720642
37.0814476013
41.5258789062
39.545337677
39.1163864136
38.6614761353
39.2025184631
34.8742256165
37.2355079651
35.6397323608
37.0504112244
34.2052764893
31.8422451019
35.9087257385
36.9176521301
31.9604892731
32.5205459595
35.4318618774
34.1095314026
30.8919773102
36.2373161316
36.2529335022
32.2450141907
32.6951828003
37.3693580627
37.3866462708
35.6337852478
36.5688285828
33.9836769104
37.066242218
37.3600769043
34.6607933044
33.8381996155
34.681438446
35.5531921387
35.6764411926
40.3269348145
38.3636741638
36.1293563843
40.5727119446
43.3971939087
39.3785438538
40.8091850281
44.6799049377
44.4708061218
44.523109436
44.8660697937
47.6349830627
48.893535614
47.8854484558
52.0998344421
53.2958145142
54.5377655029
50.5686683655
46.4023323059
50.7267303467
49.3670425415
47.9395446777
50.719455719
49.2435455322
45.0624465942
43.9627113342
42.4251556396
48.0665016174
47.6051101685
52.2512168884
50.9258728027
47.6137733459
49.6944236755
52.8948326111
48.8111801147
51.4086265564
49.0581512451
49.4170188904
50.7290344238
45.967414856
48.5518989563
47.3206481934
43.2220306396
42.0376548767
43.9309654236
44.4097747803
43.1050300598
45.4278373718
48.8515625
46.3920783997
46.2633247375
46.0325737
41.8631782532
40.8235435486
44.4579849243
44.5388946533
39.0518798828
40.6389884949
44.8078575134
44.3754005432
45.7711296082
42.4008636475
45.4030799866
47.1774101257
41.0928039551
41.7208366394
40.3446960449
37.4708442688
40.0549659729
42.3802871704
40.5058174133
39.196811676
44.0888633728
44.495639801
46.5129241943
42.0128631592
40.1874885559
46.3535461426
43.2276344299
39.4248962402
37.8959846497
33.2030448914
33.7481460571
30.9638252258
28.4613513947
29.3815383911
24.4389801025
24.346534729
14.1988620758
15.9186935425
14.1402750015
10.662106514
7.14400529861
6.29864025116
2.56654405594
4.73827314377
9.4016752243
8.95814609528
11.8805646896
15.9015216827
17.0876274109
20.92329216
22.3875198364
16.6319694519
13.0013837814
11.0236520767
8.09447669983
5.21487188339
5.9306063652
7.54032611847
11.7702646255
11.8083791733
15.9757566452
15.1115322113
11.9882440567
12.7890481949
9.25269985199
9.60669231415
10.3482656479
10.389134407
14.9411392212
14.2536458969
18.7305603027
30.7427940369
31.2856578827
27.4637336731
26.8766040802
31.3782787323
28.7609729767
24.3284168243
26.465763092
29.1344165802
25.1987895966
23.9543609619
27.980047226
26.9969596863
25.6843738556
27.4164218903
25.923330307
25.6904258728
23.6454792023
19.0162811279
19.642578125
19.503118515
17.3539562225
18.5149860382
20.0382671356
17.9426670074
22.8273677826
20.3549346924
22.2036418915
23.9248352051
18.9000263214
19.51811409
15.3616867065
16.4822387695
14.3355331421
15.1343402863
15.7060709
10.5918416977
14.4158535004
12.3793859482
16.4129104614
17.5628089905
22.5048732758
21.5031700134
17.8266963959
22.6879024506
25.077123642
23.6397209167
23.6997032166
26.8161735535
28.9124622345
30.7480163574
31.2185077667
30.7264690399
29.2503547668
31.5618343353
35.4139709473
33.9228019714
29.1103305817
31.5336017609
34.9439582825
30.432674408
26.6823062897
32.0758132935
33.5965538025
28.3052539825
28.0371360779
33.0352745056
31.8617248535
29.3627033234
30.9399147034
33.881072998
31.134721756
30.9600563049
34.2200317383
36.0931396484
33.9416656494
36.8909568787
31.3459625244
31.9907932281
26.6066627502
30.5876216888
26.0427722931
27.0594844818
23.9717884064
23.5910243988
20.0902938843
21.0281734467
21.8304004669
17.9090595245
19.2471923828
19.6462993622
20.2189884186
23.2053089142
24.453458786
22.9184150696
23.664686203
21.1450862885
23.5904903412
20.1820583344
20.4369716644
24.1754608154
25.9867420197
26.8204193115
26.5127086639
27.2402915955
31.6535434723
30.1815910339
29.4954280853
32.1969566345
36.1961898804
39.6401748657
39.8362464905
36.6158065796
38.1301498413
42.8054733276
41.4123649597
40.8486862183
41.0381088257
41.4799957275
36.4382858276
38.2229385376
36.2356109619
37.3515586853
34.7193717957
31.9640102386
35.4461555481
36.6385612488
31.5176448822
31.3727931976
34.1861381531
32.9653091431
29.3336791992
34.1445579529
34.2423286438
30.2086143494
30.0612850189
34.6088180542
34.8086776733
32.5106124878
34.4530830383
32.3901443481
35.7428131104
36.6218261719
33.8737678528
33.7589225769
34.9300727844
36.3182525635
36.9488830566
41.1809043884
38.5626525879
36.2806816101
41.0810012817
43.7175331116
38.9317054749
40.5947875977
44.7766952515
44.0120735168
43.5962524414
44.1974983215
47.2955284119
48.9865684509
48.1975784302
52.4216041565
54.0250320435
54.6831321716
50.5917472839
46.9917030334
51.4447059631
50.518409729
48.9244270325
51.9580039978
50.8616256714
46.5994300842
45.9412918091
44.2017211914
49.2973098755
49.0733566284
53.4717903137
52.0113754272
48.4747085571
50.0807113647
53.1492004395
48.6324081421
50.7664680481
48.1755523682
48.1382713318
49.0060653687
44.3427467346
46.3850746155
45.3628959656
41.387386322
39.7829284668
41.2972946167
41.3552742004
40.4324226379
42.6183815002
46.5033226013
43.9543380737
40.9315414429
44.0473060608
44.2341003418
40.1766929626
39.2753677368
43.2076072693
43.4457092285
38.0572166443
39.8430252075
44.305683136
44.3764152527
46.0665512085
42.8852043152
45.9035873413
47.1155014038
40.9889984131
40.9809875488
39.8281745911
39.2262229919
41.3672676086
39.1532592773
37.6379470825
42.4181251526
42.5834655762
44.2551116943
39.4818840027
37.8464355469
43.5695762634
40.0407066345
36.4402732849
34.4348907471
29.7673873901
29.852016449
26.6231231689
24.1220035553
24.3937072754
19.7247829437
19.2051925659
16.5520420074
18.9619369507
17.3628997803
13.5209903717
10.8107824326
8.36391735077
4.73827266693
3.10681796074
6.61400604248
6.31814813614
8.95233154297
13.0180664062
14.7605609894
18.6470527649
20.8117904663
14.9521007538
11.4818401337
9.33031177521
7.41922950745
5.65070724487
8.35216808319
11.0509777069
15.0536785126
15.5595884323
19.592710495
18.3338947296
15.2577447891
15.39503479
11.1303262711
11.0330944061
10.5487594604
11.0200996399
14.2010984421
14.1122970581
18.1937866211
30.9702644348
31.0671653748
27.2332248688
27.2828102112
31.7006530762
28.3607711792
24.3083705902
26.9172477722
29.1767711639
24.9518108368
24.6190109253
28.4587364197
26.6725826263
25.8017807007
26.8051357269
25.3803577423
24.5494003296
22.8288879395
18.254070282
20.0160140991
19.8381938934
18.4833984375
19.9523029327
21.0949115753
19.5136699677
23.9048862457
21.8243942261
23.6531009674
24.4829559326
19.4816570282
19.8401260376
16.2824554443
16.6458110809
15.3767700195
15.0719299316
15.7105731964
10.2122058868
13.2182149887
10.9094820023
13.7186012268
14.5332145691
19.5171298981
17.9814338684
14.3744907379
19.6967754364
21.6790504456
19.9615211487
20.321641922
23.5175018311
25.3412513733
27.2367286682
28.0096817017
27.5540828705
26.2790222168
28.8589630127
32.7444114685
31.5698108673
26.7205867767
28.84192276
32.6357269287
28.4466648102
24.412607193
29.7477340698
31.8408565521
26.6791419983
26.0452156067
31.1252174377
30.5184879303
28.0104446411
29.2390365601
32.5506820679
30.3874340057
29.8362865448
32.7454681396
35.1842765808
33.3556060791
36.0180358887
30.2699737549
30.4329147339
24.7352371216
28.7142295837
23.5869731903
24.5730342865
21.0708599091
20.4808750153
16.9282150269
18.5420970917
19.3713302612
15.9165849686
17.1358394623
18.3859195709
19.0446891785
22.4451789856
22.9402561188
21.4852085114
21.7998142242
19.8846511841
21.9573726654
18.4306411743
18.5517616272
22.8116416931
24.3959274292
25.5998210907
23.4284934998
24.0011882782
28.496011734
26.6941452026
26.3560752869
29.3764400482
33.4429702759
36.8051643372
37.300453186
34.0837516785
35.2587661743
40.0562324524
38.9849586487
38.5857391357
39.0921897888
39.7709541321
34.4069252014
36.2633247375
34.4103927612
35.1383552551
32.395401001
29.7995090485
33.0963973999
33.7931632996
28.7849140167
28.8016929626
31.3004016876
29.8579311371
26.3419704437
31.2539176941
31.0088863373
26.8001327515
26.9787368774
31.3867683411
31.3189487457
28.9893913269
30.7168483734
28.7753334045
32.2980766296
33.2118110657
30.2331085205
30.2411327362
31.3771343231
32.9776306152
33.9110603333
37.9012298584
35.0632591248
32.9538383484
37.8816108704
40.320476532
35.3478622437
37.3107948303
41.5004882812
40.4394111633
40.146282196
40.9557647705
44.0123634338
45.7481880188
45.1474227905
49.4488601685
51.2769088745
51.8209953308
47.735748291
44.3048439026
48.9212112427
47.9909248352
46.1976737976
49.2229309082
48.3575248718
44.0609092712
43.4686126709
41.4968185425
46.4099617004
46.1143226624
50.4384002686
48.8206520081
45.3026618958
46.6869621277
49.8132400513
45.1443519592
47.3257522583
44.9197921753
44.6362800598
45.5698432922
41.1225128174
43.0252494812
41.7981071472
37.9660568237
36.4821281433
37.8839187622
38.109954834
37.386844635
39.7804946899
43.636554718
41.376953125
38.153175354
41.0202789307
41.514339447
37.6080741882
36.3566207886
40.3482322693
40.881313324
35.436504364
36.9116821289
41.591796875
41.4495277405
43.5645103455
40.5294303894
43.777797699
44.7530632019
38.5269241333
38.7324028015
37.8960227966
34.9026947021
39.5186233521
37.1285552979
35.924621582
40.5836334229
40.3369750977
42.0701026917
37.0590133667
35.790309906
41.6203689575
38.0181007385
34.6355667114
32.7026100159
28.4232501984
28.0485553741
25.0028038025
22.1196746826
22.2081394196
17.5413036346
16.5797843933
16.9936218262
20.2199573517
19.4827041626
15.5822248459
14.2356081009
9.80458259583
9.40167331696
6.61400604248
3.52513003349
5.8254108429
4.94464731216
7.54037380219
10.033657074
13.7555704117
16.1814441681
10.2046365738
7.10537862778
6.74115657806
6.20363855362
9.38566493988
11.6238603592
15.7206535339
18.5198020935
18.9353885651
23.2758731842
22.2446537018
19.8184604645
19.1234817505
15.2954864502
13.6553211212
11.4790458679
10.8832817078
11.5813436508
11.0871963501
14.555683136
27.9242897034
27.7462711334
24.1080493927
24.944770813
29.3372192383
25.6215400696
22.1702213287
25.5257835388
27.5223770142
23.4570541382
24.2636833191
28.1070842743
25.88256073
26.1225185394
27.0552654266
26.3174953461
24.7777328491
22.5586795807
18.2329597473
20.960308075
19.6156139374
19.6932582855
20.431886673
20.3740272522
19.0199985504
22.011100769
20.3052787781
21.7835426331
21.2780056
16.6734390259
17.2775650024
14.7935647964
15.1942443848
15.8211784363
14.9255495071
17.2500400543
13.1099300385
14.9464759827
14.0297794342
14.8363485336
13.741235733
18.5699310303
15.6761989594
14.2600650787
20.0855541229
20.5713424683
18.7972946167
20.6051292419
23.5929393768
24.6291885376
27.0088310242
28.375629425
27.643699646
26.3354530334
29.5336036682
32.8560142517
32.3405380249
27.4608726501
28.583688736
32.6979598999
28.9864063263
24.6818389893
28.9409751892
31.8542747498
27.0134067535
25.1974773407
30.0970840454
30.3965625763
27.2161941528
27.6360740662
31.4112434387
29.6990680695
28.2787380219
30.7050762177
33.8037948608
32.0755767822
33.6653251648
28.0621185303
27.5203647614
21.9406299591
25.0302124023
19.7043495178
21.6911201477
17.6103191376
18.1054859161
13.7718811035
15.8582992554
18.0358314514
15.8300037384
18.2095336914
20.6808166504
22.2169208527
25.4330120087
24.7838230133
22.9223327637
22.0254631042
20.2693576813
20.7795314789
16.6338119507
15.4389839172
20.4096279144
20.8212184906
21.8658065796
17.9472637177
19.2001838684
23.6106567383
22.5663928986
22.7746868134
24.9164810181
29.3595485687
32.5874290466
33.1557731628
29.5530261993
30.4237194061
35.2230949402
34.0584030151
34.0476951599
34.4262504578
35.5665969849
30.3709087372
32.9032325745
31.6231937408
32.0774803162
28.9530391693
26.9906997681
30.60364151
30.3868331909
25.7134189606
26.715631485
28.8611106873
26.9876079559
24.1141014099
29.7123165131
28.9066505432
24.4990615845
25.8195266724
30.1216411591
29.4857063293
27.7531890869
28.0067939758
25.6445121765
29.1190757751
29.43491745
26.123966217
25.5086326599
26.2194881439
27.6285648346
28.53947258
32.6376113892
30.1181907654
28.3193035126
33.1203308105
35.4710655212
30.9891929626
33.1842880249
37.0855903625
36.1494178772
36.5444717407
37.3908042908
40.0538749695
41.4176445007
40.8708381653
45.2948455811
47.0539627075
48.0080032349
44.0429611206
40.2836341858
45.0270385742
43.6663284302
41.7336006165
44.5110206604
43.6154785156
39.3237266541
38.3935890198
36.2415046692
41.459236145
40.8110961914
45.3024902344
43.5687484741
40.2811012268
41.8246612549
45.1944351196
40.7161216736
43.4604911804
41.5640983582
41.3384361267
42.8277206421
38.5868606567
40.8572769165
39.128692627
35.3769569397
34.5169754028
36.1629829407
37.059879303
36.2024650574
38.9885787964
42.3124542236
40.5306243896
36.8723945618
39.3620796204
39.8381500244
36.0380744934
34.173034668
37.9295921326
38.7072868347
33.0994186401
33.9262046814
38.6166763306
37.6568336487
40.1023483276
37.0864334106
40.6534461975
41.8400306702
35.507850647
36.6459312439
36.0249061584
33.4292106628
36.8472175598
35.9488945007
35.353767395
39.9396934509
39.4002532959
41.5429420471
36.537071228
35.5498657227
41.9016609192
38.6354408264
35.3483390808
33.9929542542
30.1866531372
29.7682552338
27.4372501373
24.2390289307
24.8369274139
20.0915699005
19.2711544037
17.0488452911
20.4831504822
18.6749019623
14.5538330078
14.1921453476
10.8538475037
8.9581451416
6.31814861298
5.8254108429
2.74186468124
4.6345949173
8.95273685455
9.88006782532
13.6393499374
16.2705478668
11.0192861557
8.6956319809
5.47937870026
7.01332044601
6.73535871506
9.56484031677
13.8414573669
16.4018573761
18.2322692871
21.4331359863
19.5731391907
17.1424560547
15.8663702011
11.6246747971
10.1659011841
7.92907953262
9.35564231873
10.4777870178
12.4740810394
14.9657001495
27.6464366913
27.1171245575
23.2961158752
23.9857082367
28.0798835754
23.9378814697
20.3637237549
23.3054351807
25.003282547
20.5432415009
21.2460422516
24.7494869232
22.1759777069
21.9266586304
22.4457969666
21.4061317444
20.009147644
18.1743392944
13.7605447769
16.6864261627
16.2699699402
16.0902709961
17.8636131287
18.5977420807
18.1384239197
22.0321674347
20.9927787781
23.1924781799
22.9591217041
18.2961177826
17.2608261108
14.9023580551
13.3954925537
13.1323490143
11.4049682617
12.5211200714
8.30815887451
9.75819206238
9.31771278381
10.5200099945
9.88364696503
14.8263988495
13.4567127228
11.318403244
16.324546814
17.6465969086
16.7481212616
17.8790588379
20.5949001312
22.3413352966
24.8947811127
25.4163818359
24.4133663177
22.6340847015
25.550069809
28.8224487305
27.9590778351
23.0396156311
24.5555782318
28.317653656
24.2894897461
20.1519031525
24.7870960236
27.226600647
22.228975296
20.9146022797
25.9397106171
25.7913341522
22.9474163055
23.8375225067
27.3784942627
25.600933075
24.6421298981
27.3149986267
30.1215591431
28.5257816315
30.8996715546
25.0451374054
24.9208221436
19.1076774597
23.1661396027
17.9070129395
18.8607769012
15.4706830978
15.1717977524
11.5577898026
12.8314599991
14.0272254944
11.0754356384
13.3694868088
15.5505580902
17.3108520508
20.3159732819
19.7462749481
17.8274345398
17.263217926
15.4303779602
16.6700439453
12.9572906494
13.0483217239
17.5023479462
19.0564975739
20.668170929
18.6356506348
18.8499355316
23.2619380951
21.6936969757
20.8860836029
23.817615509
27.7639045715
31.1662693024
31.6081142426
28.4895305634
29.8040447235
34.5569534302
33.545589447
33.026802063
33.7367248535
34.3694458008
28.8057231903
30.5765533447
28.7736701965
29.4074039459
26.6483058929
24.0977249146
27.4561634064
28.1466083527
23.1133651733
23.3214206696
25.8754634857
24.4712238312
21.047000885
26.2554740906
26.0759162903
22.014213562
22.4140300751
26.9933166504
27.0077934265
25.2987174988
26.5247058868
24.0439739227
27.24492836
28.0127487183
25.4713382721
25.3860530853
26.9322185516
28.2173442841
28.8606948853
32.9421615601
30.2583351135
27.748085022
32.5731811523
35.2630462646
30.4927082062
31.9503917694
36.1703529358
35.5208129883
35.0104522705
35.57289505
38.6401023865
40.3544998169
39.6038398743
43.8528366089
45.606842041
46.1673202515
42.082244873
38.6004676819
43.1851196289
42.3080062866
40.5656356812
43.6551589966
42.793094635
38.5057373047
38.081111908
36.2070426941
40.9776916504
40.9063262939
45.1465187073
43.7156715393
40.0587158203
41.5994911194
44.572177887
40.075176239
42.143371582
39.6031036377
39.655002594
40.6809387207
36.0198783875
38.3069992065
37.1788597107
33.1027984619
31.7638187408
33.540473938
34.0093421936
32.8515472412
35.3184738159
38.8394012451
36.6406669617
33.265914917
36.1665649414
36.3723716736
32.406463623
31.0914154053
34.9587478638
35.4306793213
29.9278697968
31.3845176697
35.9698066711
35.8314590454
37.8229866028
34.780872345
38.0578918457
39.0572853088
32.8267478943
33.2104492188
32.4132804871
29.5449428558
32.6779594421
34.2514877319
31.9190921783
30.975019455
35.6314315796
35.346031189
37.3119392395
32.4114341736
31.1317577362
37.3385848999
34.0440826416
30.5959644318
25.1380157471
24.9588356018
22.635881424
19.6295776367
20.8583202362
15.8456420898
16.3631534576
17.8685531616
21.6653118134
20.5777168274
16.5507240295
16.570854187
12.1109828949
11.880566597
8.95233249664
4.94464683533
4.6345949173
1.99648702145
4.85434293747
6.4771270752
10.2900514603
13.286693573
7.82973384857
6.08226823807
4.70156908035
7.35086870193
10.2844896317
12.5964517593
17.2712745667
19.3479938507
20.7405586243
24.352394104
22.8358402252
20.7407550812
19.2544937134
15.4582242966
13.2996520996
10.25274086
10.391875267
9.38171672821
10.9225053787
12.8941831589
26.0495281219
25.3422756195
21.6926345825
22.9980583191
27.0890140533
22.7084331512
19.6386947632
23.1698322296
24.6935482025
20.4321517944
21.9929409027
25.4989337921
22.6735744476
23.3057041168
23.7990684509
23.2994327545
21.3853321075
19.2068347931
15.1448869705
18.6473922729
17.2648200989
18.1292381287
19.1767158508
18.9458045959
18.5119113922
21.2726707458
20.4198932648
22.2711200714
21.0991821289
16.7892532349
16.0688552856
14.5368728638
13.3173036575
14.5900640488
12.6507663727
15.1468114853
12.0463132858
12.7279529572
12.8942813873
12.6170711517
10.502240181
15.1232995987
12.4388084412
12.1476583481
17.5084171295
17.5801010132
16.4973545074
18.711561203
21.3012046814
22.3608818054
25.170381546
26.23503685
25.1256771088
23.458978653
26.8061027527
29.6987514496
29.3584651947
24.4970836639
25.2355747223
29.2681808472
25.6926021576
21.3953495026
25.1528244019
28.2536849976
23.585773468
21.3564682007
26.179485321
26.7772350311
23.4517650604
23.6459922791
27.555316925
26.1630744934
24.4995956421
26.7415351868
30.0857257843
28.5704841614
30.0443477631
24.3372592926
23.598405838
17.8882904053
21.1345806122
15.6192169189
17.5120563507
13.5098075867
14.2087507248
9.83832168579
11.6828775406
14.1530513763
12.4852514267
15.4571866989
18.4510917664
20.5810451508
23.4892082214
22.1819190979
20.0957069397
18.638425827
17.0430831909
16.9550209045
12.7482624054
11.495631218
16.6512985229
17.1057491302
18.5729446411
14.8434848785
15.6488237381
20.0575885773
19.0899791718
18.8252391815
21.0323448181
25.3528766632
28.6466941833
29.1818065643
25.7082386017
26.7349452972
31.5296955109
30.4533996582
30.2804336548
30.8888111115
31.9305648804
26.486623764
28.858915329
27.5521755219
27.9314727783
24.8306274414
22.8422698975
26.4488162994
26.3101673126
21.5709934235
22.6423244476
24.8410701752
23.0391845703
20.1863594055
25.9279003143
25.2296543121
20.9745960236
22.3608551025
26.7687263489
26.2702674866
24.9662952423
25.0250835419
22.2654037476
25.4785499573
25.7604427338
22.8706989288
22.2792339325
23.4566764832
24.62616539
25.2941970825
29.4657974243
27.0010967255
24.7790603638
29.5438423157
32.1349067688
27.7167110443
29.444688797
33.4378509521
32.822353363
32.9090309143
33.550403595
36.293548584
37.7134780884
37.03698349
41.4084892273
43.1362075806
44.0210876465
40.0291442871
36.2884178162
41.0044212341
39.7647972107
37.8823356628
40.7698860168
39.8970527649
35.5964927673
34.8796195984
32.8230934143
37.8630638123
37.4774475098
41.8693351746
40.3099403381
36.8423614502
38.4842529297
41.6819076538
37.2975234985
39.8429336548
37.7483444214
37.782699585
39.2528114319
34.8134498596
37.3308830261
35.7647781372
31.8044376373
30.974779129
32.8805007935
33.8719139099
32.6993255615
35.4834098816
38.6069984436
36.82396698
33.1132278442
35.6630096436
35.9256973267
32.0860710144
30.2369289398
33.9230690002
34.6320343018
29.0088424683
29.8877620697
34.5126037598
33.6745033264
35.9941978455
32.9763832092
36.5373764038
37.6917419434
31.3625850677
32.5284881592
31.9368133545
29.4102630615
32.9694290161
34.2316169739
31.978017807
31.5367717743
36.0897293091
35.5338363647
37.7933654785
32.8867111206
31.8856697083
38.4175567627
35.3573989868
32.0532798767
31.0070610046
27.4261054993
27.1263847351
25.2825660706
22.0806541443
23.398059845
18.5463581085
