16.0037841797
22.9403533936
21.0717525482
22.4316539764
25.0227355957
21.1945972443
20.7706031799
21.0081100464
20.0035152435
18.5678405762
21.6955051422
22.0533447266
23.2269153595
19.7296390533
23.4857635498
26.1055603027
25.440279007
24.3544273376
27.1445331573
24.8128566742
22.6724452972
17.9452190399
14.4303627014
14.0175189972
15.4216957092
14.5909490585
16.0736122131
16.8351764679
14.9826927185
17.0968093872
16.3577308655
19.1328010559
22.2758636475
23.5580501556
26.711517334
24.0654983521
25.7166805267
25.0413856506
25.2116298676
23.9744644165
22.2060546875
25.6719055176
23.8678016663
27.3894805908
23.4238414764
23.3850860596
24.5941371918
24.7698822021
25.1702823639
21.8116111755
23.9857444763
23.1972885132
24.685333252
21.8162231445
19.5733833313
25.1621799469
25.795124054
25.1448097229
32.1531600952
31.9676971436
32.0876159668
33.241519928
30.6930007935
28.9588432312
31.0851707458
26.8394756317
24.6436843872
26.8735923767
29.371421814
26.480381012
22.733543396
27.4633865356
29.1613521576
24.9651260376
24.6587409973
25.4342193604
24.147436142
23.6917724609
23.2354564667
21.2778644562
23.0413570404
25.1621799469
28.3463020325
26.6124973297
25.002286911
25.6005573273
20.863193512
21.1617889404
17.8078250885
18.2425193787
19.9592208862
18.8409061432
21.1544437408
19.7254619598
18.9035892487
17.8542976379
18.5248069763
20.0002880096
18.9926548004
22.3783779144
21.1792068481
26.5439357758
24.767036438
22.87449646
25.6514778137
28.3553504944
27.8817329407
26.4539775848
26.4306697845
23.3340072632
22.5093021393
14.5489969254
15.3026561737
16.7492389679
