2.13156843185
4.39021396637
6.89674091339
9.70030021667
12.5810070038
15.6101942062
18.3835887909
20.6569004059
17.1680412292
33.8307418823
33.2178840637
32.2924880981
31.73279953
29.8103122711
27.7281188965
26.1642570496
25.0080299377
24.1060848236
4.39021396637
2.55304098129
4.77429819107
7.16024255753
10.1992759705
13.2159252167
16.1662158966
18.6328239441
15.3333406448
33.1531066895
32.5641708374
31.6642341614
31.3562202454
29.1883544922
27.1412410736
25.558385849
24.2854404449
23.2637386322
6.89673900604
4.77429819107
2.56122136116
4.36842012405
7.5359582901
10.4138889313
13.4147644043
16.0195636749
13.3041124344
32.048160553
31.5005989075
30.7099094391
30.5419521332
28.3765506744
26.3231391907
24.8039360046
23.4352245331
22.3942203522
9.700299263
7.16024255753
4.36841964722
2.11666679382
4.28783416748
7.08647823334
10.0766048431
12.8543338776
10.6759052277
30.5909881592
30.1258888245
29.3728847504
29.4790916443
27.2880249023
25.3454780579
24.0143928528
22.47813797
21.443195343
12.5810079575
10.1992759705
7.53595876694
4.28783369064
2.57021260262
7.38097381592
10.3266267776
8.83546447754
29.1416683197
28.7623405457
27.9851016998
28.302066803
26.1296234131
24.2416648865
23.0751419067
21.369468689
20.489900589
15.6101942062
13.2159252167
10.4138879776
7.0864777565
4.80699253082
2.57601213455
4.32387256622
7.460105896
7.67390060425
27.7003231049
27.3258514404
26.7255401611
27.3009548187
25.1048793793
23.3517112732
22.3912410736
20.695098877
19.9212265015
18.3835887909
16.166217804
13.4147624969
10.0766048431
7.38097476959
4.32387256622
2.12462735176
4.47570562363
6.45151758194
25.8032588959
25.6427059174
25.1022224426
26.03383255
23.9208431244
22.333108902
21.6305294037
19.9743061066
19.3161964417
