50.6334037781
46.8242111206
49.5785636902
51.9112739563
53.4073219299
50.5603256226
54.3901367188
53.5140991211
49.9021644592
50.946811676
47.7173614502
49.9233016968
44.3673629761
41.9500045776
39.5431671143
36.2810821533
35.5407371521
33.5479011536
32.2813110352
32.3126220703
34.8521575928
38.2362709045
38.6235542297
44.7966346741
44.1063346863
46.9895744324
50.1460266113
51.4915351868
55.3086395264
58.6408042908
57.0548858643
54.7264442444
49.6845397949
47.8535575867
45.260848999
42.3849601746
42.693572998
38.3134460449
40.5330238342
40.5599021912
38.1805000305
43.1880836487
38.1205101013
35.6378974915
33.2601699829
37.619556427
37.9729309082
33.834236145
37.6710205078
37.8591384888
37.6113471985
34.5151481628
39.244556427
39.4192771912
37.0578041077
38.6114196777
40.0891685486
39.0007629395
41.074432373
40.5565719604
42.1906929016
37.8314247131
37.7728385925
38.4927787781
42.6738243103
42.6388549805
45.5533027649
45.4665527344
45.5714302063
46.2966384888
45.0103988647
50.6413459778
47.6423110962
46.5201644897
45.5432281494
43.8194732666
44.9301948547
41.3621482849
45.2196807861
41.8308792114
42.7946548462
43.2149238586
40.4695358276
42.5065574646
41.1874885559
36.7654647827
33.0971870422
32.4157218933
29.4028320312
32.4038925171
36.4378509521
32.6741752625
30.4282302856
33.9289245605
36.95753479
40.5106163025
36.1028785706
40.5242881775
39.8085746765
36.8853263855
37.7722015381
37.5727653503
39.5850563049
38.7200508118
34.8116569519
34.7688522339
40.0078887939
35.5069847107
33.9759025574
35.7979278564
37.9289512634
33.3669929504
34.5503997803
36.9114379883
35.7263069153
31.9145679474
35.6630897522
38.8371734619
34.890838623
34.5315704346
37.4750328064
36.410243988
35.2167320251
31.072675705
30.1603794098
29.5799541473
26.3145122528
26.2683734894
26.9577484131
26.7840251923
28.6483707428
27.0231323242
29.4938716888
32.123878479
35.7881660461
37.7835273743
41.209022522
42.9826087952
45.107257843
40.791557312
39.632232666
36.8352546692
38.1889648438
33.8156967163
33.2370491028
32.0591926575
33.705581665
31.1782588959
28.5929279327
31.3345985413
32.3745880127
35.6699714661
33.5225906372
35.4971923828
33.8734130859
32.231464386
29.3200626373
28.2726039886
27.1392822266
25.0312213898
24.224199295
24.096408844
22.6815490723
22.5428085327
21.9767875671
21.0112552643
20.9339351654
17.6719989777
19.1727638245
21.7204055786
19.4226646423
20.0067329407
19.4012680054
21.867773056
20.9248065948
18.4503383636
19.7439193726
22.0328807831
22.467918396
24.0265541077
24.639629364
27.1471252441
27.4999198914
26.5752487183
24.3301773071
26.9417114258
25.8384208679
21.5769481659
24.0099315643
25.578918457
25.0666637421
22.0615081787
27.1677494049
27.0332202911
24.637140274
26.2503528595
30.2377853394
29.6115665436
28.1298332214
32.5592498779
28.1611843109
25.9538726807
23.3752765656
21.3425197601
19.0486984253
21.0468616486
19.860496521
17.1297206879
17.6023044586
17.7593288422
17.0018997192
16.8846645355
16.6778106689
17.6656265259
15.4831171036
17.7170619965
18.2563209534
18.7474422455
18.7056179047
20.7131729126
19.5593948364
18.56757164
21.686384201
23.8007926941
28.2173423767
28.0175514221
29.0240516663
33.1935157776
31.3936424255
33.6432723999
33.3757858276
31.6781101227
31.5921859741
27.608669281
29.8732070923
30.3426647186
26.688211441
25.2773647308
27.2063770294
25.6548080444
22.7827701569
24.8307819366
20.2189846039
25.3691120148
25.840139389
29.0119953156
28.6192016602
26.0757656097
29.2314071655
32.4471817017
30.4756202698
36.3527030945
34.0311851501
32.4178390503
37.7296867371
37.8165130615
36.8652877808
32.9376296997
40.3573532104
41.1922340393
36.7816352844
38.7568283081
44.7407493591
36.9234046936
