51.1079597473
44.3042678833
53.2854766846
50.8189544678
47.6465187073
72.5404663086
71.1986923218
69.3566207886
74.3493881226
47.3432426453
47.822227478
39.9120140076
45.8967437744
49.4826126099
42.1260604858
65.6601028442
65.7607574463
68.3660125732
66.5215530396
43.4548988342
46.9900283813
40.0717926025
44.933883667
49.1670417786
41.8187828064
64.9385375977
65.5455322266
69.203666687
65.9480285645
43.8886909485
48.5013008118
39.5071144104
42.7858047485
50.7776641846
40.6974105835
58.2743301392
61.2204360962
65.7514801025
60.0393867493
42.3875961304
45.6899261475
35.1905136108
40.6589164734
47.4878349304
37.2626495361
58.7731018066
61.2299499512
62.762512207
62.0642471313
38.438835144
42.6673927307
34.7037315369
40.5831718445
44.7874183655
36.741733551
60.9184379578
61.3969650269
63.9699249268
62.5633811951
38.5804481506
42.6673927307
34.7037315369
40.5831718445
44.7874183655
36.741733551
60.9184379578
61.3969650269
63.9699249268
62.5633811951
38.5804481506
42.5640983582
36.4287376404
44.6050720215
42.6037368774
39.3274688721
64.0926361084
61.6173477173
62.4663581848
64.6154098511
39.9188995361
42.5640983582
36.4287376404
44.6050720215
42.6037368774
39.3274688721
64.0926361084
61.6173477173
62.4663581848
64.6154098511
39.9188995361
50.8135375977
46.1673965454
52.6785964966
51.9094963074
48.4291305542
71.9765014648
68.768447876
71.3038711548
71.3489990234
49.793346405
43.6234283447
39.1324615479
49.6175422668
42.1626739502
42.8680229187
68.8663406372
64.6656799316
62.3039894104
68.9401168823
42.5003204346
43.2004013062
42.2546615601
49.8229370117
44.6481285095
44.701133728
72.4496612549
67.184135437
70.4258575439
69.9490814209
47.0210037231
49.0865135193
46.8347816467
53.2649803162
51.3477668762
49.0134773254
76.4256210327
73.0033187866
76.8923034668
74.9254684448
51.6354217529
51.5373878479
48.5255126953
52.9662437439
55.1632270813
50.0305137634
76.9066543579
75.1026763916
81.0271224976
75.743019104
53.5665588379
56.9146537781
52.9008903503
54.5407333374
62.0270881653
53.4950332642
78.7537078857
79.3057022095
87.6139755249
78.2233352661
58.0051383972
56.9146537781
52.9008903503
54.5407333374
62.0270881653
53.4950332642
78.7537078857
79.3057022095
87.6139755249
78.2233352661
58.0051383972
30.8773517609
35.7077598572
39.2717437744
35.913482666
36.0677032471
63.866569519
55.6665306091
66.002822876
56.7502632141
41.6588020325
25.7255516052
35.1685638428
38.482219696
31.1857509613
35.1293792725
62.5613822937
51.2239074707
63.1258392334
52.772151947
41.1718711853
26.1043205261
32.2786331177
38.3700218201
29.2110214233
33.4375038147
61.527721405
51.3213233948
59.3865394592
54.0634117126
37.9066543579
29.5093574524
15.5748643875
17.62682724
33.7774009705
15.540186882
41.5797348022
44.4234848022
51.5739555359
43.2455558777
20.8652572632
42.5571212769
38.1693840027
35.0530967712
49.6887283325
36.737701416
59.4153060913
60.787853241
73.5002593994
57.4730644226
43.4704399109
45.4449729919
43.3730697632
40.3107299805
52.848777771
41.921459198
64.7420654297
64.6667938232
78.2956619263
61.4020271301
48.8243865967
35.5297622681
35.9112205505
32.6822624207
43.3122329712
34.0021209717
57.4839096069
54.6355438232
69.4117584229
51.738407135
41.6268424988
43.1314964294
49.3812637329
48.5908470154
50.3575706482
48.3199882507
73.6815490723
66.2775192261
81.1796798706
64.9566574097
55.4168510437
