82.6656799316
29.8094177246
25.3560829163
23.1377277374
23.0251197815
21.7924022675
17.2703762054
19.2339458466
22.130405426
14.6944599152
14.8897666931
16.9502906799
16.3419952393
19.9666366577
21.2838897705
23.8925094604
31.0319252014
29.8169975281
26.9000244141
23.3635482788
23.2580299377
19.0398826599
19.7608566284
14.0501174927
18.7644081116
21.2963790894
20.5446853638
19.9178142548
21.3732433319
24.9217185974
24.7706928253
25.1044616699
22.5369319916
22.4693527222
21.6448841095
13.9097585678
11.590221405
15.1820745468
13.0636396408
16.4026222229
21.2941856384
21.1889343262
23.5342235565
22.5849075317
18.4255523682
21.6936779022
24.7100830078
20.8686885834
21.3967208862
24.3845386505
25.2151317596
22.3359603882
24.2563152313
27.6606941223
26.4903335571
28.5114746094
30.0670375824
29.2815322876
29.1517162323
26.5699863434
22.423625946
22.9002780914
20.3999385834
18.9160385132
17.7464141846
17.895160675
15.9729232788
19.2885780334
22.824010849
18.3648662567
17.2745723724
14.2395048141
16.7201499939
12.4022655487
15.9762964249
15.0248022079
16.7805576324
20.1159343719
17.3133220673
21.0004806519
21.002576828
24.1196727753
21.9097499847
23.5466747284
27.6652145386
28.192817688
26.0997066498
28.03465271
31.0624046326
30.7390556335
28.7693748474
32.048789978
34.8960762024
37.0032119751
39.5582580566
34.879486084
34.4134750366
38.2899284363
39.8294563293
39.4967803955
35.481464386
36.1774711609
38.7033233643
34.4700775146
32.557800293
35.0884819031
36.2349624634
32.0564460754
31.7343521118
35.2886657715
34.2434005737
31.4154243469
32.7731895447
36.8285064697
32.1520843506
31.5538768768
37.0224838257
36.9068183899
33.1804046631
35.7724151611
30.8261947632
32.3888320923
28.5072555542
31.0036354065
28.0320053101
30.2865467072
28.8711013794
28.0806121826
26.7109146118
24.691028595
25.6646881104
22.7040958405
24.9193668365
24.9960918427
25.4371414185
30.8604869843
30.551410675
27.3754653931
28.0345363617
25.0255813599
26.4101142883
23.7331924438
23.2805156708
20.1268844604
22.2608146667
23.3554782867
25.7663612366
24.2148761749
21.6660251617
25.394821167
28.3242321014
31.5274047852
31.744720459
30.1832103729
28.6363353729
33.3094100952
35.4815101624
38.6998138428
39.3919868469
36.8821754456
34.9412002563
30.6781082153
33.8001022339
31.5809135437
35.3781547546
36.0310173035
32.8443946838
35.7147026062
38.2826385498
41.2354278564
40.7988891602
37.7228660583
38.6086845398
41.5991325378
42.809135437
36.9914398193
38.4895591736
34.975643158
37.0306053162
36.6742248535
40.4044418335
36.4362030029
33.9262924194
37.784072876
39.0954399109
34.5781745911
35.6388626099
37.3956832886
35.8036231995
32.9124412537
36.9295120239
38.4061584473
33.2118225098
34.4182891846
38.0320587158
37.1364440918
35.7314796448
33.0596885681
36.4418029785
35.1302146912
36.0950393677
39.596244812
40.1966819763
40.6734466553
41.2150115967
40.1698150635
36.8508338928
40.8160743713
42.77942276
40.8439178467
43.3319129944
45.8627700806
45.6319961548
43.9911766052
47.7720451355
49.8997344971
49.5786361694
46.1566390991
45.1487197876
42.0584220886
44.7517967224
46.5507621765
42.7107009888
43.7096366882
44.5788116455
43.9911651611
45.4160842896
48.857257843
46.7140350342
43.1098480225
45.3080291748
47.3738555908
42.7811012268
41.5677337646
46.1635894775
44.3670005798
41.0804023743
41.5529747009
46.0272064209
45.8907356262
46.8368988037
43.7201881409
46.4251480103
47.7682762146
42.665851593
42.87134552
41.4803543091
37.1299095154
40.9852867126
44.0377960205
40.3720626831
39.2522621155
43.749622345
44.0129318237
40.6911354065
43.6042823792
46.9548110962
45.8524932861
77.9987335205
35.2908668518
30.6566638947
30.0059967041
30.3193740845
30.615278244
24.8571910858
28.2119026184
30.9752693176
23.1665153503
22.9684925079
19.9666347504
21.0931720734
16.6358833313
17.0802402496
17.8661842346
23.9165058136
23.1421833038
19.990945816
17.962682724
19.5050239563
17.0096378326
17.3558521271
14.8148498535
20.3819293976
24.8453025818
26.6236209869
27.2285327911
29.526184082
32.832359314
31.9265556335
30.3077945709
27.4716453552
25.5670166016
25.4101524353
16.9829826355
15.9069385529
16.4572162628
15.5658445358
18.8305244446
22.9368839264
24.3061332703
25.7860794067
22.8753070831
20.7347583771
25.226984024
26.41664505
21.8369960785
24.4652175903
27.2123355865
26.5475273132
24.199306488
28.1948547363
29.7747650146
27.7499809265
30.1460018158
30.2041854858
29.7025871277
28.1202812195
26.1695747375
22.7737464905
25.3775501251
24.2352390289
24.2642288208
23.7061061859
24.2645511627
23.3282546997
26.1381034851
29.336933136
25.4136333466
23.7735290527
20.7171859741
22.079832077
19.3741970062
19.6763362885
20.592048645
19.5796470642
22.6778392792
18.8464984894
20.5525436401
20.5232963562
22.1107501984
18.4998474121
18.4368610382
22.8033885956
21.8764438629
19.8821411133
23.6818447113
25.4132575989
23.9238548279
23.0330295563
27.0114707947
30.5397281647
31.3407344818
35.2438163757
31.5501174927
30.1198940277
34.0655899048
35.0697746277
35.7033882141
31.8505363464
31.4129543304
34.5600242615
31.9846000671
28.8080940247
31.0564231873
33.1050300598
29.7800312042
28.3411750793
32.1057052612
32.2979774475
29.5053386688
29.9124946594
34.7181015015
31.7565441132
29.9551906586
34.5295028687
36.0066070557
33.0648880005
34.3937225342
29.8411903381
29.6462364197
25.2639522552
27.4589824677
23.2364997864
25.6181602478
23.514005661
22.5636405945
20.7583560944
20.3586292267
21.7150669098
20.1557731628
22.3115367889
23.9113368988
25.857006073
30.0102233887
28.1891708374
26.4355716705
25.7295780182
24.1247386932
24.1313991547
21.2700424194
20.6327095032
16.8049678802
18.3752536774
18.0126304626
20.7071914673
20.2237129211
16.0503120422
18.67162323
21.1066627502
24.2190570831
24.0024147034
23.0219154358
22.3571166992
26.5931739807
29.0438995361
32.1090736389
33.3379745483
31.5167121887
29.5588874817
25.2617359161
27.9133281708
25.3984203339
28.3871116638
28.5861301422
26.2703495026
29.4463310242
32.1226997375
34.5801429749
34.9259872437
32.1408691406
32.203994751
35.3760032654
36.9859466553
32.2367095947
33.6515884399
30.6424007416
32.9548301697
32.8725738525
35.7197151184
31.4828929901
29.6429347992
32.7864532471
32.7543487549
28.9820709229
30.6903610229
31.3605957031
29.3115272522
27.3783912659
31.2521305084
31.3266563416
26.78282547
28.8480987549
31.7519283295
30.2643070221
29.6815433502
26.187078476
28.9844226837
27.4028339386
28.5194568634
31.7462863922
31.9407672882
32.1570205688
32.8122520447
31.8543453217
29.1389255524
32.9012107849
34.5855941772
33.0034103394
35.8396873474
37.6909294128
37.2856254578
36.2324333191
39.7721786499
41.3243408203
41.3893585205
37.8685531616
37.4355392456
34.3785362244
36.9491119385
39.2370567322
35.6061515808
36.6923408508
38.0991859436
37.5419197083
39.372718811
42.0894508362
41.0575370789
37.2702484131
38.3061180115
40.7110939026
37.1207847595
35.1315345764
38.9937095642
38.1556243896
35.1341590881
34.7134971619
39.2688484192
38.6947669983
40.4177818298
37.9936714172
40.8069458008
41.5609283447
36.9360122681
37.8174781799
37.4744796753
33.4605941772
37.8504524231
39.8602142334
36.1085739136
36.3898620605
40.5664596558
39.8188705444
36.625328064
40.471912384
43.2476806641
41.4401283264
78.1299362183
34.1236915588
29.4312934875
29.9376335144
30.0333576202
31.2507896423
25.6724967957
29.2067832947
31.0677661896
23.2032203674
23.4946498871
21.2838897705
21.7426319122
18.0616607666
17.0802459717
16.744556427
24.1134433746
24.4155673981
20.7173461914
16.794008255
20.7862377167
19.2960739136
16.8156337738
16.2592525482
19.5482807159
23.9432621002
25.7795581818
26.0959377289
29.4082927704
32.0565872192
30.4833278656
28.9393196106
25.6486701965
23.4395141602
23.5863571167
14.7377986908
15.2979345322
16.3126163483
17.1028747559
20.8294754028
25.0491886139
25.69506073
26.5983352661
23.4059143066
21.3000850677
25.5353660583
26.2371177673
20.9794006348
23.5371990204
26.1706485748
25.0625572205
22.3241672516
26.7469558716
27.7589111328
25.3086185455
27.3506126404
26.9947776794
26.2759952545
24.6315078735
23.0647373199
19.7941837311
22.5374221802
22.2509479523
22.2202587128
22.5333499908
23.8554611206
23.7914943695
26.8517017365
30.5929698944
27.1496391296
26.1320457458
22.9388961792
23.5324687958
20.1315460205
18.975730896
19.3282623291
17.2177314758
19.5369663239
15.6566953659
16.8598690033
17.1941375732
18.8099002838
15.0011787415
15.5268964767
19.6263065338
19.4804191589
17.7069301605
20.5706443787
22.5506725311
21.9650478363
21.0047874451
24.3193798065
27.8244609833
28.6548366547
32.369972229
28.5025959015
26.9069442749
30.7365894318
31.6968269348
32.161895752
28.3209190369
28.0492935181
31.0248413086
28.3006954193
25.2721328735
27.6139183044
29.5533008575
26.1593666077
25.0074691772
28.8115501404
28.9307842255
26.3360939026
27.0134716034
31.6616268158
28.937379837
27.3630771637
31.925453186
33.3588562012
30.7326545715
32.3699951172
27.817237854
27.8788146973
23.1779193878
26.0938110352
21.5823898315
23.1594104767
21.0550937653
19.8407611847
18.826128006
17.9292984009
18.508769989
16.5919570923
18.6529026031
20.2180118561
22.361246109
26.3872146606
24.5929965973
22.7054157257
22.0794239044
20.6156978607
21.0282096863
18.537437439
18.8526687622
14.8959989548
17.8997268677
17.3371486664
20.7716751099
21.0469608307
17.0197067261
18.9002532959
21.7942790985
24.5714664459
24.068195343
22.4533939362
21.9628314972
26.5683288574
29.0261173248
31.5040225983
33.0288200378
31.6038742065
29.4579868317
25.4192771912
27.2536182404
24.3243751526
27.3859786987
27.1608848572
24.4472503662
27.9362030029
30.4163246155
32.9350509644
33.3470687866
30.8522472382
31.0916976929
34.3214912415
35.8874397278
31.4919338226
32.3843765259
29.3568897247
31.1113433838
30.6615333557
33.4302101135
29.5052490234
27.3741855621
30.2299461365
30.5679359436
26.6095027924
27.7753219604
28.6705703735
26.8928470612
24.5339813232
28.2407226562
28.8199310303
24.2188358307
25.7525253296
28.8086528778
27.68242836
26.8838653564
23.864320755
26.9005470276
25.7359275818
26.7014522552
29.9924049377
30.3420314789
31.0750331879
31.58344841
31.1961326599
28.4341068268
32.2676124573
33.4929962158
31.6564826965
34.4736099243
36.237361908
35.6278648376
34.4079704285
38.0882110596
39.5156517029
39.2361907959
35.8318214417
35.1954421997
32.0922813416
34.4780807495
36.4198036194
32.8480834961
33.9264793396
35.0720405579
34.4682655334
36.1397514343
38.9998207092
37.7839126587
34.0750083923
35.4513893127
37.745639801
34.0604705811
32.2954177856
36.3334846497
35.4158210754
32.4850616455
32.2594795227
36.8556556702
36.7815361023
38.3225860596
35.9132499695
38.5843467712
39.1470985413
34.583316803
35.0488548279
34.6589889526
30.5921840668
34.8011856079
36.8610877991
32.9724617004
33.0058364868
37.2340774536
36.4514579773
33.1861228943
36.9345092773
39.7546768188
37.936416626
71.0331726074
43.2312545776
39.2478179932
39.4277038574
39.7157478333
40.9273223877
35.1382331848
38.6113128662
41.1407279968
33.9599914551
33.3370475769
31.0319252014
30.8016777039
26.6518936157
23.9165115356
24.1134376526
21.5351276398
26.5962524414
23.3737106323
22.9034824371
26.7114086151
26.8111686707
25.7751197815
25.990978241
29.3883991241
32.7966461182
35.3639373779
37.0455055237
39.5188598633
42.3236923218
41.4351730347
38.6908073425
36.1825370789
33.3573951721
33.5672302246
27.1018352509
27.0972766876
26.4212055206
26.851650238
29.2711849213
31.7761726379
33.4142875671
33.8700408936
30.4920406342
30.1474437714
34.1412391663
33.8917655945
29.9592990875
33.1241950989
35.1924438477
33.7398414612
32.1656646729
36.6378440857
36.9178352356
34.6897506714
36.9994049072
36.1488494873
35.9058570862
33.5914154053
32.3222999573
30.0170993805
33.3909416199
33.2098236084
33.9317398071
33.8490524292
34.6216850281
34.3863105774
36.6571884155
39.310005188
36.399974823
34.9817123413
32.3919525146
32.8352127075
30.9165763855
29.7058963776
31.0422267914
28.9073638916
31.1385955811
27.5388240814
27.6036987305
27.5079498291
27.7243175507
23.8323345184
22.4189147949
26.2164154053
24.2461872101
22.4414253235
27.2596092224
27.8076076508
25.5639762878
25.5572853088
29.7256069183
33.5347862244
33.2481613159
37.9759941101
35.2070274353
33.1310844421
36.8404846191
37.3528823853
38.6473731995
35.1866455078
33.9403762817
37.2836151123
36.0852851868
32.3125991821
34.1300773621
36.6312141418
34.2201576233
32.1651611328
35.6459732056
36.6684265137
34.1994056702
33.8896751404
38.6803665161
37.1279716492
34.7502861023
38.1389808655
40.5404586792
38.3719482422
38.619758606
34.9843177795
33.5836334229
29.6994438171
31.1816635132
26.9880008698
28.9395103455
26.6426029205
25.6305713654
23.9856243134
24.9899654388
26.1602954865
25.9366970062
27.4749736786
29.8809089661
32.5393562317
35.4342803955
32.7511634827
32.1578330994
30.6346302032
30.2384681702
29.3967075348
27.0547771454
26.6197814941
23.4717063904
24.4326915741
22.9085483551
25.1915550232
25.8738059998
21.9869022369
22.306728363
23.777130127
26.0280914307
25.4217739105
25.005865097
25.2949562073
28.2152481079
30.2548484802
32.5682411194
33.7555503845
32.7524223328
31.311132431
28.1744384766
29.7925491333
27.638381958
29.4245700836
29.301656723
28.0122661591
30.8659744263
33.2120361328
34.9144744873
35.7423629761
33.4955062866
32.903553009
35.5718612671
37.2500152588
33.9549636841
35.2656135559
33.177066803
35.4493408203
35.676700592
37.5918312073
33.6100578308
32.5846366882
34.850227356
33.7650337219
31.0822086334
33.0993385315
32.8709793091
30.6991043091
29.7494010925
33.0791740417
32.0629081726
28.524181366
30.9982757568
33.0987548828
31.2755641937
31.3885154724
27.5765228271
29.6658172607
28.0546474457
29.1569366455
31.7550888062
31.6808872223
31.6527004242
32.2478599548
31.4377632141
29.5363712311
32.4449195862
33.7445793152
32.7019500732
35.2580986023
36.4123382568
36.1110649109
35.6480827332
38.4004898071
39.4570083618
40.0365447998
36.864074707
36.9381713867
34.3098754883
36.6136779785
39.2040176392
36.0037956238
37.1317939758
38.8699760437
38.3294487
40.3453903198
42.275592804
42.1398582458
38.4870414734
38.5046310425
40.9714393616
38.4107322693
35.9929122925
38.9040184021
38.8498039246
36.2814254761
35.2143783569
39.3319664001
38.2268714905
40.4656295776
38.7808876038
41.4674911499
41.8144493103
37.9545288086
39.3705101013
39.8038787842
36.4529571533
40.8180923462
41.9249954224
38.4833145142
39.765712738
43.3849868774
42.0174751282
39.1893157959
43.4244728088
45.6104354858
43.4629936218
70.2132110596
39.1692047119
34.5843276978
34.5955924988
35.3320007324
36.5580215454
30.2997684479
34.4584083557
37.3873786926
29.8220005035
29.7123203278
26.9000225067
27.9150276184
23.6447124481
19.9909496307
20.7173480988
17.4694576263
23.3737125397
21.879945755
16.0729217529
19.8746013641
20.6404266357
20.7633361816
21.243560791
26.4748477936
29.7020893097
32.7542495728
33.4262542725
36.5051498413
39.0650177002
38.2049446106
36.1483383179
33.170211792
30.6965751648
30.2588748932
22.5953197479
22.1576576233
20.1229057312
20.763633728
22.6546497345
24.7771835327
26.8292751312
27.2840595245
23.4312400818
23.5893363953
27.9469604492
27.5993213654
23.5505828857
27.3100414276
29.5233345032
28.0003929138
26.608083725
31.4591388702
31.884437561
29.6513214111
32.5078849792
31.8652763367
31.8934249878
29.3196163177
27.4693107605
24.9201393127
28.8241977692
28.2152194977
29.4876899719
28.8989295959
29.3659801483
29.078754425
31.1008892059
33.5595855713
30.6990299225
29.1695079803
26.751077652
26.8424243927
25.6661872864
24.0042572021
26.1592617035
23.998003006
27.0331516266
24.0277347565
23.7507362366
24.57097435
24.8141784668
19.8752422333
17.43516922
21.5386390686
18.8846321106
17.8978557587
23.7802028656
23.7580680847
20.8881378174
22.3233451843
26.6841087341
30.9936008453
30.1893348694
35.6294174194
32.7610397339
30.148897171
34.0601425171
34.3842468262
35.8010063171
32.0800971985
30.4633178711
33.9881668091
32.7458992004
28.5191307068
30.1543254852
32.9513435364
30.3388690948
27.6114044189
31.4773750305
32.6080245972
29.6012306213
29.0520992279
34.6091499329
32.595867157
29.7502536774
33.7679290771
36.3592185974
33.681842804
33.9082984924
29.6619167328
27.9951114655
23.537940979
24.9337940216
20.0032253265
23.0259666443
20.4636001587
19.8774299622
16.9866695404
18.4030170441
20.7948589325
21.1498813629
23.6730728149
26.5169467926
29.5632572174
32.5495491028
29.6195869446
28.4999351501
26.448802948
25.7045269012
24.0902366638
21.0599899292
19.7769508362
16.5510234833
16.329120636
14.4427919388
16.7687091827
17.4667606354
12.7398843765
13.1970500946
15.0939016342
18.159412384
17.841627121
17.2383937836
17.2301902771
20.9658851624
23.5989875793
26.9224662781
28.2833747864
26.6689968109
24.8442382812
20.6146068573
23.1548042297
20.6161804199
23.0614299774
23.3245792389
21.7704162598
25.0135402679
28.0671710968
30.3142223358
31.1814365387
28.1726074219
27.5164432526
30.9530525208
33.027885437
28.4178657532
30.2660083771
27.5019264221
30.499080658
30.8681201935
33.350025177
28.4439296722
27.232629776
30.2379608154
28.9980926514
25.6902294159
28.4308376312
28.199016571
25.5239753723
24.6504421234
28.7441501617
27.5664691925
23.3519668579
26.7491512299
29.2252292633
27.0917243958
27.7127590179
22.7762680054
25.0237884521
22.4904193878
23.623632431
26.7070999146
26.8451004028
26.5494480133
27.1797599792
25.8701114655
23.2636432648
26.991361618
28.8834114075
27.608083725
30.8464488983
32.4178390503
32.0818138123
31.4728298187
35.0050010681
36.3365859985
37.0101470947
33.1002655029
33.1613235474
30.0515480042
32.950504303
36.0694656372
32.4257392883
33.8980178833
35.8890113831
35.147693634
37.4037208557
39.5308074951
39.2473068237
35.1418647766
35.1446647644
37.9375610352
34.8543395996
32.0943069458
35.523639679
35.3000869751
32.1790542603
31.0018825531
35.9050254822
34.6349067688
37.2031555176
34.9882087708
38.1977386475
38.7599067688
34.016658783
35.6972846985
36.0280609131
32.0983810425
37.1645355225
38.5812911987
34.7250289917
36.1952972412
40.2368011475
38.8952178955
35.786075592
40.4585189819
42.9088554382
40.6942596436
73.3586349487
33.8391647339
28.8248538971
29.707906723
30.5535392761
32.2897148132
26.2804679871
30.6465015411
32.8219680786
25.0781650543
25.8531589508
23.3635444641
24.6597557068
20.8334178925
17.9626808167
16.7940063477
14.843747139
22.9034900665
22.0378170013
16.0729198456
17.1914482117
17.7694358826
16.4312019348
17.7455673218
22.524477005
25.9258441925
28.4720230103
28.1266784668
32.0142021179
34.1436271667
32.5692672729
31.3682765961
27.6997528076
25.8117694855
25.3667888641
16.4628868103
16.815656662
14.8510332108
16.7017402649
19.2083148956
22.0958385468
23.1747913361
23.344247818
19.3902931213
18.9726982117
23.1956214905
22.7776908875
17.8276176453
21.4464206696
23.6945133209
21.9387588501
20.0737495422
25.2170829773
25.4033355713
22.8724937439
25.5399074554
24.8389644623
24.7628326416
22.270362854
20.3979072571
17.7574119568
21.7648105621
21.5905075073
22.9414024353
22.7984428406
23.7650127411
24.1255531311
26.4028244019
29.5116710663
26.8787689209
25.91822052
23.2424297333
22.7912731171
20.968837738
18.2546024323
20.1280250549
17.3597202301
20.1013832092
17.8056564331
16.9660930634
18.6586475372
19.1364116669
13.6760501862
11.6200799942
15.6921796799
14.5367689133
14.1160802841
18.6265544891
19.1531105042
17.9833469391
19.1404037476
22.5707798004
26.8599052429
26.4124927521
31.3981323242
27.9333896637
25.1638126373
28.9937877655
29.3115005493
30.2412548065
26.3862419128
25.1484985352
28.2528877258
26.374912262
22.441242218
24.1183338165
26.6328048706
23.655960083
21.1642532349
25.1735916138
25.9418773651
22.8822822571
22.7794208527
28.2609882355
25.9338092804
23.4057826996
27.8938083649
30.1052093506
27.425535202
28.2950210571
23.7148990631
22.8009662628
17.7710514069
20.3655891418
15.161157608
17.4703674316
15.0309782028
14.283996582
12.1816806793
12.0501842499
14.0575094223
14.0851945877
17.2054538727
19.97615242
23.1475296021
26.1885662079
23.5194606781
21.6315345764
19.6080703735
18.5314540863
17.1472415924
14.129152298
13.6470737457
10.0834674835
11.8401832581
10.4736223221
14.217042923
15.2147502899
11.1629648209
12.3149194717
15.6855344772
18.4076633453
18.0914039612
15.8215265274
15.1737766266
20.2506217957
22.904630661
25.6076335907
27.2520370483
25.704284668
23.3635845184
19.0728397369
20.924495697
17.7146778107
21.1123561859
21.1250629425
18.1832923889
21.8308620453
24.6859912872
27.4400482178
27.9376163483
25.0726203918
25.2180175781
28.8060340881
30.5927085876
25.7262783051
26.8698959351
23.6499462128
25.9199504852
25.7449150085
28.619966507
24.0103626251
22.0422649384
25.2378253937
25.1324748993
20.9689998627
22.9991970062
23.5717506409
21.3702468872
19.4032325745
23.713142395
23.9676856995
18.9990215302
21.6827831268
24.8931503296
23.471786499
23.6414642334
19.2866096497
22.3230571747
20.3078479767
21.042930603
24.510848999
25.3145465851
25.9695854187
26.2582302094
25.7326049805
22.4185886383
26.6425933838
28.0649967194
26.0131893158
29.0717830658
31.1081829071
30.5547294617
29.171995163
33.208366394
34.8649559021
34.6591148376
30.9939613342
30.3104820251
27.1215324402
30.0364341736
32.601978302
28.8343925476
30.448677063
31.9059772491
30.9383983612
32.862865448
35.460735321
34.3703269958
30.3319187164
31.2811908722
33.7539825439
29.9489746094
27.7574157715
31.8687610626
30.9400024414
27.6695365906
27.2251243591
32.1960983276
31.8317947388
33.6653175354
31.0616474152
34.1051292419
34.7696990967
29.7584571838
30.7222061157
30.5762023926
26.307226181
31.2420787811
33.1283798218
29.0785255432
29.9432735443
34.2474517822
33.231678009
29.9624328613
34.3857688904
37.1222381592
35.1787796021
73.3586349487
33.8391647339
28.8248538971
29.707906723
30.5535392761
32.2897148132
26.2804679871
30.6465015411
32.8219680786
25.0781650543
25.8531589508
23.3635444641
24.6597557068
20.8334178925
17.9626808167
16.7940063477
14.843747139
22.9034900665
22.0378170013
16.0729198456
17.1914482117
17.7694358826
16.4312019348
17.7455673218
22.524477005
25.9258441925
28.4720230103
28.1266784668
32.0142021179
34.1436271667
32.5692672729
31.3682765961
27.6997528076
25.8117694855
25.3667888641
16.4628868103
16.815656662
14.8510332108
16.7017402649
19.2083148956
22.0958385468
23.1747913361
23.344247818
19.3902931213
18.9726982117
23.1956214905
22.7776908875
17.8276176453
21.4464206696
23.6945133209
21.9387588501
20.0737495422
25.2170829773
25.4033355713
22.8724937439
25.5399074554
24.8389644623
24.7628326416
22.270362854
20.3979072571
17.7574119568
21.7648105621
21.5905075073
22.9414024353
22.7984428406
23.7650127411
24.1255531311
26.4028244019
29.5116710663
26.8787689209
25.91822052
23.2424297333
22.7912731171
20.968837738
18.2546024323
20.1280250549
17.3597202301
20.1013832092
17.8056564331
16.9660930634
18.6586475372
19.1364116669
13.6760501862
11.6200799942
15.6921796799
14.5367689133
14.1160802841
18.6265544891
19.1531105042
17.9833469391
19.1404037476
22.5707798004
26.8599052429
26.4124927521
31.3981323242
27.9333896637
25.1638126373
28.9937877655
29.3115005493
30.2412548065
26.3862419128
25.1484985352
28.2528877258
26.374912262
22.441242218
24.1183338165
26.6328048706
23.655960083
21.1642532349
25.1735916138
25.9418773651
22.8822822571
22.7794208527
28.2609882355
25.9338092804
23.4057826996
27.8938083649
30.1052093506
27.425535202
28.2950210571
23.7148990631
22.8009662628
17.7710514069
20.3655891418
15.161157608
17.4703674316
15.0309782028
14.283996582
12.1816806793
12.0501842499
14.0575094223
14.0851945877
17.2054538727
19.97615242
23.1475296021
26.1885662079
23.5194606781
21.6315345764
19.6080703735
18.5314540863
17.1472415924
14.129152298
13.6470737457
10.0834674835
11.8401832581
10.4736223221
14.217042923
15.2147502899
11.1629648209
12.3149194717
15.6855344772
18.4076633453
18.0914039612
15.8215265274
15.1737766266
20.2506217957
22.904630661
25.6076335907
27.2520370483
25.704284668
23.3635845184
19.0728397369
20.924495697
17.7146778107
21.1123561859
21.1250629425
18.1832923889
21.8308620453
24.6859912872
27.4400482178
27.9376163483
25.0726203918
25.2180175781
28.8060340881
30.5927085876
25.7262783051
26.8698959351
23.6499462128
25.9199504852
25.7449150085
28.619966507
24.0103626251
22.0422649384
25.2378253937
25.1324748993
20.9689998627
22.9991970062
23.5717506409
21.3702468872
19.4032325745
23.713142395
23.9676856995
18.9990215302
21.6827831268
24.8931503296
23.471786499
23.6414642334
19.2866096497
22.3230571747
20.3078479767
21.042930603
24.510848999
25.3145465851
25.9695854187
26.2582302094
25.7326049805
22.4185886383
26.6425933838
28.0649967194
26.0131893158
29.0717830658
31.1081829071
30.5547294617
29.171995163
33.208366394
34.8649559021
34.6591148376
30.9939613342
30.3104820251
27.1215324402
30.0364341736
32.601978302
28.8343925476
30.448677063
31.9059772491
30.9383983612
32.862865448
35.460735321
34.3703269958
30.3319187164
31.2811908722
33.7539825439
29.9489746094
27.7574157715
31.8687610626
30.9400024414
27.6695365906
27.2251243591
32.1960983276
31.8317947388
33.6653175354
31.0616474152
34.1051292419
34.7696990967
29.7584571838
30.7222061157
30.5762023926
26.307226181
31.2420787811
33.1283798218
29.0785255432
29.9432735443
34.2474517822
33.231678009
29.9624328613
34.3857688904
37.1222381592
35.1787796021
74.5808258057
31.4401779175
26.4471969604
25.2836894989
26.5894985199
26.8227558136
21.574005127
25.6130466461
28.4134960175
21.3127174377
22.7297382355
19.0398807526
22.8774700165
19.5755767822
17.00963974
19.2960739136
19.8655567169
26.8111667633
24.3563156128
20.6404342651
17.7694358826
16.5242977142
15.7746458054
14.0265331268
22.1852684021
25.2913627625
27.0351009369
26.0450363159
29.0372810364
31.8122901917
30.8642730713
31.0711631775
27.5072612762
26.6368350983
25.0467910767
16.0504779816
13.6340417862
11.8115139008
10.3509254456
12.4661455154
16.2899036407
17.5138874054
19.0420837402
16.697052002
14.5454645157
18.8498001099
20.2519931793
16.7058410645
19.2240428925
21.8179912567
21.7298069
20.1480903625
23.5042896271
25.5577468872
24.3764019012
27.4489250183
28.5418548584
28.7747573853
27.5017852783
24.3638687134
20.8123950958
23.2709712982
20.8337478638
21.867609024
19.9402637482
19.539440155
18.4693050385
20.3759288788
22.8625659943
19.5850563049
18.128993988
15.6731548309
16.087141037
15.2911338806
15.1806535721
17.5877876282
17.4920101166
22.072303772
20.2028694153
21.6873760223
23.2897834778
25.2976970673
20.8151817322
20.4716587067
24.5946540833
24.0328502655
23.0243625641
26.8671741486
28.2890777588
27.1003684998
27.2655105591
30.9767532349
34.820766449
35.2186088562
39.4607925415
35.4537277222
33.4782180786
37.2606124878
37.8247337341
38.1850814819
34.3404502869
33.7355079651
36.201915741
33.3778953552
30.3986873627
31.8502883911
33.608455658
30.2316303253
28.2210960388
31.585981369
31.4564533234
28.1000080109
28.2643222809
33.0269737244
29.1389198303
27.1816291809
31.9932804108
33.0375747681
29.401632309
30.4487953186
25.9732093811
26.0766296387
22.6121559143
24.0209121704
21.2591056824
24.5217399597
23.2847270966
23.3694801331
20.7779788971
19.4400062561
22.029876709
20.7198734283
24.2658157349
25.8585109711
27.9089355469
32.1776809692
30.6051635742
27.4472560883
26.399974823
23.7615127563
22.897983551
19.5377597809
17.6074981689
14.8982028961
14.9687404633
16.167766571
17.7826805115
16.1579437256
13.7522144318
17.9725856781
20.8377990723
23.8672466278
24.6214447021
22.8576202393
20.9211349487
25.2684860229
27.3011837006
30.452539444
31.0932674408
28.689157486
26.7368869781
22.5027961731
25.7593269348
23.9847335815
27.6293449402
28.9203262329
26.1331691742
28.1524524689
30.7040424347
33.3869171143
32.9375610352
29.8198127747
30.525806427
33.2851867676
34.4732093811
28.9337673187
30.6390209198
27.4533729553
30.0589637756
30.3380470276
33.7506790161
29.4351444244
27.6573791504
31.6412696838
32.1459770203
28.2705745697
30.4690608978
31.619562149
29.7669754028
27.9120578766
32.1686973572
33.0423088074
28.1988010406
30.6694583893
34.0867958069
32.8610420227
32.8377304077
28.7565059662
31.6708641052
29.3038368225
29.8201198578
32.8041114807
34.0632514954
34.1187973022
34.2049827576
32.8576889038
29.2185630798
32.9360237122
35.0142288208
33.1869506836
35.2214927673
37.8584060669
38.0419540405
36.3682022095
39.6428909302
42.0190849304
42.0299034119
39.1269683838
38.1604232788
35.7909622192
38.9722061157
41.6298828125
38.0178108215
39.7244377136
40.997428894
39.889667511
41.5199127197
44.0270843506
42.2965316772
38.6752204895
39.8475418091
41.7800712585
37.6215896606
36.0144577026
39.8408088684
38.1584510803
34.8576812744
35.0376930237
38.9814567566
38.0432777405
39.2150764465
36.3363342285
39.1847305298
40.6831359863
35.7958679199
36.9424095154
36.0407371521
32.0675888062
36.520904541
38.9332504272
35.6976089478
35.9713859558
40.1019058228
40.0819129944
37.2216873169
40.8493118286
43.7346954346
42.6467781067
74.5808258057
31.4401779175
26.4471969604
25.2836894989
26.5894985199
26.8227558136
21.574005127
25.6130466461
28.4134960175
21.3127174377
22.7297382355
19.0398807526
22.8774700165
19.5755767822
17.00963974
19.2960739136
19.8655567169
26.8111667633
24.3563156128
20.6404342651
17.7694358826
16.5242977142
15.7746458054
14.0265331268
22.1852684021
25.2913627625
27.0351009369
26.0450363159
29.0372810364
31.8122901917
30.8642730713
31.0711631775
27.5072612762
26.6368350983
25.0467910767
16.0504779816
13.6340417862
11.8115139008
10.3509254456
12.4661455154
16.2899036407
17.5138874054
19.0420837402
16.697052002
14.5454645157
18.8498001099
20.2519931793
16.7058410645
19.2240428925
21.8179912567
21.7298069
20.1480903625
23.5042896271
25.5577468872
24.3764019012
27.4489250183
28.5418548584
28.7747573853
27.5017852783
24.3638687134
20.8123950958
23.2709712982
20.8337478638
21.867609024
19.9402637482
19.539440155
18.4693050385
20.3759288788
22.8625659943
19.5850563049
18.128993988
15.6731548309
16.087141037
15.2911338806
15.1806535721
17.5877876282
17.4920101166
22.072303772
20.2028694153
21.6873760223
23.2897834778
25.2976970673
20.8151817322
20.4716587067
24.5946540833
24.0328502655
23.0243625641
26.8671741486
28.2890777588
27.1003684998
27.2655105591
30.9767532349
34.820766449
35.2186088562
39.4607925415
35.4537277222
33.4782180786
37.2606124878
37.8247337341
38.1850814819
34.3404502869
33.7355079651
36.201915741
33.3778953552
30.3986873627
31.8502883911
33.608455658
30.2316303253
28.2210960388
31.585981369
31.4564533234
28.1000080109
28.2643222809
33.0269737244
29.1389198303
27.1816291809
31.9932804108
33.0375747681
29.401632309
30.4487953186
25.9732093811
26.0766296387
22.6121559143
24.0209121704
21.2591056824
24.5217399597
23.2847270966
23.3694801331
20.7779788971
19.4400062561
22.029876709
20.7198734283
24.2658157349
25.8585109711
27.9089355469
32.1776809692
30.6051635742
27.4472560883
26.399974823
23.7615127563
22.897983551
19.5377597809
17.6074981689
14.8982028961
14.9687404633
16.167766571
17.7826805115
16.1579437256
13.7522144318
17.9725856781
20.8377990723
23.8672466278
24.6214447021
22.8576202393
20.9211349487
25.2684860229
27.3011837006
30.452539444
31.0932674408
28.689157486
26.7368869781
22.5027961731
25.7593269348
23.9847335815
27.6293449402
28.9203262329
26.1331691742
28.1524524689
30.7040424347
33.3869171143
32.9375610352
29.8198127747
30.525806427
33.2851867676
34.4732093811
28.9337673187
30.6390209198
27.4533729553
30.0589637756
30.3380470276
33.7506790161
29.4351444244
27.6573791504
31.6412696838
32.1459770203
28.2705745697
30.4690608978
31.619562149
29.7669754028
27.9120578766
32.1686973572
33.0423088074
28.1988010406
30.6694583893
34.0867958069
32.8610420227
32.8377304077
28.7565059662
31.6708641052
29.3038368225
29.8201198578
32.8041114807
34.0632514954
34.1187973022
34.2049827576
32.8576889038
29.2185630798
32.9360237122
35.0142288208
33.1869506836
35.2214927673
37.8584060669
38.0419540405
36.3682022095
39.6428909302
42.0190849304
42.0299034119
39.1269683838
38.1604232788
35.7909622192
38.9722061157
41.6298828125
38.0178108215
39.7244377136
40.997428894
39.889667511
41.5199127197
44.0270843506
42.2965316772
38.6752204895
39.8475418091
41.7800712585
37.6215896606
36.0144577026
39.8408088684
38.1584510803
34.8576812744
35.0376930237
38.9814567566
38.0432777405
39.2150764465
36.3363342285
39.1847305298
40.6831359863
35.7958679199
36.9424095154
36.0407371521
32.0675888062
36.520904541
38.9332504272
35.6976089478
35.9713859558
40.1019058228
40.0819129944
37.2216873169
40.8493118286
43.7346954346
42.6467781067
82.4876861572
33.1943817139
28.6422424316
28.6609210968
27.9863262177
28.4400291443
24.0273456573
26.4037017822
27.583732605
20.2299079895
20.2046833038
18.7644062042
18.7229061127
16.7885684967
20.3819332123
19.5482749939
22.4592132568
29.3883991241
29.3436737061
26.4748420715
22.5244693756
25.3419818878
22.1852703094
20.5692920685
16.8686218262
22.2529239655
22.6155605316
23.0776290894
25.5234184265
28.4508895874
26.8479404449
26.0286903381
22.9363059998
21.4459285736
22.1426849365
14.3576173782
14.7678880692
18.3509616852
18.2082386017
22.2998371124
27.2383651733
27.144405365
28.6095218658
26.4962291718
23.0787315369
26.6786289215
28.4557189941
23.482749939
24.6911811829
27.4328994751
27.155128479
23.9297332764
27.0570716858
29.0033683777
26.9542655945
28.3816680908
28.7090015411
27.5062427521
26.9111747742
25.4247207642
21.8387966156
22.9584522247
22.317155838
20.850112915
21.4558868408
22.9048690796
22.4219417572
25.9206886292
29.9669284821
26.1589183807
25.3837776184
22.0982608795
23.5152683258
18.9236240387
19.6023273468
18.2895431519
17.5934314728
19.2381210327
14.8275375366
18.1036930084
17.2123012543
20.0166721344
18.3484611511
20.4294757843
24.1613445282
24.980474472
22.7115039825
23.8621082306
27.0484676361
27.2329769135
24.8155326843
27.6417655945
30.3321647644
32.5019187927
34.8564491272
30.31990242
29.883228302
33.6701278687
35.2663879395
35.0383796692
31.144405365
31.9097652435
34.5775375366
30.6960144043
28.713476181
31.5425739288
32.7991371155
28.877828598
28.9052848816
32.5143089294
31.7929801941
29.5055389404
30.9504852295
34.8092079163
31.2906589508
30.7159118652
35.6074905396
35.9389228821
33.1329650879
35.6423416138
31.063791275
32.3049621582
27.9068889618
31.1709499359
27.282327652
28.4745597839
26.6956863403
25.297164917
24.8827152252
23.1699123383
23.0370826721
20.0396595001
21.2348766327
21.3810005188
22.0787887573
27.0838718414
26.4718456268
24.2156581879
24.9147644043
22.8905353546
24.7009391785
22.6519393921
23.3920860291
19.7680702209
23.1781692505
23.3073768616
26.6928367615
26.3421535492
22.7778358459
25.3055362701
28.3643398285
31.3922462463
30.8972969055
29.2161178589
28.4573879242
33.4015617371
35.8708724976
38.4693717957
39.8321495056
38.0648918152
35.8433265686
31.6670608521
33.7489776611
30.8189182281
34.2994766235
34.0458831787
30.8516807556
34.4264984131
36.783782959
39.5910415649
39.5546073914
37.0621871948
37.8214645386
40.9876670837
42.227180481
37.4023666382
38.1188392639
34.8496932983
36.176486969
35.4102058411
38.5454216003
35.085811615
32.4973335266
35.505645752
36.7854232788
32.3829040527
32.8125572205
34.3844451904
32.9710884094
29.9024906158
33.433555603
34.8512382507
29.9579696655
30.581035614
33.9121284485
33.1902618408
31.4595470428
29.4647769928
32.858795166
32.2508964539
33.3397865295
36.9162368774
37.1729164124
38.1902999878
38.8540420532
38.5524368286
35.6256484985
39.7280769348
41.0240364075
38.9359054565
41.7266578674
43.8220977783
43.0955696106
41.5503921509
45.5228309631
47.173992157
46.4272956848
42.9877128601
42.0063514709
38.6892623901
40.8941001892
42.2104263306
38.5264358521
39.2528457642
39.9678916931
39.5691413879
40.9281578064
44.4079437256
42.5156326294
39.0220146179
41.3061943054
43.386844635
39.1716690063
37.9896125793
42.5522460938
41.0951309204
38.1583442688
38.5048103333
43.0502433777
43.5641822815
44.415813446
41.675113678
44.0653419495
44.9003067017
40.2556991577
40.0463600159
39.0067367554
34.8789405823
38.4455718994
41.087020874
37.2931289673
36.2377662659
40.5490646362
40.356590271
37.0030784607
39.9557266235
43.0903015137
41.6577262878
77.4771499634
23.1046562195
18.1377124786
14.53129673
17.7482948303
17.022813797
13.9409837723
18.0573787689
21.0084323883
15.861869812
19.7837715149
16.7201442719
23.3409385681
21.7295913696
22.0798377991
23.5324649811
25.1605243683
32.8352088928
30.1254863739
26.8424186707
22.7912731171
20.8554916382
16.0871391296
19.0819072723
15.7764492035
23.5152645111
25.0728054047
24.7910022736
20.541437149
24.1418418884
25.9563121796
25.534740448
28.662405014
24.8384456635
26.0761642456
23.400018692
14.6436700821
11.3383216858
9.79003620148
7.82313299179
5.98887491226
9.50253677368
7.16489696503
10.4999876022
11.8957653046
7.13058328629
8.46438503265
13.2789363861
12.1437568665
11.5723648071
14.2532024384
16.5918064117
15.4089822769
15.5819168091
20.1622543335
20.6187171936
23.8526191711
26.9800605774
27.5199661255
27.6271972656
23.3413944244
19.3595180511
19.7687072754
14.9107818604
15.9847173691
11.7309045792
8.98791790009
6.43683671951
6.36780738831
8.44547462463
5.19856309891
5.75370550156
5.54710006714
7.14369726181
8.94493198395
11.5624780655
14.6915616989
20.0657501221
20.5036697388
22.8700752258
25.3012580872
28.365655899
24.5079669952
25.2824268341
28.9998397827
29.7194652557
28.9258346558
31.4297771454
33.631149292
33.4887390137
33.1894226074
36.3232803345
39.8503761292
40.955368042
44.4054069519
39.6036949158
38.0076217651
41.6116905212
42.3109321594
41.8379325867
37.9510765076
38.0785675049
39.6935768127
35.5998191833
33.7093353271
34.9277000427
35.7990150452
31.8519592285
30.452545166
33.3213348389
32.0249404907
28.4100589752
29.2456893921
33.2250671387
27.3475246429
26.444524765
32.1114463806
31.501707077
26.7077865601
28.8962841034
23.9940605164
26.0935306549
23.7230529785
25.0289554596
24.3095397949
27.5533428192
27.3633403778
27.9707622528
25.6651344299
22.6801452637
25.2511005402
23.1128673553
27.1565895081
27.6827983856
28.7881031036
33.7731056213
33.3778419495
28.5420837402
28.3091773987
24.1719760895
23.9083633423
20.7459487915
18.5178127289
17.5907840729
17.4996948242
20.4754505157
21.2958717346
18.4123535156
18.8155193329
23.7541370392
27.0562667847
29.9869403839
31.2904834747
28.7561702728
25.7875022888
30.4412574768
32.0463256836
35.0846862793
35.1827354431
32.1488304138
30.1346721649
26.1290569305
29.6936340332
28.4428043365
32.9016075134
34.83203125
31.1811275482
32.4414138794
34.6980743408
37.80078125
36.4140739441
33.0908088684
34.803894043
37.19298172
37.8278198242
31.2921619415
32.9708480835
29.2873821259
31.5906581879
31.7057933807
36.0632591248
32.1073608398
29.7741146088
34.5988922119
36.4841575623
32.0820732117
33.8366470337
36.0555610657
34.7598648071
32.2035102844
36.5810699463
38.9176979065
33.5879669189
35.4545211792
39.5635643005
38.9476127625
38.5428962708
34.9257392883
38.309803009
35.9615249634
36.1043167114
39.1262626648
41.1280517578
41.4311065674
41.1782722473
39.7972946167
35.4200630188
39.2178878784
41.4637336731
39.2325592041
40.5711250305
43.9624481201
44.4728775024
42.07447052
45.3160057068
48.4021759033
47.9954719543
45.6096611023
43.9461746216
41.9446411133
45.3800392151
47.7508201599
44.0763130188
45.9784164429
46.7536010742
45.3683929443
46.5597991943
49.4424362183
46.5755310059
43.2576332092
45.3567886353
46.7434806824
41.6597862244
40.8921165466
45.1553878784
42.3922615051
38.8688011169
40.0431289673
43.5090866089
42.8621864319
43.1238861084
39.6076812744
42.2969322205
44.479888916
39.2614364624
39.9013404846
37.91664505
33.7629928589
37.7076530457
41.1207504272
38.2553863525
37.405544281
41.6976203918
42.8205223083
40.0913887024
42.8310775757
46.1616897583
45.9851417542
83.6633377075
21.001335144
15.1262388229
17.7551517487
18.1658840179
20.9123764038
17.2774410248
21.1782722473
20.8042984009
14.0472288132
17.8439769745
16.7805595398
19.7819709778
18.4159030914
19.5796546936
17.2177295685
19.9192848206
28.9073600769
28.2099704742
23.9979972839
17.3597164154
20.911939621
17.4920082092
15.2927646637
14.3860368729
17.5934314728
19.9559440613
19.4231071472
14.7545795441
20.9490909576
21.7355804443
18.5384864807
21.3410949707
15.8475837708
16.9462394714
15.2875452042
4.59064388275
6.91535568237
8.38780403137
11.2929964066
14.7623186111
19.7849349976
17.8499889374
18.3986091614
16.3926410675
12.4171028137
14.9838027954
16.4652633667
10.3907604218
10.5010490417
13.2916288376
12.9092082977
8.61979007721
12.1628894806
14.0511035919
11.8661632538
13.5133113861
14.9732818604
14.3308191299
14.501581192
11.5247087479
7.11235189438
7.49491357803
6.48956489563
6.41730070114
7.40356206894
10.1235675812
12.0482110977
15.2774343491
20.3209991455
17.9455356598
18.6894016266
15.7361326218
14.6915616989
10.5528144836
6.6721200943
5.14918375015
6.04013252258
8.07468032837
9.25149536133
12.6296052933
15.6461677551
12.6989917755
14.9013719559
17.3563518524
19.9416427612
19.3100776672
19.2137584686
22.1287002563
23.9807071686
22.8912143707
24.4193115234
27.3856563568
28.9863052368
31.3987350464
26.346862793
24.9005432129
28.1043148041
29.0222167969
28.0097503662
24.2323932648
25.1404304504
26.4218425751
21.6435241699
20.5148925781
22.3401412964
22.7731132507
18.4149646759
18.4307041168
21.5828456879
19.8702373505
17.0495376587
19.2067928314
22.6956748962
17.6127300262
17.7808113098
23.7235717773
23.0070381165
19.5477428436
23.3359546661
18.0444602966
21.0751171112
16.730632782
21.1801986694
18.2353916168
18.8501586914
18.3384628296
17.9053649902
17.9335098267
13.8473062515
13.8940696716
10.587556839
13.8950433731
13.6913824081
14.7623224258
19.4036941528
19.4107704163
14.2804889679
14.7983779907
10.7289009094
12.5535335541
10.7387561798
12.059179306
10.4207572937
14.5228309631
16.1829795837
19.7479934692
19.4227561951
17.4442234039
20.6195163727
24.8513145447
27.7668876648
27.6907310486
24.3061676025
22.4703655243
28.6754207611
31.1623878479
33.2438545227
34.8641433716
32.9517631531
30.0081138611
25.6415100098
27.2223205566
23.95195961
28.6392612457
28.7052345276
24.0500049591
27.2178611755
29.2398319244
32.7606544495
31.9419078827
29.4784317017
31.4642333984
34.7765426636
35.5813941956
30.0182495117
29.906539917
25.8956832886
26.2813739777
24.8606948853
28.8853988647
25.8852100372
22.3194351196
26.0231723785
29.0750675201
23.7832145691
23.542722702
26.4376087189
25.8224067688
21.8196697235
25.5702896118
29.1096134186
23.6301193237
23.7257480621
28.0504207611
28.3113594055
26.8833847046
24.9471874237
28.8885993958
28.0462875366
28.3140697479
31.9813747406
33.5839500427
35.3368759155
35.3227767944
35.5438117981
31.4150447845
36.1229667664
37.1396102905
34.1095237732
36.4267997742
39.3738212585
38.6584205627
35.9709739685
40.4502639771
42.8090553284
41.0399169922
38.2137298584
36.1363067627
33.2393836975
35.8473510742
36.8783035278
33.2187652588
34.6385993958
34.686504364
33.5431213379
34.3222694397
38.0080337524
34.6929855347
31.5262145996
34.8875999451
36.2116928101
30.8233985901
30.6727581024
35.8414878845
33.0372047424
29.8088855743
31.431016922
35.6061019897
37.0598487854
36.7666015625
33.2954025269
35.4875793457
36.7955169678
31.6784381866
30.6415081024
28.5608978271
24.0202884674
27.328918457
30.9571399689
27.3159484863
25.3334617615
29.9764575958
30.8151035309
27.6207466125
29.9794063568
33.5557632446
33.0974121094
88.9119949341
26.4074726105
21.4205646515
23.6804485321
22.9868679047
24.9174938202
20.6927890778
23.5748577118
23.2618789673
15.8435258865
17.4614105225
17.3133182526
17.4324264526
15.7639961243
18.8464984894
15.6566972733
18.6411705017
27.5388221741
28.3003292084
24.0277423859
17.8056602478
23.3276386261
20.2028808594
17.0840892792
15.0260391235
14.8275413513
18.95652771
18.0938949585
15.9212169647
20.7472629547
22.017080307
18.666015625
19.1130599976
14.3783044815
13.6561098099
15.3137016296
6.29888916016
9.81420707703
13.470492363
15.2825975418
19.8681106567
25.49193573
24.4303436279
25.4038467407
22.8200378418
18.9622249603
22.3059215546
23.7782783508
17.3316345215
18.0689258575
20.78789711
19.9110774994
15.5672769547
19.2147674561
20.4258842468
17.4444541931
17.814409256
17.5161762238
15.4282817841
15.2848320007
14.6445827484
11.1597862244
11.7115974426
13.0729122162
11.0113477707
13.7986364365
16.7790546417
17.8174324036
21.765127182
26.9652671814
23.5470218658
23.5766716003
20.0138225555
20.5036678314
15.0636100769
13.4514551163
10.8377027512
8.07467842102
6.65814971924
5.55379724503
5.93449401855
9.43571472168
8.63465213776
12.2488794327
14.8664894104
17.5493793488
15.6930274963
14.3596725464
18.4183349609
20.4877128601
17.6867332458
19.0012435913
21.3378601074
24.0352611542
25.5122756958
20.3057022095
19.919128418
23.4596843719
25.2788639069
24.3042697906
20.2942409515
21.945514679
24.1411972046
19.080915451
17.9973945618
21.3225650787
22.0043334961
17.4040737152
18.7342243195
22.5182876587
21.1025714874
19.2828636169
21.8465633392
25.2324485779
21.5739250183
21.9873275757
27.4516925812
27.1467895508
24.7424736023
28.6425590515
23.5597419739
25.9811573029
20.6231155396
25.7206420898
21.0537261963
20.7580356598
19.0638599396
17.1632328033
18.2909679413
15.3476161957
13.5274009705
9.39463806152
9.8931388855
8.90328121185
9.33296298981
14.7262001038
14.8599042892
11.5863571167
13.3167457581
11.0624904633
14.7091569901
13.6950159073
16.3423194885
12.9112472534
18.2178630829
18.3050365448
22.9008388519
23.2955513
19.4468631744
21.5756816864
25.52734375
28.6833267212
27.6835021973
25.0476112366
24.4192695618
30.6997890472
33.7249946594
36.0361938477
38.2222213745
36.6248588562
33.6293258667
28.8883686066
30.2521324158
26.1488780975
30.3271846771
29.2164211273
24.9000701904
29.5559883118
31.8646144867
35.3119697571
35.2916793823
33.0095863342
34.3519439697
38.2648124695
39.5439910889
34.3879241943
34.1544342041
30.2145442963
30.4375419617
28.6341819763
32.0833053589
29.1148204803
25.4380874634
28.1898498535
30.7817630768
25.3563632965
24.3603096008
26.8380050659
25.9916477203
21.5858745575
24.8953857422
27.757818222
22.3483047485
21.5754356384
25.4906101227
25.6078262329
23.0217456818
22.2349243164
26.3170986176
26.5904884338
27.6199989319
31.8126029968
32.1509819031
34.2273864746
34.923538208
35.5564308167
32.2656974792
37.2592735291
37.9920005798
35.1143112183
38.5150756836
40.7582206726
39.298576355
37.2085838318
42.3063697815
43.8256111145
41.9803199768
38.1730079651
36.608795166
32.6235771179
34.4993782043
34.8537483215
30.9888401031
31.5226097107
31.5522327423
31.1764907837
32.1297225952
36.4889793396
33.7539863586
30.3146305084
33.9494438171
35.8964881897
30.9051628113
30.3956737518
35.9986686707
34.0363960266
31.0465049744
32.0699806213
37.2151603699
39.2812156677
39.5067710876
36.3475265503
38.5192184448
39.076587677
34.0560646057
32.5314674377
30.9791984558
26.3341331482
29.4417076111
32.7168502808
28.3314151764
26.0318851471
30.8205890656
30.8342723846
27.0372390747
29.5115795135
33.1230545044
31.7641716003
91.0675430298
33.4810180664
28.9385986328
31.743598938
31.1424770355
33.154800415
28.1422348022
31.1297168732
31.1188220978
23.5684204102
23.9879131317
24.119682312
22.6427593231
19.6676120758
22.1107559204
18.8098983765
19.1514968872
27.7243156433
29.9488563538
24.8141765594
19.1364135742
27.1785144806
25.2976970673
21.8603572845
20.9712047577
20.0166797638
24.9197158813
24.4594421387
23.4200172424
27.4428730011
28.6308345795
25.2831745148
23.9713115692
20.5886592865
19.577753067
22.7360401154
14.2731962204
17.6016426086
20.0870361328
22.1907100677
26.7119064331
31.8328227997
31.4675617218
31.9868412018
28.4946784973
25.8508701324
29.5465316772
29.9733734131
23.3820114136
25.074640274
27.4006309509
25.5225486755
21.6921463013
26.1641979218
25.8862075806
22.2223758698
22.0005588531
19.6564884186
17.0917682648
15.6576375961
17.3706455231
15.6683712006
17.4510707855
20.3641262054
19.0027637482
22.148443222
25.1769371033
26.3535232544
30.1689834595
35.1834182739
31.8045864105
31.4878482819
27.8298683167
28.365650177
23.2252941132
21.126865387
19.273935318
15.6461687088
12.9982557297
9.43571376801
7.67000246048
4.82370996475
6.05227088928
9.44564056396
10.433221817
13.1184625626
10.9534072876
7.17238044739
11.8135156631
14.6615514755
10.9443235397
10.8321046829
12.7051706314
15.8526535034
16.8832530975
11.8937520981
11.8390464783
15.6633491516
18.0710163116
17.6114521027
13.5351724625
15.4164857864
18.7080821991
14.6885938644
12.9233903885
17.4357719421
18.7651252747
14.9253559113
16.8016967773
20.8701438904
20.4861984253
19.7497291565
22.0150051117
25.3664913177
23.9805545807
24.0081939697
28.3510398865
29.1145954132
28.0322418213
31.3229656219
26.8149757385
28.1006183624
22.2080764771
27.5667572021
21.6413269043
20.0624485016
17.4628219604
14.3389129639
17.0284519196
15.7050428391
12.1813316345
9.47004985809
5.94388484955
5.66262578964
7.23975038528
9.95375919342
8.68692684174
9.77910518646
11.1819972992
12.4420108795
15.7870063782
15.8683948517
19.388256073
15.9144067764
21.1588039398
19.7115955353
24.6985530853
26.3216133118
21.6644458771
21.7657260895
25.1061782837
27.8111476898
25.8566074371
23.7383022308
24.5081863403
30.3697299957
33.6957740784
35.6532745361
38.5228652954
37.6153335571
34.5829086304
30.0517215729
30.4694061279
25.6790676117
28.9644699097
26.5023822784
22.7554244995
28.5651359558
30.8691749573
34.0325126648
34.9024505615
33.1068344116
33.7995796204
38.1466636658
39.8348846436
35.6101722717
34.9665679932
31.3998794556
31.253326416
29.1487541199
31.6531848907
28.9196395874
25.4436798096
26.8250179291
28.7109603882
23.6076431274
21.8868465424
23.5658664703
22.6426944733
18.268196106
20.6432571411
22.6260223389
17.8881645203
16.077091217
19.1594181061
19.269903183
15.7240056992
16.483537674
20.4175262451
22.0582618713
23.5934829712
27.9781494141
27.2047729492
29.8719997406
31.062417984
32.5083732605
30.1721401215
35.2013778687
35.2709541321
32.4916152954
36.7731552124
38.1798439026
35.9046630859
34.3883781433
39.9794120789
40.5527648926
38.4800338745
33.9200286865
32.8310089111
27.9669361115
28.9261245728
28.5362968445
24.6577987671
24.3604373932
24.3632888794
24.7035827637
25.8696613312
30.6327018738
28.8027515411
25.1274986267
28.7353439331
31.267993927
27.0646038055
26.0833721161
31.8231163025
30.9106311798
28.3703689575
28.6684570312
34.573677063
37.324672699
38.0677223206
35.4402160645
37.5109901428
37.1487464905
32.5052757263
30.6251792908
29.965549469
25.5624675751
28.5296058655
30.9604492188
25.9689884186
24.1091308594
28.6812057495
27.4388599396
23.2425765991
26.2178440094
29.486618042
26.9496631622
94.9291610718
44.1223220825
40.196018219
43.2338485718
42.668888092
44.7844581604
39.0686302185
42.1529579163
42.4926452637
34.9286689758
34.4269828796
34.8960723877
32.4891586304
28.9898090363
30.539730072
27.8244609833
26.1746768951
33.5347862244
36.7795677185
30.9935951233
26.8599071503
35.8330574036
34.820766449
31.3233623505
31.4136219025
30.3321647644
34.4812507629
34.7547950745
34.6297340393
38.0196647644
39.2524223328
36.2339897156
33.3775634766
31.2462062836
29.9178390503
33.5764541626
26.2233695984
29.3187732697
31.0164260864
33.1683731079
37.4494972229
41.9564781189
42.2275161743
42.3662528992
38.2473449707
36.6944007874
40.5698280334
40.1335716248
33.7933731079
36.0982780457
38.05651474
35.4912414551
32.3019142151
37.1636505127
35.7620773315
31.842338562
31.2265281677
27.4632987976
25.072763443
22.7478427887
26.0535583496
25.874250412
28.1786823273
31.8014659882
30.8923931122
34.144733429
37.1526527405
38.3834648132
42.0807304382
46.8932533264
43.5541954041
42.9398422241
39.268573761
39.8503875732
35.015247345
32.6916313171
31.325958252
27.3856563568
24.4492721558
21.3378620148
18.8254737854
16.2190093994
12.7051725388
15.6323442459
16.139667511
14.3127756119
15.2449483871
13.8317270279
9.41416168213
10.4052801132
13.0643119812
9.49860668182
5.0299448967
6.5049238205
5.84548521042
5.14349269867
6.16134977341
8.84388256073
12.0924758911
13.4223127365
11.1002206802
12.2063379288
16.8190574646
16.3910522461
14.270242691
18.6416664124
20.6083488464
19.2453384399
21.0024909973
24.2966003418
25.3214015961
25.9033508301
27.3538513184
30.1569824219
31.3582363129
30.9806842804
33.5542564392
35.4884223938
35.8148651123
38.1749076843
34.6134414673
34.6058235168
28.9648189545
33.8222045898
27.4004230499
24.7409915924
21.7604103088
18.2344112396
21.8973865509
22.7081489563
18.8646221161
18.6364059448
14.2300052643
14.9846010208
16.3477420807
14.3486690521
11.3253669739
17.3247451782
17.5243492126
21.3136177063
23.4188709259
24.3964366913
27.9119129181
25.0708560944
29.2631015778
26.6682472229
31.1647853851
33.8120536804
28.9427375793
26.9658584595
28.8984470367
30.6001205444
27.6587200165
26.7131080627
29.1113300323
33.5595779419
36.9054222107
38.2411766052
41.7519989014
41.7745780945
38.9693527222
35.1322135925
34.4093666077
29.42278862
31.0192394257
26.9797668457
24.8851623535
31.2280216217
33.2513885498
35.6511077881
37.6617355347
36.6504936218
36.3933334351
40.9236869812
43.0332298279
40.2890319824
39.2462234497
36.4687042236
35.949382782
33.748916626
34.7929420471
32.6361579895
29.9085178375
29.3619098663
29.9199047089
26.1530265808
23.8522891998
23.8933792114
23.0244655609
19.9384117126
20.1037330627
19.8646507263
17.7003002167
14.7308998108
14.8096904755
14.7724056244
9.89668750763
14.3192186356
16.4953651428
20.4355449677
22.5513343811
26.4278488159
23.7550983429
27.057056427
28.9652194977
31.5243053436
30.9796028137
35.4543647766
34.5382843018
32.2564315796
37.4142494202
37.4332771301
34.0944252014
33.6925354004
39.5032310486
38.5578956604
36.3491210938
30.9151153564
30.7895679474
25.059211731
24.1418361664
22.3435440063
18.9773159027
16.7257843018
16.7812900543
18.8139190674
20.3579406738
25.270324707
25.5015907288
21.9339847565
24.7904586792
28.1279239655
25.9169082642
24.2050876617
29.3255977631
30.2976531982
28.7953186035
27.8544521332
34.2416229248
37.6819763184
39.1682662964
37.5180130005
39.3012199402
37.6752319336
34.0157966614
31.9213314056
32.6206092834
29.1520462036
31.5618858337
32.5180549622
27.3664836884
26.5601501465
30.085641861
27.0968971252
23.0477142334
26.3545284271
28.5483379364
24.3418121338
94.9291610718
44.1223220825
40.196018219
43.2338485718
42.668888092
44.7844581604
39.0686302185
42.1529579163
42.4926452637
34.9286689758
34.4269828796
34.8960723877
32.4891586304
28.9898090363
30.539730072
27.8244609833
26.1746768951
33.5347862244
36.7795677185
30.9935951233
26.8599071503
35.8330574036
34.820766449
31.3233623505
31.4136219025
30.3321647644
34.4812507629
34.7547950745
34.6297340393
38.0196647644
39.2524223328
36.2339897156
33.3775634766
31.2462062836
29.9178390503
33.5764541626
26.2233695984
29.3187732697
31.0164260864
33.1683731079
37.4494972229
41.9564781189
42.2275161743
42.3662528992
38.2473449707
36.6944007874
40.5698280334
40.1335716248
33.7933731079
36.0982780457
38.05651474
35.4912414551
32.3019142151
37.1636505127
35.7620773315
31.842338562
31.2265281677
27.4632987976
25.072763443
22.7478427887
26.0535583496
25.874250412
28.1786823273
31.8014659882
30.8923931122
34.144733429
37.1526527405
38.3834648132
42.0807304382
46.8932533264
43.5541954041
42.9398422241
39.268573761
39.8503875732
35.015247345
32.6916313171
31.325958252
27.3856563568
24.4492721558
21.3378620148
18.8254737854
16.2190093994
12.7051725388
15.6323442459
16.139667511
14.3127756119
15.2449483871
13.8317270279
9.41416168213
10.4052801132
13.0643119812
9.49860668182
5.0299448967
6.5049238205
5.84548521042
5.14349269867
6.16134977341
8.84388256073
12.0924758911
13.4223127365
11.1002206802
12.2063379288
16.8190574646
16.3910522461
14.270242691
18.6416664124
20.6083488464
19.2453384399
21.0024909973
24.2966003418
25.3214015961
25.9033508301
27.3538513184
30.1569824219
31.3582363129
30.9806842804
33.5542564392
35.4884223938
35.8148651123
38.1749076843
34.6134414673
34.6058235168
28.9648189545
33.8222045898
27.4004230499
24.7409915924
21.7604103088
18.2344112396
21.8973865509
22.7081489563
18.8646221161
18.6364059448
14.2300052643
14.9846010208
16.3477420807
14.3486690521
11.3253669739
17.3247451782
17.5243492126
21.3136177063
23.4188709259
24.3964366913
27.9119129181
25.0708560944
29.2631015778
26.6682472229
31.1647853851
33.8120536804
28.9427375793
26.9658584595
28.8984470367
30.6001205444
27.6587200165
26.7131080627
29.1113300323
33.5595779419
36.9054222107
38.2411766052
41.7519989014
41.7745780945
38.9693527222
35.1322135925
34.4093666077
29.42278862
31.0192394257
26.9797668457
24.8851623535
31.2280216217
33.2513885498
35.6511077881
37.6617355347
36.6504936218
36.3933334351
40.9236869812
43.0332298279
40.2890319824
39.2462234497
36.4687042236
35.949382782
33.748916626
34.7929420471
32.6361579895
29.9085178375
29.3619098663
29.9199047089
26.1530265808
23.8522891998
23.8933792114
23.0244655609
19.9384117126
20.1037330627
19.8646507263
17.7003002167
14.7308998108
14.8096904755
14.7724056244
9.89668750763
14.3192186356
16.4953651428
20.4355449677
22.5513343811
26.4278488159
23.7550983429
27.057056427
28.9652194977
31.5243053436
30.9796028137
35.4543647766
34.5382843018
32.2564315796
37.4142494202
37.4332771301
34.0944252014
33.6925354004
39.5032310486
38.5578956604
36.3491210938
30.9151153564
30.7895679474
25.059211731
24.1418361664
22.3435440063
18.9773159027
16.7257843018
16.7812900543
18.8139190674
20.3579406738
25.270324707
25.5015907288
21.9339847565
24.7904586792
28.1279239655
25.9169082642
24.2050876617
29.3255977631
30.2976531982
28.7953186035
27.8544521332
34.2416229248
37.6819763184
39.1682662964
37.5180130005
39.3012199402
37.6752319336
34.0157966614
31.9213314056
32.6206092834
29.1520462036
31.5618858337
32.5180549622
27.3664836884
26.5601501465
30.085641861
27.0968971252
23.0477142334
26.3545284271
28.5483379364
24.3418121338
76.5601806641
30.2913913727
25.617729187
30.7133903503
32.6577377319
36.3945846558
31.7591381073
36.8778648376
36.1087722778
29.8922080994
33.2080535889
32.7732009888
34.3020019531
32.0789222717
29.9124908447
27.0134735107
25.4006919861
33.8896713257
34.0207595825
29.05210495
22.7794303894
28.742351532
28.2643280029
25.981584549
28.9137706757
30.9504890442
32.5969314575
33.8065338135
30.5209445953
36.0503158569
36.27186203
32.2709007263
33.4204826355
28.6696205139
29.7107715607
29.8404865265
22.0723819733
24.5523376465
22.001455307
26.4060611725
27.8660449982
29.4772129059
27.9923038483
25.5654411316
22.3208847046
23.5461540222
24.393327713
21.1078357697
17.8897342682
19.4868164062
18.882276535
15.1610002518
15.4892520905
19.447095871
14.8111448288
12.1125421524
12.7431497574
9.80177688599
12.1108379364
9.36695384979
8.92352867126
12.6702957153
15.6573810577
18.6214179993
21.7125015259
23.1591892242
25.1931343079
28.3941936493
29.5599822998
32.8447380066
33.1114959717
34.1495857239
32.1103134155
29.2456912994
27.8594150543
21.7880916595
23.0400085449
19.2067928314
18.4839439392
21.8465633392
17.7223339081
22.3337306976
22.015007019
18.6176528931
17.9091682434
15.1194696426
18.2028503418
21.3384361267
20.2441196442
19.1795597076
22.6515426636
25.3043804169
24.2651004791
27.3538532257
25.6478900909
29.3156223297
26.2469654083
22.1391048431
23.0103988647
21.0734939575
20.5835170746
18.850479126
17.4211006165
15.8204174042
15.152923584
13.7353925705
10.5476751328
10.8123149872
10.6064367294
6.81942272186
6.02354383469
6.93123292923
4.4907412529
6.53764009476
7.90487337112
5.60324478149
7.09981536865
10.0800991058
10.6136350632
11.3347883224
9.63508224487
10.0881652832
8.4469203949
12.7022409439
12.1847925186
8.16888141632
11.3290348053
13.4043064117
15.3842067719
12.3271436691
11.7144384384
14.3669147491
16.774312973
18.3064422607
21.1480903625
20.3979625702
18.7608642578
15.1151037216
11.749171257
11.8309516907
7.74532175064
10.5772304535
12.8259458542
16.3693161011
17.6342849731
18.0521945953
19.7636852264
22.1579761505
22.7304801941
22.1791496277
25.3703041077
25.8347911835
25.7127323151
20.9937953949
19.8231182098
24.2546043396
25.7333278656
24.6694717407
27.1013183594
27.1529350281
24.0351200104
22.3714828491
19.908531189
16.9955310822
20.377779007
19.919172287
15.1422662735
16.0798187256
15.8029880524
18.9466686249
17.7858638763
17.5608444214
20.6217498779
23.1026630402
23.1576900482
20.5627555847
17.5379371643
14.9165248871
11.694144249
8.61337375641
11.4156217575
11.1412010193
7.47422933578
8.71767807007
14.0936689377
10.1176986694
8.10157680511
11.9171953201
13.8046188354
11.0571432114
12.418176651
18.4014263153
15.566781044
15.071349144
18.6155261993
20.5137443542
21.6144924164
20.0357379913
22.5849094391
21.6912593842
19.8756561279
21.5999584198
25.4743080139
28.3681640625
26.8197803497
28.7914447784
24.5375499725
28.3082714081
27.4826107025
23.5692005157
24.2268810272
27.2688446045
26.4348011017
22.4142627716
26.5110855103
29.1321983337
25.6396312714
25.115655899
21.4699440002
20.8269405365
23.33335495
24.1349105835
21.9373569489
24.8752479553
24.1588630676
21.3986873627
21.2433261871
23.1637001038
18.921836853
16.9532680511
20.1415328979
19.6276130676
14.0357894897
15.5411052704
19.6516437531
15.3622159958
12.6862668991
16.2205371857
18.2397994995
21.4597358704
19.4526004791
16.1987113953
17.4876918793
18.4575004578
14.1388607025
11.9343719482
9.79596233368
5.68366718292
9.50372219086
12.4646205902
9.56277561188
10.0427179337
13.6960191727
14.3906917572
12.8985757828
15.8545436859
18.377412796
18.8143939972
74.2379608154
31.4084796906
27.1933670044
32.5010452271
35.0247459412
38.8788986206
34.872543335
40.0467376709
38.8336753845
33.3852272034
37.3534965515
37.0224990845
39.0451660156
37.1237487793
34.5294952393
31.925453186
30.1803741455
38.1389846802
37.9202156067
33.7679328918
27.8938064575
32.4999237061
31.9932785034
30.303396225
33.5723457336
35.6074981689
36.6963729858
37.8475418091
34.2329521179
39.5639038086
39.5880966187
35.427822113
37.2001152039
32.398727417
34.1555175781
33.9624557495
27.0615310669
29.2182235718
26.1676712036
30.5771408081
31.2266197205
31.8970775604
29.9552078247
26.8612785339
24.3877182007
26.3315868378
25.9769268036
21.9862499237
20.602602005
21.4643745422
19.7873420715
16.3099746704
18.0778560638
20.6517734528
15.1696414948
13.9701728821
14.4662466049
12.7680883408
15.890250206
14.3549280167
13.2818632126
17.2603607178
19.286026001
21.6784496307
25.2707519531
26.2287654877
27.8287620544
31.3352890015
31.689540863
34.278968811
35.6552963257
37.1167182922
35.622592926
32.1114425659
31.6419315338
25.3484325409
26.9445858002
23.7235717773
23.2759685516
27.4516906738
23.6288700104
28.4514007568
28.3510417938
25.0434055328
24.3462963104
21.6354217529
24.4851493835
27.7793941498
26.7348632812
25.5084457397
28.8439292908
31.8069057465
30.6368484497
33.5542488098
31.5852298737
35.103061676
32.2431488037
28.1432609558
28.4480819702
26.0763263702
25.3834457397
24.3676395416
22.9160690308
20.2867164612
20.1727619171
19.6135025024
15.7008371353
15.0952062607
15.9315319061
12.8353538513
10.07858181
10.4384212494
9.15719795227
7.0998134613
6.35872411728
8.36226654053
6.41441249847
6.37318563461
8.2880563736
7.11803627014
8.93824958801
9.79480552673
12.0411863327
14.0420303345
16.4804496765
13.4163475037
17.0897464752
19.6331062317
20.9985847473
18.0998420715
18.1733474731
20.6000061035
23.1627426147
24.3714351654
26.8398971558
25.8631496429
24.7151584625
20.7858123779
17.8770008087
17.4759273529
13.6603240967
16.0459289551
17.1996173859
21.6036186218
21.9043712616
22.9259471893
23.5451774597
25.544178009
27.4392261505
27.0974273682
30.0081501007
29.994550705
30.372964859
25.5630779266
23.9586658478
27.432674408
28.1245422363
26.1113529205
28.0186958313
28.3373622894
25.524148941
25.0459117889
22.0663414001
20.5096130371
23.4221839905
23.7501411438
19.4977149963
18.3604793549
16.8357372284
19.3505802155
17.0548915863
17.8164958954
21.6705627441
22.830827713
21.8805904388
20.3424606323
16.432806015
14.7962141037
10.0426712036
6.88470172882
9.06802558899
11.5974035263
9.50110340118
9.80342578888
15.848608017
13.7934246063
12.3091821671
15.6070318222
18.0985679626
16.6234931946
17.0001564026
22.9916992188
21.1460857391
20.8053207397
23.7834796906
25.8998947144
27.4715137482
25.9485397339
28.0238018036
26.8080596924
24.4950752258
25.20246315
29.8807163239
32.5932006836
30.4680080414
32.4040031433
27.9881477356
30.9882202148
29.9721946716
26.0918197632
25.1567459106
28.6115131378
28.4000911713
23.8511428833
26.7797374725
30.0540008545
26.1791572571
27.3877105713
23.1453227997
24.2081508636
26.7404136658
27.5534572601
26.167766571
29.4467506409
28.4623184204
25.2998046875
24.5928993225
25.4743976593
20.6730709076
20.0088119507
22.7827129364
20.9632892609
15.8449115753
18.3706283569
21.0607757568
15.7023677826
13.8981618881
18.3116340637
17.7628974915
20.9830722809
17.2914218903
13.9930810928
14.1872234344
16.1331729889
12.975859642
10.571146965
7.03107786179
6.32723331451
7.37323474884
10.3492650986
10.551568985
11.5343666077
13.1464300156
15.2251176834
15.6433744431
17.1453876495
18.8662414551
20.7899475098
72.1461486816
25.837884903
20.8839359283
25.4789237976
28.6033668518
32.1342163086
28.2574691772
33.5790901184
33.0407752991
27.4201660156
31.8543586731
30.8262042999
34.0499725342
32.020816803
29.8411846161
27.817232132
26.5769042969
34.9843101501
33.8439407349
29.6619167328
23.7149085999
26.8583545685
25.9732017517
25.1200428009
27.5310993195
31.0637989044
32.2172088623
33.2911529541
29.0520915985
34.6788635254
34.7564086914
31.1923694611
33.8083610535
28.6938743591
30.4323539734
29.2774219513
21.5239219666
22.8427734375
19.162405014
23.3489551544
23.3720874786
23.7893886566
21.5387744904
18.4442634583
16.410276413
18.2638664246
17.507566452
13.6014795303
12.7647380829
13.4546775818
11.6679601669
8.24129581451
11.0538110733
13.5881633759
8.99346446991
8.63796424866
11.6001119614
12.575176239
15.6634407043
14.5983371735
10.8147573471
12.870341301
15.0221252441
15.4384670258
19.6888256073
19.4220600128
20.3130455017
23.6369724274
23.5580501556
25.8708534241
27.4112949371
28.9503135681
27.7968120575
23.9940643311
24.3025817871
18.0383777618
20.4306468964
18.0444641113
19.4099636078
23.5597400665
20.8747577667
25.9385871887
26.8149814606
22.6542682648
22.1579399109
21.2976360321
23.6819400787
26.246711731
26.4479103088
26.1263065338
28.4991283417
30.99559021
31.1605701447
34.613445282
33.3683433533
37.2601470947
33.5902290344
29.8829078674
31.3887329102
29.8762187958
29.2459449768
27.0616436005
25.9605083466
24.7602176666
23.0247173309
21.7974014282
19.420879364
19.4430065155
18.1770858765
15.0052242279
14.7129430771
14.1278381348
10.7260217667
9.6350812912
12.0726709366
8.54408073425
5.69989967346
8.93824768066
9.70703125
6.29714202881
6.16310691833
6.34584093094
8.58369064331
10.2681808472
13.5215749741
13.0362300873
16.242225647
18.9369392395
18.8261928558
15.0740699768
16.7055454254
18.14336586
22.028175354
23.2616233826
25.6983909607
26.6538505554
25.620967865
20.5541305542
18.0291099548
15.6652755737
11.7194290161
12.1679172516
11.7419424057
16.5458660126
16.2030029297
18.3900279999
18.6627941132
19.557849884
22.1266345978
23.1843891144
26.5082759857
27.1718196869
28.1280097961
23.3095741272
20.667974472
24.7988319397
25.5915775299
24.8567352295
26.0780620575
25.2852115631
22.4358558655
21.1295547485
19.804473877
18.5723228455
22.5975341797
24.0068340302
19.4388027191
18.3718681335
18.1061954498
21.1549415588
18.588388443
17.5285758972
21.3780422211
22.7969932556
22.0954837799
18.2245311737
15.9924860001
13.0546331406
10.9439849854
9.65786361694
14.0433139801
13.0405855179
10.4764385223
14.315788269
18.8410701752
15.5676040649
16.0703277588
19.207611084
20.2569065094
18.3543167114
20.7842540741
25.7598743439
22.3637580872
23.173707962
26.9300403595
28.1345310211
29.3657474518
26.6841239929
29.3280906677
27.3179283142
25.4598350525
26.8800640106
31.2921638489
33.2264671326
31.3807697296
32.1915931702
27.2068309784
30.5459384918
30.6509971619
27.0577945709
26.4049320221
30.3458156586
30.701292038
26.5028934479
29.4048805237
33.1068763733
30.4882087708
30.7337799072
27.1639614105
27.4748764038
30.730506897
32.4280548096
30.1591701508
33.2931289673
32.9744873047
30.197845459
30.2216835022
31.7044906616
27.5542221069
25.7685966492
28.1598854065
27.4824371338
22.2325248718
23.3636894226
26.6042137146
22.0258789062
19.2131443024
22.5007839203
23.2926559448
24.5514240265
22.2234535217
18.5191078186
20.0382022858
22.56498909
18.2923545837
17.886138916
15.1519317627
12.3691091537
15.4648084641
18.6527137756
17.5598773956
17.8335819244
20.7511138916
22.6213817596
21.734210968
23.8652515411
26.2978496552
27.5514888763
56.8301506042
43.0855674744
39.428855896
40.3013801575
42.7647171021
45.4657897949
37.4365921021
43.7137336731
46.8715286255
39.9016265869
39.9606170654
38.6998138428
40.3621330261
37.5520362854
32.1090812683
31.5040397644
25.1300315857
32.5682411194
31.9822101593
26.9224586487
25.6076393127
27.7872314453
30.4525318146
29.3972663879
33.8069458008
38.4693832397
37.1078453064
42.5772209167
43.1403846741
46.9706001282
48.5901794434
47.8144302368
44.4448242188
41.8066215515
39.5981407166
38.9865760803
34.3308982849
34.371887207
29.3640861511
31.8519630432
31.0068664551
28.9368171692
30.8437080383
28.4942646027
24.4985084534
29.269405365
31.3838405609
27.3812503815
27.0614318848
31.1425266266
31.1752986908
28.3328399658
30.2295589447
34.8250198364
32.4616241455
31.0212345123
34.3394050598
33.0297737122
34.9787063599
31.532497406
29.5669498444
30.0471572876
34.646156311
34.5915298462
38.1450538635
37.1702346802
37.1792678833
38.2754173279
38.4090309143
39.2254257202
39.2201652527
38.5726280212
37.5381355286
35.0846786499
36.6530303955
32.2427635193
36.0320281982
33.2438583374
35.9393730164
36.0361862183
33.3885917664
36.4432487488
35.653263092
30.3207645416
26.6467437744
26.582452774
23.9522914886
27.192697525
31.7323188782
28.3521175385
26.2326393127
31.8882236481
33.8640937805
38.2411766052
34.2255821228
41.1153335571
39.8866119385
35.2000961304
37.2334403992
35.0789413452
37.2661743164
35.2025337219
31.4662971497
33.0163192749
35.0288581848
30.6786384583
28.6457004547
31.6404819489
31.8298912048
26.6355743408
27.9813861847
30.8513240814
28.0142192841
24.669467926
29.7837352753
30.4777297974
25.7758903503
26.1113491058
31.100687027
29.6727542877
26.0806312561
24.8567295074
19.2693595886
19.3669757843
15.6776342392
15.9458818436
18.740447998
19.1822757721
22.0026073456
18.8209896088
21.383190155
24.9578304291
28.6434059143
31.7233428955
35.1681442261
38.9817047119
39.4640350342
35.8750495911
34.5511398315
30.4976673126
30.7141056061
25.7150306702
24.2114772797
21.5708179474
23.915145874
19.6367225647
18.6812419891
15.0595340729
17.7173099518
20.5454483032
17.6364917755
16.1602306366
13.0362901688
15.3137865067
13.4815378189
12.7808532715
8.15804004669
5.57287025452
4.55776071548
6.59147119522
6.08957624435
9.69634437561
6.78002595901
10.3773183823
7.69502258301
12.2318983078
14.2356987
9.48104000092
10.6036319733
10.0284261703
11.5921926498
9.01398658752
5.63739156723
7.30301952362
10.8403787613
9.34267807007
12.131731987
12.8861780167
17.1637916565
19.8115692139
19.9890975952
15.0592012405
17.9470481873
19.5215377808
14.7495775223
16.6337509155
21.9995117188
19.7014579773
17.6355838776
21.3682193756
23.7197628021
21.5961322784
21.4308300018
26.2351894379
27.1349430084
25.5360469818
29.872877121
24.2177524567
23.6943416595
19.0245800018
16.7816181183
15.0113620758
19.2847385406
17.8739261627
15.0336818695
13.3641357422
9.57870388031
8.73788261414
10.2450084686
9.59476470947
7.97766447067
10.7736539841
13.588394165
12.4548282623
12.7237939835
15.9282484055
18.2731132507
17.6622276306
17.5308971405
19.175163269
23.2301979065
28.4676933289
26.8016281128
30.3216438293
32.5056838989
30.1595897675
32.1264038086
30.9907035828
31.6670627594
28.6268100739
25.4556159973
26.9958896637
25.9222755432
22.7994976044
22.3712425232
22.5603542328
20.1557388306
18.1620330811
19.6705989838
14.2963237762
18.8541355133
17.9409179688
21.8084468842
22.5474739075
19.0237617493
24.086145401
26.1288356781
24.5747241974
29.8062362671
29.0565681458
27.305721283
32.0418968201
34.2375984192
32.4948692322
31.4860153198
36.606628418
37.5171356201
35.9689369202
76.9445419312
48.9787940979
45.4570655823
48.8405914307
49.7119941711
52.9931983948
46.153881073
51.122882843
52.0737571716
44.8502998352
44.9438438416
44.7518005371
43.6417694092
40.6576652527
36.9491043091
34.4780731201
30.1794242859
36.6136779785
38.8585777283
32.9504966736
30.0364360809
37.6312561035
38.9722061157
35.6372146606
39.7909736633
40.8941001892
41.5451889038
45.1581192017
45.6598129272
49.6551399231
51.1992874146
48.5929031372
44.6546096802
42.3726730347
40.360710144
42.1100463867
36.5585403442
38.8161048889
36.5482711792
39.8690414429
41.8615112305
43.1661224365
44.0326652527
42.2611579895
37.5874214172
39.728263855
42.6492156982
39.4120864868
35.6388168335
39.1343231201
39.5989074707
35.86926651
35.5793876648
40.9111671448
37.2852554321
34.0845718384
34.8586959839
30.7153434753
31.0941753387
27.1877250671
29.1736354828
31.1531257629
35.2846374512
38.3480682373
40.3750495911
42.0843887329
44.085231781
46.0260887146
47.9854164124
51.1389770508
49.8588180542
49.451915741
46.8463096619
45.3800430298
43.5447387695
38.8559837341
40.2544631958
35.8473472595
34.9961280823
34.499382019
30.2985782623
31.7675743103
28.9261245728
26.6102714539
23.5813694
19.9470767975
18.4741954803
22.0678291321
22.7420368195
17.767868042
18.222694397
23.2923259735
21.6821880341
24.141834259
18.5745258331
24.3966941833
25.7812709808
21.052274704
20.8248920441
17.7411994934
21.1251506805
21.1799583435
16.7778053284
18.3967781067
23.6005821228
19.9205818176
18.074180603
21.3249702454
23.7489013672
20.6498851776
21.4126205444
25.2798500061
25.3754730225
23.33335495
26.4575977325
30.6520671844
27.8062133789
26.7404155731
31.748085022
33.1772422791
31.7773036957
30.7305088043
27.2274894714
24.5928325653
26.0219230652
22.1559028625
19.3409919739
18.3326244354
18.2897052765
20.2732925415
23.1587409973
22.202293396
26.1673622131
25.5810642242
28.5961303711
32.0160446167
29.3034515381
25.2895355225
27.7935848236
24.1875839233
27.8380146027
24.9982833862
26.2130031586
27.677280426
28.3873786926
28.6223392487
25.9084320068
27.0605278015
31.0739746094
29.5551338196
25.2219429016
25.0666790009
23.405002594
21.4495334625
20.1268100739
22.9655532837
23.3383274078
24.8979930878
23.2301998138
27.0696029663
29.1316413879
27.1442756653
26.6497097015
22.8769245148
19.8613643646
17.9786815643
13.8124866486
15.287519455
17.6967658997
17.9651107788
18.0749435425
21.5191116333
22.3222465515
20.8648433685
24.1779708862
26.3662643433
27.1993217468
25.4207496643
25.1632385254
24.4918384552
23.6263160706
21.854183197
20.4218444824
20.8347492218
17.7073440552
14.2472677231
15.6091060638
15.819767952
11.7064304352
11.3494548798
14.4604845047
12.1502552032
7.28337860107
12.7651853561
13.8670377731
10.6495981216
10.2744035721
15.1121644974
13.9435453415
11.3121614456
12.13712883
10.7359628677
9.66541862488
9.77724647522
13.6766300201
12.8100967407
17.4801063538
17.8551063538
19.7590332031
16.5316009521
14.488699913
18.394361496
16.8646297455
12.9369716644
13.1389036179
18.0262470245
15.9041585922
13.2525758743
8.34019374847
8.80718994141
4.86973285675
6.03677654266
6.05423069
9.16722869873
11.277589798
9.66755199432
12.1888380051
10.7042913437
14.8687257767
11.7730674744
6.70087957382
11.1201868057
13.4087734222
9.19983577728
9.08915615082
13.7111730576
13.8215332031
9.95015144348
15.1269721985
17.6008377075
20.6703720093
21.0706062317
22.8406391144
19.9310264587
18.2990684509
18.836227417
22.4661483765
21.5928688049
24.6420021057
22.4370002747
19.1567344666
23.591293335
24.872800827
20.3959102631
19.0667972565
24.3094215393
24.1245269775
20.1131668091
82.1391906738
50.0567245483
46.5957221985
50.5135116577
51.1572494507
54.5350189209
48.1244316101
52.8093414307
53.1512107849
46.1206245422
46.4027252197
46.5507659912
45.1106758118
42.2540245056
39.2370643616
36.4198150635
32.7476921082
39.2040214539
41.8004493713
36.0694694519
32.6019706726
40.7432289124
41.6298789978
38.017868042
41.8831939697
42.2104225159
43.3160209656
46.1907081604
46.3459968567
50.3746414185
51.6727905273
48.5972671509
45.0478782654
42.7042427063
41.1458435059
43.3385887146
37.6415748596
40.343372345
38.7180709839
42.1822776794
44.6049041748
46.4717597961
46.9486198425
45.2391281128
40.6782150269
42.2661972046
45.0769004822
42.034450531
37.8593826294
40.9539985657
41.3914146423
37.653629303
36.9897994995
42.1152839661
38.2940330505
34.9325523376
34.9877624512
30.4323787689
30.42137146
26.7843704224
29.6482429504
31.9719581604
35.6159706116
39.2824287415
40.9270515442
43.1920776367
45.5674209595
47.7378158569
49.9497909546
53.4966201782
52.1462059021
51.9273223877
49.1214752197
47.7508163452
45.3224601746
40.6164932251
41.4221763611
36.8783035278
35.1520385742
34.8537521362
30.461309433
31.6338424683
28.5363006592
27.2654132843
24.8993968964
20.5949954987
20.1962299347
23.4305953979
22.487323761
17.9057807922
19.7083263397
23.7047672272
20.8647270203
22.3435401917
17.0573101044
21.4992733002
23.4504318237
19.0727310181
17.737821579
14.3531951904
17.6629219055
18.7181434631
14.7687234879
15.6644296646
21.4822845459
18.7433986664
17.0091457367
19.6718406677
22.6563739777
20.6851139069
20.9570236206
24.5747394562
25.5497341156
24.1349124908
26.2095317841
30.9574432373
28.8785648346
27.5534553528
32.0240783691
34.0705108643
33.3017501831
32.4280548096
29.726600647
26.9447135925
29.2184734344
25.2722415924
21.5876331329
20.6870346069
20.086517334
23.0883922577
25.2963142395
23.3339557648
26.8818740845
25.4507694244
27.9394645691
30.9414958954
27.3501701355
23.6879882812
26.904542923
23.8054237366
27.9946041107
25.9627075195
27.8235759735
30.0613212585
30.6065807343
31.7278213501
29.1132793427
30.9370651245
34.8750953674
32.9800949097
28.9633960724
29.3487968445
28.170759201
25.9821453094
24.4254512787
27.1436405182
28.3569850922
30.1180820465
28.4677047729
32.3173599243
34.2663040161
32.0688018799
31.2462730408
27.5349655151
24.1368751526
22.9425029755
18.6460971832
19.0515937805
22.023639679
22.029800415
22.4457969666
25.4093723297
26.5203876495
25.6902351379
28.904964447
30.7150878906
31.5417003632
29.2326011658
28.7603778839
27.2254486084
25.6854190826
23.8287620544
23.4260139465
23.1781139374
19.5382289886
17.707868576
18.3337841034
16.8247528076
13.6890745163
14.3291320801
15.9678735733
12.5105142593
9.84889316559
14.6519212723
13.6917324066
9.81287765503
10.9823799133
14.3239803314
15.5119333267
13.49284935
15.8880224228
15.0212278366
14.8485460281
14.4425191879
18.6724376678
18.2947101593
22.9342327118
23.1663990021
25.4073791504
22.2363643646
20.0009689331
23.5767784119
22.3044567108
18.4364185333
18.1331996918
22.8802032471
20.8187942505
17.2868175507
13.5963020325
13.2108755112
9.74354743958
6.03677511215
4.97703742981
6.64189386368
7.07236766815
5.85200929642
7.79444217682
6.82890176773
11.6842699051
9.37812423706
6.36518859863
10.026216507
12.7325143814
9.9725189209
10.808016777
14.6994485855
15.5258731842
13.0432662964
17.4603672028
21.5304450989
23.3845386505
23.7239627838
24.7610721588
21.5650043488
20.4726333618
19.4468002319
22.7708072662
22.1832942963
24.1065444946
21.8691005707
18.5789394379
22.1511821747
22.9812088013
18.1444530487
16.9365100861
21.465669632
20.9415550232
16.4337692261
73.8412857056
46.9409713745
43.4588546753
47.4793586731
48.816242218
52.4892501831
46.2558746338
51.4851951599
51.7095680237
45.1441421509
46.2035255432
46.1635780334
45.7199783325
43.2551841736
38.9937133789
36.3334846497
32.393661499
38.9040184021
40.6381187439
35.5236434937
31.8687515259
38.6187553406
39.8408164978
36.6625099182
41.4743614197
42.5522651672
42.7934532166
46.128452301
45.9446182251
50.1042709351
51.3941078186
48.2677192688
45.2270355225
42.4761581421
41.4388389587
42.7434196472
37.4610824585
39.7807235718
36.9045944214
40.7616653442
42.1811637878
42.8727645874
43.0712471008
40.6024360657
36.3719329834
39.0665168762
41.003200531
37.0669517517
34.2869796753
37.2937889099
36.98595047
33.1197128296
33.6998519897
38.4065170288
33.9533576965
31.2754898071
31.8946361542
27.9212799072
29.1312026978
25.5220336914
27.1700382233
30.1211643219
33.9135437012
37.0138511658
39.6873245239
41.2269287109
43.1107254028
45.6116218567
46.9775505066
49.7911262512
49.5220108032
49.6654052734
47.4451713562
45.1553955078
43.9498138428
38.4745559692
40.1460838318
35.8414764404
34.9836387634
35.9986724854
31.4683952332
34.1410293579
31.8231086731
29.0875835419
26.4228210449
22.3604030609
22.2875480652
26.4114456177
26.4096946716
21.9897289276
23.6915740967
28.683713913
26.7919025421
29.3255939484
24.3959388733
29.4445018768
29.9001636505
24.9352703094
24.1703872681
20.4393405914
22.6876392365
23.1738929749
19.1327629089
18.3529376984
23.5429496765
20.8241119385
17.0925121307
19.3888835907
22.6716976166
19.0882148743
18.0480899811
21.9900913239
22.3202476501
19.6516475677
21.5566730499
26.6095657349
23.792974472
21.0607795715
26.3166007996
28.4598484039
26.2726821899
26.6042118073
23.0609321594
22.2666416168
23.0705966949
21.4196357727
17.9630317688
18.8156318665
20.0981559753
22.017824173
23.6076107025
22.9787082672
27.1922607422
27.476606369
30.1571769714
33.4895896912
30.5747146606
27.2138347626
28.1452217102
24.2922706604
27.375497818
23.7580280304
25.6002902985
26.8983459473
29.1156082153
28.9203853607
27.121049881
27.600725174
31.438791275
31.4235153198
27.7647476196
28.2438831329
26.421995163
25.4206218719
22.7342014313
24.2909164429
24.7080459595
25.444606781
22.3712463379
25.8506698608
28.1997127533
26.1551780701
26.682390213
22.0122871399
19.9588603973
18.6118087769
16.0529308319
16.1204223633
15.9673423767
14.4578380585
14.2169818878
16.6190395355
18.7592010498
18.7034931183
20.7683620453
21.8799095154
23.8878173828
20.8083324432
21.3268547058
19.1606884003
18.1435565948
15.2987394333
15.8807277679
16.89270401
12.5366897583
10.4477624893
13.3183879852
13.0071458817
9.73691177368
11.649222374
14.7950429916
11.7851219177
11.7239322662
15.7756814957
16.3492126465
14.7726554871
16.0713405609
20.3425178528
19.1991424561
17.9296550751
17.6559677124
15.0148544312
13.0385503769
16.5551776886
19.8468494415
17.6063613892
21.6803150177
20.4177799225
21.8575687408
18.5048770905
15.5808649063
16.613401413
16.4343624115
13.870059967
11.4010820389
15.1837463379
14.7677841187
9.7737531662
10.145989418
6.91502714157
8.74858188629
9.08915615082
10.8080177307
11.8754844666
15.6376819611
15.840628624
12.6253232956
13.1075496674
10.1145515442
11.6140317917
10.2716608047
6.30087900162
6.05793046951
8.39981269836
6.53938245773
6.11325502396
7.80189275742
6.50160455704
7.59463596344
12.2654867172
13.2724666595
14.0296936035
14.9176721573
11.7150001526
11.3541851044
11.5958538055
15.7349872589
16.4692249298
18.6180229187
15.5739774704
13.8977165222
19.3174114227
19.5057258606
15.6470003128
16.0219020844
20.5430603027
19.7919578552
17.4202194214
88.674079895
44.0675544739
40.638923645
46.182434082
46.9973907471
50.7906608582
46.1790504456
50.4610176086
48.8770599365
43.0439491272
45.0481834412
45.8524894714
45.0965843201
43.0325508118
41.4401321411
37.936416626
36.1901779175
43.4629936218
45.5661315918
40.6942672729
35.1787757874
43.1221580505
42.6467704773
39.1255607605
42.2835121155
41.6577224731
43.4745140076
44.1706199646
41.9814987183
46.6881866455
46.7282066345
42.2073822021
41.6499862671
38.2231636047
39.0467567444
41.2991409302
34.9674873352
38.4606132507
37.6913566589
41.8004875183
44.4540672302
47.0121803284
45.8657150269
43.8597640991
40.2691726685
40.8270683289
42.3083305359
39.4812011719
35.4065208435
36.8282585144
36.5608596802
33.0615463257
32.2141571045
35.8683662415
31.2800045013
28.2626018524
26.4219150543
21.5748405457
21.4274311066
19.2935390472
23.4704017639
27.1612377167
28.9360389709
33.6740341187
35.0243873596
38.1560173035
41.1098594666
44.2480163574
46.3283729553
50.3405647278
49.8409614563
50.6496162415
47.933506012
45.9851455688
43.0201759338
37.7405853271
37.4530410767
33.0974159241
29.6709194183
31.7641716003
27.0432624817
29.2522277832
26.9496669769
26.9848365784
26.6507587433
21.5273685455
24.7078742981
27.5787715912
23.3583602905
21.3369522095
26.3338317871
28.1848602295
23.92827034
24.3418083191
21.9056167603
22.7653369904
22.524974823
19.0760250092
16.0987701416
12.632938385
11.8992624283
14.6295070648
13.6411705017
8.68990516663
13.5262422562
14.9593458176
11.8274946213
10.6070995331
15.1826848984
15.9817457199
13.4691925049
15.298956871
18.5529651642
18.8143978119
16.9179439545
22.6454944611
22.9858608246
20.7899475098
22.8984336853
26.5344924927
27.4009113312
27.5514888763
27.5197944641
25.698797226
29.4913883209
27.1962985992
21.9288845062
22.8080101013
22.4819145203
26.7388916016
25.9317569733
22.6039581299
24.8963165283
23.262096405
23.8964061737
25.6447887421
20.725692749
19.4279270172
20.8385677338
19.0533504486
22.9154186249
22.3117828369
25.8587989807
29.4061965942
30.896270752
33.458530426
32.2199287415
34.8263244629
38.0871734619
36.8438072205
34.5925521851
36.8367347717
36.7180366516
35.1173782349
31.7438163757
32.8167457581
36.1627998352
37.9038467407
35.9689369202
39.3866882324
40.7206687927
37.9002914429
36.6917266846
33.0979347229
29.5561676025
30.6698226929
27.5662670135
24.7964191437
27.2691020966
26.3370018005
27.8913631439
28.6011657715
30.2119598389
31.7867507935
34.3218421936
34.689037323
34.886756897
31.1463813782
30.0431575775
26.12109375
22.9683189392
21.6912002563
24.1453609467
22.2260761261
18.449005127
21.8354644775
20.5258293152
15.4467372894
16.7294998169
19.7485694885
17.9479789734
13.8921642303
19.0162200928
20.1085891724
15.9463825226
15.6686344147
19.5626049042
19.5559558868
22.7329978943
23.7099704742
26.0124359131
24.7843208313
25.7796039581
27.5113868713
31.8959941864
31.0070743561
35.044670105
33.1100158691
36.2905960083
33.677192688
30.1948356628
31.9519634247
32.7650032043
30.0202350616
27.2319107056
31.6286010742
31.7405776978
26.5494117737
25.8760662079
22.7377872467
21.2805805206
20.1131687164
16.433763504
16.7182750702
17.8009338379
14.522649765
12.4999437332
9.5258436203
12.1192836761
6.93139266968
8.86028862
14.505484581
12.9221343994
10.704492569
14.2680091858
17.4202213287
15.5290985107
16.606836319
19.0182819366
20.5819454193
27.1003856659
25.0749607086
24.2072277069
23.4746017456
21.3286457062
20.5623283386
15.6671619415
16.2313327789
16.4834518433
14.5025968552
13.5778369904
11.3175678253
10.9034280777
10.0603647232
6.31564998627
6.75920057297
6.60849475861
5.64942789078
