7.16480016708
6.72968673706
6.86544132233
2.45539832115
17.7414684296
18.3797225952
21.6837692261
21.9754600525
22.9956417084
23.8115139008
27.5207748413
27.7716846466
28.5426311493
31.699098587
34.0009231567
32.6660766602
32.5919837952
28.4523773193
22.7531986237
25.3408031464
30.1491317749
27.2187042236
23.4290924072
23.2001590729
21.8786125183
24.7130184174
41.221534729
43.9679298401
40.2496948242
40.6533737183
36.3475112915
37.1964988708
37.636089325
37.9348754883
33.6290664673
33.1024475098
32.0188751221
28.1404361725
27.2691936493
28.1155757904
29.0869026184
26.9836215973
24.5756511688
22.977273941
23.5840511322
23.3797855377
22.1957626343
18.403711319
18.6701335907
14.2896642685
16.3814620972
12.7617759705
10.2651958466
12.5173931122
11.1505975723
12.3148794174
16.2669563293
17.8424034119
15.1709747314
17.0904273987
21.996389389
20.3759593964
19.3977622986
25.7541236877
26.5858020782
24.542219162
26.6433086395
29.8506698608
29.4640235901
28.6346549988
32.0464019775
34.186794281
35.9793815613
33.5816764832
38.8346214294
38.6850547791
32.4454498291
29.7993869781
35.2920532227
34.5212211609
29.7571563721
32.0357322693
35.7410469055
33.7107696533
30.5400924683
35.4438667297
29.9234657288
33.9052391052
34.4316062927
32.5226287842
30.6247901917
27.4186763763
22.5300674438
28.2593669891
29.5820617676
24.7135334015
23.8918399811
29.0033798218
28.6469573975
23.4252910614
25.0387248993
28.6230010986
25.5673389435
21.4408836365
27.9405765533
26.8053855896
23.010225296
19.5333442688
23.5513591766
19.5454101562
24.0885124207
25.3206996918
18.5462703705
22.4394569397
24.8041038513
20.3324813843
19.3291740417
25.4601612091
26.1392307281
23.9397411346
24.5557575226
28.3489017487
28.4933795929
26.2192020416
29.5882053375
32.3349266052
31.305519104
29.8651885986
34.2357406616
36.5411872864
35.1499481201
33.1599884033
29.7012615204
30.6881217957
28.5025730133
26.0725860596
23.4058475494
24.8452339172
24.2445755005
19.7225074768
18.9330863953
22.6911907196
19.1740779877
14.8558540344
15.8308782578
18.7507324219
13.7637319565
10.0372190475
13.5716962814
17.0005836487
16.0377788544
10.1314067841
13.1451568604
17.8505802155
13.5221471786
11.1233797073
16.8595657349
18.7497386932
16.0588741302
13.9611740112
12.8932733536
14.597864151
18.3281898499
18.3961811066
18.0934619904
21.6154518127
23.0940189362
24.651632309
21.7662963867
25.9186878204
24.6848220825
28.7655200958
31.0280590057
33.7338829041
35.7094993591
34.5546226501
38.1349601746
40.7233581543
8.70415019989
8.72318458557
9.09620285034
5.46163320541
15.3031511307
15.1976680756
17.7385921478
18.8034954071
20.1002788544
20.3870620728
23.6540298462
24.7524833679
25.3950386047
27.9933071136
30.5693492889
29.7658367157
29.9183959961
26.2450675964
20.6410923004
23.8816432953
28.5479030609
25.4533290863
22.5163536072
22.2994785309
21.8392791748
25.2886810303
44.627822876
47.3273429871
43.406047821
44.3140983582
39.8297958374
41.0085639954
41.040599823
41.5309181213
37.237701416
36.7631187439
35.2478408813
31.5157394409
31.1049003601
31.7766647339
32.3229827881
29.9600791931
27.9491939545
26.3917636871
26.4521141052
25.9358787537
25.1878452301
21.6737976074
20.9747581482
16.3852748871
17.006061554
13.7395153046
10.959897995
11.1110391617
9.64126491547
8.90224838257
13.4002113342
14.3077392578
11.0634555817
13.8641767502
18.3325977325
16.0524578094
14.9612369537
21.7708454132
22.225851059
19.8966789246
22.1084365845
25.3488082886
24.7458209991
23.9226112366
27.5230445862
29.4580993652
31.1628913879
28.819360733
34.1771659851
34.2130012512
28.0256004333
25.4296722412
31.1075000763
30.4726829529
25.7808322906
28.2423477173
32.0221405029
30.1602840424
27.3950080872
32.3313179016
26.9637584686
31.3276119232
32.3262405396
30.6510906219
28.301782608
25.4879798889
20.4941921234
26.4123096466
26.9575500488
21.7056789398
21.4591598511
26.2430820465
25.211769104
19.9796562195
21.9766674042
24.9304084778
21.5807533264
17.6213340759
24.6542816162
22.871761322
19.2789096832
15.5931034088
19.1630897522
14.9699888229
19.3572654724
20.8445568085
13.940527916
17.6915874481
20.202922821
16.166765213
15.0074977875
21.0774993896
22.1704940796
20.1912612915
20.7680072784
24.4496898651
24.9411277771
23.0097179413
26.1970653534
28.947019577
28.4642505646
27.1831531525
31.1116847992
33.6698188782
32.9068145752
30.7367782593
27.6284637451
28.9272060394
26.3149433136
23.6019706726
21.6145362854
23.3498973846
21.4388332367
17.2493572235
17.1052131653
20.293636322
15.8175888062
12.4838104248
14.0267219543
15.8194360733
10.0175514221
8.00877666473
11.9442405701
14.2747926712
12.1209821701
6.97997713089
10.6748991013
14.0446949005
9.24030017853
8.58224201202
14.1084241867
15.1161174774
12.64249897
10.0222005844
8.36205101013
11.019276619
14.3560638428
13.7479476929
13.8913679123
17.6495342255
18.5965843201
19.9256401062
17.368314743
21.714422226
21.0579586029
24.9964809418
27.1562538147
29.7331829071
31.706287384
30.273683548
34.0622138977
36.402721405
9.05061340332
9.91955661774
10.4146299362
5.88430070877
12.8692026138
14.2655029297
18.1263275146
17.5504245758
18.3263912201
19.926486969
23.6399898529
23.021276474
24.0624790192
27.6489677429
29.5109004974
27.8738327026
27.5679073334
23.327917099
17.6005859375
20.0533123016
24.7701473236
21.8952999115
18.0027980804
17.9462509155
16.6168823242
19.7070446014
39.2362251282
42.1465492249
38.3150787354
39.5997886658
35.0389404297
36.7057189941
36.7181625366
37.6365699768
33.5389099121
33.6215782166
28.8183879852
27.8271541595
27.8699913025
28.4890804291
26.7867565155
24.5433826447
22.2241573334
22.4685096741
22.8129634857
22.5345344543
19.1147956848
19.730556488
15.024969101
16.4893741608
11.5954246521
11.0886640549
12.7385044098
9.38862609863
10.7934894562
14.5093975067
16.8932228088
13.882894516
14.1382141113
19.7173595428
18.816411972
17.1546096802
22.8532848358
24.5455093384
22.6352787018
24.0814361572
27.3351535797
27.7617397308
26.6526641846
29.2231483459
32.0703926086
34.432723999
31.902261734
36.6106987
36.4738578796
30.3607635498
27.2175006866
32.4602355957
32.1460380554
27.3615341187
28.8276500702
32.8016281128
31.2266120911
27.2342433929
31.7400741577
25.9367008209
29.6679916382
29.9367256165
28.4589118958
26.8678722382
23.8871650696
19.8244953156
25.6350193024
26.8104820251
21.7125511169
21.922290802
27.1562843323
26.433052063
21.4187965393
24.0106525421
27.396150589
24.0392456055
20.5962181091
27.6701164246
27.0090007782
23.7119560242
19.8898048401
23.893196106
20.0862617493
23.5268383026
24.6242771149
17.7227649689
20.9201431274
22.9942302704
18.0932655334
16.6934261322
22.592130661
23.2417812347
20.481054306
20.7711963654
24.6137123108
24.7687950134
21.8231887817
25.1447677612
28.1113929749
26.6598529816
24.9236164093
29.512216568
31.7603225708
29.9493274689
28.2892837524
24.5405845642
25.779542923
24.0120277405
21.2479324341
18.490240097
20.5049762726
20.0574531555
15.2492513657
14.8055009842
19.0823497772
15.9141235352
11.3754329681
13.4683771133
17.1285667419
11.9208049774
8.90350151062
13.206867218
16.7941246033
15.4449605942
10.9890813828
14.825594902
19.2244472504
14.4668855667
14.3217344284
19.7091770172
20.9690151215
18.7416858673
15.9587802887
12.8823270798
16.1650905609
19.9804000854
18.3696269989
18.0745506287
22.4803733826
23.6624832153
24.0315284729
21.0660381317
25.1183319092
23.9118232727
27.479341507
30.3339824677
32.5233840942
35.2116889954
34.0821266174
38.3483505249
40.2457504272
11.2909193039
12.0530195236
13.0995750427
9.19959449768
10.5891485214
11.2515735626
15.9499530792
15.5838117599
15.2465372086
16.6328010559
21.129781723
20.3044052124
20.7030525208
24.5684776306
26.6747817993
24.5561695099
24.6759719849
20.0700130463
15.0391712189
16.8675460815
21.8911647797
19.4964618683
15.8057918549
16.6732635498
15.278796196
18.7283782959
38.4894676208
41.2104187012
37.134677887
39.0027923584
34.258392334
36.333568573
35.7842788696
36.9787864685
32.9808120728
33.2643852234
31.322889328
28.3082389832
27.7784881592
27.4508247375
27.5129966736
25.6835479736
23.9127750397
21.6152935028
21.1757717133
21.3450756073
21.7222156525
18.8130531311
14.1749248505
14.620464325
9.55143928528
10.2934923172
11.1402597427
6.89328527451
8.88207817078
11.5745029449
14.5530776978
12.0763616562
10.9281921387
16.6206169128
16.6278972626
15.2148180008
19.8001422882
21.9750785828
20.7163181305
21.9467411041
24.8945713043
25.8545455933
25.3208122253
27.1819877625
30.1422386169
32.992275238
30.7835502625
35.3395462036
35.6815299988
29.7943191528
26.2595443726
31.5896396637
31.8814601898
27.198015213
28.1290473938
32.4504356384
31.4221820831
27.1473274231
31.2495365143
25.2858524323
29.0225982666
29.2942771912
28.5086555481
26.9805984497
24.498790741
21.0943527222
26.9698619843
27.5769195557
22.0629444122
23.3911323547
28.4241523743
26.9689025879
22.1449146271
25.5095558167
28.2614650726
24.4841365814
21.6014289856
29.2479934692
28.1453208923
25.1978473663
21.1946430206
24.5179367065
20.3164901733
23.2655925751
24.8481693268
17.7771492004
19.9171600342
22.3128318787
17.8592853546
15.5491924286
21.1053028107
22.6233444214
19.5231666565
19.1408100128
22.9160346985
23.7478294373
20.1233234406
22.9078063965
26.5519104004
25.0806064606
22.7492332458
27.200881958
29.8303565979
27.6535835266
26.7383708954
22.6046619415
24.7416229248
23.3615818024
19.7206916809
17.4937915802
20.5295791626
19.3172187805
14.4360752106
15.0739688873
19.4048404694
15.7276554108
12.0470657349
15.2805757523
18.5586242676
12.5763196945
11.341791153
15.9557056427
18.9450511932
16.5797176361
13.2112350464
17.4492797852
20.7146873474
15.5702323914
16.4552822113
21.906293869
22.3702507019
19.9207267761
16.7359867096
12.8270168304
15.943862915
19.9963474274
17.7498817444
16.7572097778
21.4763145447
23.0482082367
22.8038864136
19.2853946686
22.9224910736
21.3821697235
24.625453949
27.8175773621
29.7595176697
32.8302955627
31.9685001373
36.4977493286
38.0934562683
10.0677967072
10.8705186844
11.560836792
8.38983345032
11.0651216507
10.6895523071
13.6909990311
14.679728508
15.5940504074
16.0273551941
19.5184612274
20.3722782135
20.8968963623
23.6872749329
26.2316703796
25.2613391876
25.5186500549
21.8190002441
16.4333133698
19.7061271667
24.3580036163
21.3822021484
18.8203334808
18.9763870239
18.8399486542
22.6727352142
44.0054740906
46.7022132874
42.6266288757
44.2217712402
39.5425415039
41.2826156616
40.8672485352
41.7669677734
37.6108589172
37.4919166565
35.5844917297
32.2262268066
31.9734172821
32.1407432556
32.2819213867
30.0225715637
28.3049602509
26.453371048
26.0501155853
25.6616134644
25.5966148376
22.4450817108
21.5956535339
16.8326511383
16.5799827576
12.8271141052
11.261590004
10.3921947479
7.4106926918
6.06688022614
10.4940891266
11.9977645874
8.37721061707
9.9422712326
14.8874578476
13.1855964661
11.5867338181
17.9313850403
19.038061142
16.9356307983
18.6989631653
21.9337406158
22.0210285187
21.2471256256
24.1113777161
26.5210571289
28.7949485779
26.4904842377
31.5094547272
31.7908267975
25.736618042
22.6294078827
28.3085613251
28.2321186066
25.3486976624
29.4887638092
28.1515522003
24.8504219055
29.4445610046
23.8451938629
28.2168254852
29.2134933472
28.0855064392
25.799200058
23.3912715912
19.0829963684
25.1290607452
25.1958217621
19.4942340851
20.4810180664
25.2050590515
23.5019760132
18.4375209808
21.4859733582
23.9369220734
20.1304302216
16.897485733
24.6490440369
22.9093399048
19.8738975525
15.8858213425
19.0278949738
14.8194513321
18.0978717804
19.7663536072
12.6080665588
15.3426551819
17.890378952
13.7620458603
11.7530832291
17.7591438293
19.35846138
16.8967647552
16.9858436584
20.7312870026
21.6240348816
19.1038303375
22.0537281036
25.2342796326
24.6730003357
23.0535373688
26.9422588348
29.7126541138
28.7871398926
26.9878444672
23.6891365051
25.543806076
23.1454753876
19.8062763214
18.2027111053
20.7058525085
18.1424388885
13.8089265823
14.5261716843
17.8717803955
12.9824962616
10.1643362045
13.0710134506
14.9210233688
8.24173545837
8.1280632019
12.6822910309
14.711689949
11.6443853378
8.48106384277
12.7776765823
15.2350416183
10.0549736023
11.695889473
16.7201595306
16.86195755
14.7185077667
11.5114583969
7.62503194809
11.5760087967
14.9993276596
12.6902103424
12.5712099075
17.1853942871
18.0301761627
18.1762580872
15.3375415802
19.5487003326
18.9032649994
22.3977813721
25.0632476807
27.2096366882
29.7908210754
28.4194488525
32.8000640869
34.5503692627
11.7580099106
12.4491920471
13.1888246536
9.81567192078
10.3512067795
11.2249689102
12.978966713
13.2146902084
15.5064201355
16.6962947845
18.7651863098
19.5541648865
21.0623569489
23.5465011597
25.4760913849
25.153711319
24.8082141876
21.7755088806
15.7414245605
19.9058685303
23.9764041901
20.454120636
18.227891922
17.5153579712
18.0941581726
21.9252147675
45.7206382751
48.6649398804
44.7380828857
46.4175109863
41.7672538757
43.649646759
43.4300422668
44.4569511414
40.3610343933
40.387386322
38.6886901855
35.3324813843
34.7009544373
34.7570343018
35.1130943298
33.1513824463
31.2151260376
29.0180072784
28.8895626068
28.885181427
28.815864563
25.5267295837
25.1510353088
20.3588466644
20.3950824738
16.3321685791
14.9573726654
14.195731163
11.1257457733
9.0259437561
13.6474723816
14.746512413
10.4648790359
12.09532547
16.9259281158
14.6023569107
11.9625597
18.9358005524
20.0010299683
17.0664577484
18.4180793762
22.0313739777
22.0375862122
20.1451091766
23.2532997131
26.0137481689
28.0078678131
25.1908531189
29.8918018341
29.5929069519
23.4308166504
20.5284004211
25.8712463379
25.404668808
20.6509456635
22.5980072021
26.4878005981
24.8765125275
21.584985733
26.3850650787
20.9288845062
25.3028182983
26.4026050568
24.8877105713
22.4668273926
19.905954361
15.3637199402
21.3660793304
21.5353488922
16.0408725739
16.6928901672
21.4766178131
20.0919303894
15.003370285
17.9484272003
20.7260417938
17.1731433868
13.9154157639
21.4311237335
20.4398593903
17.526720047
13.6002502441
17.4225597382
14.3297815323
16.8937511444
17.7013702393
11.0656557083
14.4930448532
16.1342468262
11.2595071793
10.375670433
16.2878074646
16.751750946
14.4438962936
15.1786661148
18.9225502014
19.0676517487
17.1568260193
20.626209259
23.0488529205
22.5144290924
21.5381946564
25.4707736969
27.8268756866
27.4141979218
24.8553905487
22.0857963562
23.2143592834
20.3872680664
17.7685642242
16.0027942657
17.8092041016
15.3905153275
11.4910879135
14.4930562973
9.97245407104
6.84320211411
9.40284729004
11.2637023926
5.39987897873
5.19685840607
9.36545658112
11.3875427246
8.96233463287
6.6765499115
10.6802396774
13.7837934494
9.29437065125
11.8027324677
15.8047876358
16.2948741913
15.2414588928
12.360865593
8.32183361053
13.7533521652
16.2150764465
13.2299375534
14.4736328125
19.0012397766
18.6718215942
18.4726448059
16.7892837524
21.2401790619
21.3431816101
24.5453910828
27.1272411346
29.0146942139
31.6115283966
29.8281402588
34.3790359497
35.8116912842
