40.4909744263
14.6163825989
39.8796043396
27.1953601837
36.6682128906
37.6232223511
33.4845733643
25.5413475037
46.3348655701
48.5979957581
48.5251846313
47.5913009644
45.1089019775
46.2382392883
44.9947967529
42.7704467773
40.8206443787
36.2905197144
35.9874839783
32.1421928406
33.9686355591
37.5160179138
39.8244552612
41.0540504456
43.8613204956
53.1096916199
29.2299442291
54.2243118286
40.1820297241
51.3066825867
51.9989547729
48.125038147
40.3902702332
54.3660163879
56.1525154114
55.5623245239
54.9092559814
52.4994354248
52.7848014832
51.8739738464
50.5577812195
47.9735641479
39.7240219116
40.9363517761
38.537197113
38.6336631775
41.6432342529
42.4140739441
43.779838562
45.4740867615
15.1445808411
39.0629882812
19.8535308838
22.921459198
30.5225963593
18.8724193573
24.2847709656
24.1136989594
18.747795105
21.1570796967
23.8812026978
25.6175804138
26.2877635956
28.9653053284
30.9129867554
31.1901721954
30.557472229
54.7843093872
53.592918396
50.0498390198
49.2257804871
51.027053833
52.6534385681
50.9026069641
54.4362030029
13.184170723
28.9684066772
16.1335773468
12.2567462921
25.6269989014
13.4545459747
16.1589717865
13.8424034119
20.414691925
23.3206253052
25.3695640564
26.4261665344
26.0719242096
28.8237247467
30.1882705688
29.745349884
28.6989917755
49.8542633057
48.7029342651
44.8321533203
44.5260925293
46.7797241211
48.6555671692
47.3494987488
50.9569282532
32.1751213074
8.81456565857
31.2251319885
15.2394685745
32.5249061584
28.1315670013
22.3048343658
17.3499946594
39.9552841187
42.6009025574
43.2791213989
43.0031547546
41.0579795837
42.8561820984
42.4566230774
40.6398544312
38.791469574
44.1597976685
43.5907821655
39.4184951782
40.3627967834
43.6979141235
45.859287262
46.1268196106
49.3869972229
22.9209766388
19.302772522
24.8214492798
11.7766876221
26.3280773163
22.4315509796
21.3597373962
11.8813352585
27.323638916
29.8018360138
30.3573608398
30.2899971008
28.5039863586
30.2053413391
30.2459526062
28.9732952118
26.9339618683
39.3497085571
38.6220474243
34.6011657715
34.4773292542
37.3159446716
39.2276344299
38.6248474121
42.127658844
34.4731864929
50.3833351135
41.0161209106
40.7442207336
38.7658348083
41.636428833
47.3843421936
38.432384491
21.5511569977
19.9291229248
17.51603508
18.0959758759
18.0449371338
15.3152303696
17.2169570923
20.3735122681
18.4558067322
41.2226257324
40.9632720947
39.5162162781
36.2503814697
36.1671447754
35.8219108582
32.8925018311
35.1343574524
34.4731864929
50.3833351135
41.0161209106
40.7442207336
38.7658348083
41.636428833
47.3843421936
38.432384491
21.5511569977
19.9291229248
17.51603508
18.0959758759
18.0449371338
15.3152303696
17.2169570923
20.3735122681
18.4558067322
41.2226257324
40.9632720947
39.5162162781
36.2503814697
36.1671447754
35.8219108582
32.8925018311
35.1343574524
35.2595405579
43.5429801941
41.3564338684
35.1008491516
41.1984710693
40.6351356506
43.7197685242
35.2664718628
25.4542884827
25.2154560089
23.9971427917
24.9731006622
24.2598514557
22.761762619
24.1341133118
25.9487037659
23.0935153961
39.3541069031
39.4053153992
37.5523986816
34.6157035828
35.4039649963
35.263759613
33.1491012573
35.5083770752
18.1301307678
27.7132472992
20.0707588196
20.4917030334
15.2839946747
20.2211360931
24.4956912994
12.032661438
23.0953884125
25.397315979
25.6508388519
24.2176609039
22.192232132
24.8424453735
23.9145526886
21.3344173431
21.3205966949
37.4952545166
35.4776992798
31.6332626343
32.66431427
34.7622528076
37.6236000061
36.8631362915
40.6179351807
26.1435775757
20.1484622955
28.6071872711
15.5671691895
29.6880054474
26.30103302
25.2088222504
15.819984436
28.5678310394
30.7474899292
30.9962024689
30.9617576599
29.0945205688
30.2586269379
30.246055603
29.2269687653
26.7511367798
37.2722854614
36.917427063
33.0495758057
32.4255561829
35.320148468
36.9168815613
36.3347854614
39.710899353
43.5504684448
34.817363739
47.0963287354
32.376335144
48.2673492432
44.6651420593
42.5999298096
36.1266326904
40.7945098877
41.8328056335
41.4020042419
42.055557251
40.6320304871
40.0739440918
40.5478591919
40.9273338318
37.7498664856
43.4185600281
44.4435882568
41.9161529541
39.5624008179
41.7450866699
41.5179023743
40.7534751892
42.8328857422
46.9567108154
39.4681282043
51.3749771118
35.4765510559
54.749584198
48.625831604
46.4185829163
40.7718353271
42.0363388062
42.7098579407
42.2539100647
43.5909729004
42.5972251892
41.4552879333
42.6296882629
44.0103225708
40.2767105103
47.6134414673
49.3723144531
47.2082061768
43.603263855
45.5652885437
44.3745117188
43.1651573181
44.8433456421
41.8883132935
36.4543418884
46.618560791
32.1012840271
48.5731887817
44.2747917175
43.1703224182
35.8702125549
36.3398246765
36.9831962585
36.2477722168
37.2513999939
36.0009307861
34.7883148193
35.7222633362
36.9530258179
33.1726417542
41.3232154846
42.8443450928
40.6137657166
37.0028991699
38.9279098511
37.9520721436
36.6158943176
38.5654792786
17.3202152252
25.9286308289
21.4138774872
15.0115661621
23.0524253845
20.0225143433
22.7098674774
12.5168962479
19.2285308838
21.7303142548
22.3299846649
22.3110389709
20.6990509033
22.7291412354
23.1354789734
22.1561050415
20.3543758392
38.9651184082
37.9338912964
34.1367950439
33.5884666443
35.903553009
37.7837867737
36.5950393677
40.2380142212
9.22565937042
39.7081108093
16.9009933472
24.8710899353
22.0372676849
18.1611976624
26.7912330627
21.6233406067
7.71878814697
10.9289369583
13.6085729599
14.5113573074
15.1542768478
18.8789253235
20.6819171906
20.646528244
21.0842685699
48.7588882446
47.060508728
43.7547988892
43.2361373901
44.5634765625
46.491733551
44.5714225769
48.1614265442
22.7271976471
47.5589447021
29.9437713623
35.7603149414
27.8508415222
31.7241172791
39.9384384155
31.3745059967
8.2202911377
6.57991552353
4.02449560165
3.82382106781
6.12520265579
8.72128868103
10.7543954849
11.805685997
42.5732688904
41.0135803223
38.7937431335
37.203125
37.4161987305
38.6838722229
36.1048355103
39.2558021545
20.5682430267
37.1208076477
25.8250427246
29.0321483612
19.0667228699
27.170583725
33.8500518799
22.3098621368
15.7274055481
16.839641571
15.5881156921
13.1785402298
10.2483596802
12.395772934
10.917845726
8.22571754456
8.36078739166
33.2304573059
31.2674827576
28.2642383575
27.862443924
28.9343414307
31.2432479858
29.5466575623
33.2438392639
15.8838291168
41.7599906921
22.5430393219
30.0655422211
20.1017665863
24.5598926544
33.1178245544
24.4510993958
8.43000125885
9.83084392548
9.92223453522
8.32222747803
7.51856660843
11.6780805588
12.3782434464
11.7008104324
13.1007947922
41.8745002747
39.9160881042
37.0417366028
36.4885177612
37.3118133545
39.3434257507
37.3074798584
40.8455924988
13.4069271088
45.4180908203
20.8580989838
30.2304897308
25.8081855774
22.619058609
31.7057781219
27.3389949799
6.07658720016
8.2427740097
11.6165828705
13.1654291153
14.9997463226
18.5274410248
20.8991832733
21.5961170197
22.4984321594
51.9679794312
50.2582092285
47.2525749207
46.4431762695
47.3992843628
49.109462738
46.9064025879
50.3455429077
70.602684021
45.6808013916
72.6144561768
56.9087104797
67.2503204346
70.474899292
66.8548431396
57.1139221191
68.8359832764
69.7070007324
68.0138778687
67.0543289185
64.2795410156
62.8043022156
61.245300293
60.3787155151
57.082195282
36.6104164124
39.8442878723
39.6966209412
37.9422721863
40.0080184937
38.6571273804
40.7139511108
40.3425102234
43.5323448181
19.3850383759
44.9488296509
27.8957023621
43.2950630188
42.2514457703
38.0282287598
29.3865604401
45.2019805908
46.9564666748
46.3892364502
45.9575843811
43.5235404968
43.5456695557
42.7608261108
41.6222229004
38.5016899109
34.1202888489
35.2663421631
32.1055488586
31.2795009613
34.6767807007
35.4101409912
36.1305046082
38.4621086121
40.0252342224
29.8187828064
41.5236053467
35.7223243713
30.6618099213
41.3337936401
42.3363990784
29.113861084
40.5592346191
41.827960968
40.2701835632
37.950843811
34.684299469
34.7729721069
32.0381660461
29.1050205231
27.5888671875
16.3210735321
14.7245788574
10.4982872009
13.7572288513
17.0179100037
20.5329303741
22.0593833923
25.1047401428
55.497089386
46.0905227661
59.723197937
49.7154769897
52.4118118286
58.9512290955
59.7046470642
47.3440170288
48.6697921753
48.5711555481
45.9843673706
44.6164054871
41.9055709839
39.379989624
37.5597457886
37.3707580566
34.1444015503
17.9854488373
21.4677810669
22.3848285675
17.4032287598
17.7966308594
14.6040735245
15.1576347351
14.4617156982
56.6766242981
45.2474517822
59.9270706177
51.3742485046
50.1683883667
59.4982528687
60.2924079895
47.2852363586
51.8782348633
52.0643539429
49.5126304626
47.4987258911
44.4183120728
42.4409141541
39.8640823364
38.5965461731
36.0752563477
9.94294452667
13.7581272125
15.6001176834
12.4420919418
13.0346126556
11.3691015244
14.1999197006
13.6226215363
57.7632331848
43.369934082
58.9729042053
52.8986663818
46.4425849915
58.9476547241
59.4069595337
46.6388320923
57.2581634521
58.0755729675
55.9929695129
53.3687820435
50.0407180786
49.3263626099
46.1490402222
43.413318634
42.0973014832
14.842622757
14.5614318848
15.168674469
18.6255893707
20.0452613831
22.3807735443
25.6600017548
26.3892230988
44.0427627563
37.0853767395
48.5374145508
37.6404266357
43.9273414612
47.3828468323
48.0072746277
36.4120483398
37.7363471985
38.0192718506
35.9639854431
35.178981781
32.6842079163
30.7014198303
29.6628761292
29.7698459625
26.023431778
23.1970272064
25.1572971344
23.7778720856
19.352350235
21.051776886
19.7362689972
18.8775806427
20.7034511566
30.9896469116
27.4541912079
34.3155136108
26.9790306091
27.8214740753
33.6800117493
35.3780784607
22.2386417389
29.1777114868
30.4650878906
29.0970840454
27.5464878082
24.5523262024
24.5698833466
22.8667926788
20.97996521
18.2946186066
23.103061676
22.4542636871
18.8115196228
17.9233131409
20.6815357208
22.7127857208
22.2621307373
25.8669052124
52.5032081604
57.3363609314
58.6742744446
54.2057647705
51.9751777649
59.0151176453
63.1421928406
51.1537017822
40.1442642212
38.6467628479
35.3160018921
34.1233978271
32.3466644287
28.4568042755
27.2800273895
28.9771385193
26.412399292
28.2652549744
29.7309818268
30.9025058746
25.6062545776
23.7332744598
20.6603431702
17.5786647797
17.0826358795
57.7154464722
68.224571228
64.8374328613
61.7941894531
60.6708221436
65.3316116333
70.3624267578
59.9517631531
42.5944137573
40.2627944946
37.1120185852
36.995426178
36.5643959045
32.4096412659
32.7531471252
35.8732757568
33.8402137756
43.6634559631
44.8728942871
45.8080406189
40.6964263916
38.8756408691
36.0553665161
32.8446960449
32.4229698181
59.1473731995
63.8967094421
65.8044204712
59.6723327637
61.5303039551
65.7038345337
69.2629470825
58.4930915833
45.6059761047
43.8452568054
40.8141746521
40.6263160706
39.5803031921
35.5694732666
35.5344047546
38.1101531982
35.2831687927
39.1196937561
41.1244926453
42.1602325439
36.6161193848
35.1618270874
31.7088184357
28.9616756439
28.0635967255
43.464050293
39.4613075256
48.5348320007
37.946937561
45.0813789368
47.3835639954
48.4165115356
37.3971366882
35.7606735229
35.7976379395
33.7281112671
33.3273468018
31.1632404327
28.8987121582
28.3851051331
29.1631088257
25.267572403
27.1636886597
28.9809894562
27.6906642914
23.0699043274
24.3295574188
22.7446193695
21.2435207367
22.9396419525
40.3356552124
41.805896759
46.1412239075
37.3065452576
43.6866722107
45.2444953918
47.3609352112
36.8421974182
30.7999019623
30.5095062256
28.3891506195
28.351896286
26.5903091431
24.0778636932
24.1975154877
25.7304210663
21.8219108582
30.9420681
32.217918396
30.8283863068
26.2972946167
27.1334114075
25.7511901855
23.5345611572
25.4674301147
37.9141426086
42.0189933777
43.9111404419
36.7395820618
40.9011611938
43.3507728577
46.2741737366
35.4324760437
27.7971687317
27.3874664307
25.0800666809
24.8202629089
22.9853248596
20.3726196289
20.4002666473
21.9958705902
18.1340827942
30.1807937622
31.0263957977
29.5572052002
25.235168457
25.8932304382
24.8766307831
22.4109745026
24.6629447937
44.1152191162
55.7864189148
51.3117866516
47.2812385559
49.943157196
51.3011360168
55.8417663574
46.6387481689
29.5640258789
27.6886310577
25.1194896698
25.9242191315
25.7383327484
22.1541404724
23.6786403656
27.1802749634
24.444196701
41.8691749573
42.6512336731
42.0176773071
37.3827972412
36.8721122742
35.1362571716
31.952255249
33.2152290344
44.1152191162
55.7864189148
51.3117866516
47.2812385559
49.943157196
51.3011360168
55.8417663574
46.6387481689
29.5640258789
27.6886310577
25.1194896698
25.9242191315
25.7383327484
22.1541404724
23.6786403656
27.1802749634
24.444196701
41.8691749573
42.6512336731
42.0176773071
37.3827972412
36.8721122742
35.1362571716
31.952255249
33.2152290344
53.9249458313
56.4838294983
60.382194519
51.7813110352
58.392742157
59.5935401917
61.9338645935
52.2396774292
41.6540679932
40.4156303406
37.9802246094
38.4456825256
37.4701042175
34.0010566711
34.5920791626
37.1815223694
33.7290115356
40.0440597534
42.1256713867
42.1097984314
36.7067680359
36.3666610718
33.407661438
30.9136123657
31.0041427612
62.1931343079
60.2271461487
68.2192077637
58.2936439514
64.8854446411
67.3058242798
68.884147644
58.5519752502
50.7715110779
49.6628570557
47.0583877563
47.0967063904
45.7125282288
42.1734924316
42.1145133972
44.1826324463
40.7074623108
39.3263664246
42.1510047913
42.9116020203
37.2916069031
36.7236862183
33.0145263672
31.1766643524
30.1463565826
63.7671508789
58.2270355225
69.3092422485
58.2300033569
65.3702545166
68.2078170776
69.0490188599
58.4329490662
53.5997085571
52.7892913818
50.2270851135
50.0250473022
48.3062553406
44.9729652405
44.5457229614
46.1195220947
42.5461616516
36.740272522
39.9399871826
40.8256187439
35.3295974731
35.0112609863
31.2006473541
29.9861030579
28.6959705353
