2.11849617958
4.38932704926
7.2467508316
10.173207283
13.1534900665
15.669052124
18.6289081573
21.5839347839
23.7955055237
25.3608894348
28.6305789948
28.1608123779
22.5916080475
20.8018455505
21.1277828217
16.9876804352
19.2700080872
19.4983825684
23.2564868927
21.6297836304
28.8518829346
27.3429012299
24.1215820312
37.9004325867
36.0443153381
41.1087265015
43.0461654663
38.3280105591
38.342338562
42.7045593262
42.0178756714
39.3921737671
39.6727867126
41.0971069336
41.733089447
42.9735488892
41.6391372681
40.8652114868
4.38932704926
2.53074479103
4.81298732758
6.96365118027
10.034696579
12.4778623581
15.4742259979
18.4818534851
20.8195838928
22.5273475647
25.8160915375
25.495092392
20.583278656
19.2242050171
19.9639110565
15.5388660431
17.8886451721
18.6354084015
22.4802494049
20.8532752991
28.211139679
26.9600067139
24.0108470917
36.3114395142
34.238445282
39.1716957092
41.4091262817
36.8251228333
36.6603469849
41.0240211487
40.6012763977
38.005607605
38.4585342407
39.9989433289
40.7940444946
42.2035827637
40.9504585266
40.3511886597
7.24674987793
4.8129863739
2.52786922455
4.3872461319
7.53682327271
10.3033676147
13.25831604
16.4148292542
18.6436958313
20.5973033905
23.794336319
23.6905708313
20.0299911499
19.2731208801
20.4291973114
15.8268613815
17.9996910095
19.0751686096
22.8239536285
20.9443721771
28.4449977875
27.544046402
24.8052101135
35.8958091736
33.5413970947
38.272693634
40.8591117859
36.3815422058
35.9695053101
40.3062553406
40.1426467896
37.5453872681
38.1870498657
39.9084777832
40.757976532
42.2406730652
41.0378227234
40.5484542847
10.173207283
6.96365118027
4.38724565506
2.1262447834
4.44085597992
6.83086299896
9.71605873108
12.9640169144
15.217206955
17.3559837341
20.59416008
20.7112922668
18.5047073364
18.599363327
20.2932415009
15.7310228348
17.6399421692
19.2379055023
22.7913646698
20.9187736511
28.2859458923
27.7593135834
25.4102859497
34.4440727234
31.7849063873
36.2404098511
39.2349090576
34.9786262512
34.2976036072
38.5708389282
38.770942688
36.2346916199
37.115852356
38.9750442505
39.9810180664
41.6092453003
40.5486068726
40.1956558228
13.1534900665
10.034696579
7.53682327271
4.44085597992
2.51794338226
4.93485164642
6.99544811249
10.370880127
12.3502664566
14.6953830719
17.7578868866
18.1726570129
18.2811393738
19.2819309235
21.3426685333
17.0527572632
18.3536529541
20.2060813904
23.4105796814
21.4002628326
28.5527744293
28.4802093506
26.4952602386
33.6877937317
30.6581916809
34.7425613403
38.1745262146
34.1224861145
33.1044006348
37.2661209106
37.8306083679
35.3335952759
36.4501647949
38.5087661743
39.6375541687
41.4033279419
40.4950332642
40.2496604919
15.6690540314
12.4778614044
10.3033676147
6.83086299896
4.93485116959
2.52852296829
4.4122428894
7.70650863647
9.95846843719
12.2285804749
15.4477062225
16.0718593597
17.0321884155
18.6905765533
21.1632614136
17.0742797852
18.3399810791
20.6331539154
23.6579608917
21.9514064789
28.756067276
28.8298187256
27.1873168945
32.3972511292
29.2561283112
33.0981903076
36.8090553284
33.048500061
31.9127559662
35.9947052002
36.8512268066
34.4858322144
35.772315979
37.903793335
39.1234588623
40.9523124695
40.1315727234
40.0258560181
