28.7205562592
30.4858036041
29.4867973328
29.7794094086
25.2512931824
29.6424217224
26.3922176361
29.8391628265
24.6690597534
25.3187141418
22.5762786865
23.2701454163
26.2106018066
25.0848560333
28.133600235
27.900188446
31.0478305817
24.4138221741
28.7569637299
24.8094806671
26.04296875
23.768491745
23.3699703217
19.9041862488
21.5006904602
18.3644065857
16.8392238617
19.9859466553
20.1375274658
23.0594711304
18.7235088348
19.2604217529
21.9018268585
21.6636390686
25.6917209625
27.4401550293
32.7678871155
32.7474746704
29.8369293213
30.1405067444
34.2755737305
33.7003173828
30.7910118103
34.2605476379
31.692073822
36.7281570435
35.2783432007
41.1162796021
40.2296066284
36.446144104
37.8117752075
37.1752548218
34.9840011597
31.9701347351
29.5848903656
30.8063716888
35.5515556335
35.4297714233
32.2324714661
33.3673057556
37.2392807007
42.9840736389
40.3941993713
36.5420036316
38.1914482117
42.2875366211
26.1645450592
28.0434780121
27.3754997253
27.8172855377
22.9530906677
27.6336574554
24.3079681396
27.9455413818
22.9650306702
25.0025672913
22.0524215698
22.1051254272
25.1634140015
23.7165260315
26.6033592224
26.4583435059
29.3881320953
22.7140827179
27.0209140778
22.8893871307
24.358663559
21.6969108582
22.1764640808
21.8758277893
18.6662979126
20.7549533844
15.4194850922
18.5627002716
18.3700752258
21.062625885
17.0274238586
17.2500228882
20.4698123932
19.9218196869
24.4566383362
26.411026001
31.3405513763
31.6712703705
28.8624153137
28.6762695312
32.8808517456
32.8729400635
29.769449234
33.0822372437
30.2503929138
35.1702804565
33.45570755
39.2431259155
38.1330795288
34.434047699
35.5821342468
34.8447151184
32.8206481934
29.8703193665
27.2246742249
28.5043888092
33.4010047913
33.07604599
29.8973331451
31.3029117584
35.2518959045
40.9990196228
38.5852928162
34.7045059204
36.1162910461
40.3937072754
24.38621521
26.4996585846
26.067773819
26.768825531
21.7193241119
26.7796783447
23.4831161499
27.3723812103
22.6961650848
25.8025817871
22.8743553162
22.3207263947
25.5355091095
23.8828487396
26.5231990814
26.4025936127
28.9875526428
22.344865799
26.3954734802
22.0351390839
23.5770015717
20.4630088806
21.317533493
20.9199924469
17.9768733978
20.3973884583
17.6731414795
14.5702362061
17.5950241089
17.204498291
19.7396278381
16.0878829956
16.2192802429
19.926574707
19.3941135406
24.2250385284
26.573184967
31.688129425
28.9154396057
28.208688736
32.4800033569
32.979839325
29.5840950012
32.7185173035
29.648859024
34.4428634644
32.5530929565
38.1805648804
36.9231719971
33.4042892456
34.3362197876
33.4169120789
31.5385189056
28.7716770172
25.8919219971
27.312915802
32.326751709
31.7891120911
28.699886322
30.4350738525
34.4814529419
40.1722679138
37.9862976074
34.0764122009
35.1679153442
39.6147842407
21.557888031
23.8394012451
23.8978748322
24.8400173187
19.4195575714
24.8690681458
21.5897426605
25.7294254303
21.5439338684
26.2313690186
23.2790641785
21.9369010925
25.2071533203
23.2695121765
25.5248298645
25.4707584381
27.6034507751
21.1565742493
24.8938407898
20.3819313049
22.1688804626
18.5418052673
20.1079978943
19.8046398163
17.3806648254
20.303068161
18.0333366394
13.9320402145
16.7211093903
15.871134758
17.9493675232
15.0114650726
14.6975727081
19.0656261444
18.2179088593
23.4749279022
26.0962104797
29.9276275635
30.9662361145
28.36784935
27.0003757477
31.2655887604
32.49010849
28.885761261
31.7333011627
28.3840694427
32.926448822
30.7156219482
36.1684951782
34.6273117065
31.3026027679
31.9135932922
30.8275871277
29.2045536041
26.6187477112
24.9244880676
30.0825805664
29.2572841644
26.2692565918
28.4042396545
32.5498199463
38.1325721741
36.2399024963
32.3292045593
33.0216941833
37.6678771973
19.0599994659
21.6159439087
22.0784759521
23.3787879944
17.8597717285
23.704498291
20.6369285583
25.0653610229
21.4990234375
27.2910308838
24.4988098145
22.4651222229
25.8355712891
23.8692550659
25.6338691711
25.512752533
27.0453605652
20.9322166443
24.059803009
19.4278373718
21.2637691498
17.1194095612
19.2795543671
18.9092445374
17.1075897217
20.3757705688
18.5704917908
13.7246017456
16.0614128113
14.8648281097
16.5083351135
14.5279817581
13.9928407669
18.7707004547
17.932674408
23.2999382019
26.3237495422
29.4605445862
30.8418941498
28.3674678802
26.3189144135
30.5486850739
32.4505844116
28.5656318665
31.0830936432
27.4904022217
31.7460327148
29.3042964935
34.4503746033
32.6986351013
29.6969642639
29.9985141754
28.6568489075
27.264749527
25.0217838287
21.5303649902
23.2652492523
28.4766025543
24.6412773132
27.1707859039
31.4762306213
36.8015327454
35.2556610107
31.3539466858
31.5635070801
36.3548812866
17.3752536774
19.8368854523
20.9858131409
22.2863388062
16.2637214661
22.2471961975
19.1251659393
23.5548858643
20.5252342224
27.6780967712
24.803440094
22.253988266
25.4447536469
23.1296215057
24.5795898438
24.6404914856
25.8679103851
20.121307373
23.095741272
18.5482597351
20.7631435394
16.4354000092
19.2905921936
19.3372020721
17.9995975494
21.5611381531
20.1908874512
14.9304351807
17.1001281738
15.4084262848
16.3184700012
14.9056882858
13.7089004517
18.8427867889
17.4244728088
23.1214981079
26.0440254211
28.557220459
30.3451290131
28.1431541443
25.6739196777
29.7877807617
32.2539291382
28.4478302002
30.7244567871
26.9815940857
30.8995170593
28.1366977692
33.1796417236
31.0912132263
28.1592712402
28.1245079041
26.7690372467
25.7260246277
23.5102043152
19.6798973083
21.3309726715
26.6591243744
25.2613449097
22.5095100403
25.4051017761
34.9093551636
33.5920791626
29.76512146
29.6986503601
34.6448287964
