26.7422103882
22.3771095276
18.4848098755
15.8572835922
13.1534366608
10.1028833389
7.8093047142
5.10240650177
5.56018781662
8.96654701233
10.1269731522
12.8514022827
13.0918111801
16.589225769
17.5793895721
21.1165904999
24.1632041931
21.9416942596
18.2161540985
17.023147583
12.7885494232
10.3880662918
9.79633235931
5.73270463943
6.55803966522
6.97392082214
11.3175706863
13.3399248123
16.3562812805
21.554933548
21.9398670197
21.0757255554
18.3601741791
21.4715766907
22.4111118317
17.3641796112
18.8039989471
13.7769374847
18.8496303558
20.6410274506
23.6775989532
24.7157096863
25.4000968933
22.1450386047
19.1879348755
22.9893341064
21.1262836456
18.8607177734
16.6110210419
14.3130054474
14.6727800369
12.981259346
15.456205368
11.8943853378
17.0284900665
21.0417346954
21.3865890503
24.9347305298
21.6606807709
17.6298503876
16.4816055298
11.7732210159
13.8142585754
9.61526584625
10.0451211929
10.4209918976
12.9509353638
14.2962217331
15.5083246231
19.1710758209
22.9047355652
19.840845108
24.9657974243
24.4922122955
25.6086578369
21.9452285767
20.443857193
18.5514087677
17.892742157
16.0195026398
15.6103076935
12.8183498383
17.0878734589
16.119852066
19.9313602448
21.3583507538
25.4096908569
24.6642189026
21.2590446472
20.944065094
16.4068164825
14.9989366531
11.4977579117
13.3337249756
10.5685882568
15.2584095001
16.0312252045
18.6391849518
21.1726989746
23.131608963
26.7677021027
31.8841629028
32.0035667419
33.0112686157
37.1637611389
35.099105835
38.9286384583
43.5184173584
44.1890220642
49.6789169312
46.9558830261
50.2848434448
52.1783981323
51.2178993225
47.4428596497
46.5368309021
41.5955581665
39.4078330994
36.1073036194
33.1562004089
30.3138885498
27.1219787598
22.8349628448
25.2210998535
27.7075328827
30.3387012482
33.6346244812
36.7352676392
39.5783119202
42.8493537903
44.7408409119
51.8532447815
52.0140991211
55.6773147583
58.452129364
59.4935684204
53.0224990845
50.9052467346
49.111164093
46.8440933228
43.5475349426
45.4325447083
44.4740638733
45.3543014526
41.185382843
39.8269424438
36.0768470764
34.7468109131
29.9809303284
31.568819046
28.0222358704
28.7970848083
30.0665340424
28.1487178802
25.0260944366
22.1884899139
24.9985733032
25.3320121765
29.5322780609
32.2604942322
36.4943656921
38.6865348816
41.7592773438
45.3499107361
49.5317497253
51.4644927979
53.9092140198
53.7917404175
52.3030014038
58.626750946
59.4358444214
59.1840400696
55.0345535278
51.5127754211
48.4275550842
44.6686325073
41.5461769104
39.5623626709
35.7538833618
34.6629676819
30.0446739197
29.0469741821
29.1884593964
32.6863174438
37.1837120056
37.359249115
41.0244636536
42.9079818726
46.2054862976
47.6381797791
52.8998985291
54.6869010925
58.072681427
60.4191741943
32.8276062012
28.2893352509
25.5725193024
21.6636238098
19.8054504395
15.4449071884
15.946598053
10.824763298
12.8513994217
8.52977466583
4.98997831345
4.8106880188
4.85347509384
6.43084383011
10.2803249359
14.1442489624
17.302728653
17.3461418152
14.6472988129
15.8872585297
11.6776189804
13.3410949707
10.7373075485
13.1228685379
14.2776212692
17.9576034546
19.7979373932
22.246837616
24.8055057526
29.7952423096
29.4445991516
29.7059841156
25.8421001434
27.1042480469
26.4389953613
22.7577037811
20.6368637085
15.5770463943
17.0917377472
15.6598930359
17.8604755402
20.3958072662
21.7149715424
21.8198184967
19.0786476135
24.6874332428
23.4822940826
21.1445350647
20.8634548187
21.06316185
22.4477119446
22.9922847748
26.1871261597
24.0068511963
28.9867229462
32.6928672791
33.2939758301
36.1257972717
32.9435005188
28.863861084
26.8156890869
22.8766384125
23.7484207153
19.704126358
17.3216495514
16.6938476562
14.8867712021
17.5359706879
14.0672998428
17.9665966034
20.6623764038
14.666182518
18.7608261108
15.9439592361
17.5938301086
15.7043828964
12.0825271606
10.0849227905
10.894068718
11.624961853
13.5093393326
15.8254270554
18.4357700348
20.508140564
24.4164276123
27.0180206299
30.8998012543
29.3949718475
25.3407173157
23.2499389648
19.0024986267
15.5612220764
11.7141189575
9.17932510376
7.79125165939
5.87446880341
7.67193412781
7.39792728424
11.9729299545
13.4875593185
16.3823661804
21.2284488678
20.4622211456
21.8275146484
25.3654727936
23.5579414368
27.0592937469
31.5617237091
32.0617637634
37.3731498718
34.635307312
38.0728225708
39.8201637268
38.6483535767
34.9030189514
33.9393463135
29.1772384644
26.9361743927
23.8695659637
20.8632106781
18.4183216095
15.2112951279
11.2426557541
13.5352468491
15.2042388916
17.9190120697
21.2945861816
24.1732234955
27.2341938019
30.2511749268
32.5021286011
39.3620948792
39.7372093201
43.378780365
46.2713813782
47.383518219
41.2065658569
38.8417434692
36.9072761536
34.7140655518
31.2795448303
32.9316940308
32.0861854553
32.8697814941
28.6105651855
27.3574199677
23.531955719
22.4851284027
17.7220001221
19.5501079559
16.7605724335
18.9702186584
20.3003768921
17.5833873749
15.8289842606
11.3921413422
13.7503757477
12.8756885529
17.3003578186
19.6602458954
24.0619544983
26.0237388611
29.136680603
32.6661758423
36.8925285339
38.77734375
41.2386932373
41.1332321167
39.6436958313
45.9760894775
46.844543457
46.6870384216
42.6270179749
39.2153282166
35.9510993958
32.4610748291
29.1717319489
27.5350208282
23.6718940735
22.7962417603
18.6807460785
18.6508827209
19.0198497772
21.8398895264
26.0552921295
25.7614250183
29.2294960022
30.830406189
34.2561149597
35.2750473022
40.69896698
42.139339447
45.5473518372
47.7636604309
23.6095275879
19.2532920837
15.8274669647
13.1164627075
12.8143606186
10.569694519
10.5921773911
11.157740593
9.61526584625
12.6405582428
16.7997512817
16.204454422
19.704126358
18.9347019196
23.35090065
22.7078914642
26.2240009308
27.7572517395
24.8382205963
22.0041942596
19.3940696716
15.8908243179
12.225982666
11.6183195114
7.56039571762
6.14585828781
6.25078010559
6.6541557312
11.2217082977
11.4589490891
16.5538158417
16.1234970093
13.6765899658
11.142496109
14.1701784134
15.8050470352
10.392375946
14.1298484802
11.2361040115
16.8174324036
20.5396938324
23.4083118439
23.215555191
23.2709503174
18.107843399
16.0103340149
17.610748291
16.2935752869
15.2810201645
10.7923631668
8.24923038483
6.24877071381
4.89319086075
6.90736246109
6.83664178848
10.3552465439
13.48046875
15.0531320572
17.7690448761
15.8179035187
11.2121582031
11.4646978378
8.52112770081
6.52516174316
4.70223617554
7.6628742218
11.4499111176
12.4537200928
16.2606945038
19.3881931305
23.7237358093
22.1952857971
26.6030445099
27.5002117157
27.5540065765
23.3861846924
23.1369457245
21.4497680664
19.9687919617
17.1535816193
15.3247671127
10.0570278168
13.9470005035
11.6788444519
14.5716905594
16.0207309723
19.6020946503
20.4634151459
17.7303600311
17.8935909271
14.3544225693
14.6913404465
13.1414232254
16.1804218292
14.1444759369
19.8592796326
20.056810379
23.9708576202
25.541973114
28.5330219269
31.4317073822
36.6265220642
37.0832557678
36.863899231
41.440246582
38.7321281433
42.7616424561
47.485244751
48.2419548035
53.9946098328
51.4698867798
54.7682723999
57.1208114624
56.3359031677
52.663860321
51.6966362
46.3668403625
44.4095878601
40.6508369446
38.09815979
34.9221343994
32.2452430725
28.721698761
31.594833374
34.2388725281
36.3571395874
40.2507972717
42.8082275391
46.1291770935
48.817363739
51.1305007935
57.9170799255
57.8971290588
61.6873321533
64.1744689941
65.558555603
59.6590003967
57.2915725708
55.8068771362
53.8574867249
50.5296516418
52.1822471619
51.5400390625
52.0897674561
47.7132110596
45.8248176575
42.3855133057
40.2710609436
35.6100006104
36.2546195984
32.3404960632
30.9683837891
32.0917816162
31.1940937042
27.1789302826
26.2206420898
29.3019866943
30.8938121796
34.3497276306
37.8092269897
41.6371040344
44.3616905212
47.4038200378
51.1948509216
55.3826026917
57.0899658203
59.7244186401
60.0569000244
58.4300689697
64.7916183472
65.4164962769
64.5370254517
60.3678970337
56.8389663696
53.8799324036
50.2946243286
46.9617614746
45.5064811707
41.3853988647
41.146736145
36.2039146423
35.7725639343
34.8161659241
38.3216629028
42.6884307861
42.3232307434
45.9730873108
47.6815261841
51.046421051
52.4198379517
57.4819908142
59.8407516479
63.0103530884
65.8750152588
10.6075725555
6.47486495972
8.14360523224
6.31386137009
10.3519697189
11.8284273148
15.3847875595
18.2811508179
21.2590427399
23.1315345764
24.2701702118
21.1395244598
25.3407173157
26.7997531891
30.78191185
32.2166137695
36.5012931824
37.5154914856
36.1072006226
34.0084571838
32.4111404419
27.8693714142
25.7683696747
21.9033050537
20.6782493591
16.5553398132
17.0080165863
12.1272211075
11.9045944214
9.28718566895
9.88361549377
8.13198566437
11.8211317062
9.82305717468
10.9285678864
11.6404418945
12.7432470322
14.2990312576
17.5148429871
17.5681858063
23.7722263336
24.1205997467
20.9457874298
23.9855632782
20.0468864441
22.1309680939
23.613527298
25.745634079
26.6443271637
19.8394546509
22.2027759552
16.88813591
19.9940414429
18.5769252777
20.4115638733
21.2655982971
23.9902305603
22.1405849457
21.1435680389
19.0859985352
17.2413692474
13.928314209
16.1348991394
14.0811319351
17.7303600311
17.1181087494
21.9783229828
21.993303299
25.8571910858
26.8766174316
31.1770820618
35.731426239
31.7967796326
34.8531646729
34.2056922913
33.096244812
30.3549823761
28.1504001617
25.1116447449
21.4716720581
22.1653518677
16.0258560181
13.2172498703
11.2902193069
7.95992660522
6.23447036743
4.91212177277
6.98994827271
4.6664185524
4.70274591446
6.85363340378
10.3871240616
14.1820373535
17.2325515747
19.7916908264
23.1763820648
26.3208580017
28.8811588287
32.9009742737
36.4729347229
37.829284668
42.7717018127
41.7803573608
40.1140213013
43.7272911072
39.6624641418
42.5850944519
47.9179878235
46.8848609924
52.7507400513
48.7723960876
50.8911514282
53.4181861877
54.1391372681
50.4957695007
50.9627761841
45.1634292603
44.904838562
40.8889770508
39.8422355652
37.5737609863
36.1089363098
34.3480033875
37.210144043
37.2967453003
39.6311683655
43.6788139343
44.9099464417
49.1261558533
50.0791473389
54.3018226624
59.665058136
60.5972099304
64.2236557007
66.9642105103
68.7231369019
63.8297996521
60.875629425
58.8400650024
56.950958252
53.219379425
53.6156959534
52.2304992676
51.5256156921
47.4923324585
44.1014175415
41.8714523315
38.183757782
34.3936805725
34.4970169067
29.7388973236
30.0501995087
32.4194030762
32.9742050171
28.7291622162
29.7024345398
32.7607917786
33.2273445129
34.7513198853
38.5386581421
40.3182792664
44.2873191833
46.264705658
50.6661491394
53.7552146912
56.1413764954
58.163608551
59.3692169189
58.7307281494
64.7323455811
66.1384048462
65.4032897949
61.8759727478
58.9622268677
55.344581604
53.2830505371
49.1633377075
49.4903182983
45.1890716553
45.9074935913
42.1715011597
43.2210998535
42.4096679688
44.8899421692
48.5924491882
46.6498565674
49.6540756226
50.0374946594
53.8911209106
53.140586853
58.6465110779
59.9600639343
62.7467765808
65.2683105469
14.5267601013
10.4130926132
11.4217500687
7.89135456085
11.7763328552
11.4963226318
15.9028320312
17.6257953644
20.9440689087
21.9270648956
22.789888382
19.272731781
23.2499389648
24.5431308746
28.4923934937
29.7756481171
34.0462150574
34.7288703918
33.5837059021
31.8092746735
30.3851547241
25.8928661346
24.2406196594
20.0045623779
19.7663192749
15.8964061737
17.6032657623
12.7154188156
13.9718561172
11.7860631943
13.5269002914
11.4451007843
14.1909179688
11.1020889282
10.8576011658
10.3890371323
11.8260087967
11.6912050247
15.2514181137
14.2452144623
20.351688385
20.3875007629
17.0838108063
20.3672809601
17.0033130646
19.4253101349
21.2608852386
23.6662311554
24.6436481476
18.2063026428
21.2792358398
16.5848522186
20.2857837677
19.7283535004
21.6799793243
23.1384449005
25.8156204224
24.7401409149
24.0443820953
22.1453495026
19.6717185974
16.5918998718
17.8818244934
15.4097166061
17.8935909271
16.3203792572
20.8546676636
19.9695739746
24.1824378967
24.5184307098
28.8418292999
33.3117485046
29.0686321259
31.7693080902
30.9872741699
29.6813488007
27.2089099884
24.9048976898
21.8944702148
18.1622238159
19.1893825531
12.9324159622
11.3207979202
8.46144771576
6.86379384995
5.90346860886
7.2517080307
9.38639354706
7.93709993362
4.7027463913
5.02032709122
7.93723154068
12.1456432343
14.624089241
17.5744438171
20.4340381622
23.532793045
26.061208725
29.9835777283
33.6967201233
34.6901931763
39.5182952881
38.474067688
36.5226631165
40.0957679749
35.9248199463
38.8251953125
44.1420936584
43.1387252808
49.020324707
45.173576355
47.3587760925
49.9937858582
50.6407699585
47.0581474304
47.4311714172
41.596786499
41.3707351685
37.2969932556
36.3813247681
34.1186485291
32.8684616089
31.4834423065
34.3895759583
34.4005508423
36.5117874146
40.6817512512
41.6878738403
46.020816803
46.7611312866
51.0957679749
56.2940216064
57.1797180176
60.816734314
63.4718971252
65.3230209351
60.6682853699
57.627696991
55.6931762695
53.9378738403
50.2241821289
50.5336837769
49.3286018372
48.5519485474
44.4536247253
40.9911842346
38.8458175659
35.0196609497
31.3036212921
31.0919589996
26.3908653259
26.2020969391
28.5656490326
29.3067016602
25.0588970184
26.419467926
29.4313964844
30.1111373901
31.3431072235
35.2567939758
36.9285507202
40.9619255066
42.9464454651
47.3412666321
50.4665565491
52.716217041
54.8231773376
56.1312141418
55.4059410095
61.3985671997
62.713684082
61.8076515198
58.292224884
55.4033927917
51.8315505981
49.8643531799
45.7054481506
46.2338485718
41.8935127258
42.8954734802
39.2130432129
40.5555496216
39.4939308167
41.8154220581
45.375289917
43.2213821411
46.1482696533
46.4326019287
50.2903785706
49.4821891785
54.9194831848
56.3510169983
59.0773925781
61.7312240601
45.110584259
40.3678512573
37.7759819031
33.3504562378
32.225605011
27.3184432983
28.1485042572
22.7697048187
23.1316127777
18.0882663727
16.4358215332
17.122303009
13.4875574112
10.8406906128
8.49033355713
6.39540576935
5.72824811935
7.17487335205
9.97334384918
10.3772773743
13.7343406677
13.6803636551
17.6719360352
17.3899917603
21.6491508484
24.3316802979
28.6791038513
30.3809108734
34.2074661255
36.0970840454
41.3316001892
40.4320144653
39.766330719
35.6089134216
35.652633667
34.3300666809
30.819984436
27.5248184204
22.3652000427
22.6913375854
17.3635807037
19.4171829224
23.9935054779
23.218126297
25.5655269623
22.0108299255
27.1575813293
25.1908435822
22.476316452
25.970123291
26.3061103821
29.9917793274
30.6139297485
34.8179016113
33.3255462646
38.1844139099
40.9775810242
43.1085357666
46.0883255005
43.6460762024
39.1691627502
37.9975547791
33.8768043518
33.6949005127
28.5330142975
25.5227680206
22.6867656708
19.601442337
20.2530345917
15.0390777588
15.5834341049
15.2313575745
10.1262807846
11.450802803
7.94094467163
11.4217672348
11.989821434
10.7260475159
12.7197532654
16.497882843
15.9035329819
21.421163559
24.9639606476
27.1166286469
30.4464626312
34.1620063782
37.6003494263
41.2533912659
40.5721702576
36.4729309082
33.6967086792
29.8675632477
26.3587341309
22.7811698914
19.6009654999
17.3544082642
14.0421466827
10.5135030746
8.88883304596
4.9349822998
5.25264024734
9.41015434265
10.4908313751
13.3421955109
17.1103210449
17.4817485809
21.329870224
24.2497463226
26.7431735992
31.238067627
30.7521286011
35.011756897
36.7167778015
34.0487327576
30.9904098511
28.3360023499
24.7347736359
20.9621887207
18.7652492523
14.8756351471
11.9189949036
8.65607261658
5.83266782761
6.69206142426
11.9591255188
11.8911600113
14.9960327148
17.9578075409
20.0745944977
23.7791996002
24.2057876587
31.4148426056
30.6457767487
34.3928489685
36.6444702148
37.7997970581
31.8957710266
29.6960468292
28.8578968048
27.3984031677
24.7131881714
27.1152687073
28.0194129944
29.5847434998
25.3428039551
25.6487522125
21.8007354736
22.3521366119
18.8314418793
19.4487495422
19.5486011505
18.1199550629
17.2828330994
13.5697488785
14.5848321915
9.81622219086
9.35248756409
11.3115749359
15.1334972382
16.3402252197
21.6202087402
21.7894229889
25.5549640656
27.8192653656
32.7550430298
33.2586898804
36.3880577087
35.9268226624
33.2699890137
39.4870758057
39.2814102173
38.3323707581
33.8940162659
30.1278438568
27.8793029785
23.3353652954
21.0339412689
18.2794513702
14.6916503906
14.1989402771
8.80257129669
8.96499443054
6.76284456253
10.137140274
14.5947027206
15.3546009064
19.1269245148
21.8174972534
24.5007190704
27.5305786133
31.892244339
34.644443512
37.9855461121
40.8621482849
66.7820129395
62.6776237488
60.9347877502
56.8842010498
55.5511474609
51.4484672546
52.4174995422
47.488899231
49.111164093
44.3082923889
40.6118011475
40.9561424255
36.9072685242
37.0241279602
33.0353431702
34.5617141724
32.9726142883
33.3274078369
37.3011703491
38.4977340698
42.1394767761
42.0968399048
45.9793243408
44.7502479553
48.8719291687
50.6806945801
54.6910247803
56.1087303162
58.5951347351
60.9390525818
65.5401153564
64.7537078857
65.4516372681
61.1735153198
60.8719139099
58.9550971985
56.7564430237
52.3690109253
48.6068572998
46.7726173401
41.3666267395
41.0986557007
44.9440002441
45.3684425354
50.1558609009
48.2026901245
53.2703056335
52.3896636963
50.2623062134
53.2491035461
54.4824295044
57.3424224854
58.4673461914
62.2978858948
60.4305000305
65.4874649048
68.7891159058
70.0170974731
72.7907714844
69.7472839355
65.6164169312
63.4789009094
59.6200523376
60.1606025696
55.8068771362
52.7259635925
50.7513084412
47.2432136536
48.6786270142
43.0982933044
43.5897483826
42.2878227234
37.7513999939
36.4948272705
32.2333679199
34.0715789795
37.5109100342
35.2481956482
36.451335907
39.2513237
41.4010124207
45.3443069458
50.2812538147
51.0316963196
54.8951187134
58.1412811279
61.32421875
64.5832977295
62.752620697
58.8400650024
55.6931724548
52.8140029907
49.1028022766
46.5586700439
42.6899375916
42.5257568359
37.1698150635
36.3817863464
32.3246078491
31.7482242584
28.8578968048
26.450056076
22.6830673218
20.6337337494
23.7683849335
19.817193985
24.0547084808
22.1447410583
19.7018661499
20.8615436554
19.2809906006
21.0698833466
23.5870876312
22.3713054657
18.0970211029
17.9602718353
15.1075582504
18.8154029846
16.8183612823
20.7279376984
20.4627857208
23.3200950623
24.540643692
27.3414421082
24.4264583588
22.2612133026
19.8693313599
15.8208179474
14.2290687561
10.139122963
10.3241662979
5.89856052399
6.58534574509
7.1148815155
8.53656291962
12.1900720596
11.8968105316
6.80159187317
4.42108917236
3.85885119438
6.70126247406
7.33019924164
11.2254953384
13.579164505
14.3224067688
18.7820701599
18.7111854553
23.179605484
25.3333854675
25.9760074615
30.3630886078
33.0469932556
32.1874580383
29.6306266785
34.1604957581
31.2599868774
28.4233798981
26.0897159576
24.8696842194
20.736700058
21.0162181854
16.2585945129
16.4797267914
13.0535011292
15.2428636551
13.8025569916
15.5486888885
12.7288608551
9.6755027771
13.5054683685
13.0078125
14.8565587997
12.0656585693
10.5653705597
10.0015993118
9.49387931824
12.3064069748
11.7570858002
15.6466493607
15.1067810059
20.4178543091
22.1892623901
23.6107940674
19.9256591797
16.7021389008
17.0998859406
14.8764152527
14.7515392303
13.6959886551
14.5991048813
15.9300355911
14.3784418106
17.3320980072
17.2404155731
42.8643951416
38.9047584534
38.1013145447
33.8506698608
33.6438179016
29.8115997314
32.3241348267
28.3259143829
31.5688228607
27.3506126404
23.8272018433
21.7363796234
19.5501117706
20.8332958221
19.4639492035
22.1789855957
24.0935096741
24.2250747681
27.0989055634
27.4063301086
29.6578655243
27.0866546631
29.9639911652
26.4140949249
30.716293335
30.8034038544
35.2256469727
34.7311134338
37.1833343506
38.5296287537
42.4619941711
41.2419548035
42.7041435242
38.3857650757
37.57472229
35.3966445923
34.4232254028
29.6303634644
27.6899089813
24.2947998047
20.8780117035
19.435552597
21.6997299194
24.0582695007
28.509180069
28.2445850372
33.3864326477
34.0939445496
33.0567626953
33.2388038635
35.9722633362
36.7755393982
39.2814292908
42.2040290833
41.5642433167
45.9682044983
49.2945823669
49.8398742676
51.4453582764
48.6572151184
44.8080368042
42.0820999146
39.4752464294
39.0517349243
36.2546195984
32.7449684143
32.7258377075
28.5819339752
31.9886875153
26.7223529816
29.4649200439
30.7908496857
24.0993728638
23.8385448456
19.0035991669
19.0692424774
21.5412158966
17.2250595093
16.400510788
17.2004814148
21.3405208588
22.7109527588
28.2318344116
27.6121768951
31.6622962952
34.2319946289
37.3236923218
40.0866966248
38.161239624
34.4970207214
31.0919551849
29.0859470367
25.6560573578
24.5106430054
20.6239204407
22.4371948242
16.9338321686
18.583524704
15.2689123154
18.5596294403
19.4487495422
17.0728740692
18.4372825623
14.9436807632
13.6344900131
13.5117340088
10.6560611725
11.0932636261
15.9216623306
14.1606674194
19.5485782623
15.6441507339
18.8335151672
21.0085105896
20.4142723083
16.7578258514
16.6929893494
11.1886796951
11.2563409805
8.21420192719
8.94120407104
10.0303020477
11.5481815338
14.9976387024
15.2064561844
11.2374820709
11.3092956543
14.1682424545
12.7052536011
17.380613327
16.3775367737
21.8059673309
25.689245224
27.0769710541
30.4480266571
33.3095932007
35.1520233154
31.4508533478
28.0518169403
25.9760131836
24.7282142639
21.1711597443
20.527841568
20.0678768158
18.8991737366
14.6961145401
11.3562145233
9.85033988953
6.24198293686
4.91797924042
5.38257169724
10.9654254913
12.5570602417
11.3184051514
13.8202629089
12.869433403
11.7342367172
9.04913711548
5.18768692017
6.61566114426
6.425573349
10.2950248718
12.1859331131
16.4852237701
19.9535694122
21.8687076569
24.230178833
25.4099063873
24.499376297
30.4907970428
31.7734107971
31.2392463684
27.9260425568
25.4122104645
21.4582195282
20.6109848022
16.2497310638
18.4503726959
15.0436601639
17.3432064056
17.1984329224
20.8612957001
20.4043827057
19.6047821045
20.8545837402
17.4054832458
18.825750351
17.8528308868
21.7684020996
19.5660610199
25.4703655243
25.8267269135
28.7769165039
31.036365509
42.6509246826
38.1219596863
36.9050865173
31.979724884
32.3892707825
27.5978355408
30.4402580261
25.9213409424
28.1487121582
23.5108585358
21.6453304291
19.5616474152
17.5833892822
16.414648056
16.3213787079
15.8680515289
17.4917697906
15.6782836914
18.3476715088
19.812412262
21.6036338806
20.1111679077
23.3187465668
20.4541225433
25.7242946625
26.6093349457
31.7901878357
31.0877361298
35.1764678955
35.8208732605
40.3155937195
38.6207618713
38.8462677002
34.291053772
32.8030281067
30.4400177002
29.0269432068
23.9157028198
21.5131530762
18.1631755829
12.7073469162
11.7033548355
15.7394170761
16.0059432983
20.9775371552
20.0166435242
24.7734050751
25.1159992218
24.1468734741
25.8908596039
28.7741413116
30.7482624054
33.4210929871
36.9497566223
37.1029090881
41.3058280945
43.9016494751
45.6989059448
47.3575325012
45.3116874695
41.000415802
39.1590538025
36.3788909912
34.8277397156
31.1940937042
27.204618454
26.1750469208
21.3528499603
24.0458431244
18.522857666
20.2227306366
21.1523990631
15.1385250092
13.6029615402
9.3668050766
8.47568225861
11.7068738937
8.82209873199
9.96796417236
12.3447828293
14.5651473999
18.1696224213
23.7192649841
23.4859428406
28.0939941406
30.8247947693
34.6693458557
37.530670166
36.8245544434
32.9742126465
29.3067035675
26.9424724579
23.5469207764
21.8578929901
18.0478248596
18.379070282
13.9110851288
12.5965156555
11.5165681839
11.238278389
13.5697479248
10.3120794296
12.7437000275
11.2262983322
7.68319654465
11.3442182541
7.8286857605
12.0112876892
16.5644264221
17.8007984161
23.441192627
22.2281036377
26.2188568115
28.9247379303
27.1919612885
24.1893615723
22.2304935455
17.1269302368
14.9965772629
11.0175123215
9.59109973907
6.79358673096
7.9568696022
11.4723911285
13.2317590714
13.57878685
12.2575616837
16.7928180695
16.4299049377
20.7836608887
21.0888996124
24.6856689453
29.5862770081
29.5215740204
33.3179512024
35.3827972412
37.4930381775
33.7798919678
30.5029239655
29.6306304932
28.8993835449
25.8070335388
26.3347072601
27.2821388245
27.1176834106
22.6549873352
20.7645606995
18.4686279297
16.3078136444
13.7431507111
11.318403244
11.4520130157
5.57308101654
4.47000551224
5.4139714241
6.61299848557
5.89008378983
9.29449462891
8.12831306458
11.8208045959
14.6609859467
17.0082187653
20.0506439209
23.3191127777
27.6607952118
28.1774635315
31.3666324615
32.3819770813
30.201051712
36.3080978394
36.4218940735
34.5614585876
30.5733089447
27.3553657532
24.4986228943
22.0657653809
18.1737327576
19.1347064972
14.7505130768
17.8290805817
14.9572677612
18.5871276855
15.6664638519
15.977643013
18.0518836975
14.7885303497
17.4391765594
17.8825683594
21.6085529327
22.0446109772
26.9159698486
29.6967811584
32.5076980591
36.0541725159
67.7795715332
63.5697021484
62.2603111267
57.7643661499
57.2511520386
52.8201217651
54.6259307861
49.6897468567
51.5127754211
46.5042190552
43.3238525391
42.8842315674
39.2153282166
38.7225952148
35.5213050842
35.9411582947
34.5018463135
33.2534561157
37.3933029175
39.5370178223
42.8042106628
43.0559768677
47.0197868347
45.4907112122
50.3057975769
51.9396934509
56.572227478
57.0824508667
60.3293609619
61.9103660583
66.4204940796
65.1118621826
65.6641921997
61.1824417114
60.0109634399
57.6569404602
56.1558113098
51.1419448853
48.2111778259
45.4068412781
39.6730308533
38.7277336121
42.4134521484
42.4016304016
47.983581543
46.6485404968
51.0967407227
50.7559089661
49.1944007874
52.4395370483
54.4663581848
57.3193626404
59.1773223877
63.061870575
62.1350593567
66.8959884644
69.7701797485
71.4884414673
73.752166748
71.2187957764
66.9326400757
64.9212722778
61.4751091003
61.0273513794
56.8389701843
53.2521514893
51.3464202881
47.1283760071
48.6897010803
42.9389572144
43.0361480713
41.5907287598
37.3683586121
34.8080673218
31.0304088593
31.9107284546
36.0668487549
34.4243545532
36.0487442017
38.7898521423
40.9147872925
44.9314079285
50.3480415344
50.4149131775
54.8227996826
57.6797294617
61.2431030273
64.1415405273
62.7778930664
58.9622268677
55.4033851624
53.0512123108
49.4507446289
47.3949623108
43.3887290955
43.4769668579
38.1126022339
36.8851547241
33.462348938
32.0714302063
30.1278438568
26.3762874603
21.9917201996
20.2235450745
21.0334796906
16.2765674591
20.3716907501
17.6584663391
13.3159990311
15.3980350494
12.3123178482
16.9400177002
19.7205162048
19.5002937317
14.6291208267
15.6320180893
11.4725522995
15.8332147598
14.409245491
18.3244724274
19.3782691956
22.2217922211
24.7141437531
28.8734779358
26.7477207184
24.9017276764
21.5058860779
19.2271747589
15.9458913803
14.2032318115
11.3406744003
9.97492313385
6.51879119873
4.88579940796
7.27505683899
8.54844856262
11.1569986343
12.2185678482
8.93645763397
10.565366745
13.293012619
14.2356977463
13.2034950256
17.4321193695
17.9397277832
17.7606010437
20.4034423828
21.228225708
23.9926624298
26.5481128693
25.4122066498
30.1376514435
30.318271637
28.8783035278
27.3553638458
32.1679496765
30.9560985565
27.9343700409
27.058713913
24.4531021118
21.248550415
20.4166679382
16.4800777435
16.4683456421
13.1042346954
15.1416654587
11.6194667816
14.5895242691
14.1006546021
10.2363529205
13.3330316544
11.1789722443
8.67868709564
4.23904085159
4.77150058746
7.5470495224
10.3174333572
13.0470104218
15.9589891434
18.4549713135
22.6491603851
25.7178287506
25.0792388916
21.0795154572
17.0943527222
15.3070831299
11.6572904587
9.71322822571
7.35486364365
7.43430328369
6.09559345245
7.46546363831
9.91281032562
12.9029750824
51.239112854
46.6883430481
44.0206947327
39.94556427
38.2422523499
33.7219467163
33.9693260193
28.6359405518
29.0469779968
24.2151317596
21.5167675018
22.9144420624
18.6508846283
17.4374504089
13.4242696762
13.8121852875
11.7518348694
13.987701416
17.1126785278
17.3003005981
21.0463123322
21.2705936432
25.0920791626
25.0276298523
28.6390857697
31.304983139
35.0879364014
37.396484375
40.4354400635
42.925453186
48.0773696899
47.5000610352
47.1820983887
43.1410713196
43.5426979065
42.2941131592
38.7730293274
35.5516281128
30.3666133881
30.6211910248
25.3938293457
26.9688816071
31.4414596558
31.0866069794
33.8765487671
30.490234375
35.6991004944
33.6836853027
30.8401451111
34.2845344543
34.2797927856
37.8895492554
38.0902824402
42.1999435425
39.9876098633
45.0755195618
48.1670951843
49.9027633667
53.191696167
50.3498497009
46.0392417908
44.6367645264
40.2552032471
40.8935966492
35.7725639343
33.1396713257
30.3613891602
27.7564868927
28.2892303467
23.314786911
23.6711616516
22.635099411
18.3774795532
19.1915874481
15.4847269058
18.7999973297
20.229095459
18.5669002533
20.0872306824
23.5906734467
23.8737430573
28.8672847748
32.4879455566
34.6387557983
37.8099937439
41.5999488831
44.7756996155
48.5128211975
47.3307876587
43.2210998535
40.5555458069
36.6909942627
33.0547714233
29.4415111542
26.1383323669
24.3077812195
20.3405036926
18.066116333
14.9740447998
12.9692974091
8.96499443054
9.87621116638
9.94024848938
10.0378932953
15.4747962952
17.0350379944
19.3784332275
21.9123935699
23.576461792
26.1115951538
29.422252655
29.3179149628
33.447013855
34.3411102295
31.1522769928
28.3929519653
25.5271606445
23.4327888489
19.302406311
18.8451938629
14.927157402
13.8147106171
11.2741336823
9.80520343781
7.1143989563
10.8204584122
10.2948579788
10.3906087875
14.3103818893
14.4330043793
19.4919910431
18.1553287506
25.9331989288
25.1444072723
28.5935497284
31.1128997803
31.672794342
24.8951435089
23.2293567657
22.1892623901
20.4196872711
18.1795368195
21.3179473877
22.370306015
24.7739048004
21.2181072235
23.0858211517
19.2101268768
21.7116546631
19.3070850372
20.8612937927
22.3839664459
23.3325119019
22.529668808
18.5871276855
21.0950946808
16.0506687164
14.4604816437
13.680929184
16.9379673004
15.7621488571
20.9019088745
19.322763443
22.8936252594
24.0821533203
28.914144516
29.3012676239
32.1742744446
30.8912315369
28.1614494324
34.0946998596
33.8640823364
33.7297668457
29.3942165375
25.7178287506
23.7093334198
18.7400894165
17.5813083649
13.3064756393
11.4150972366
8.52276992798
5.03975915909
5.43758535385
6.63301277161
10.4653606415
13.1587514877
16.2683925629
19.3587818146
21.2735309601
24.7889518738
28.8134059906
30.7902297974
34.2964820862
36.4227828979
55.7894134521
51.2520179749
49.4847984314
44.8261222839
44.2842216492
39.4972114563
41.1784515381
36.0162391663
37.359249115
32.2647285461
29.7124023438
29.4202537537
25.761423111
24.4295959473
21.622713089
21.0649585724
19.684961319
18.2250175476
22.3217773438
24.4885463715
27.6752624512
28.0495929718
32.0554351807
30.8780269623
35.7565956116
37.7477455139
42.4793624878
43.2106208801
46.9501457214
48.4612426758
53.3051185608
52.0113754272
51.9838027954
47.5329322815
46.5857887268
44.4902954102
42.3219947815
37.6962966919
34.0757522583
32.0519332886
25.9659767151
25.8824806213
30.2497253418
29.6906108856
34.5453834534
32.4685440063
37.099281311
36.250705719
34.3967895508
37.9718894958
39.6128463745
42.8582115173
44.450756073
48.5076217651
47.6218681335
52.3420181274
55.0466346741
57.1086196899
59.556968689
57.2035560608
52.7744750977
51.1553764343
47.5178947449
46.8937644958
42.3232307434
38.7826843262
36.5051040649
32.4174308777
33.660949707
27.9736766815
27.9683609009
26.6698207855
22.2923679352
20.1061267853
16.1717643738
17.6233100891
21.4522895813
20.1300697327
22.2198524475
25.538608551
26.7921485901
31.5924987793
36.6076774597
37.2943344116
41.5520172119
44.7105979919
48.408454895
51.5823669434
50.6394920349
46.6498527527
43.2213821411
40.3359184265
36.7032546997
34.1365776062
30.2608890533
29.5845718384
24.711151123
22.5233097076
19.6616477966
17.1462116241
15.3546009064
11.3812980652
7.26570224762
5.79553556442
7.96152114868
6.29955244064
10.7863903046
11.9009847641
11.7028198242
15.5265188217
18.2195549011
19.9566402435
24.3839035034
25.7843608856
21.9522037506
20.0575408936
16.0503044128
14.6599569321
10.2578735352
10.8584060669
8.79806041718
9.4771566391
11.0557861328
14.8738250732
13.3429431915
13.7979574203
9.95627975464
10.355430603
9.53382587433
10.7052841187
12.2772302628
12.3896818161
17.8442230225
16.5703105927
20.4174098969
22.2603721619
23.9884853363
19.972240448
16.9609413147
17.0998840332
17.1410331726
15.3301620483
16.8299770355
19.7033119202
20.9177055359
17.5006771088
18.9026126862
16.8564071655
18.621679306
18.3786411285
17.4054813385
20.8542003632
19.2942008972
17.491859436
14.7885303497
19.3074054718
17.2399349213
14.3001213074
14.8884057999
14.0746831894
12.4889440536
15.3960056305
13.2390995026
16.3919525146
16.7905311584
21.6180267334
20.6094551086
24.1646575928
23.9035377502
20.4718170166
26.2385578156
25.3327255249
23.5666389465
19.0635032654
15.3070869446
13.6247806549
9.30503940582
7.62631082535
6.61274671555
4.66140794754
8.59563541412
9.44006633759
13.1587495804
10.9076499939
7.39084005356
5.49578666687
4.3355255127
7.2271938324
9.57625675201
13.3703212738
16.9191684723
20.2345943451
23.3503818512
26.7091464996
