75.9970321655
16.8916511536
16.8253898621
17.5840606689
15.4102277756
21.5478801727
18.4295940399
20.4319782257
58.3846626282
68.3180236816
46.8350219727
60.9676132202
75.1163711548
43.9899291992
56.6283760071
43.5654373169
61.926197052
53.7096252441
78.618347168
44.8401184082
55.1504249573
49.4523658752
70.1958084106
67.3985824585
64.3168792725
65.2854232788
63.5424728394
61.5523452759
60.1625289917
60.4802513123
57.2402915955
56.790977478
54.1858901978
73.8354263306
16.8253898621
15.2589035034
16.5916519165
15.3059577942
17.8849849701
14.757396698
18.5305461884
55.7082328796
68.299987793
44.6021118164
59.8120498657
73.4054107666
40.2149543762
53.7809333801
39.5990028381
61.4554634094
50.064289093
78.4295043945
44.7179870605
55.0510787964
46.4094924927
70.0915603638
67.0009460449
64.162689209
65.3302307129
63.2948379517
61.1540527344
60.1209259033
60.5352745056
56.9817047119
56.4407234192
54.3030014038
59.9556884766
26.0705242157
26.899433136
23.9392147064
23.0349330902
21.8908233643
22.4405765533
18.4457702637
16.9120407104
55.7112693787
50.1466140747
32.6489448547
45.5007553101
58.5889816284
31.5623073578
43.635559082
31.830619812
46.1289176941
39.5907440186
60.7279510498
31.7071933746
38.3288116455
37.1944999695
52.1743164062
49.5188789368
46.6408195496
47.2820014954
45.4829368591
43.7431983948
42.2647972107
42.3113594055
39.2218780518
39.0781402588
36.2197113037
62.2604789734
36.5548706055
37.8093528748
33.6162834167
35.6672897339
36.6630935669
36.1197738647
29.7464256287
33.216632843
44.0156402588
57.4481163025
39.4028625488
58.4477882385
61.2547607422
40.3308448792
46.0845451355
40.6211204529
48.3704795837
48.0921211243
65.1536636353
34.8049049377
43.938999176
41.0641593933
60.2195243835
57.9745788574
56.9338188171
56.6033821106
54.175365448
53.5574150085
52.7588424683
51.8060073853
49.028793335
50.0490646362
47.0717887878
65.7238998413
53.8658790588
56.5837249756
52.8519325256
53.0496559143
55.2925415039
54.5466651917
47.8395843506
50.1551818848
38.9276351929
54.8776741028
47.0137062073
67.9350891113
62.452495575
52.9997329712
51.9842071533
54.0039825439
44.9952850342
59.9610137939
59.762008667
36.7864341736
42.5995674133
49.0598068237
58.9043998718
58.5121917725
58.7282524109
56.2821044922
54.3765640259
55.7478370667
54.2680892944
51.6621322632
50.7042045593
53.3879966736
48.5348472595
55.7688598633
43.5302047729
45.7892494202
42.0784263611
43.5845069885
44.9485168457
43.279258728
36.659198761
39.0133628845
36.8642730713
47.9324264526
29.9494228363
58.1815299988
53.1115951538
35.4472961426
35.37084198
36.3672027588
32.7260704041
45.2051010132
53.9926948547
18.1383399963
30.0730648041
30.9052581787
52.4266815186
51.1265335083
51.2591896057
49.2002677917
46.2224388123
47.1817932129
46.0574226379
43.4252624512
41.0560836792
43.9222259521
39.2202072144
69.8892288208
41.2755889893
42.0159606934
38.0138893127
42.1193466187
43.0371322632
42.2133865356
34.711391449
39.4328804016
26.4491500854
64.6926803589
41.4517860413
70.6428451538
68.0835952759
42.1202926636
45.8687973022
41.9174156189
48.8525352478
55.2348442078
71.0897064209
32.4136543274
46.5331306458
39.5868301392
68.880607605
67.1291275024
66.7850036621
65.337020874
62.3318786621
62.6761207581
61.6292991638
59.5095252991
56.694278717
58.9293441772
54.6047286987
74.2158050537
25.1577415466
26.5191745758
21.7150154114
24.3627948761
25.3075141907
26.8210296631
18.03556633
23.3823642731
40.9554672241
64.7098388672
43.6318359375
64.4209823608
72.5277481079
42.3715553284
52.6235275269
42.0803833008
55.4521522522
54.5444374084
73.9946670532
37.6143035889
49.486366272
45.115737915
67.7954101562
65.7314834595
63.3336677551
62.9741592407
61.0524559021
60.1214179993
58.2570991516
57.3869361877
54.6044616699
55.3496437073
50.9770698547
81.106338501
53.2319450378
57.3121528625
56.0928115845
48.2047615051
48.9566764832
53.1725120544
52.207118988
48.5358085632
87.0550308228
58.7162857056
64.3397369385
53.1394271851
78.4271850586
67.3362121582
76.9388504028
68.5689163208
70.3417053223
67.1463012695
70.3612594604
63.4440917969
60.4841003418
73.05493927
58.1324882507
57.7064590454
51.355670929
52.5969696045
55.3497467041
53.0191726685
49.1014213562
51.0877380371
51.6379432678
49.2140274048
46.0779037476
80.4642868042
50.4633865356
54.1958198547
53.2917289734
45.7570075989
45.8300170898
50.2401733398
49.8174705505
45.9237136841
87.1202926636
59.8707389832
62.9982185364
51.1206321716
78.2075653076
64.9433364868
75.6869735718
66.0199050903
70.8542327881
64.8491134644
71.8369903564
63.0823402405
60.9266586304
71.4872131348
59.0664863586
58.115940094
51.6828308105
53.4748535156
55.8944473267
53.1313819885
49.5623855591
51.8871269226
51.8948898315
49.1310195923
46.6251945496
75.5093078613
52.6351356506
56.2823944092
55.1181259155
47.1355705261
47.7539710999
51.1541900635
51.2174758911
47.0304908752
87.018661499
54.2935714722
59.9633789062
46.3145179749
73.1198348999
62.8070068359
72.4572219849
64.1057128906
66.6407165527
61.5010910034
66.1454849243
60.3240623474
56.7699241638
68.8772125244
53.2426261902
52.4530792236
45.953125
47.7761764526
50.4688262939
47.7422828674
44.1248703003
46.5893821716
46.8950195312
44.0333480835
41.7641983032
70.1475753784
50.9785919189
53.3759346008
52.7610321045
45.8027839661
45.0972633362
47.4152107239
49.731010437
44.8585548401
88.9089813232
54.1858901978
55.442150116
37.3828239441
68.9169311523
56.1483459473
67.5786972046
57.2268867493
65.8229370117
53.4453163147
66.3020019531
59.0062789917
56.2083740234
63.9488716125
52.2548561096
50.1511573792
43.699054718
47.0951499939
48.9856491089
45.1522407532
42.7871398926
46.2506713867
45.3089485168
41.4700012207
41.5828514099
71.0975494385
49.8319282532
53.5590591431
52.0350227356
44.0640144348
45.0281219482
48.1037025452
47.6563072205
43.6283302307
81.9997329712
49.4606285095
54.9306335449
43.5879058838
68.5045318604
58.4137916565
67.4231872559
59.8128318787
61.0306854248
57.4809532166
61.3709793091
54.677986145
51.1426239014
63.902545929
48.8339195251
48.0896682739
41.7517127991
43.2141304016
45.7143440247
43.2149047852
39.4261131287
41.5815505981
41.8604393005
39.3130683899
36.4684410095
54.0322875977
43.1907272339
44.6677742004
43.2429161072
38.1156234741
37.0557594299
36.9967803955
39.7097320557
35.0732078552
76.137802124
42.595085144
36.9944267273
24.3671131134
53.263217926
37.4707450867
48.9621582031
38.6976966858
49.8889503479
34.9650764465
54.6682243347
42.0848922729
40.7574729919
45.2737464905
41.3850746155
38.0841445923
32.6957817078
36.2985115051
36.379573822
32.2770080566
30.9811401367
34.2084388733
31.575592041
27.9555168152
28.9681777954
78.2517776489
40.2766418457
43.4416618347
42.9356880188
36.6603775024
35.3355941772
40.5225601196
40.0203018188
36.1489372253
81.1015090942
61.2264251709
57.4298934937
49.1559486389
76.6289367676
57.3177490234
70.1818847656
57.9965553284
68.7600021362
59.0521850586
73.5357055664
58.2899169922
58.9452857971
64.9830093384
60.7521858215
58.8964691162
52.8049621582
55.0070075989
56.3567848206
53.2032089233
50.2328643799
52.5601081848
51.3800811768
48.6013755798
46.4788246155
44.7075004578
43.3813514709
44.8499526978
42.6412811279
38.482208252
37.8579177856
36.1077728271
38.6190223694
34.5872192383
70.177482605
34.5867118835
27.0055713654
20.1591968536
43.743724823
29.4200134277
38.9717178345
31.1160831451
39.6300315857
26.4362411499
46.3365631104
32.4398765564
30.7641849518
35.8427009583
34.0638580322
30.373878479
26.0121860504
29.1785964966
28.1475811005
24.2873630524
23.570142746
26.2694320679
22.7494792938
19.6927032471
20.9918422699
41.1033859253
46.3866500854
47.8447570801
45.5308189392
41.3654823303
41.1306838989
38.3592453003
41.5580177307
37.5257492065
71.0623016357
31.4453392029
25.731803894
16.9239673615
40.1269340515
29.1880989075
37.1863555908
31.105846405
37.2655220032
24.3995628357
43.0248947144
31.7986907959
28.6549243927
34.8754997253
30.6905918121
26.7857131958
22.6594085693
26.0682411194
24.848449707
20.8189468384
20.5588626862
23.4672927856
19.7885532379
16.5026855469
18.8677139282
61.8508071899
32.811706543
34.5577812195
33.2430114746
28.7622051239
26.8373088837
29.3487491608
29.3602619171
25.0405063629
69.8026199341
49.5806159973
38.925239563
36.0640525818
60.7971572876
38.0692672729
51.5161743164
38.7859802246
53.1550674438
40.5243530273
61.704246521
41.4211387634
43.8537788391
46.0956382751
49.577129364
46.6578865051
41.5868377686
44.0573196411
43.8265457153
40.4522705078
38.5285873413
40.6822052002
37.993637085
35.460975647
34.2109107971
57.9613876343
34.1940383911
34.5541610718
33.5470352173
30.7854404449
27.9321079254
28.8157043457
30.661277771
26.3797187805
70.944770813
50.4394721985
35.3420410156
32.3136978149
57.8177566528
32.1643371582
47.1904296875
32.6072540283
52.4733772278
34.157081604
62.1447715759
40.5781173706
43.9409713745
41.677444458
50.0900764465
46.3778533936
41.9333763123
45.0950164795
44.0797348022
40.2700462341
39.4560890198
41.9294586182
38.3781013489
35.5773239136
36.018497467
58.0306282043
41.4838676453
42.6292572021
41.6538391113
37.0059890747
35.1772651672
35.8443489075
38.6346664429
33.9065895081
77.5593414307
47.7826042175
39.9199829102
27.8489894867
57.590045929
38.843536377
51.8236618042
39.7418136597
54.2720565796
37.2945747375
59.8167724609
45.3073120117
45.2493515015
47.5676498413
46.540348053
43.129611969
37.8002204895
41.5010910034
41.4953536987
37.3276329041
36.1709251404
39.3894767761
36.6197357178
33.0118217468
34.0575408936
78.3999023438
45.0885353088
48.5382652283
47.7844314575
40.8159599304
40.2430229187
44.9293327332
44.5150108337
40.58959198
83.6722259521
59.5900840759
59.3113555908
49.00182724
76.4642333984
60.3086051941
72.0707015991
61.2143173218
68.9198379517
60.9972686768
71.79637146
59.8487319946
59.0023345947
67.409072876
58.9301490784
57.4865341187
51.1830177307
53.2295303345
55.105178833
52.1040496826
48.8318862915
51.2006111145
50.5860176086
47.7702827454
45.4859275818
59.1865158081
60.0691604614
64.398147583
61.464931488
54.2368354797
57.7941513062
58.0026931763
55.1462173462
52.4528694153
71.0743942261
31.426782608
48.0293655396
48.5899772644
54.3689956665
57.5795478821
57.6222419739
59.7569580078
41.5185241699
56.6181755066
39.8891372681
42.0437393188
33.8234596252
56.7361946106
33.9756278992
36.0721054077
32.9674263
29.709985733
32.1913871765
33.5508155823
28.9583454132
27.1853351593
30.1408805847
31.5076808929
24.7371807098
63.7212142944
51.5621032715
56.0205230713
52.9854393005
46.3519744873
49.2076454163
50.7393836975
46.805431366
44.7704315186
65.9705886841
38.4885406494
47.0699539185
50.1047401428
59.4762878418
54.8778762817
57.8661575317
56.7176132202
45.0353813171
56.2782363892
48.1617546082
40.701965332
36.4882278442
55.3609199524
40.9773750305
41.9243354797
38.1116828918
35.9098739624
37.613822937
37.9945487976
33.5141906738
32.3264274597
33.8074264526
34.6078262329
27.6860542297
60.9800491333
47.8509979248
52.100605011
49.0948600769
42.5362739563
45.0241241455
46.5592727661
42.9544372559
40.7217407227
64.8277587891
37.0612068176
43.168094635
46.0162162781
57.0752029419
50.427520752
54.4352073669
52.2260742188
43.1857795715
51.897228241
47.5017356873
37.6570358276
34.1293830872
51.5970191956
39.3146286011
39.6520462036
35.5595169067
33.9359054565
35.3097801208
35.1721801758
30.8433914185
30.0611152649
30.9016666412
31.3348331451
24.6790466309
68.360824585
41.5179672241
45.8978462219
42.7450485229
37.3785743713
39.3150215149
42.1201667786
36.8250083923
35.7492446899
60.3100166321
46.7503890991
46.3415908813
52.7873497009
64.8410644531
51.68932724
57.9064979553
53.0384750366
49.3502922058
55.9259796143
57.13463974
40.0125007629
40.5598831177
53.6512908936
49.1965370178
49.0292243958
44.9648323059
43.7279548645
44.4973258972
44.0405883789
40.0720100403
39.3616828918
39.3313026428
39.6749916077
33.30210495
70.2773132324
39.8071022034
44.1602706909
40.7730369568
36.3069076538
38.2414894104
41.1263008118
34.8921165466
34.6856880188
56.4940109253
49.7821502686
46.7941398621
56.2052726746
66.8139343262
51.7386932373
58.0318069458
52.928314209
50.1664009094
57.2818870544
59.7907295227
39.5804100037
41.8406257629
53.3745269775
52.5810203552
52.3181991577
48.6249198914
47.2358818054
47.5975837708
47.2990150452
43.5387039185
42.5422515869
42.2280502319
42.8820152283
36.4357681274
60.1629371643
39.2934150696
42.8415184021
38.9453773499
36.9757728577
38.7649765015
39.2840995789
32.6492195129
33.4735336304
46.3690032959
44.1326751709
35.1662635803
53.3461494446
56.8480415344
41.1380119324
44.8708114624
42.3949203491
37.9498786926
48.2557296753
52.7901916504
25.6097583771
31.1270217896
40.3572158813
47.960308075
47.2334327698
45.2906684875
43.3849372864
42.1131362915
42.4876441956
39.776058197
37.7852134705
36.475315094
38.3824729919
32.1554718018
65.6463623047
29.413438797
32.7542114258
29.4850959778
25.9091396332
26.4657764435
29.2712917328
23.4838924408
22.6819610596
55.6170768738
49.8428649902
39.1284599304
48.9844589233
63.2623519897
41.2587814331
51.1524353027
42.0765686035
48.6552352905
47.9090270996
60.8298339844
34.8413124084
39.9282836914
45.2892875671
51.9931297302
50.3556404114
46.4448013306
46.4465827942
45.9335365295
44.4853248596
41.5991134644
41.5366630554
39.6588745117
39.4406776428
34.6223335266
66.656867981
23.9833812714
26.004535675
21.9112434387
21.4342689514
21.828950882
23.4391746521
15.8090553284
17.703502655
48.5946807861
55.3840446472
37.0600204468
53.4239044189
64.8781585693
36.835018158
47.9373054504
37.0473594666
49.4438171387
46.7624969482
65.6219863892
32.5888175964
42.036239624
40.8846321106
57.9272613525
55.7426643372
52.7259902954
52.7975158691
51.2513694763
49.8722991943
47.8171463013
47.4615631104
44.7041053772
44.8945503235
40.7406959534
73.0742645264
18.0315284729
20.0129089355
16.4485225677
15.3938007355
15.462843895
19.0035152435
11.1343050003
13.1493215561
52.8478775024
62.2584571838
43.3545570374
56.8428001404
71.6747055054
41.1496887207
54.3320083618
40.9631500244
57.4452781677
51.1800575256
72.9833679199
40.4392814636
49.8001251221
46.8503646851
64.3227996826
61.9131240845
58.3677787781
58.9978141785
57.7009429932
55.8260955811
53.7770347595
53.9576873779
51.1221313477
50.6987075806
47.0648460388
72.0043945312
22.052236557
24.2259864807
19.8633079529
19.9359531403
20.7501926422
23.1900501251
14.3992509842
17.98046875
47.7293281555
60.6292152405
42.0900344849
58.5682830811
70.2434921265
41.1956443787
52.5997009277
41.1713943481
54.3954544067
51.7568359375
70.8036117554
37.2933540344
47.1977500916
45.3043899536
63.2253570557
61.1316299438
58.0285835266
58.0491142273
56.6072463989
55.261051178
53.1032829285
52.718460083
50.0775756836
50.2635917664
45.9705886841
64.8255310059
23.2617168427
22.2985134125
18.3969631195
21.8565807343
20.7191257477
19.8519992828
14.6050949097
17.6536369324
47.5754966736
59.6753005981
33.6772232056
54.058013916
64.1391448975
29.4347858429
42.9132385254
28.7703857422
50.4028053284
42.0634765625
69.303062439
31.9021511078
44.399646759
34.7570381165
62.0433158875
59.0121803284
56.7704277039
57.4491539001
54.9267997742
53.2167625427
52.2896537781
52.1511955261
48.3807182312
48.4777984619
45.8886642456
57.5043334961
33.5136184692
31.2060337067
28.6742210388
33.7334060669
31.6167945862
29.0440807343
27.1313304901
28.9908695221
50.5346870422
59.7444915771
27.4659729004
51.9935073853
58.0382537842
19.0493774414
33.4071731567
17.3486633301
47.3056259155
33.7463951111
68.0407028198
29.6807556152
43.4384460449
24.8752441406
61.9052276611
58.1465950012
57.1933555603
58.3020515442
54.7287979126
52.9568786621
53.414691925
53.347240448
48.7570991516
48.9835510254
48.2419471741
62.5440483093
34.671081543
31.740896225
29.3815155029
35.4942436218
33.2904891968
30.9896717072
28.8421707153
31.641254425
49.2954864502
65.6284790039
32.9558258057
58.077041626
63.2257957458
24.275478363
37.5420799255
22.2950229645
52.149520874
39.1444892883
73.620300293
34.4097518921
48.8442001343
29.1174697876
67.927116394
64.2129058838
63.3754882812
64.3864212036
60.757358551
59.0947799683
59.5541038513
59.3670845032
54.8168678284
55.1563186646
54.2725486755
64.7171630859
32.339214325
30.5564975739
27.1795387268
32.9582939148
31.8540229797
30.0526123047
25.5668678284
29.5447101593
41.8551025391
64.3417816162
33.9941291809
60.7838401794
64.5029067993
28.6084690094
39.4706840515
27.352394104
50.3582420349
43.4122467041
72.3028869629
31.7323131561
46.8133468628
31.1811962128
67.2351608276
64.0933227539
63.1595916748
63.447971344
60.0695610046
58.9275054932
58.7535324097
58.0195808411
53.9390296936
54.8001251221
52.6292228699
59.9448547363
34.0702400208
35.2208328247
31.1118412018
33.7801704407
34.3335380554
33.1307792664
26.4192905426
29.6464233398
37.5709648132
53.5909156799
30.0319213867
56.9251441956
58.2217330933
31.1226844788
37.3637809753
31.315574646
40.4216308594
43.3149299622
61.4097137451
22.2734909058
36.100692749
30.5295963287
57.2395172119
55.0834312439
54.1587638855
53.2893676758
50.3929405212
50.1452255249
49.0871047974
47.5072174072
44.3450012207
46.0546531677
42.1065864563
57.702003479
36.7898635864
35.4791030884
32.3541984558
37.5716972351
36.6451225281
33.9836502075
29.9763755798
33.0525932312
42.4937057495
59.160785675
27.6601295471
57.0014266968
57.5653915405
23.075717926
31.9117012024
22.0515174866
43.7477378845
37.8866958618
66.3771820068
25.6795082092
41.1300315857
23.7989463806
62.1822280884
58.9888000488
58.7312164307
58.8625984192
55.0928115845
54.2196655273
54.4705200195
53.5087776184
49.2934074402
50.5031700134
48.7238540649
44.8439979553
51.4877052307
53.6175804138
50.3510627747
49.8521537781
51.2220878601
48.3294525146
45.3610115051
45.0862770081
53.9972267151
38.9435157776
29.4409408569
45.7440872192
43.0867958069
35.9218597412
34.7293281555
37.5965080261
30.9000415802
35.7658119202
45.0920791626
24.8746452332
27.2946090698
33.5804748535
42.0794563293
40.4230804443
40.7348976135
39.5373458862
36.9185638428
37.3069915771
36.993850708
35.2499809265
33.1900062561
35.1649131775
32.5312347412
38.5697097778
53.9464111328
55.0933303833
52.1136856079
51.9325790405
52.6144332886
48.4118690491
48.2535552979
46.9049453735
62.2081413269
37.5676956177
26.2407627106
37.3064727783
38.133605957
30.7216835022
31.1294651031
32.5270004272
32.1427383423
24.7531108856
44.0506362915
28.2646980286
28.5322055817
30.7864570618
39.4271774292
36.7192878723
37.091381073
37.2849121094
34.3559532166
33.6743278503
34.5273933411
33.9352416992
31.0989303589
31.9539909363
31.8877182007
32.5361213684
64.4778900146
63.0126800537
61.351890564
63.2370796204
62.6111984253
56.9916038513
58.5265769958
56.9650001526
75.5478286743
49.5006752014
32.1996879578
44.2806739807
35.9388160706
32.6267967224
29.9786624908
33.5639610291
40.9956321716
29.7644176483
52.6490020752
39.2308921814
41.3982124329
32.0778808594
50.1625099182
46.4607391357
48.5405349731
49.9289093018
45.9264183044
44.8793754578
47.64402771
47.8252830505
43.9680633545
44.3215293884
47.106678009
33.4989089966
50.8177604675
50.6430091858
48.0393867493
50.7553749084
50.5941810608
45.5711898804
44.7019805908
44.6318435669
58.0601768494
41.9667892456
17.3929958344
40.8596763611
34.4820899963
20.2102851868
18.3697834015
21.4986858368
29.1289920807
21.8717880249
47.274307251
19.7643871307
28.1331596375
17.1600666046
44.0770225525
40.5092735291
42.0739402771
42.5521469116
38.1892547607
37.553062439
39.4768981934
38.7574539185
34.5463905334
35.8598213196
36.7313919067
23.9342784882
55.6125221252
55.0567092896
52.8332557678
55.4078788757
55.4801177979
49.4508209229
49.6310691833
48.7037353516
62.8948135376
34.6460914612
10.0429925919
35.5758094788
24.4270191193
17.9868545532
7.05783128738
20.2624340057
20.7143497467
15.5524291992
39.0793151855
19.0879669189
21.452999115
11.6488199234
36.7300415039
32.9321365356
35.57787323
35.9958496094
30.9708366394
30.6658439636
33.45835495
32.6206474304
28.1311969757
29.8445930481
31.9904956818
16.5859088898
67.4975891113
67.994468689
65.818359375
65.1232757568
66.2147903442
59.6320304871
61.7888908386
59.179851532
75.0185546875
29.5817813873
28.4888877869
32.4344749451
18.3319396973
36.1609954834
28.644109726
38.361415863
26.7201461792
26.9825267792
32.0512313843
32.4552955627
26.4101238251
32.9879570007
29.9804382324
26.8490200043
30.4393997192
31.0575313568
27.2837543488
27.2901649475
30.5573368073
30.2210350037
27.6901321411
28.82853508
32.0930938721
25.2742900848
62.274974823
63.6335487366
61.2096748352
59.0417480469
60.1659545898
54.5076179504
56.7678756714
53.6481895447
74.2630004883
26.0107269287
26.8884811401
26.9075889587
24.7143287659
35.2426223755
31.8491859436
37.5828552246
27.6714935303
27.4190311432
31.6669883728
30.2653713226
22.9310626984
34.051486969
25.9647769928
22.7694530487
24.5686740875
25.6209506989
22.6596908569
21.872171402
24.1617984772
24.3084831238
21.6733875275
22.3171424866
24.6595878601
27.1565971375
58.1630973816
59.3324356079
56.7633171082
57.2571411133
58.382396698
53.0864601135
52.0048713684
50.6536636353
61.2090911865
28.7484512329
17.5709934235
38.4523086548
25.1060142517
28.4104042053
19.2490921021
30.8296031952
14.6067857742
25.4481716156
32.3505134583
18.9783992767
16.0847110748
22.3631649017
31.9767456055
29.5656776428
32.4787254333
31.3512096405
26.839805603
27.9066543579
29.758228302
27.7517414093
24.6080532074
27.4900608063
27.8398342133
38.2021026611
58.1623573303
60.7539710999
58.0534706116
57.7560386658
59.6204109192
55.8262672424
51.932258606
51.4384803772
54.9211044312
31.6086959839
25.5604305267
49.5859603882
34.3859977722
36.8406867981
27.9812068939
38.9483108521
15.0430517197
39.1268920898
33.7403106689
15.7967309952
16.7749576569
29.1290225983
36.4924812317
35.9854507446
38.5530738831
35.5243682861
31.9747848511
34.5020980835
34.5478172302
31.0379505157
29.517457962
33.6107368469
30.4781627655
40.968132019
53.340763092
55.7135429382
52.7168083191
50.9800071716
52.3894424438
49.2547340393
47.3527641296
45.5692024231
59.5139656067
29.5113601685
25.3906803131
40.366733551
37.8386039734
33.5652503967
32.8220748901
35.7979545593
23.5713386536
33.7212791443
35.5905303955
22.8022098541
19.3915538788
32.0270843506
33.2310714722
32.2616157532
32.6678352356
30.7671527863
28.3484172821
29.3635578156
28.7066612244
26.4436779022
24.9729537964
27.4073886871
24.5602798462
40.0792274475
51.5143318176
54.2118606567
51.1846847534
47.7707214355
49.2923316956
46.517780304
45.7909317017
43.2392692566
62.967300415
25.4922561646
25.2500858307
32.8339805603
37.0377693176
34.2515258789
34.7496185303
36.6037216187
26.3067646027
32.0893325806
34.4215126038
24.4507579803
18.9905529022
33.9223594666
28.0491199493
26.4503765106
25.3006973267
24.4073009491
22.5755615234
22.2565555573
21.2025032043
20.1483612061
18.1598510742
19.2824249268
17.0776786804
36.0403938293
58.073600769
60.4821548462
57.9044265747
52.3618240356
54.552696228
50.8934669495
52.8470878601
49.0226821899
73.5951919556
20.6044330597
31.5811576843
23.5721492767
33.3682250977
39.9883155823
39.89818573
42.3728713989
31.1642971039
33.2162704468
30.6154117584
33.3796234131
23.7011814117
40.6051330566
20.3074302673
18.0326385498
16.1236400604
17.0945129395
16.7642402649
15.1121416092
14.5822877884
15.5000762939
14.9760084152
14.2743062973
13.6652574539
43.3878097534
59.588886261
62.0581359863
59.5075950623
55.1168556213
56.9856834412
53.6709136963
54.3442687988
51.1439170837
70.4682006836
27.5992603302
35.597328186
31.5117759705
40.2402000427
43.4747657776
43.1315078735
45.6534118652
32.3319511414
39.0227851868
34.4702415466
34.8642539978
27.0378837585
43.3737449646
29.3626594543
28.6659317017
27.2683601379
26.7789211273
26.2705802917
26.0485877991
25.0864219666
24.6284294128
24.4228515625
24.6097011566
23.7752017975
38.143901825
54.7979202271
56.6907844543
54.413734436
51.2366523743
52.1636543274
49.0135574341
49.3874893188
45.9342498779
68.3249511719
26.8016166687
29.0833625793
31.9964103699
35.0279388428
36.3573646545
35.9142112732
38.4201202393
25.1742191315
33.2240104675
33.0076942444
29.444688797
21.7707901001
36.2451705933
29.2963638306
27.8666191101
27.7456417084
27.2265071869
25.0880432129
25.2999343872
25.1556682587
24.3024520874
22.8018531799
23.7926635742
23.3332862854
