41.5835838318
41.6257858276
38.292137146
39.8006362915
38.6337242126
43.633441925
41.2763748169
37.8771095276
40.6441612244
36.2933120728
34.9168167114
31.4749698639
30.0618419647
27.0111427307
24.5668640137
23.4345378876
21.9014587402
20.0501785278
23.5777282715
25.5348091125
27.1535415649
26.3355388641
30.7141170502
32.4288864136
34.4562911987
39.9771690369
40.1910400391
43.4864120483
45.2160491943
42.1928787231
43.0659294128
36.7072677612
35.2536315918
32.6750564575
29.3822021484
30.8477363586
25.3251743317
28.9910163879
27.0847816467
30.28540802
32.1422920227
30.6205539703
27.7454986572
26.5288314819
30.1700000763
28.8888683319
24.0659122467
24.8140773773
23.1504707336
27.0869083405
23.5119838715
20.5571193695
25.0890083313
27.4819755554
22.0110263824
22.463142395
26.7928562164
27.8433113098
23.2475795746
23.7288246155
28.2108917236
28.8989143372
24.8939914703
29.4213676453
24.9308071136
26.3028583527
22.5826396942
22.2866001129
23.5262126923
28.8028316498
27.3951435089
31.4601039886
32.4448204041
34.9655532837
35.5602340698
37.025604248
38.3730506897
35.4850959778
33.7959251404
30.5104541779
32.7921104431
27.8229217529
31.2977523804
27.1907615662
27.7112941742
29.5408153534
26.0658817291
28.4749717712
26.4530277252
22.992433548
19.5623645782
17.2335414886
16.4150066376
22.760597229
21.1684951782
17.0047225952
19.7558345795
23.9530906677
22.5019321442
19.849729538
19.1984825134
18.64702034
22.2291469574
21.3121395111
23.953962326
21.9147281647
17.5869655609
19.5625267029
21.5153408051
18.9030628204
16.0277557373
20.3113670349
21.0113239288
16.0071372986
17.8853816986
21.5812244415
19.5953865051
16.4120349884
20.6714134216
23.9460887909
19.9380950928
18.1689033508
23.8841991425
24.783662796
21.7608261108
19.4644737244
15.5596075058
14.3716030121
12.7890377045
11.4465017319
10.2812271118
10.842540741
12.6598062515
14.3842906952
15.1082220078
15.9813070297
20.6674232483
22.9049530029
26.3869552612
30.0898532867
28.9997711182
25.6103553772
25.467256546
17.2383289337
16.8833065033
12.9105072021
11.6446180344
9.12368965149
6.65845060349
5.35097551346
5.93438863754
5.15179777145
5.82891607285
7.44950246811
10.051902771
9.51702022552
8.61144828796
11.9645900726
14.1981201172
14.2894411087
17.1563129425
14.0011005402
14.9917287827
16.2344760895
13.3795814514
9.62411975861
11.2406339645
11.3563222885
5.34486150742
6.88081932068
10.7755308151
8.354804039
5.85582065582
9.80826091766
11.9972496033
10.5593748093
10.7710590363
14.0391054153
15.8605127335
14.410451889
14.219496727
12.2542991638
8.13109397888
7.00324010849
5.4962887764
10.0016107559
11.279094696
15.2867040634
13.8180093765
11.8826332092
14.3281669617
12.5588436127
8.12951850891
10.1214103699
11.6827430725
9.19038391113
5.17213249207
9.2916135788
12.4306249619
8.82129955292
10.9506263733
10.1247711182
13.6123323441
14.6712522507
17.0179347992
21.6936168671
19.9173297882
18.0581893921
20.5840015411
21.3275985718
19.6964035034
16.783952713
17.3213272095
17.7131614685
15.0390443802
11.7173070908
12.989657402
16.2502841949
10.9200744629
7.88433504105
12.0009832382
10.8373727798
14.1841020584
12.8591709137
16.4844436646
16.3669872284
11.6315011978
15.4267749786
19.3279495239
17.6144866943
21.2967395782
20.2912387848
17.7042121887
21.1670055389
24.1703777313
20.3583335876
23.5597934723
19.9059848785
20.7011833191
25.3394947052
25.9050102234
23.7912273407
24.2214298248
26.6121730804
26.1411914825
42.7443656921
43.0499725342
39.2611274719
40.4102058411
38.7490692139
43.8801689148
41.6418800354
38.0010032654
40.1011161804
35.6065673828
33.805267334
29.9266223907
28.5714569092
25.8491477966
23.3487930298
21.9104633331
21.2960071564
20.2844543457
23.926782608
25.1038284302
26.3290843964
25.7599525452
29.9513015747
31.6086273193
34.0560417175
39.5439949036
40.4017944336
43.4011993408
45.592464447
42.4268913269
42.8487815857
36.9317741394
34.9354476929
32.6949462891
29.3744716644
30.871591568
25.7216968536
28.989068985
27.6223964691
30.3201904297
33.0621910095
31.2058601379
28.0785942078
27.6206054688
31.4238586426
29.6837062836
25.4037590027
26.6637897491
24.9400367737
29.1540489197
26.098865509
22.8258018494
26.876750946
29.9995117188
24.9055652618
24.3245697021
28.8407173157
30.5144920349
25.9986038208
25.5924358368
30.3711986542
31.5025444031
27.2428741455
31.4407024384
26.7326259613
27.5248756409
23.7195339203
23.8778877258
24.4215908051
30.1024169922
28.8558654785
32.5127449036
32.675239563
33.9945716858
35.8558692932
36.7342262268
37.7062911987
39.0777244568
35.8823204041
34.0252723694
31.3897972107
33.2854957581
28.7548141479
32.1075744629
27.7712936401
28.1879405975
29.0340023041
25.526348114
27.5568599701
25.1252593994
21.7183609009
18.0504779816
15.7524414062
13.9002113342
20.1819534302
18.8598365784
14.056438446
16.3864212036
20.8515472412
19.4573192596
16.2188205719
15.9265241623
16.422870636
20.3093643188
20.0263442993
22.7842006683
20.4123516083
16.6593170166
19.4369907379
21.3643493652
18.3580646515
16.7049007416
21.296541214
21.675163269
17.3077869415
19.9220314026
23.4718608856
21.7032794952
19.0605621338
23.5673351288
26.6215572357
22.960111618
21.7086906433
27.3263111115
28.1178455353
25.8020458221
22.8955631256
19.2488937378
16.8509273529
16.1233062744
13.1372919083
12.0173425674
10.8913898468
11.4448194504
13.232252121
15.3747425079
15.8581485748
20.3854122162
22.0710830688
25.8868579865
29.4647293091
28.4221553802
24.8846740723
25.3752403259
19.7041912079
18.6377162933
14.2144241333
11.7781705856
8.39674854279
7.44940662384
3.66810417175
6.28155660629
8.43604660034
10.2461919785
11.5211257935
14.4803905487
13.3671226501
11.7052707672
15.4417219162
17.9052505493
18.3884334564
21.5571594238
18.3373985291
19.4388923645
20.3628883362
17.5778045654
13.8045282364
14.6677122116
14.7725543976
9.14856052399
9.52097702026
12.5894498825
9.57769393921
6.33144044876
9.63259887695
11.5278015137
8.52383708954
8.12608337402
12.4773874283
13.7943067551
11.1723155975
8.13313484192
4.13098192215
4.56751775742
4.42329978943
5.72004318237
7.74945306778
11.7684860229
11.6014986038
11.5810060501
13.5841026306
10.5807752609
6.93049192429
11.5122919083
12.1121177673
7.97740125656
7.20161247253
11.5949602127
13.484664917
10.4548482895
10.5367984772
9.62271690369
11.6105413437
13.2209968567
14.2674312592
19.1004066467
17.1162185669
16.207277298
19.3840999603
20.6394367218
19.6120834351
16.4416656494
16.5663375854
18.6336326599
16.1803836823
12.2348661423
14.3192510605
18.3881721497
13.4296827316
10.1501789093
15.1339855194
14.4560241699
18.1943378448
17.207277298
20.656244278
19.9732608795
15.5873727798
18.625377655
22.6559562683
20.4817466736
24.258769989
23.0089836121
19.7514038086
23.0281772614
26.1288223267
21.6026191711
24.4702415466
19.8099651337
21.3675632477
26.0230865479
25.8871212006
23.3511734009
24.3169536591
26.4852733612
26.5069007874
33.1534385681
33.3301200867
30.1906299591
32.4245910645
32.0639381409
36.6053237915
33.8653526306
30.8191699982
34.407207489
30.6851177216
29.9432449341
27.3514995575
26.2254676819
22.4800071716
20.8146114349
21.0475692749
18.3479881287
16.1893157959
19.4667682648
21.4199237823
23.0467681885
21.14802742
25.6755828857
26.8256797791
28.069103241
33.3766937256
32.6767120361
36.4444351196
37.3876953125
34.4862098694
35.9620094299
29.1217327118
28.5187282562
25.6008720398
22.6010837555
24.2988185883
18.9036178589
23.4319820404
21.3525047302
25.8206005096
26.6239910126
26.5325832367
24.257598877
21.5111885071
25.6413784027
25.9190196991
20.6434268951
20.4393291473
17.9379997253
21.1509151459
17.3520317078
14.250374794
17.923910141
19.8664169312
14.3247337341
14.3930778503
18.2104625702
18.8750209808
14.0525693893
14.7786083221
18.9706707001
19.5084457397
15.5372543335
20.2844314575
16.6378326416
18.534532547
15.2915735245
13.7584991455
15.548625946
20.1392860413
18.7301120758
23.0250854492
22.8726501465
24.3162288666
27.5222911835
28.4657287598
30.7183265686
32.5437431335
30.1490573883
28.2526798248
23.9547290802
26.1324520111
20.3518791199
23.4027309418
19.6225738525
20.1035709381
23.3785629272
20.2003250122
23.181055069
22.2727642059
18.8791713715
16.4455318451
14.8730192184
16.1799411774
21.5274581909
20.0332260132
18.0705909729
20.9183559418
24.0608997345
23.3846893311
22.5852661133
22.284318924
19.1603221893
22.8871593475
22.5104198456
23.5409450531
20.6270771027
17.2102928162
17.9118080139
18.4620056152
15.8629484177
13.2354545593
15.9749298096
15.5753107071
10.294049263
12.0105772018
14.999671936
11.6942539215
8.65462970734
13.2034225464
15.1869249344
11.0314483643
10.4118003845
15.6460723877
15.8675727844
14.3307914734
10.5097703934
7.3324713707
5.40660858154
5.72843599319
5.31663179398
4.043384552
7.99689054489
10.9857997894
12.0550422668
9.5641336441
11.0529022217
14.9751930237
18.2595787048
20.7952461243
24.526260376
23.8564281464
21.0039596558
19.6787471771
14.4642963409
15.9779510498
13.3858375549
13.5109119415
12.1435918808
11.8400249481
11.4644012451
7.98986673355
7.62744760513
7.97801494598
12.0589237213
11.033821106
9.13561439514
12.9037456512
15.6640729904
14.830997467
15.610616684
15.5124664307
10.411359787
10.4414148331
9.85232162476
10.0899610519
5.3408036232
4.30253744125
8.23307991028
8.86735630035
5.08080720901
8.4450674057
10.289188385
9.6252412796
9.64169120789
13.5321426392
15.9622764587
13.9275045395
14.5111446381
18.7991523743
19.4050331116
18.4447631836
18.278755188
14.3411798477
14.6638555527
14.4371147156
17.4676971436
19.1929092407
22.6117649078
21.30027771
17.5711612701
21.4092483521
21.0777664185
16.4130363464
16.9934577942
20.0409183502
18.4514026642
13.6436853409
16.8735942841
16.7966880798
20.0959205627
17.9104728699
21.705121994
21.0645618439
23.4507694244
28.0208930969
24.8780708313
22.8279266357
24.1681728363
25.5716018677
22.2236003876
19.7303218842
22.3273143768
20.5080242157
16.3537559509
15.3512401581
17.3527202606
18.2423782349
12.0833978653
12.8549728394
15.6383581161
15.6731357574
16.3760471344
13.1902322769
16.216217041
17.7156524658
11.8523321152
14.1046962738
15.8554496765
12.5640325546
16.3264331818
18.0177764893
15.1804857254
17.122587204
21.3002929688
20.0453453064
23.3117637634
20.5869503021
19.2346496582
23.5325641632
25.1942710876
23.3070106506
21.7496013641
23.3965206146
21.5343284607
41.5205001831
41.0049781799
37.8229255676
38.0828742981
36.1299858093
41.5011482239
39.9329566956
36.4658241272
38.7693214417
33.7078285217
32.3656005859
29.2694454193
26.9388866425
25.1872138977
21.5880813599
19.0841617584
17.971370697
16.3001270294
19.4008865356
21.4266166687
23.3223800659
24.076171875
27.8662509918
31.0295372009
33.2943687439
39.0632476807
39.7565956116
42.2024688721
44.9436187744
42.5022392273
43.033367157
37.3507194519
35.2909240723
32.4649658203
28.7753601074
29.2416877747
23.6689167023
25.9047088623
24.0776901245
25.7433834076
28.4836044312
25.7326812744
22.5447692871
22.9467926025
26.0489768982
23.513874054
19.7918663025
21.605140686
20.58842659
24.9824771881
22.6040821075
19.6993503571
23.9999523163
27.3354854584
23.0374469757
22.8530540466
27.4885158539
29.6141796112
25.9271278381
25.7983398438
30.4079303741
31.8780002594
28.64868927
33.1654014587
29.9066619873
30.8740882874
27.3904018402
26.2467384338
25.7086181641
31.2310180664
28.6802406311
32.7808380127
31.6840171814
31.9726200104
33.4430198669
33.41065979
33.8586502075
34.6048355103
31.3661327362
30.086517334
28.0567684174
30.4856338501
26.9638442993
31.1497478485
27.4047966003
29.3177833557
29.9048995972
26.9459838867
29.3882656097
27.7217884064
23.6315879822
19.9282531738
19.2783069611
15.4696760178
21.8852806091
22.6283607483
18.2249298096
18.5389900208
23.7522354126
23.9355640411
20.7457370758
21.6103553772
22.0752887726
26.7676086426
27.1683826447
29.4803943634
26.0423717499
23.2214794159
26.0240058899
27.3015270233
23.5781917572
22.7912940979
27.0624485016
26.5387706757
21.9761619568
24.9051494598
28.2036705017
25.3878593445
22.7564296722
27.5052585602
29.4437427521
25.4153442383
24.6988544464
30.0752544403
29.8685684204
27.3886604309
24.2360839844
20.2759246826
17.895816803
15.8683280945
13.0857830048
14.7969045639
11.9817771912
14.3598489761
13.7341594696
16.2340145111
18.7311058044
22.3365688324
25.1317253113
28.8613014221
32.4826164246
32.2707901001
28.858757019
29.104309082
15.1743249893
12.9300003052
8.5937128067
5.56435394287
4.09254312515
4.16778469086
5.65404462814
9.28212833405
8.53000164032
11.7999486923
12.8238239288
15.3255853653
12.3010139465
9.77522754669
14.0723152161
15.4368267059
17.7950210571
20.9377555847
18.2270317078
21.2137489319
22.7433261871
21.0933361053
16.1250591278
17.822353363
19.5429840088
13.8081970215
14.0501317978
18.2943229675
16.3203964233
12.9179582596
15.4279794693
18.5943012238
15.8914375305
14.0126190186
18.4877643585
20.8246116638
17.7447280884
15.898557663
13.4869003296
10.2202634811
11.7986211777
9.85302066803
8.56496047974
7.06466674805
9.18493843079
7.18831157684
5.29938650131
8.48630905151
8.68299674988
5.39474439621
9.05019283295
11.0958976746
10.5969676971
9.26263427734
12.6769113541
15.0592336655
14.9700307846
14.3457403183
16.1851119995
17.8950214386
21.0881843567
25.7888565063
23.9511127472
23.6362915039
26.9631137848
28.189207077
27.2221317291
24.0569381714
23.9994449615
25.9563903809
23.341375351
19.6112537384
21.242483139
25.0191478729
19.6891365051
16.4299240112
20.4158706665
17.3964538574
21.7081623077
20.3912658691
24.3791103363
24.7332859039
20.0374317169
24.1965351105
27.808795929
25.5279483795
29.3573493958
28.9855861664
26.0183811188
29.0102348328
32.5433807373
28.6847953796
31.7221927643
27.1779918671
28.2833633423
32.9892959595
33.0949287415
30.4390029907
30.8608074188
32.6025009155
32.0389137268
20.3759441376
22.6754570007
18.5945415497
22.8926734924
24.0984172821
26.7096824646
22.7561168671
20.5275344849
24.4567680359
23.4265861511
23.4408321381
22.5392684937
23.239030838
18.8139896393
20.5308837891
23.7872848511
21.4357318878
21.5404586792
23.1460323334
22.4982376099
22.4330711365
18.1573925018
21.2511119843
19.090051651
18.5249977112
21.8625106812
19.823890686
24.5882167816
23.4801330566
20.0333061218
22.318977356
15.1598701477
16.6646194458
14.6422643661
14.1293230057
17.2066020966
16.0687713623
20.7330131531
20.5614776611
26.0603046417
25.980966568
28.8693180084
27.9611854553
24.0292186737
28.5358448029
31.2128124237
27.2710781097
26.2061214447
22.7617588043
23.6665019989
21.8035831451
19.3202381134
17.646440506
19.1475257874
17.049533844
13.059466362
12.7259378433
13.3866920471
10.7338685989
7.40285730362
8.38153171539
9.59022426605
5.27737474442
5.12748670578
5.34883451462
6.2152504921
7.71903610229
4.41133594513
6.06203174591
5.19446134567
8.17679023743
9.27139186859
12.3793039322
16.6174030304
19.6349544525
23.0068149567
26.1109199524
29.2975959778
27.9698238373
25.2701740265
20.604391098
20.3826446533
14.4749011993
13.1466817856
10.8564033508
8.02753829956
14.0645456314
12.821516037
15.3092889786
17.1306800842
16.2129917145
17.5212974548
17.8961467743
22.1808452606
23.049446106
21.6946544647
24.117773056
26.3112411499
26.2648887634
26.7937450409
29.0914592743
29.332742691
23.8439712524
26.4018707275
27.524394989
25.4894142151
21.8250293732
22.0192623138
20.8780651093
18.3143863678
17.0949783325
17.9199008942
16.1643486023
12.8843975067
13.2869558334
14.1014041901
12.3022651672
9.29253482819
12.4215860367
12.9522275925
8.30834388733
10.4776563644
14.7918167114
13.7430715561
11.9854927063
18.0921459198
12.9328889847
16.0245876312
13.129986763
18.3699893951
16.9819087982
16.049987793
18.3992805481
18.6658344269
18.7490825653
14.3636045456
13.8381509781
11.9984531403
14.2294273376
12.8198108673
14.839553833
15.409620285
15.2242956161
11.8306341171
25.5469646454
28.0291557312
26.9051113129
27.0852031708
26.1225891113
27.7698554993
26.4924850464
22.3516254425
24.2529525757
25.0197124481
28.9832363129
27.0189437866
25.1621341705
29.6374797821
32.1042747498
29.8678741455
30.9298839569
28.7422504425
23.6868228912
22.1492595673
18.8132705688
22.2352676392
20.6085224152
17.0152549744
20.1586036682
24.8426837921
20.0697879791
18.9169712067
23.0353298187
23.533115387
20.2220516205
23.2368297577
28.195104599
24.5884170532
21.8656044006
27.1914558411
29.8184318542
28.248790741
30.2515659332
27.6584873199
29.1498126984
30.2659740448
31.4497852325
33.9755134583
36.693939209
36.5793266296
33.063419342
37.343296051
37.0279960632
32.6067085266
33.843547821
37.037197113
34.7105903625
30.6055164337
34.0056190491
37.8587913513
33.1112632751
36.39585495
32.6766853333
35.796913147
33.5520362854
34.9490852356
38.8102798462
34.1108398438
32.701587677
32.5333747864
30.4926338196
28.9378604889
33.4089012146
30.5543708801
25.8741588593
27.2024765015
30.1931743622
29.2160968781
24.4071884155
27.6030006409
29.9429721832
31.8355674744
30.830083847
27.335062027
28.6041316986
30.3573265076
25.4026985168
24.0877017975
22.4711704254
17.7040061951
19.2801208496
24.2096710205
21.1040763855
18.8809986115
23.7203330994
26.1353054047
28.1090393066
26.5139942169
22.9321174622
25.0436096191
27.3429412842
25.8970470428
21.6290054321
20.629907608
16.7730293274
21.5782318115
24.9389610291
19.1231861115
22.2006626129
21.8607006073
24.6868896484
20.8276081085
17.6355781555
19.1512832642
18.2666683197
16.9173774719
14.922457695
16.814950943
12.3514137268
15.6577196121
19.6668243408
19.2063503265
21.4061164856
23.1451282501
20.303445816
18.8101425171
14.0372867584
16.4273090363
12.2649393082
12.9826202393
16.1552810669
16.6476364136
20.7217979431
21.0950489044
16.6289196014
17.0784873962
11.1972141266
10.1656513214
10.0713634491
10.059920311
14.2428789139
15.1900224686
18.886013031
20.5854625702
25.0479373932
27.1667289734
29.4765872955
28.121339798
25.7043018341
30.647195816
32.4921073914
29.5156497955
29.4662513733
25.9157924652
27.6359710693
26.7292976379
23.4756202698
21.1969909668
24.7185897827
23.1182231903
17.2041416168
17.9769706726
20.6680679321
18.3236713409
13.1364631653
15.5620508194
18.1694393158
14.2646532059
13.3936071396
11.947634697
9.26940917969
10.0005235672
9.90044593811
7.02043819427
9.09272766113
12.0980377197
10.3567914963
15.0792446136
19.7322902679
20.1696949005
24.650226593
26.2894992828
29.7175254822
27.6407012939
24.2965526581
21.4495735168
19.7604122162
15.3193492889
13.1471004486
9.63079738617
4.7045879364
6.12058973312
4.77357006073
5.94646501541
8.62188339233
9.06772136688
12.0678653717
13.6775636673
17.8425445557
16.1836986542
15.5920600891
19.5334434509
20.6802444458
19.2252349854
20.7926998138
24.0221118927
25.0945529938
19.7666664124
22.5971736908
25.3518161774
22.5737743378
17.4997882843
20.1102352142
20.0521831512
16.7050285339
14.5076646805
18.6304321289
17.512134552
12.9579353333
15.3174123764
18.0247859955
16.5961837769
14.6658420563
17.8122024536
19.7496833801
16.8120708466
18.2129707336
21.9894351959
22.4255962372
21.1778144836
26.4633846283
20.7506923676
22.4914150238
17.4573802948
23.0882740021
19.0580177307
18.129825592
18.2011890411
16.5163516998
16.3630561829
13.7852058411
11.9820556641
7.75668668747
7.63925457001
4.98037004471
6.43549919128
8.68980979919
8.93472766876
7.03082704544
29.2239398956
30.6311645508
28.6926708221
27.7339916229
26.1390857697
28.9061851501
26.4684505463
22.7331619263
26.5859031677
28.4324054718
32.4685096741
31.5837936401
29.1114768982
32.6136665344
35.982460022
34.4669685364
35.9410171509
34.8743667603
29.5058708191
28.6073036194
25.6849098206
27.8583812714
25.2896080017
21.6487579346
24.4550666809
27.6551113129
22.3920230865
21.0858898163
24.4069824219
24.1971130371
20.0785121918
22.938325882
27.3729476929
22.6748008728
19.7057666779
25.024980545
27.3271274567
25.0569190979
27.9007835388
26.4045276642
28.9440860748
30.8336906433
29.9821605682
32.8612670898
34.9133300781
36.0353775024
33.8026390076
37.8890304565
36.8719940186
33.0369987488
35.8697319031
38.5408401489
35.1928062439
32.4214248657
36.5550422668
39.8286743164
35.1542167664
37.3486938477
33.3571891785
35.3659362793
33.1418304443
33.1396942139
36.7481269836
31.4035396576
31.2508182526
31.4302101135
34.9037475586
30.7769012451
28.946269989
33.3480911255
32.2302970886
27.5847930908
28.2240352631
32.1641464233
32.2574920654
27.2868499756
29.8563289642
33.5083770752
35.7210006714
32.5307693481
34.3235740662
35.2230033875
29.9369525909
28.6584014893
28.1275634766
22.8239421844
25.0648059845
28.7874488831
24.3788547516
22.3012619019
27.318655014
28.1879310608
29.6442165375
26.4052238464
23.8044204712
25.9363422394
26.9103450775
24.6408615112
20.9071235657
18.8228816986
15.8314905167
32.9172286987
36.0083465576
30.5515270233
33.6865005493
33.0452766418
36.3376998901
32.5804748535
29.2104549408
30.221818924
28.6999416351
26.4692420959
22.5070018768
24.399181366
19.8931751251
21.9967632294
24.709197998
24.902557373
26.4819984436
29.4710502625
27.4717140198
26.4125995636
22.3137760162
25.6707000732
22.2180957794
24.0673065186
27.2477855682
28.3830356598
32.3041191101
32.6647758484
27.9292755127
27.9222660065
22.6922569275
21.3382148743
21.6184673309
20.8000907898
24.7380580902
23.626996994
27.9150981903
28.8271598816
33.2620353699
35.8153686523
37.0624389648
34.925983429
32.7957191467
37.8875541687
38.7832794189
34.8659210205
35.0484619141
31.6456871033
34.298625946
32.0218734741
28.4106941223
28.4291267395
31.5780105591
27.9236812592
23.7000331879
25.8079280853
27.4365367889
23.3386554718
19.8033828735
23.1990756989
24.5282554626
19.0237960815
19.2881507874
13.211233139
10.8324365616
8.74213600159
13.145570755
14.3196239471
17.9324970245
21.1492996216
21.1032810211
25.3429660797
29.6072998047
30.9487628937
34.7755508423
36.5194969177
39.6306877136
37.1040153503
33.866859436
30.7661705017
30.021944046
24.8005580902
24.0696620941
19.7740783691
15.3586463928
16.278968811
13.0316438675
12.9018011093
10.4440088272
11.6908369064
12.5942544937
10.1415996552
16.3347072601
15.9261770248
10.8395605087
14.2212057114
17.849439621
16.0593070984
14.2259521484
17.5212497711
16.9155044556
11.2657756805
11.9377193451
14.0430202484
10.9420394897
7.60391187668
9.74728679657
9.05382919312
5.45074558258
5.63361883163
9.88129043579
8.66700839996
5.4098443985
10.0582304001
12.3271045685
11.6183214188
12.6452140808
15.1580886841
16.9107265472
17.6577148438
18.4763679504
20.3282203674
22.132598877
23.1699237823
26.5673027039
22.0697040558
22.8092346191
18.5076389313
23.6758708954
19.7297916412
16.1200046539
17.3527965546
14.1477565765
16.8556251526
15.397436142
10.8594369888
10.8794155121
7.67454195023
8.05521774292
10.0015993118
6.94783782959
4.63566970825
5.41934537888
31.8593330383
32.9191322327
29.7683620453
28.1812133789
25.315076828
27.0637741089
23.2921867371
19.6903934479
24.5788707733
25.5058879852
28.9741001129
28.9217567444
27.9796695709
30.6184654236
33.7405853271
33.839012146
33.934551239
33.9176979065
28.7957611084
26.6684799194
23.8920631409
23.9503421783
22.7545566559
18.980506897
19.3831195831
22.7193775177
18.0926933289
14.8183174133
17.4523925781
18.3456764221
14.0798015594
14.437371254
19.5577640533
16.5190582275
11.9417276382
15.5800104141
19.2807369232
18.4410018921
21.7260456085
21.1130561829
22.6444530487
25.4734477997
25.4876174927
29.1586856842
31.9068336487
33.5028495789
32.4796295166
35.8273773193
33.2107849121
29.6478672028
33.1338043213
34.6934165955
30.0227413177
28.2130260468
32.2429161072
34.6695175171
29.0360546112
31.1931552887
25.8728218079
27.3656616211
24.1142082214
24.0816993713
26.9132022858
21.6783008575
21.1410923004
20.5127010345
24.12931633
20.0083370209
18.6652297974
23.4272956848
22.4431686401
18.3209457397
19.591217041
23.7034378052
23.7316513062
20.0770587921
23.1148147583
26.8085002899
30.6554965973
30.5244903564
28.1240577698
29.3320102692
28.8656749725
24.5604438782
21.9349250793
17.1905002594
19.3690872192
21.1526527405
16.144487381
14.2545166016
18.6090660095
18.2050094604
18.9857807159
15.4270792007
13.2432174683
15.1596698761
15.3765869141
12.9379615784
9.62697792053
7.85167646408
6.602414608
53.0226821899
52.8716506958
49.4074440002
50.0017814636
47.9711036682
53.3193511963
51.5241584778
47.8677330017
49.6830291748
44.7862358093
42.8808555603
38.9396896362
37.2021141052
35.3167877197
32.2636795044
29.8042678833
29.6887969971
28.4425373077
31.6437606812
33.2969779968
34.7313079834
35.1873779297
38.9722938538
41.3464584351
44.016078949
49.5698699951
50.7245941162
53.3279304504
55.9810371399
53.0116882324
53.2318840027
47.6000823975
45.3226699829
43.0850982666
39.6175003052
40.6535644531
35.3710479736
37.8423500061
36.2729797363
37.8570289612
40.7610855103
37.8354721069
34.6129951477
35.1708297729
38.044342041
35.1892814636
31.602645874
33.2722358704
32.5136642456
36.7572135925
33.8732528687
31.2270545959
35.8796386719
38.7224464417
33.7606773376
34.1746635437
38.7748985291
40.3274421692
36.0548820496
36.2035713196
40.8881492615
41.8751678467
37.9626197815
42.3479118347
37.6308059692
38.518913269
34.6642112732
34.9007415771
35.3943443298
41.0911216736
39.4758415222
43.3035011292
43.0181503296
43.7485923767
45.4145355225
45.625579834
46.1283798218
46.8881225586
43.5977249146
42.2359390259
40.2592773438
42.4939994812
38.6524734497
42.4451675415
38.2832794189
39.0791091919
39.4401130676
36.0613479614
37.8518295288
35.1471176147
31.8550548553
28.068649292
25.9374637604
22.9183292389
28.8054676056
27.8990497589
22.5142269135
23.7906417847
28.4689540863
26.8335418701
22.4427013397
21.8894081116
24.7949771881
27.790977478
26.8752441406
30.6169509888
29.3596515656
25.5009155273
28.4159641266
31.0028514862
28.4493694305
26.5161819458
31.1898059845
32.1987915039
27.9899101257
30.0627689362
33.7804641724
32.3940658569
29.4291877747
33.5397644043
37.1141242981
33.2015838623
31.2602291107
37.0038909912
38.0125770569
34.4162139893
32.6464920044
28.5175914764
27.2263145447
25.1417789459
23.3157939911
22.8678016663
21.4440307617
22.0619373322
23.2937793732
26.0754890442
26.7843494415
31.1517009735
32.5405731201
36.5056724548
39.9365615845
38.7865180969
35.208732605
36.0895347595
25.8944835663
23.796585083
19.9271793365
17.7053871155
15.7283697128
13.5778198242
12.8184194565
16.7949085236
16.5631484985
17.2974185944
15.7729673386
19.8177833557
19.7460594177
15.4204082489
17.5241165161
21.7276306152
21.6232280731
26.35105896
25.13489151
26.8671302795
28.8982944489
25.2164878845
22.3768596649
24.4130344391
23.6086769104
16.7435531616
19.6652641296
22.5229530334
18.5894031525
16.3059101105
20.0708751678
20.3415050507
14.9200487137
17.2843265533
21.8140125275
20.699054718
16.5957660675
17.1236305237
13.2552270889
12.5435962677
11.0040979385
9.25559711456
9.33979606628
7.37432718277
9.58585262299
8.78643417358
12.5286531448
10.4949645996
5.45537233353
7.79188585281
11.3463220596
8.00944328308
5.19779491425
10.4762983322
11.3262252808
9.35395240784
11.2478818893
6.81289482117
11.4061441422
10.7771062851
15.4321498871
15.9577169418
19.3176841736
20.3261699677
19.9772377014
23.7021484375
23.5647354126
24.804479599
22.1663227081
19.5493793488
23.4069805145
23.0568618774
18.6605052948
18.654001236
23.5952339172
20.8295707703
16.149438858
19.2942676544
16.8181152344
21.8145503998
22.536447525
25.6992111206
24.2498722076
22.0861358643
25.7838630676
30.4359970093
29.6498603821
32.9921073914
30.3879737854
28.22864151
32.1062049866
34.0839996338
28.5682868958
26.8571205139
29.5949630737
33.8934059143
33.1628608704
30.9307937622
33.1468505859
35.7209777832
36.4254226685
