22.4933357239
20.6523761749
18.7864704132
16.5022583008
18.535068512
16.5633602142
12.4106588364
11.9209489822
13.6052370071
11.9442739487
6.46227836609
9.05401706696
11.8484182358
9.15279197693
4.82467842102
7.36881494522
9.01691913605
7.63139915466
8.48951625824
11.334813118
12.1095247269
11.7756118774
12.7402448654
16.8029098511
18.0864772797
15.745806694
18.4413070679
22.6185493469
20.9982280731
22.3833713531
25.2975788116
27.0422477722
22.9776630402
22.9236488342
19.6570320129
19.6991062164
20.0076942444
17.6095676422
14.1968679428
16.4969081879
15.087729454
11.9174718857
11.3491697311
11.3268051147
10.7430877686
6.42785692215
7.33874893188
9.22297668457
6.91598367691
7.03642511368
11.0896053314
11.17299366
10.7239532471
14.6828260422
16.9479236603
20.0878047943
19.7135677338
22.239397049
20.8012962341
15.0291614532
18.5160427094
20.1120586395
16.2643089294
15.0141029358
19.7490024567
18.2911643982
14.2423505783
16.9369869232
21.0011920929
19.4905490875
17.2468090057
21.8766727448
24.1977615356
21.3517208099
22.1343078613
26.4233283997
27.3553371429
23.1258678436
26.2003726959
30.0098628998
27.0813541412
26.9637069702
31.3302268982
27.9259605408
28.335893631
31.8931770325
31.52576828
26.4144001007
30.1140708923
33.380027771
30.4872093201
29.1987743378
32.8431930542
33.1591796875
36.5701751709
33.786190033
33.8150863647
33.1434745789
28.7752227783
24.2685813904
29.0570735931
29.4796695709
25.3563175201
24.9917144775
28.5825023651
27.8861484528
27.7476100922
25.3612041473
28.0975513458
28.1076049805
30.6700954437
28.3765506744
33.9266624451
31.9970684052
33.5288505554
29.717754364
34.2903785706
32.5973625183
32.6687889099
34.8358345032
30.3237705231
25.4945983887
28.056344986
25.2572555542
28.1786079407
27.4934768677
25.435131073
21.8530235291
22.5161724091
25.2299785614
24.5150051117
20.5469722748
17.9727706909
14.2505578995
17.6165618896
14.0868186951
10.4935874939
14.0552558899
18.6140956879
14.8116998672
12.7305259705
17.5305747986
19.2858448029
17.9372730255
17.8061695099
22.9330101013
23.0665168762
21.0036277771
22.5513725281
27.7901859283
27.3588962555
25.1817893982
26.1784591675
22.4760398865
23.9303035736
19.6236572266
22.4217586517
24.6829776764
19.2174243927
17.8843135834
22.123418808
21.8029441833
16.0259475708
20.6371917725
23.4047737122
20.0155792236
19.3324718475
23.3802318573
24.6102714539
20.5637512207
22.7828407288
28.7729282379
25.3091030121
25.0920276642
27.7601642609
31.3583011627
35.1763687134
35.2026634216
30.1427173615
32.445930481
35.0831375122
31.6191177368
27.4250850677
32.1927223206
35.0186233521
31.0710830688
29.254524231
33.7776794434
34.1160392761
28.1798534393
30.6200561523
23.886926651
21.6297206879
17.1656131744
19.2830886841
22.5154323578
17.1300621033
14.4207487106
18.8854160309
19.2423305511
15.2161893845
17.0912513733
20.4766330719
18.3905601501
14.4187803268
16.0476760864
16.8029098511
13.406208992
12.8904333115
11.7418651581
9.83994483948
7.36501598358
6.12676334381
7.89834594727
6.45883607864
6.50980520248
8.61066246033
6.17853927612
7.18694019318
9.84860610962
11.5155944824
11.7546014786
15.3525943756
13.3743486404
15.1826143265
12.7588796616
15.9299173355
15.3463363647
10.190867424
12.7302570343
16.7629356384
14.2327404022
11.092212677
16.2690620422
17.3098487854
13.9117689133
13.9592485428
19.5399532318
18.5326747894
18.5345344543
21.6805400848
23.044921875
22.5408477783
24.2861652374
29.0684642792
29.1924057007
30.5625457764
27.4521961212
30.7339839935
30.9973926544
24.5311355591
24.4348163605
27.931432724
26.2318592072
22.5348815918
25.2490978241
26.2704334259
20.9416370392
20.3540763855
24.6561164856
24.5415420532
19.7179088593
21.2725296021
25.843585968
23.4301719666
19.632276535
24.7158489227
26.685716629
21.8674221039
21.0207424164
26.1558952332
24.482624054
21.5500335693
24.4101200104
19.2470245361
18.2207393646
20.9566287994
19.756565094
17.6512565613
21.877040863
23.7802047729
22.8568725586
23.4736633301
27.7533740997
27.9596881866
32.2477378845
31.860332489
31.2354240417
28.556137085
25.8726558685
21.9838237762
24.4368724823
22.8167095184
19.293466568
18.9952716827
20.5620307922
17.962802887
16.1241722107
11.7806949615
14.4144544601
12.6545677185
16.4984092712
14.131477356
19.7174034119
18.7711963654
19.8638935089
18.3807735443
21.6259727478
22.6032829285
22.753993988
26.1708087921
22.5919933319
19.1547966003
23.8440284729
22.024805069
27.3516807556
28.8018836975
27.6044330597
23.1441898346
26.262550354
30.0506134033
29.1152534485
27.111951828
25.9528598785
23.7586040497
22.4507961273
21.1701316833
18.0436630249
16.817117691
19.1875095367
16.492855072
11.5240364075
12.7596540451
13.6412715912
10.8694047928
8.69371318817
12.9781551361
11.8587188721
7.00853204727
10.1752061844
14.6498270035
12.9744329453
9.28794956207
10.640460968
8.65007972717
12.1498403549
10.4991531372
14.3935813904
15.3646583557
10.9012622833
15.3876104355
17.5354804993
16.5175552368
15.2782039642
20.461391449
21.2100162506
17.9688110352
21.3151493073
24.4164085388
23.1596775055
22.5838184357
26.4284877777
30.5067062378
26.1369438171
28.5825195312
32.4519615173
34.0639762878
37.8689880371
36.1401939392
32.6544265747
33.0385437012
33.7331199646
30.6817321777
26.9987792969
28.9934501648
31.4553794861
28.2074680328
24.8923435211
27.7944965363
28.5853691101
22.0914478302
22.4395084381
19.0938930511
17.2607212067
12.4121856689
15.3688364029
18.7419109344
13.7497224808
11.6899080276
16.5387954712
17.2127094269
13.9980106354
16.6571159363
20.0237007141
18.2279319763
15.5746030807
17.1220207214
18.0864753723
16.7663974762
15.7079114914
11.8160257339
12.0701265335
11.3005819321
7.75961351395
7.22620105743
9.56435012817
6.50980710983
7.3833489418
8.58773899078
7.38123703003
6.81286048889
10.722073555
12.2665433884
16.9849090576
14.275759697
17.4294490814
16.2601394653
18.7273769379
16.5954685211
11.719417572
15.2801895142
17.7394371033
14.0258398056
11.9740095139
18.1673202515
17.3864898682
12.6968202591
14.2576828003
20.1971302032
17.6174602509
17.8188152313
21.5818691254
22.3009300232
20.8837661743
23.1997623444
27.9627246857
27.1181640625
27.7860374451
24.1076660156
27.2615394592
28.1152839661
21.9853610992
20.7633800507
24.6149196625
23.8320713043
19.8788146973
21.9196033478
23.9398288727
18.9747486115
17.3319034576
21.7334785461
22.703168869
18.0281848907
18.4039344788
23.5978069305
22.4384078979
18.0367736816
22.6913146973
25.5914611816
21.5448169708
20.0088443756
25.007856369
24.7887191772
21.89802742
24.4060573578
19.4397411346
17.6372127533
19.4365463257
17.1679058075
15.5393867493
20.313835144
21.0676555634
19.6916160583
21.104434967
25.066865921
24.3041114807
28.4213504791
28.1028518677
26.7659168243
24.198392868
22.3332386017
17.5569572449
19.64336586
18.5439949036
15.5967493057
14.0619020462
15.5867519379
13.9702606201
11.759932518
8.62444210052
12.390458107
12.2550668716
15.7292280197
15.8597154617
20.5125141144
20.5242156982
22.8700466156
22.0802326202
25.6928119659
26.9185409546
27.6897258759
31.0397357941
27.301076889
24.3023014069
29.0766048431
27.5689754486
32.5217819214
34.046672821
32.4596672058
28.2269973755
31.2816677094
34.8207702637
33.4498214722
31.10912323
30.1051483154
26.9288539886
26.4593963623
25.3309650421
21.5656147003
20.5080966949
23.8402557373
21.4466629028
16.1147346497
17.5851974487
19.2009105682
16.5818347931
13.7075958252
18.1785011292
17.4115524292
12.0277528763
14.0089092255
19.1876068115
17.4512252808
12.6724967957
13.2699422836
13.096496582
16.097366333
13.116607666
17.4460277557
19.6453361511
15.9871101379
19.0929527283
22.1301231384
21.818857193
20.0174598694
25.2049732208
26.4990291595
23.491558075
26.3521175385
29.6983757019
28.817024231
27.8864383698
31.5763664246
36.0162200928
31.6805610657
33.8400230408
37.6247215271
39.5348587036
43.3667526245
41.7531318665
38.0432701111
38.4903373718
39.4271087646
36.4048690796
32.5606002808
34.6819534302
37.250957489
34.0155906677
30.6871376038
33.464717865
34.3729248047
27.8881664276
28.0950374603
16.8763084412
20.3836956024
18.0651435852
13.8715267181
18.0020256042
21.0626487732
17.3393306732
15.5297737122
20.5715732574
21.8303775787
16.9042510986
19.5597801208
24.3160133362
24.0236091614
20.607843399
18.2911548615
23.4684467316
25.5169773102
18.7517127991
19.9997138977
25.0637702942
23.2768192291
19.2744731903
22.466966629
26.2704544067
23.9398288727
19.2205047607
25.0875816345
28.6317481995
22.9570503235
23.8763885498
28.6986026764
30.2475414276
25.1711807251
26.5054626465
26.4816799164
24.5963191986
21.7006931305
22.0926647186
20.9147872925
17.5695972443
15.5412473679
17.3616504669
17.9246006012
12.2783889771
12.8823423386
14.8451309204
13.7300710678
9.87047290802
12.4912996292
13.281498909
8.90409183502
10.1958646774
14.026307106
15.6985731125
12.7861242294
15.881064415
16.2993717194
14.4917211533
10.9487543106
13.1530504227
10.8856573105
8.20834064484
6.39294862747
6.16474485397
5.77170562744
6.13214588165
7.63732910156
6.69669389725
6.98424339294
9.85928058624
12.22498703
11.7915487289
13.2324113846
16.0539093018
16.7825126648
18.5827045441
18.207698822
21.3872184753
22.6862487793
23.0963859558
24.5766143799
28.022233963
26.9360485077
27.1434803009
29.3090820312
29.169424057
23.1841564178
25.6127986908
28.0749111176
23.7277565002
21.7405471802
23.2956218719
22.7837429047
24.4191436768
20.040102005
20.649023056
22.0285968781
17.5770168304
14.9293413162
19.7118434906
21.7984886169
19.0724201202
19.3856601715
23.3567905426
24.5582332611
26.8945770264
27.5853710175
29.1951599121
32.0274467468
32.1912002563
33.0832290649
36.5729179382
35.5680160522
39.7056465149
36.4436569214
42.6223602295
40.4854545593
42.6474723816
44.2853736877
39.0956077576
36.0250358582
38.9618835449
38.1748924255
39.4694595337
40.0723228455
36.5799674988
34.5926437378
36.2148017883
37.2883529663
34.2471504211
30.5721702576
30.8043212891
24.3370304108
27.9940567017
28.2727775574
23.7316360474
24.1397399902
29.9503574371
30.0816955566
25.9642524719
28.3519439697
32.1707115173
31.6748542786
28.2644729614
33.4564399719
35.2475090027
31.0810012817
30.2349472046
37.2759094238
38.0402412415
33.8004837036
36.1857337952
34.4389533997
37.2112121582
32.6990280151
36.755355835
39.4365921021
33.9567260742
34.2119369507
38.6711235046
37.993560791
33.033821106
38.2227745056
40.5249595642
36.2028694153
36.7569503784
40.6868515015
40.6421051025
36.8137588501
39.6046791077
45.0610771179
40.7691650391
40.0914268494
43.7827339172
46.6474380493
49.9061164856
49.540763855
44.2197151184
45.4061889648
48.9135513306
46.4149780273
41.4312171936
45.5607681274
49.2826919556
46.2791023254
43.4372253418
46.8353004456
49.1972389221
43.1628036499
43.8711433411
24.5990409851
27.6363315582
22.788690567
20.8435173035
26.4947681427
26.8420410156
22.1238002777
23.0521030426
27.6534137726
26.8115539551
22.4116172791
26.583026886
29.9354190826
27.46185112
24.462972641
21.3517055511
23.0918598175
26.857175827
21.2347202301
18.6407718658
23.88048172
23.1385173798
19.1941699982
19.1570129395
23.4301738739
22.4384098053
16.0720710754
19.6509304047
24.3884048462
19.3369865417
17.0281448364
21.3575325012
20.8445167542
16.2961578369
16.7102012634
18.3397846222
15.4650506973
12.1272792816
15.2030687332
14.7018480301
9.27402210236
9.7465801239
13.6618862152
13.8518009186
10.4668531418
13.6471118927
16.1831016541
16.0143795013
14.3847084045
18.3620681763
19.5711212158
15.4700908661
19.4753437042
23.2835216522
26.1063098907
24.6273155212
27.9776668549
27.3132972717
26.6454906464
23.6342506409
23.6279373169
21.0434989929
20.2307987213
18.3231964111
15.8567323685
15.2348327637
13.232416153
11.72631073
12.2573213577
10.2175922394
7.00208711624
6.53900289536
8.52795219421
6.30364322662
6.89366292953
7.46301269531
7.02027797699
6.2314157486
10.4844675064
11.1929607391
10.5373916626
12.593170166
16.0277061462
16.1652584076
17.5446472168
20.4342403412
22.379901886
15.3526124954
15.9063472748
20.4152317047
16.9754924774
13.0141010284
15.1508550644
17.5486907959
20.0791225433
17.1745758057
20.1592140198
19.6002845764
13.370850563
15.7567710876
19.1989440918
18.3656826019
14.6845932007
18.8170986176
21.790517807
20.3532104492
23.9413299561
23.8507537842
23.3219871521
26.1469841003
24.7881069183
25.0238170624
27.5589008331
25.9590435028
30.4724292755
26.9181537628
33.6383285522
30.7108249664
33.8675117493
34.8518333435
29.6657810211
28.0316371918
30.8591194153
31.6559085846
32.0626335144
33.9526863098
30.0905303955
28.9473171234
31.7850017548
32.3290100098
28.1826381683
25.7892951965
27.9907283783
21.8061408997
22.7307815552
25.842672348
21.4426116943
18.8630180359
23.8167934418
26.9741210938
22.2523021698
22.0799503326
26.6543998718
27.496925354
22.5753078461
26.4683799744
29.7561645508
25.8558082581
22.9946994781
29.8696136475
32.310333252
28.3069953918
32.7478408813
31.253616333
35.0746955872
32.5150680542
36.6294403076
37.6304359436
31.8314666748
34.7559089661
37.7398605347
35.6610946655
32.1643753052
37.6785583496
38.5167732239
33.1398620605
35.4042129517
38.741973877
36.8056755066
33.8931350708
37.6041069031
41.7564353943
36.6138343811
36.3426132202
41.3672523499
42.69896698
45.462387085
44.1655464172
39.3631286621
39.1066360474
42.5705947876
41.0342636108
35.7987747192
38.741733551
42.9291610718
41.034160614
37.3731803894
39.5696563721
43.6304168701
38.0841331482
37.2309265137
27.203742981
29.7665977478
23.8856811523
24.0783309937
29.9232978821
28.6745681763
24.5354270935
27.2858772278
31.0664081573
29.2441368103
26.9870376587
31.4858665466
33.1457595825
30.0587787628
28.459690094
26.2003746033
25.7519226074
28.9375839233
23.830663681
20.4803771973
24.1792545319
23.1341876984
19.7144546509
18.6744289398
21.0207386017
20.0088424683
14.7237558365
15.9838886261
19.4088573456
15.1585540771
10.9644508362
14.1942777634
13.1572980881
9.8984336853
11.7310037613
15.4636011124
13.921672821
9.33262825012
12.4836330414
15.3912277222
11.6411628723
11.4540290833
15.1220035553
17.923034668
16.3894462585
17.2271118164
20.3936595917
22.6532707214
20.6824188232
24.1992855072
26.5185852051
23.456281662
26.1918792725
30.1009044647
33.7770042419
32.1228866577
34.601348877
32.6095962524
32.8235588074
31.0419864655
29.516450882
26.1590270996
26.8422470093
25.8402462006
22.2942066193
21.3874568939
21.3872146606
18.6279182434
17.2811183929
16.4831466675
15.4909238815
12.4215145111
10.9842815399
12.0356655121
10.4844589233
6.15254259109
7.37379169464
8.18235683441
6.58846664429
5.91073799133
7.73232793808
5.87220621109
7.49227714539
7.16081953049
8.14936351776
10.7506771088
13.8805027008
7.48278141022
6.40273714066
11.8603973389
10.1175260544
6.41490840912
9.91432189941
13.4853506088
17.0538749695
16.9325141907
19.5723819733
16.9695835114
12.2575511932
16.0779476166
17.2892551422
14.0742969513
10.8283433914
16.4961872101
17.7518692017
14.3579750061
18.3697986603
18.1792488098
15.8322343826
18.9383144379
16.1645641327
17.4079208374
18.3819541931
17.3721523285
22.7479038239
20.550775528
26.9835758209
25.0605354309
28.8841457367
30.1153030396
25.4901313782
25.2857131958
28.9370689392
30.5807876587
31.8427867889
34.8278884888
31.4935646057
29.9929065704
33.8655014038
35.0026283264
30.9947605133
29.6638298035
32.0726585388
27.0808906555
25.7652549744
29.291343689
25.1887798309
21.1520519257
24.7113895416
28.3304691315
22.8773441315
20.9382381439
25.2334766388
26.0553646088
20.1896209717
22.8373203278
26.2968959808
21.9260196686
18.0689163208
24.344877243
27.1840591431
22.830411911
28.0933952332
27.8441982269
32.1960983276
31.0213432312
35.1402664185
35.380859375
30.326007843
34.9982223511
37.0802116394
34.6579093933
32.8012924194
38.3669281006
38.3791427612
33.0853500366
36.7470588684
39.677318573
36.7018661499
35.2060852051
39.5075302124
42.8273925781
37.349281311
38.2167015076
43.7112083435
44.1524581909
46.8719711304
44.7217330933
40.7540245056
39.519657135
42.0097465515
40.8184280396
35.8879585266
37.3694152832
41.3946495056
40.0529251099
35.7413864136
36.8590736389
41.450630188
36.0320167542
33.9143295288
32.3038711548
34.7428474426
29.1157474518
28.4802780151
34.2773857117
33.1677360535
28.4697589874
30.6215782166
34.5925102234
32.6828079224
29.1593513489
33.6519584656
35.9156341553
32.4026603699
30.093170166
27.0813541412
26.2854804993
30.588300705
26.4828300476
22.0212154388
26.2111377716
26.3116703033
23.23072052
20.8274269104
24.4826183319
24.7887172699
18.8161792755
19.2448673248
24.1063041687
20.7523956299
16.086233139
18.6153049469
15.6736822128
13.0640707016
11.9956007004
15.4414272308
12.3669271469
9.82403564453
14.8015050888
15.3725423813
10.9617948532
13.5102815628
16.9528160095
17.0551834106
16.9156627655
19.8992595673
21.9990730286
22.6418514252
22.2436084747
25.9244098663
27.2606430054
24.052230835
28.1850566864
31.720659256
34.964641571
34.0312194824
37.3560905457
36.198513031
36.1145477295
33.4165534973
32.4236450195
29.9360542297
29.8425292969
27.9292640686
25.0354804993
24.615114212
23.0963840485
20.7269268036
20.8148708344
19.4433994293
16.7035293579
14.7305593491
15.3679141998
14.1387529373
10.537399292
10.2567825317
10.6646375656
7.66780042648
6.00401544571
7.73232936859
7.28317499161
5.44540596008
7.97887611389
10.2548370361
13.1533889771
16.5086612701
20.4649810791
14.2646036148
12.2409219742
18.2610874176
16.9130210876
12.4623594284
14.7203063965
19.2533740997
22.1152744293
21.2953720093
24.9537181854
23.0027732849
17.5199489594
21.8379707336
23.7336940765
20.9256381989
17.5403614044
23.0826835632
24.7337417603
21.3638210297
25.13306427
24.2266178131
21.8752288818
24.0945186615
21.4697780609
20.7814006805
21.9979000092
19.7905883789
24.2882537842
20.7313804626
27.4946861267
23.9799613953
28.0240116119
28.3319988251
23.5228881836
23.6785259247
26.261882782
28.5633392334
28.296831131
31.3503704071
27.6103839874
27.2121124268
30.9317646027
31.1570339203
26.5697784424
25.7232246399
29.1274089813
24.2825183868
22.5250988007
27.3611049652
23.8176937103
19.2992153168
22.2776012421
27.5337257385
22.9893436432
20.4381904602
24.949924469
26.8281478882
21.2939929962
23.2174263
27.5276699066
24.3670902252
19.9990501404
25.7026157379
29.5274295807
26.1999645233
31.9777126312
30.8534507751
35.1625595093
34.3633079529
38.1617126465
37.7888755798
32.2988204956
36.9980354309
38.6472206116
35.6511878967
33.69688797
38.9915466309
38.6252212524
32.8820610046
36.3899993896
39.0123252869
35.6449737549
33.8630027771
38.049949646
40.8729019165
35.349521637
35.6032218933
41.3604393005
41.3527259827
43.6113090515
41.5048370361
37.5051498413
35.9429626465
39.0208854675
38.3849029541
33.3194389343
34.8541145325
39.1987113953
38.3769798279
34.167678833
35.0596008301
40.4248580933
35.607093811
33.3382377625
27.2227935791
31.2014808655
25.7500324249
26.134601593
31.7565917969
31.8008995056
28.5609836578
30.950592041
34.9523887634
33.9992980957
32.3201255798
36.5112838745
38.374912262
36.2192382812
34.778049469
32.8431816101
33.5705223083
36.0519714355
29.7554473877
27.9172058105
31.5919380188
29.5282325745
25.6329154968
26.3294849396
27.7533817291
25.0668563843
20.8268890381
23.379360199
24.9715995789
19.6311988831
17.163564682
20.362657547
20.5065326691
17.9180240631
20.7065067291
24.5618724823
23.229183197
18.4093322754
20.6925773621
24.0951728821
19.9464511871
18.6996040344
22.6049804688
25.9508094788
22.9062080383
22.7838058472
26.8069801331
29.0487995148
25.7709751129
29.3390197754
31.9233646393
28.1539325714
29.9860877991
34.3201370239
37.5731124878
34.7241134644
36.3501548767
34.1077423096
33.4610481262
32.1529006958
32.1634902954
27.2983493805
27.5597267151
28.0988731384
24.8049316406
22.0224514008
23.2956237793
22.2039375305
19.554189682
17.1629123688
18.189250946
16.7730045319
12.3534088135
12.7401981354
15.150850296
11.4328975677
8.20672035217
11.1662082672
13.7404069901
9.91432189941
8.17526912689
14.7203102112
13.9951753616
12.9217271805
14.3352403641
13.6319322586
12.6462812424
14.526925087
10.9436788559
8.68875217438
9.52717590332
7.12092018127
4.98099851608
5.87036895752
8.1947851181
9.68581771851
12.7896604538
10.278219223
7.86555480957
14.6436567307
13.5124635696
10.5841274261
10.8397369385
15.8728141785
15.9972705841
14.4497842789
19.3427371979
21.4497318268
19.0583896637
23.4325752258
19.852935791
23.7080402374
23.01379776
23.5140972137
29.4944076538
28.5714511871
34.4794120789
33.3152961731
37.3546180725
38.6533622742
34.3461341858
34.4773712158
38.2618331909
39.9314727783
41.2472419739
44.2624320984
40.8424606323
39.3730049133
43.1566734314
44.2228469849
40.0638923645
38.547668457
40.8928565979
35.3894500732
34.7968711853
38.0405578613
33.6479034424
30.1021232605
34.0200805664
37.1888046265
31.4911174774
30.0352649689
34.2228355408
34.5602684021
28.7241096497
31.5327663422
34.5366706848
29.559305191
26.1487464905
32.1918525696
34.4695510864
29.4926280975
34.0285949707
34.7511100769
38.9755897522
37.2831077576
41.6555480957
42.5566253662
37.9482116699
42.2034263611
44.7893486023
42.8456459045
40.8474578857
46.5324630737
46.894317627
41.8661193848
45.3799476624
48.5153198242
45.8061027527
44.2669563293
48.5067100525
52.0998497009
46.6638031006
47.5197105408
52.896194458
53.5488586426
56.3135681152
54.1917037964
50.1708526611
48.9626541138
51.4426879883
50.2377662659
45.3137702942
46.7294502258
50.7007637024
49.3290557861
44.9816894531
45.953163147
50.4673576355
44.9185447693
42.7188186646
23.8626213074
28.1773700714
23.1343364716
23.8669433594
29.0841350555
29.5669269562
27.0464706421
29.3639831543
33.1690292358
32.6421089172
31.7016887665
35.5798454285
37.2325973511
35.6979560852
34.5966300964
33.1591720581
34.47423172
36.1938819885
29.3620567322
28.6515026093
32.0461044312
29.3020153046
25.3246822357
27.2109832764
27.9596786499
24.3041114807
21.0183906555
24.4090671539
24.9412136078
19.1064014435
18.1982593536
21.6141300201
23.0822963715
20.2460746765
23.7701473236
27.1540565491
26.2978801727
21.2671604156
22.4358673096
26.1832275391
22.4433250427
20.1616210938
23.7215843201
27.8430175781
24.0960788727
22.8220806122
27.160238266
29.8921985626
25.8130435944
29.0285949707
31.9689178467
28.3625411987
29.1265926361
33.4975738525
36.7160301208
33.3464164734
34.2322044373
31.5801792145
30.9171676636
30.3369083405
30.4006996155
24.9670238495
25.5670967102
26.9591655731
23.6457004547
20.3830547333
22.7837371826
21.9866714478
18.5497779846
16.4919834137
18.907869339
17.5950832367
12.2642612457
13.9302759171
17.5486965179
13.5198574066
10.8891944885
15.0642604828
17.2479877472
13.4853544235
13.0148200989
19.2533779144
18.2360172272
17.5548038483
17.8124790192
16.1968307495
14.4244556427
14.3777456284
12.1735029221
11.7499780655
10.0876493454
6.81644248962
7.7806892395
5.87036705017
5.06734418869
7.3364109993
8.39871311188
5.39519119263
6.36161613464
11.7261152267
9.19923114777
7.11206483841
9.53600692749
12.8030023575
12.4605207443
12.6402454376
17.2585735321
20.4396533966
18.8765125275
23.6092815399
20.5902080536
25.3857021332
24.9062671661
26.0429592133
31.9687671661
31.533864975
37.1134376526
36.633026123
40.3306236267
42.0547866821
37.7800559998
37.4556846619
41.5673599243
42.7260475159
44.6650047302
47.4430732727
44.1610908508
42.2101249695
45.859828949
47.3028564453
43.4385261536
41.5458374023
43.3214378357
37.6927261353
37.6234436035
40.0805892944
35.4783554077
32.5038757324
36.7886543274
38.9662361145
33.0911369324
32.3075866699
36.2856712341
36.0124092102
30.4309272766
33.7329177856
36.0954170227
30.6867179871
28.022397995
34.1775932312
35.647064209
30.2874240875
33.9572372437
35.0725631714
39.0300674438
36.792804718
41.2589225769
42.7749328613
38.4961509705
42.2131729126
45.2249832153
43.7988853455
41.6093101501
47.3076286316
48.0725517273
43.4241676331
46.6953468323
50.0376358032
47.8034973145
46.204044342
50.3364334106
54.3315811157
49.043006897
50.0363807678
55.1228408813
56.1928901672
59.2162322998
57.2347717285
53.1044616699
52.25415802
54.5757865906
52.9995040894
48.1392860413
49.7790908813
53.5718688965
51.8059997559
47.5734481812
48.8669700623
52.7767105103
46.9230270386
45.0979614258
12.9244680405
17.1429347992
12.4854755402
12.5699272156
17.7506828308
18.8215923309
16.5613994598
18.323179245
22.1406135559
22.2717571259
21.6091175079
24.9754009247
26.7688083649
26.1095943451
25.054599762
24.2685852051
26.9106998444
27.6167907715
20.0935077667
21.3832359314
24.7473182678
21.3451423645
17.1662025452
21.1208095551
21.9838352203
17.5569496155
14.8500814438
20.3560409546
20.9661121368
14.3799200058
16.3425216675
20.7737751007
23.8692169189
19.6592941284
23.2982997894
24.7919692993
24.4087429047
19.791261673
19.0094642639
21.836517334
19.178735733
15.3195180893
17.6744556427
22.3544692993
17.6098690033
14.4966611862
18.8060264587
22.0601463318
16.9899234772
19.3618927002
22.7042198181
19.8925590515
18.9198303223
23.1261940002
26.4973335266
23.0043411255
23.3736171722
20.3388748169
20.3097114563
20.4849624634
19.3850746155
13.9661159515
15.6159381866
17.2655830383
13.6733055115
11.1638288498
14.9293432236
13.5795717239
9.33869934082
9.93311786652
13.820567131
12.0896682739
7.87563610077
12.4159269333
15.756775856
12.4746456146
13.0583629608
17.7256298065
17.6045188904
16.0779476166
18.2477760315
21.8379688263
20.9141368866
22.5623416901
20.6211071014
18.9391784668
18.9812259674
17.2062454224
13.698299408
16.8123722076
16.3688755035
12.1250457764
13.168381691
14.6436634064
11.726108551
14.3113861084
12.5239505768
10.6220979691
9.80300045013
8.46596050262
6.06619739532
8.22388648987
7.63236141205
6.34690713882
9.43244457245
11.822388649
14.5224123001
17.1608581543
18.4032020569
22.3841152191
21.870054245
25.4428081512
27.433801651
28.0475006104
33.0433959961
31.8730068207
37.3663444519
37.0635986328
39.6736183167
41.9944190979
37.3807678223
35.4055709839
39.6499633789
39.428894043
42.2061920166
44.0208473206
40.9956626892
38.2106552124
41.1666717529
43.2088508606
40.1526603699
37.3419799805
37.7841567993
32.1081161499
33.3712844849
34.04347229
29.2386760712
27.857635498
32.9366874695
33.0427970886
27.3768367767
28.4365749359
32.0383224487
30.8460998535
26.2973041534
30.9534473419
32.2728843689
26.734041214
25.7337493896
32.4788703918
32.6727638245
27.2850799561
29.4799480438
29.8091697693
33.0730056763
29.3464641571
33.8626022339
36.4941062927
32.1187438965
34.1763954163
38.1329345703
37.5610542297
34.3285369873
39.9153366089
41.6156845093
37.5662002563
39.8019371033
43.5566978455
42.5694389343
40.3317070007
43.9777450562
48.8714065552
44.0789299011
44.9125785828
49.2061080933
51.3009872437
54.7804832458
53.4225845337
48.8722381592
49.1059036255
51.4550971985
49.0399665833
44.2782363892
46.9535636902
50.4469985962
47.7206535339
44.0797576904
46.5423812866
49.0710639954
42.7249908447
42.2824058533
25.5530853271
25.8069057465
20.1180820465
23.4065990448
27.8168869019
24.0388202667
22.0563545227
26.7016544342
28.2659740448
25.4986515045
27.3193569183
31.1937141418
29.9460716248
27.1087474823
28.1290435791
28.0975589752
26.0759792328
26.4662322998
22.5073490143
20.8583240509
20.9272899628
18.5680618286
17.1259860992
17.1283817291
14.4144506454
12.390460968
13.0710296631
11.8010196686
8.8345489502
8.09196281433
7.76393938065
6.7660908699
11.530292511
11.264591217
15.7054262161
17.6296691895
19.843164444
16.5515346527
13.8639535904
19.6471652985
20.3502178192
17.6184978485
18.0633716583
24.0158824921
23.276096344
20.1172981262
23.017665863
28.2199497223
25.4558124542
27.1550445557
30.7968444824
29.8943386078
29.7641544342
33.0213661194
37.6104736328
35.9746322632
36.7595901489
32.9818725586
35.0949859619
35.5936317444
31.1671981812
28.0469760895
31.1894359589
31.1268634796
26.8381443024
26.9202442169
29.1951522827
24.9684295654
22.3072986603
24.6438121796
25.7832260132
21.162405014
19.0569190979
23.8278770447
23.3219928741
17.1097507477
20.3599071503
23.3101596832
20.4562072754
15.8322296143
20.2599925995
21.8752403259
17.7449607849
17.8842010498
13.2637033463
9.96892547607
9.40131759644
6.79336261749
9.36538410187
12.7470674515
11.793762207
12.8913946152
15.5914859772
19.0583782196
18.8765087128
23.0555019379
24.8278141022
24.0660648346
20.1285190582
19.5735149384
18.4032001495
17.6943702698
14.1444759369
12.8217372894
13.8491220474
12.6042575836
8.09464931488
7.35491657257
5.40014839172
5.38975429535
5.01094198227
9.83635234833
11.0443086624
12.9864778519
17.2758522034
18.6626224518
22.1865978241
24.2022781372
26.4964694977
29.4809074402
26.315656662
25.753704071
30.7409324646
31.1182479858
35.3330879211
38.2119293213
36.3739280701
33.0407142639
37.0922393799
40.0082015991
37.6714019775
36.3798942566
36.9561347961
33.5770072937
31.6173667908
32.7178497314
29.0294952393
25.8856544495
28.3458976746
28.7660369873
23.1019039154
21.7082843781
23.8929386139
22.6590042114
17.9393939972
20.0387401581
20.7642307281
15.332859993
14.1144762039
18.3728981018
18.3833808899
12.9495744705
16.3377017975
18.5913505554
22.5546569824
22.3295288086
26.1443271637
26.6112823486
23.7664604187
29.0164279938
30.5957527161
29.2032108307
29.1283721924
34.2039299011
34.1842727661
30.5644702911
34.8303833008
37.539440155
34.9789619446
35.0843009949
39.3668212891
42.590423584
37.6525039673
40.1554260254
44.8921470642
45.5083084106
48.8177223206
46.3360061646
43.2541694641
42.2921676636
42.9559135437
40.9702568054
37.0793495178
37.6238327026
40.4787559509
38.519744873
34.3126907349
35.3543128967
38.0108795166
32.224395752
30.2361125946
29.8128376007
30.1106510162
24.3630104065
27.4385261536
31.9942855835
28.0932559967
25.8455982208
30.4732875824
32.0801696777
29.0624580383
30.5418987274
34.5518074036
33.2983360291
30.0387439728
30.9689025879
30.6701049805
27.9187717438
28.8083686829
25.5558929443
23.0070323944
22.9418849945
21.3147773743
20.1842384338
18.9600811005
16.4984111786
15.7292318344
15.819814682
13.1134805679
10.9002733231
11.5539073944
9.33582019806
6.41564321518
9.4317073822
11.0670146942
14.8445110321
17.3196372986
19.6019382477
16.8300971985
14.9000368118
20.6081581116
21.3958301544
19.5189552307
20.0850105286
25.4484920502
25.4263973236
23.0359153748
25.6677017212
30.5634422302
28.3472118378
30.2455406189
33.6566429138
32.6691894531
33.1351966858
36.370464325
40.9592514038
39.5512084961
40.6532821655
37.0508232117
39.0740394592
39.2553634644
34.9470672607
31.9608592987
34.8646354675
34.52967453
30.270116806
30.3371124268
32.191204071
27.9436149597
25.5892620087
27.5178070068
28.1398448944
23.5376682281
21.6194477081
25.8010578156
24.7880935669
18.692483902
21.6819782257
23.9513244629
21.0912475586
16.1645679474
20.2564792633
21.4697875977
16.9983329773
16.3948421478
11.9765253067
8.9714307785
8.24926185608
7.56922054291
10.6770200729
12.5200490952
12.1485691071
14.3808088303
16.5353393555
19.852935791
20.5901966095
24.6711006165
26.8578567505
26.7169952393
22.5926132202
21.8194885254
21.8700466156
21.0151386261
16.9617004395
15.6742639542
17.7338352203
16.3261222839
11.3999385834
11.4151077271
9.29064464569
5.01094388962
5.78312397003
7.30193138123
6.84907674789
9.28850460052
13.848862648
15.9636220932
19.1662082672
21.3795833588
24.0196037292
26.8006572723
24.041267395
24.3599948883
29.2223987579
30.2042865753
34.163608551
37.4409065247
35.7165145874
32.7033882141
37.0131111145
39.7520065308
37.3141784668
36.5420188904
37.5504150391
34.5525550842
31.8487644196
33.5735969543
30.2238178253
26.4943027496
28.2142295837
29.4770507812
24.0672492981
21.7086086273
23.750541687
23.0863800049
18.2300491333
19.128660202
20.347782135
15.5941514969
13.4412126541
16.631023407
17.5320549011
12.7634372711
17.2146205902
19.5224304199
23.6596736908
24.5013980865
27.9719486237
27.5695304871
24.8905925751
30.8805332184
31.7497692108
29.8489952087
30.4609489441
35.347858429
34.7408485413
30.9598140717
35.6897315979
38.0419464111
34.8544616699
35.4280891418
39.8468780518
42.4668006897
37.4221115112
40.0866241455
45.0783576965
45.1345710754
48.198638916
45.4054222107
42.6908149719
41.2207794189
41.6719856262
40.0927467346
36.3374023438
36.2337188721
39.0948829651
37.649181366
33.2330474854
33.623374939
36.8527641296
31.494764328
28.7703723907
39.1111450195
38.5130844116
33.0059928894
34.6433105469
39.217338562
34.7038993835
31.1368312836
35.1369552612
36.629573822
32.7555847168
32.3793678284
36.3852119446
35.4107093811
30.6743392944
30.891242981
29.717754364
24.473279953
27.2684898376
27.4392261505
22.1125907898
21.6004142761
23.2154884338
23.5462474823
18.3572864532
18.3807754517
22.0802268982
20.3148040771
14.546918869
17.2995090485
20.3596286774
16.1198158264
12.8291654587
9.01773166656
12.6828956604
10.5979175568
11.0261106491
13.505109787
15.3721914291
15.027545929
17.2308330536
19.9721164703
21.1816005707
20.508934021
22.4229335785
25.7528133392
26.0361328125
26.4051208496
29.6683292389
30.3488368988
32.0642280579
34.0913772583
33.9308776855
36.2638320923
38.5514984131
42.9141998291
43.2857208252
45.8681678772
43.4480514526
45.6505203247
44.5171203613
39.7780456543
38.8469429016
41.0605964661
38.8545532227
35.196269989
36.7503662109
36.4436645508
31.694316864
31.5152587891
33.4786949158
31.7081298828
27.2675285339
28.3695983887
30.8261947632
26.9181442261
23.4096012115
27.1765422821
26.6926288605
22.2264766693
20.5507717133
24.1863880157
20.7313728333
17.1449546814
18.0584850311
14.5434484482
15.7222938538
19.0297164917
21.6597213745
20.1527004242
20.4728965759
24.3169174194
25.7060775757
24.7963695526
28.5714569092
31.5338611603
35.6409416199
36.5486221313
38.0459251404
34.5227661133
31.1497020721
31.8730297089
33.0947990417
29.3382549286
26.0634174347
29.4052829742
29.7305278778
24.7583312988
25.1264400482
21.0674762726
18.6626186371
16.234708786
15.9636192322
9.75203323364
12.2650775909
8.37614536285
6.54615354538
7.29211997986
6.27086448669
9.35493755341
11.4500370026
8.77468776703
10.8919029236
14.8307666779
17.2463760376
20.2886791229
24.1897678375
23.130405426
21.0260486603
25.6268939972
27.8732910156
25.8694953918
26.6689624786
28.4327373505
27.6317462921
22.6628379822
25.6550045013
24.2047634125
19.5532398224
18.0372047424
21.6213474274
18.4092388153
13.5309915543
14.4701385498
16.4092712402
12.8039464951
9.27646350861
12.9729824066
12.8761701584
9.0551815033
7.79462337494
13.1016025543
13.2091350555
19.4452095032
18.6070652008
22.5568637848
25.5230083466
27.6560726166
24.7025775909
21.3612709045
28.4433231354
27.2242107391
23.4562721252
25.3600139618
29.2273979187
26.914056778
22.3821201324
27.8479385376
28.9677143097
24.0976219177
25.6117572784
30.0788383484
30.8652038574
25.6985530853
28.4670391083
33.9501953125
32.5098991394
34.8472366333
31.502866745
29.6399879456
27.1068115234
27.2746009827
26.6785163879
23.2627677917
21.8856868744
25.0170898438
24.8103065491
20.0684127808
19.3273105621
24.3363761902
20.3399372101
16.1383914948
48.382106781
47.1979103088
42.143119812
43.3231086731
47.5038719177
42.7168464661
39.0485458374
42.5746612549
43.6466789246
39.5417633057
38.6502418518
42.1899337769
41.0957336426
36.0248718262
36.1172637939
34.8358306885
28.594209671
31.7699127197
34.1515579224
28.4137592316
27.2425575256
30.244890213
31.4885864258
25.4969882965
26.1708011627
31.0397415161
29.3975067139
23.5171012878
26.7294158936
30.4801216125
26.5604286194
23.5320644379
19.7168750763
22.8099594116
19.4420070648
18.2453365326
20.0039672852
23.7571735382
23.8382930756
23.7855968475
27.2002696991
29.4436454773
28.1218662262
27.9475307465
32.6648101807
33.9140777588
33.0742683411
35.2247924805
37.362575531
38.6379890442
39.7933158875
40.326839447
43.2138595581
44.7355957031
48.7516441345
50.1195793152
53.2082901001
51.3423919678
53.7182312012
52.1675186157
47.1908950806
47.3487091064
49.3246307373
46.3910140991
43.2137908936
45.4227523804
44.2853851318
39.5582809448
40.2778778076
42.3025932312
39.7246360779
35.6907501221
37.8301506042
39.6021652222
34.8518371582
32.7083282471
36.4360542297
34.9855422974
30.4082965851
30.115316391
33.1774864197
28.3319950104
25.8693084717
27.0166721344
24.5791625977
26.380317688
29.8488368988
32.6581611633
30.8409633636
30.8716468811
35.1404304504
36.4565620422
34.9952659607
38.6533584595
42.0547904968
46.0681533813
46.6218643188
48.5127563477
45.1925964355
41.2822113037
41.9944000244
43.7376899719
40.1477966309
36.5739707947
39.9029426575
40.5464782715
35.6678848267
35.8148193359
31.4105644226
29.4809036255
26.4790344238
26.800655365
20.2792835236
22.4259357452
18.6800346375
14.5702848434
11.4500427246
10.0546236038
6.29397344589
4.83393955231
5.79258060455
9.76906776428
9.76538276672
13.4305095673
14.9600458145
18.9732170105
19.5007972717
18.6992702484
22.623298645
24.278886795
23.4911708832
25.8682289124
27.7557353973
29.3302993774
23.2846641541
26.3982143402
26.9474563599
22.9155807495
18.6188697815
22.8134880066
22.4430904388
17.6411437988
16.4749565125
19.6317882538
18.9530620575
13.6068811417
16.5965003967
19.9710769653
17.732624054
13.4297742844
18.275144577
21.2801570892
26.2126102448
24.1997947693
26.9082794189
30.9462738037
31.7502098083
27.4284038544
24.9020671844
31.4839458466
28.6323051453
24.1863594055
27.2653179169
29.4117698669
25.7838668823
21.9340724945
27.1229763031
26.6961784363
20.8255977631
23.6283569336
27.379283905
25.8628368378
21.4641361237
24.3602561951
29.5450897217
26.4465179443
27.7753505707
23.8038902283
23.6271343231
19.8955402374
18.9189548492
19.750667572
17.7774715424
14.0219240189
16.7119235992
18.4517440796
14.1779193878
11.0261669159
17.778219223
16.6832237244
11.4344921112
40.7439193726
40.042224884
36.5824127197
34.7001113892
38.1935462952
35.8919372559
31.1455993652
31.6370239258
33.7242584229
31.2431850433
26.1781673431
28.7654476166
30.8985500336
26.7239952087
23.6931037903
20.5469779968
17.7303695679
23.089597702
25.2657928467
20.3071727753
22.6281967163
26.2989063263
26.3930454254
21.8883304596
27.11195755
31.10912323
26.8400363922
25.5635356903
31.9089241028
31.9359340668
29.4834594727
30.7551078796
28.5219306946
26.4088306427
22.6880645752
19.5104942322
17.7409934998
21.8396968842
22.9807891846
17.4198265076
19.4610462189
22.7742805481
21.1950912476
15.4740486145
20.5398464203
24.6823253632
21.6619243622
19.1020774841
24.0507335663
24.80560112
23.1627597809
24.143409729
28.6080055237
28.7131233215
30.8706169128
33.8284034729
38.3595123291
38.9597434998
40.2573127747
37.0344352722
33.826915741
36.194858551
36.2671890259
31.754617691
30.7490768433
34.1229476929
30.5721683502
27.3793106079
30.6888713837
32.2675209045
28.093421936
26.4843921661
31.5924339294
31.3172187805
25.7892951965
28.3840789795
31.8783721924
29.5530700684
25.1714763641
29.6638431549
32.0280380249
25.7232284546
26.8429164886
31.0062465668
29.4814586639
32.03881073
36.7616271973
39.0982170105
33.2480545044
34.4317779541
40.0015602112
38.289188385
35.0799636841
38.5476531982
41.545841217
44.9406394958
42.5864219666
44.94165802
43.6876792908
37.8251342773
37.3419723511
41.5792808533
40.1948204041
35.5185089111
38.2984848022
41.289226532
38.4080429077
39.5485038757
36.1351280212
36.3798904419
35.5245780945
36.5420188904
31.5318641663
36.2922363281
32.5211219788
32.4577217102
26.6689815521
30.9950809479
26.1591033936
26.1979198456
25.8682289124
21.9044818878
18.3225727081
16.7608261108
15.7856674194
13.1572790146
11.7320642471
8.30820560455
9.40726470947
8.96666908264
7.44349098206
5.13095855713
5.94281435013
7.53061199188
5.4488863945
9.16645812988
11.072763443
11.1298723221
9.96110153198
13.9405574799
16.2689037323
16.3313217163
17.646112442
20.5715923309
20.7807846069
21.8388404846
24.6102046967
26.0580692291
25.0065765381
27.7268886566
30.4769153595
30.8452339172
34.5705718994
30.1443901062
32.2664375305
31.7017326355
33.2635993958
31.9322776794
26.3946170807
28.2336177826
28.5969696045
25.3400497437
22.4425678253
25.0186500549
24.4972705841
19.5037479401
19.8148651123
21.2921085358
19.4523391724
15.4696950912
17.6359825134
20.0970020294
16.0596790314
13.3845233917
18.2862815857
18.9679393768
21.0304012299
20.8068027496
15.502530098
16.5676250458
21.2865848541
19.9822311401
15.3219747543
20.1425209045
23.9342575073
22.2627449036
20.7440490723
24.1057090759
27.1907806396
24.062210083
25.146282196
32.6668167114
31.3537254333
26.7904319763
27.0550289154
30.9983139038
26.8069095612
22.6030979156
25.5342483521
26.9511489868
23.1963329315
21.3577785492
24.9949188232
24.7362937927
19.7470245361
19.0461235046
17.5305709839
11.8689193726
15.8272027969
17.2379932404
11.3045349121
11.4412117004
14.6642522812
15.4952440262
9.44174766541
12.7596578598
17.585187912
14.8876466751
10.8548269272
16.5900802612
18.4065418243
16.0260753632
15.8971652985
14.7904138565
13.5252437592
10.9293060303
6.29661655426
8.56794548035
12.1594161987
10.4804391861
8.09189319611
13.2785358429
14.6111736298
11.9471225739
11.9500875473
16.4958286285
17.4119606018
15.8249254227
18.3117656708
20.3935451508
21.2620544434
22.50532341
23.5201740265
25.92735672
27.2923069
31.4029655457
32.7895469666
35.871131897
34.2889060974
36.6965942383
35.1806907654
29.9658660889
30.765045166
32.7291870117
29.5373382568
26.5897731781
29.5632534027
28.3519325256
23.3770217896
24.6332435608
27.5430793762
25.1215057373
21.0023899078
24.4012470245
26.7482910156
22.0799541473
20.6294555664
25.436132431
25.0119762421
19.5189704895
20.9382362366
25.1594791412
20.4381923676
18.6231117249
22.2472171783
18.3927783966
19.7720222473
24.1544532776
25.6389312744
21.4805793762
23.6775856018
28.1530857086
27.395904541
25.7909984589
30.0352630615
32.307598114
36.4578399658
35.5646514893
36.7806167603
34.313747406
29.7853279114
28.4365844727
31.5723648071
29.3247394562
24.9434242249
27.2052745819
29.2312469482
25.6015777588
25.7048969269
21.5080413818
21.7082843781
19.9442214966
21.7086048126
16.2912693024
21.7522106171
18.4892463684
18.3085899353
13.530995369
17.920917511
15.4240226746
15.6205291748
17.6411437988
13.1649866104
8.74036312103
12.4558525085
11.4452228546
15.3066968918
17.1487312317
15.5141077042
11.6882019043
15.6358804703
18.711977005
17.3582992554
16.331319809
16.5753078461
15.6145648956
11.7863969803
12.9433517456
11.2434253693
7.68699550629
7.59114456177
9.17420959473
5.87546014786
5.16421699524
7.51150894165
5.31555175781
7.06064081192
10.0123205185
10.2119932175
9.42973709106
12.7647590637
15.1040802002
14.7906074524
19.0551548004
15.3294429779
18.5901947021
19.1144733429
21.4152069092
19.7559223175
14.1071109772
19.2563419342
19.4057312012
15.8442487717
14.8637332916
19.4378490448
18.4776668549
12.8256072998
17.0359706879
19.3277988434
16.0559253693
15.0510635376
19.5503578186
22.4571170807
17.1091690063
18.9237880707
24.1521129608
24.5668048859
27.809431076
25.775718689
22.0641365051
21.7002086639
23.3374099731
21.0825881958
16.5261325836
18.7926292419
22.2957992554
19.9298000336
16.1206970215
18.9948616028
21.9138393402
16.26222229
15.8847208023
30.2293777466
28.1865062714
23.5247192383
25.5963191986
29.067445755
23.6559333801
20.8425865173
25.1320934296
25.5075645447
21.3053741455
22.5769844055
25.9958400726
23.8598308563
19.3478031158
20.7816429138
21.0036144257
15.8324050903
16.5075588226
17.2600212097
13.5610456467
10.7296009064
11.8601436615
13.7432432175
9.5896692276
7.00853061676
12.0277509689
12.9208126068
7.20386123657
8.82956790924
13.5114402771
12.7912340164
10.7586431503
12.6413488388
12.7396306992
13.233590126
10.5706920624
14.5936203003
15.4248495102
11.1201562881
13.5323610306
18.1815242767
17.109161377
14.3453245163
18.2248325348
20.7637901306
18.7923583984
18.5133686066
23.2965831757
23.3239269257
23.7193412781
26.3377742767
27.558423996
28.0631790161
29.7278862
34.4005584717
34.9175567627
36.7243080139
33.8540000916
36.9794998169
36.8246192932
30.6179065704
30.5619258881
33.7350730896
31.704744339
28.0417385101
30.5894794464
31.0810070038
25.7428207397
25.4438838959
29.139787674
28.3325767517
23.4339141846
25.0464363098
29.0619525909
25.8558044434
22.0280895233
27.0104427338
28.1564922333
23.059803009
21.9260215759
26.9217796326
24.3670787811
20.9994659424
23.4276256561
18.2636222839
17.7980575562
20.8712882996
20.7369117737
19.1813526154
22.388174057
24.9018001556
24.9617538452
25.215845108
29.559299469
30.6867141724
35.0843772888
35.2136878967
35.2227096558
32.1090240479
29.2050952911
26.7340545654
28.7380714417
26.236749649
22.7067890167
23.6298961639
24.6122245789
20.9073944092
19.4046840668
14.4881782532
15.3328580856
12.1227455139
15.5941457748
10.8169498444
16.5946521759
14.8702306747
14.409737587
12.8761739731
15.3051452637
16.5833377838
16.3600273132
19.9710693359
16.9461288452
14.0964126587
18.9547138214
17.6715488434
23.32787323
25.3915672302
24.6793289185
20.3872718811
24.0790958405
27.8645305634
27.0811920166
26.0580768585
25.4723300934
24.412109375
21.4456806183
21.1135692596
18.9761867523
16.5613861084
17.0199871063
15.6277399063
11.5042114258
10.2119932175
9.99936580658
8.16051101685
5.99310064316
7.43503046036
6.36791038513
6.00787687302
8.24366474152
7.50955247879
5.56792783737
9.54548549652
7.26870107651
11.5231256485
13.174487114
15.8175821304
14.370100975
10.3257703781
17.0461292267
17.1164798737
14.6934957504
15.6231384277
20.1570301056
19.4059410095
15.7964076996
20.4884300232
22.7285022736
20.0588169098
20.737279892
24.941400528
27.7840251923
23.1650428772
26.2277412415
30.5569343567
31.1185035706
34.6196861267
32.2978096008
29.5061569214
29.0928955078
29.1998252869
26.6098613739
23.2231884003
24.0842075348
26.4803791046
23.864282608
20.0563182831
22.180305481
23.6258163452
17.480966568
16.6698818207
36.0575294495
33.5927085876
29.217540741
31.8360843658
34.8918037415
29.0042381287
26.9450397491
31.370595932
31.0881175995
26.73985672
28.888666153
31.9169864655
28.9405231476
24.5989093781
26.7161636353
27.3588962555
21.6109008789
21.6236953735
23.5919589996
20.2626018524
16.5608654022
17.844171524
20.3066387177
16.420425415
12.9744272232
17.4512271881
19.4948825836
13.5507555008
12.8171730042
18.8407821655
18.01537323
14.4261207581
15.7243404388
17.7265338898
17.9645576477
15.8413534164
19.9675712585
21.2477741241
17.4755210876
20.0125961304
24.6447296143
23.8720588684
21.300825119
24.8142871857
27.7109985352
25.724023819
25.3896808624
30.0897331238
30.276594162
30.4787788391
33.0371894836
34.4894142151
34.8279876709
36.267162323
40.9242477417
41.5723838806
43.1351165771
40.0298690796
43.4247512817
43.5715065002
37.0701599121
37.0485572815
40.4644851685
38.5862846375
34.8970565796
37.3518867493
38.0402488708
32.6958312988
32.2090377808
35.8653755188
35.1604652405
30.2188186646
31.4145946503
35.4947280884
32.3103218079
28.1537799835
32.9038887024
33.9457054138
28.9898509979
27.1840629578
32.0140304565
29.5274467468
25.7762508392
27.3884944916
22.3488044739
21.7132759094
24.1096687317
23.8927783966
23.9903793335
26.6722621918
28.5772724152
29.5627765656
30.2755374908
34.4695549011
35.6470756531
40.0456771851
40.798210144
40.6775283813
37.2081871033
34.8837661743
32.6727638245
34.029499054
31.1602954865
28.1472053528
28.9554290771
29.1932373047
25.2304592133
23.1387138367
18.146446228
18.3833789825
13.9242229462
17.5320510864
12.347826004
16.8391914368
15.4943199158
12.6973733902
13.1015996933
12.1400785446
15.6623249054
14.1588964462
18.2751369476
17.1025524139
15.4937419891
19.8729133606
18.7502288818
24.9305877686
27.2029800415
27.445646286
23.3014221191
26.9268722534
30.8791923523
30.7295532227
30.4769306183
29.8321800232
29.9259719849
26.1927814484
25.820438385
24.6278438568
22.1954040527
21.1502132416
19.7366275787
17.1151161194
15.1040830612
13.2232179642
11.7595729828
11.713019371
9.68537521362
6.8292555809
7.50955057144
9.96735668182
6.42499446869
6.24053573608
8.7503528595
7.94521713257
10.8309020996
15.4038515091
16.4656257629
13.1699934006
12.1740674973
19.2680664062
17.4541168213
14.9684782028
18.4252281189
21.4999084473
19.6394958496
17.4545516968
22.5772457123
23.7482337952
20.5559673309
22.9221248627
26.8119487762
28.3696308136
24.3327903748
28.1988220215
32.1464080811
31.9225482941
35.1622009277
32.3900756836
30.7507743835
29.8366279602
28.6750392914
26.3740177155
24.1265354156
23.4477310181
24.9349727631
22.8453102112
19.1837368011
20.19764328
20.9653530121
15.7457990646
14.0081243515
36.0575294495
33.5927085876
29.217540741
31.8360843658
34.8918037415
29.0042381287
26.9450397491
31.370595932
31.0881175995
26.73985672
28.888666153
31.9169864655
28.9405231476
24.5989093781
26.7161636353
27.3588962555
21.6109008789
21.6236953735
23.5919589996
20.2626018524
16.5608654022
17.844171524
20.3066387177
16.420425415
12.9744272232
17.4512271881
19.4948825836
13.5507555008
12.8171730042
18.8407821655
18.01537323
14.4261207581
15.7243404388
17.7265338898
17.9645576477
15.8413534164
19.9675712585
21.2477741241
17.4755210876
20.0125961304
24.6447296143
23.8720588684
21.300825119
24.8142871857
27.7109985352
25.724023819
25.3896808624
30.0897331238
30.276594162
30.4787788391
33.0371894836
34.4894142151
34.8279876709
36.267162323
40.9242477417
41.5723838806
43.1351165771
40.0298690796
43.4247512817
43.5715065002
37.0701599121
37.0485572815
40.4644851685
38.5862846375
34.8970565796
37.3518867493
38.0402488708
32.6958312988
32.2090377808
35.8653755188
35.1604652405
30.2188186646
31.4145946503
35.4947280884
32.3103218079
28.1537799835
32.9038887024
33.9457054138
28.9898509979
27.1840629578
32.0140304565
29.5274467468
25.7762508392
27.3884944916
22.3488044739
21.7132759094
24.1096687317
23.8927783966
23.9903793335
26.6722621918
28.5772724152
29.5627765656
30.2755374908
34.4695549011
35.6470756531
40.0456771851
40.798210144
40.6775283813
37.2081871033
34.8837661743
32.6727638245
34.029499054
31.1602954865
28.1472053528
28.9554290771
29.1932373047
25.2304592133
23.1387138367
18.146446228
18.3833789825
13.9242229462
17.5320510864
12.347826004
16.8391914368
15.4943199158
12.6973733902
13.1015996933
12.1400785446
15.6623249054
14.1588964462
18.2751369476
17.1025524139
15.4937419891
19.8729133606
18.7502288818
24.9305877686
27.2029800415
27.445646286
23.3014221191
26.9268722534
30.8791923523
30.7295532227
30.4769306183
29.8321800232
29.9259719849
26.1927814484
25.820438385
24.6278438568
22.1954040527
21.1502132416
19.7366275787
17.1151161194
15.1040830612
13.2232179642
11.7595729828
11.713019371
9.68537521362
6.8292555809
7.50955057144
9.96735668182
6.42499446869
6.24053573608
8.7503528595
7.94521713257
10.8309020996
15.4038515091
16.4656257629
13.1699934006
12.1740674973
19.2680664062
17.4541168213
14.9684782028
18.4252281189
21.4999084473
19.6394958496
17.4545516968
22.5772457123
23.7482337952
20.5559673309
22.9221248627
26.8119487762
28.3696308136
24.3327903748
28.1988220215
32.1464080811
31.9225482941
35.1622009277
32.3900756836
30.7507743835
29.8366279602
28.6750392914
26.3740177155
24.1265354156
23.4477310181
24.9349727631
22.8453102112
19.1837368011
20.19764328
20.9653530121
15.7457990646
14.0081243515
32.5735054016
28.5831489563
25.8439216614
28.4926300049
29.9029903412
23.4164619446
22.7099056244
26.6920719147
24.8652591705
20.5023784637
24.388633728
26.1604251862
21.7639427185
18.2374458313
21.7582931519
23.9303073883
18.9566917419
16.1957740784
19.7525978088
18.9118003845
13.4267196655
14.2155313492
18.2537899017
16.5611782074
12.1498441696
16.0973739624
20.2863178253
16.5625400543
14.7938375473
20.3597736359
22.1379699707
20.2536277771
23.3365306854
23.3963623047
24.3004760742
21.0734100342
24.9581317902
25.899438858
21.0099143982
22.5162944794
27.6095867157
25.7688236237
22.1319580078
25.8371620178
28.0485668182
24.8283481598
23.63189888
28.6624679565
28.6297149658
27.4494380951
30.0243473053
32.7579193115
31.5460662842
31.9974040985
36.5086555481
37.5288238525
38.3500328064
35.1222877502
39.2934761047
40.2635574341
32.7211036682
33.8835334778
37.8649253845
36.1059875488
32.868888855
36.1251220703
37.2112159729
31.8829650879
31.5801696777
36.2577018738
36.133140564
31.4355945587
33.1147842407
37.7555656433
35.0746917725
31.421163559
36.5094947815
38.2633705139
33.2200279236
32.1961021423
37.3591575623
35.1625480652
31.9444828033
34.366771698
29.0449485779
27.9823131561
30.2261734009
28.6036205292
28.4121608734
32.3302688599
33.5748100281
33.5561065674
34.7145042419
38.9755821228
39.0300559998
43.3536109924
43.3905563354
42.3156661987
39.4425239563
37.4330863953
33.0730056763
35.0670623779
33.4491539001
30.4755477905
29.4028167725
30.2154331207
27.7571716309
24.5568008423
19.9325294495
22.5546646118
18.7275657654
23.6596622467
20.1697616577
25.2730712891
24.5367622375
22.7457828522
22.5568752289
22.2046108246
25.0875968933
22.9128284454
26.9082870483
25.3190612793
21.8118267059
25.7485904694
22.6360988617
29.4322357178
30.1985454559
30.7634181976
25.7553691864
28.0763874054
32.7490539551
33.6055488586
32.2664451599
29.8759593964
30.2116260529
28.2020072937
25.3089771271
24.2219047546
24.0539550781
24.0307712555
19.0524158478
17.4170684814
18.5902004242
16.0889835358
12.2979125977
15.1027154922
16.0824394226
11.3803062439
11.5231275558
16.6304454803
15.8109884262
10.8308963776
11.8637075424
7.93847036362
5.04171085358
6.87688875198
6.42488765717
5.07431507111
6.70531606674
10.9891176224
10.0587005615
10.567076683
13.2250423431
15.5572738647
15.5972852707
15.7860612869
18.8783779144
20.6559829712
20.2309398651
21.7550792694
24.6168785095
27.6100826263
24.7636432648
28.4380874634
30.8398399353
32.2513771057
36.128200531
34.3890151978
32.2866668701
33.0195579529
31.9066162109
28.3547840118
26.5778484344
27.5551242828
28.306842804
24.6223526001
22.4856185913
25.3581314087
23.2644767761
17.5016651154
19.156583786
27.1595954895
22.7837123871
20.7080154419
23.1173763275
23.9560146332
17.478017807
17.2151298523
20.9182510376
18.7201480865
14.4794149399
19.083562851
20.4821567535
15.8520021439
12.911231041
16.8542900085
19.6236553192
16.1133384705
12.1675453186
14.9377593994
15.7844486237
10.601568222
10.1306467056
14.2997541428
14.4976015091
10.4991579056
13.1166133881
17.6611671448
15.9210348129
14.4619445801
18.3486270905
21.2788410187
20.7735309601
24.5290718079
23.2918395996
24.687297821
21.4284381866
24.7983436584
25.0805053711
19.9758644104
21.1351566315
25.7969779968
23.2885379791
19.5143985748
23.4946842194
24.7669296265
20.8901252747
19.6155509949
24.8059101105
24.2382946014
22.5656890869
25.3058109283
28.2884063721
26.2900257111
26.5461883545
31.0091743469
31.8747882843
32.3633537292
29.0928764343
33.4183998108
34.6792564392
26.9455127716
28.4139709473
32.5272674561
30.9401988983
27.9198150635
31.3864917755
32.6990356445
27.5758609772
27.2798137665
32.2773780823
32.5323638916
28.1399841309
29.9444732666
34.7085418701
32.5150909424
29.2279434204
34.2652702332
36.4160804749
31.5933418274
31.0213356018
36.160243988
34.3632965088
31.5713024139
34.4090461731
29.1635761261
27.9600276947
30.196018219
28.1202831268
27.2312240601
31.6602325439
32.7483940125
31.9408931732
33.1226577759
37.2831268311
36.7928085327
40.9489250183
40.4524726868
39.0186729431
36.6258239746
34.6400337219
29.3464698792
31.7937011719
30.9489898682
27.9647121429
26.0928440094
27.4512233734
25.9096488953
22.7178592682
18.7253704071
22.3295402527
19.6060714722
24.5013771057
22.0581207275
27.4441299438
26.8492202759
26.3133411407
25.5230197906
26.6033439636
28.6806678772
27.1465091705
30.9462890625
28.4632434845
24.3687744141
28.388835907
25.0532932281
31.4136447906
31.778470993
31.7686023712
26.6819076538
28.6329059601
33.208896637
33.8213157654
31.7017307281
28.9267101288
28.3756732941
27.6278934479
24.0836315155
22.3163337708
23.0450706482
24.3589324951
18.6469478607
16.4627857208
19.1144695282
17.6198673248
13.4906225204
15.6948432922
18.5863571167
14.7562055588
13.1744842529
18.17552948
19.6178970337
15.4038543701
14.43679142
10.8146915436
8.0665140152
6.87688875198
5.56308984756
8.80080318451
7.7676410675
8.81967544556
11.0878620148
12.716711998
12.3567857742
15.585319519
17.2989559174
17.0773410797
18.9320583344
21.6839103699
22.3508853912
22.4244194031
25.0721168518
29.2975597382
26.4200229645
29.365852356
31.5579452515
33.9079208374
38.0200233459
36.8069076538
33.8955841064
35.2465362549
34.949546814
31.1005249023
28.7300357819
30.8425312042
32.0311775208
27.9101028442
25.926317215
29.5008621216
27.6050853729
21.434091568
23.67943573
31.2057228088
26.626329422
25.3516235352
26.3981590271
26.7195854187
20.969669342
20.0876636505
22.3451728821
19.8813781738
15.9359874725
18.8019123077
19.1669940948
14.7934350967
11.5788564682
15.0024318695
17.8843002319
13.8908729553
9.52017211914
16.0087604523
16.5451641083
11.456079483
13.3485994339
17.6739368439
16.8236141205
15.3876180649
19.0929679871
21.8682117462
20.2048034668
20.9191455841
24.2459774017
26.4109687805
26.2594585419
28.9121227264
27.4066753387
27.5881099701
23.3789730072
26.251537323
27.7268009186
23.2216110229
22.2830162048
27.4146633148
25.7954292297
21.5302829742
23.4431095123
25.6760883331
23.0226135254
20.1980571747
23.9474143982
24.941734314
22.5866966248
24.1223258972
28.1144275665
26.5743694305
25.6567306519
29.5563640594
31.7102451324
32.830039978
30.6188411713
34.9282112122
35.5869903564
27.7905273438
30.8753738403
34.3987541199
31.8986091614
29.6822566986
33.9408493042
34.2119369507
29.2793865204
30.1622829437
35.1164894104
34.5311737061
30.6499919891
33.6952362061
37.7119522095
34.7559127808
32.8072662354
37.9506111145
39.380153656
34.259513855
34.9982261658
39.9458694458
36.9980392456
34.8998146057
38.3480529785
33.4292449951
32.990146637
35.9794464111
34.6226882935
32.550868988
36.7217254639
38.7946434021
37.615940094
37.9495925903
42.203414917
42.2131576538
46.3296279907
45.1658439636
44.2183761597
42.2282066345
39.3562774658
34.1764030457
37.4589920044
36.855758667
33.3093452454
31.9226284027
33.9397468567
32.367401123
29.7974224091
25.7366771698
29.0164318085
26.3100547791
30.8805351257
27.2734718323
33.0881271362
31.634967804
30.4404354095
28.4433040619
29.4773845673
30.4434509277
28.152967453
31.4839668274
29.0876045227
24.1627788544
27.0383262634
22.7044448853
28.7517318726
27.9658527374
28.5054206848
23.3958473206
24.1057434082
28.8423461914
30.4959487915
28.2336349487
24.4146308899
25.2464752197
24.992515564
20.0347537994
19.615530014
21.8173217773
22.406703949
15.0878171921
15.6135044098
19.2563419342
16.8697299957
13.1341629028
17.5235671997
20.1012878418
16.3679847717
17.0461235046
21.7591724396
22.7247428894
19.2680606842
19.901720047
17.3189735413
13.0453176498
10.9891147614
8.81967163086
7.59638357162
9.38802051544
7.82080078125
6.22340202332
8.93505573273
7.02676010132
8.53297996521
11.5383682251
12.6620254517
12.4063920975
15.1976156235
17.5718708038
17.0009346008
18.5900611877
23.2808666229
21.3920917511
23.9337921143
25.0143356323
28.0921268463
32.3210601807
31.8142356873
28.8296489716
31.1248397827
30.9259929657
26.6043758392
24.7642326355
27.7858943939
28.561668396
23.8326091766
23.0245399475
27.5405826569
24.4962520599
18.7853870392
22.716676712
33.0736808777
29.3193416595
27.1940040588
27.5984115601
28.9064693451
23.6876907349
21.424571991
23.5164794922
22.2391777039
18.2600975037
18.8334007263
20.0033988953
17.2819385529
12.8890018463
14.5202503204
16.0259494781
10.4330053329
8.87151432037
15.8862581253
14.3726701736
10.0232486725
13.714466095
17.521320343
14.8407554626
15.2782020569
20.0174617767
21.0537719727
18.7747497559
21.2943954468
24.3540630341
25.2966957092
25.2020130157
26.7274589539
25.2362575531
24.433549881
19.8274707794
22.3362445831
24.6915931702
20.9018001556
18.7896823883
24.1860656738
23.5388736725
19.2665996552
19.8172016144
23.1389274597
21.8217525482
18.4812870026
21.3529529572
23.4902744293
21.6749382019
22.5962181091
26.3638134003
26.1775417328
25.4360408783
29.2595596313
31.8236045837
33.8859481812
32.2660598755
36.0456962585
35.7827186584
28.5975589752
31.6859149933
34.5900192261
31.4359703064
29.2869548798
33.6095428467
33.0338363647
28.0541057587
29.5515727997
34.0538635254
32.6280136108
28.8427906036
32.528842926
35.8848342896
32.1643753052
30.8731403351
36.0234260559
36.7210464478
31.3871822357
32.8012924194
37.5193138123
33.6968727112
31.9571380615
35.6502151489
31.0935516357
31.314863205
34.8975524902
34.4362564087
31.4832839966
35.1475067139
38.1435203552
36.9536094666
36.5304756165
40.8474464417
41.6093254089
45.7637672424
44.4232559204
44.2167701721
42.2085914612
38.5583190918
34.3285331726
37.9199676514
36.9455833435
32.934211731
32.6116027832
34.8807144165
32.7056808472
30.9120483398
26.5974006653
29.128370285
26.4907226562
30.4609584808
25.9348602295
31.8864250183
29.716211319
28.3460350037
25.3600120544
26.8629417419
26.699136734
24.4124221802
27.2653217316
24.6445045471
19.4176692963
21.7155303955
17.2394981384
22.8879566193
21.9301223755
22.452507019
17.3995456696
18.035150528
22.7651996613
24.5049991608
22.4425678253
18.7407188416
20.2041168213
19.3862018585
14.5553359985
14.7988700867
16.9470081329
16.8371276855
9.39880084991
11.3400468826
14.8637304306
12.2546806335
9.45803165436
14.442076683
16.6551361084
13.8819904327
15.6231422424
19.4846630096
20.484500885
18.4252376556
19.5680503845
18.8928222656
13.8753118515
13.2250442505
12.3567790985
12.0851612091
11.6138534546
7.77780008316
7.02675628662
7.2924618721
6.68220043182
6.27948522568
8.21768856049
7.44823646545
7.46950674057
10.6889162064
12.4193735123
11.2164525986
13.421421051
18.2068805695
15.7111101151
18.0973854065
19.8755073547
22.6733264923
26.8863811493
26.3032054901
23.012928009
25.2657470703
25.5055294037
21.2587623596
18.9960746765
22.4790534973
23.6792011261
18.9985046387
18.0797348022
22.9356956482
20.6477642059
14.8439540863
18.9215564728
40.8346405029
36.9107131958
34.7696647644
35.4298057556
36.6678009033
31.2144527435
29.2112541199
31.3779888153
29.8352298737
25.8588829041
26.5930576324
27.5041179657
24.5087432861
20.4631137848
22.1617469788
23.4047737122
17.3764095306
16.5153808594
23.7072944641
21.5095310211
17.1203308105
20.9700260162
24.8805809021
21.2962112427
21.2100200653
26.4990291595
27.7347240448
24.205663681
26.3869476318
30.551076889
30.8404846191
29.7513484955
30.4978027344
30.1035633087
28.6124134064
23.9564056396
26.659324646
29.8884067535
26.4976005554
24.3938426971
30.0251064301
30.0737686157
25.9735622406
25.8777046204
30.0238304138
29.2513198853
25.9575233459
28.3146286011
30.9943828583
29.3445396423
29.9038791656
33.6403312683
33.8831367493
32.9437484741
36.4707756042
39.3969955444
41.5585250854
40.0499420166
43.8803253174
43.5299568176
36.3966293335
39.5760116577
42.4295539856
39.1382675171
37.0447616577
41.3241577148
40.5249633789
35.5375556946
37.112197876
41.4300613403
39.6735954285
35.8298797607
39.5138816833
42.6831245422
38.516784668
37.201877594
42.3496894836
42.5897369385
37.1027679443
38.3791389465
43.0205345154
38.6252174377
36.7310180664
40.1330299377
35.6740684509
36.1463317871
39.7836799622
39.6786727905
37.2290115356
40.4588317871
43.6328086853
43.0025634766
42.5139884949
46.8942909241
48.0725708008
52.3414459229
51.3046569824
51.3272361755
49.035610199
45.3463897705
41.6156806946
44.9598083496
43.5488510132
39.5448722839
39.5949058533
41.5208740234
38.8368873596
36.8894882202
32.1845359802
34.1842689514
30.7858371735
34.740852356
29.3205394745
34.9327087402
32.481338501
29.6993579865
26.914068222
26.7310409546
26.7627906799
23.2263374329
25.7838630676
24.54114151
19.7732105255
20.781621933
15.8644981384
21.6688594818
20.2122421265
22.2641525269
17.6055641174
17.5452651978
22.401227951
25.4070930481
24.4972763062
20.8013820648
24.3515071869
22.3076438904
17.9092235565
19.8881244659
21.4797401428
19.2150630951
12.7921094894
16.6162719727
18.477678299
14.3559236526
12.7717962265
18.6947021484
18.5679626465
15.3258323669
19.4059429169
23.0525817871
21.6423435211
19.6394958496
22.7887573242
21.96849823
17.1496105194
15.5972929001
17.29895401
15.2801675797
12.442908287
11.4422292709
11.5383672714
7.45727300644
5.85123586655
8.21768951416
5.23062086105
6.49464654922
6.42691659927
5.94749164581
8.00476264954
9.7188911438
10.6586055756
13.1521368027
12.2520141602
15.7228298187
16.3994693756
18.2469081879
22.2715873718
21.5588817596
19.7157897949
21.968711853
20.7877292633
16.3313293457
16.046251297
18.5073986053
18.3259048462
13.4047079086
14.0131311417
18.8190155029
14.4917707443
10.2464876175
15.6165122986
38.9103279114
35.3647842407
33.3510398865
33.1731719971
34.5077133179
29.8023662567
27.2100830078
28.6288127899
27.6008892059
24.0207004547
23.2708568573
24.0850849152
22.2262115479
18.1470298767
18.6764812469
19.3324661255
13.8422050476
14.062163353
21.2335319519
18.9310684204
15.7746772766
19.9507656097
23.3004112244
19.8023586273
21.3151454926
26.3521156311
26.4480800629
23.8740463257
27.2447128296
30.2386741638
30.3864936829
30.1855049133
30.660490036
29.4287166595
27.6130619049
22.791261673
24.7017707825
28.0604305267
25.1882629395
21.9164524078
27.2130622864
27.5932121277
23.5413856506
22.2734146118
26.4950313568
26.4673061371
22.6479358673
23.9697704315
27.3173923492
25.6006031036
25.4890041351
29.3618583679
30.0617179871
28.8317813873
31.9951210022
35.3258056641
37.9648284912
37.0938796997
40.5705947876
39.698890686
33.0429534912
36.6754798889
39.0040092468
35.3027839661
33.659488678
38.143081665
36.7569503784
32.0965690613
34.2540092468
38.3459777832
36.1958770752
32.8517799377
37.1247596741
39.748134613
35.4042205811
35.0234794617
40.0242881775
39.9664535522
34.5851707458
36.7470397949
41.1129684448
36.389995575
35.1576805115
39.0052719116
34.9281616211
35.7525672913
39.7308692932
39.9128189087
36.4577217102
39.6250267029
43.2875099182
42.1172943115
41.0960273743
45.3799438477
46.6953468323
50.8020515442
49.2184066772
49.5300331116
47.6420288086
43.4385414124
39.8019371033
43.6575393677
42.5715789795
38.3036384583
38.5714149475
41.0088005066
38.5718345642
37.184009552
32.7756080627
34.8303756714
32.106010437
35.6897277832
30.4193305969
36.2655410767
33.5212478638
31.5413360596
27.8479328156
29.0301876068
27.8786697388
25.0508575439
27.1229743958
24.9485473633
19.6708621979
20.2648220062
15.2823047638
19.8850440979
17.6898727417
19.1095542908
14.584397316
13.5894479752
18.3396453857
21.3795795441
19.8148651123
15.4989824295
19.2212581635
18.0986862183
12.8608417511
15.3380842209
17.9669132233
16.2500629425
9.1985912323
14.2543811798
17.0359783173
13.8603477478
12.9296178818
18.2871284485
19.250169754
17.2582511902
20.4884376526
23.5236053467
23.6654129028
22.5772438049
24.727098465
24.7288856506
19.5962696075
18.8783779144
18.932056427
17.9734249115
16.440196991
13.3949813843
12.4063863754
10.9289169312
9.32845687866
7.46950674057
6.00102806091
6.42691659927
6.21559762955
4.62407636642
8.1076002121
5.98713207245
6.62898445129
11.6713705063
10.297586441
12.2225284576
13.0310382843
16.1660575867
20.4308986664
20.4389858246
17.2496376038
20.3312587738
20.641740799
16.1341495514
14.6593494415
18.883184433
19.6653499603
14.7596626282
15.2771482468
20.6581630707
17.7901573181
13.488158226
18.4445133209
49.3961029053
46.5015296936
44.3514976501
43.3743362427
45.0655479431
41.2101249695
37.9934387207
38.6621055603
38.3602218628
35.3102111816
32.7755355835
33.5127334595
33.1213302612
29.3253383636
28.4554405212
27.7601737976
23.2133731842
25.3502941132
31.7148075104
28.4238929749
26.9640026093
31.3917045593
33.9224205017
29.6438064575
32.451965332
37.6247024536
36.2753601074
33.580291748
38.0672721863
40.6279029846
39.5801353455
39.3999137878
38.3084182739
37.388256073
34.2633857727
29.7679748535
30.4475345612
34.8395729065
33.5873985291
29.1240787506
33.5568962097
35.411190033
32.0780830383
28.5256958008
33.5433883667
35.3730697632
31.3615245819
30.5344944
35.2008590698
34.0026931763
32.6088752747
35.9871101379
38.1639633179
36.6467399597
38.7529678345
42.8197288513
46.3437080383
46.5495605469
49.3085403442
47.3917007446
41.9973678589
45.951965332
47.2780075073
42.9226837158
41.9695167542
46.371723175
43.7827415466
39.822517395
42.789730072
45.9809608459
42.7687034607
40.2596702576
45.161895752
46.4771537781
41.3672447205
42.410697937
46.8946990967
45.5896492004
40.4939498901
43.7111968994
47.2500343323
41.3604660034
41.0717086792
44.9507369995
41.9400062561
43.6761283875
48.1214828491
49.3611602783
45.1127357483
47.3437423706
51.9903869629
50.8365592957
48.8428039551
52.8962135315
55.122833252
59.0354576111
57.1038551331
58.3434410095
56.6724090576
51.6404418945
49.2061233521
53.353225708
52.0634765625
47.4991874695
48.7853813171
51.4442176819
48.6227493286
48.0224113464
43.63463974
44.8921508789
42.3241462708
45.0783538818
39.1034317017
44.4791526794
40.9888725281
38.5481758118
33.9501914978
34.9964942932
32.1334495544
29.1978569031
29.5450878143
28.1215572357
23.8277950287
21.4285984039
17.4604587555
17.9330387115
13.5309381485
16.3193626404
14.9678678513
11.003911972
13.2140436172
18.2862815857
18.2862854004
14.6862316132
21.1582279205
19.6477146149
16.3094062805
20.8284854889
23.1569843292
19.6847133636
16.9650306702
22.8651485443
24.1521034241
21.5048866272
22.8568096161
27.2258834839
26.7855491638
26.4620075226
30.5569438934
32.1040344238
31.5687999725
32.146396637
34.9666366577
36.1743888855
31.1319179535
30.8398342133
31.5579547882
30.5526256561
28.2403812408
25.432636261
25.0143241882
22.9722175598
20.7173233032
19.8755111694
17.7056121826
16.3994636536
15.9531745911
13.0310382843
11.0427131653
12.3846416473
10.3520174026
7.1975607872
6.42453432083
8.8135471344
6.61212825775
6.27895832062
9.7288684845
11.8018341064
9.09816646576
13.8321437836
15.063533783
11.7156944275
12.3268756866
16.9002189636
17.1507301331
13.9900016785
16.7182617188
21.2607707977
19.1643753052
18.8289546967
22.9113693237
55.9415550232
53.5782356262
50.3734016418
49.8988800049
52.5399513245
48.2944221497
44.6678009033
46.1869316101
46.4075698853
42.8665351868
40.4474258423
42.1577796936
41.6596260071
37.1660842896
36.4201393127
35.2026557922
29.6032485962
32.6311569214
38.2910690308
33.618927002
32.2647895813
36.8054733276
39.0775909424
33.6055297852
36.1401939392
41.7531356812
39.9943466187
35.9570846558
40.5115661621
43.6862449646
41.3674278259
40.2325515747
37.7991943359
38.184928894
34.3105316162
30.5537948608
31.1746883392
36.1366767883
35.7720565796
31.9521961212
36.122505188
38.7982673645
36.0890197754
32.6077308655
38.2552528381
40.6092338562
37.3106918335
36.8385314941
41.3704452515
41.0988578796
40.1458396912
42.5522041321
45.5760002136
44.933216095
47.4819374084
51.0246810913
54.7971878052
54.6167221069
57.16979599
54.9803161621
49.8747596741
52.8449020386
54.141544342
49.8755912781
48.3466949463
52.1779098511
49.5407829285
45.3772964478
48.0117530823
50.6359825134
47.081401825
44.2658538818
48.7105445862
49.6983184814
44.1655464172
44.8064041138
48.9961776733
47.0109519958
42.0354499817
44.721736908
47.8290100098
41.5048294067
40.999584198
44.1391944885
41.7246932983
43.8916625977
48.3119850159
50.4194259644
46.6073417664
47.8568191528
52.8560218811
52.5093154907
50.2646636963
54.1917037964
57.2347831726
61.1916160583
59.9130821228
61.7692909241
59.5802650452
54.4720611572
53.4225997925
57.0090026855
54.8484077454
50.3558502197
52.6599807739
54.7997665405
51.0862998962
50.8513069153
46.2161216736
46.3359985352
43.4344520569
45.4054412842
38.7768516541
43.181060791
39.3255805969
35.979309082
31.5028800964
31.4606609344
27.9555664062
24.8195743561
23.8039016724
23.9695644379
21.647687912
17.4335823059
15.615688324
13.8310136795
10.5733976364
14.772857666
15.6574783325
13.6343450546
13.9251213074
18.2796497345
20.8067989349
20.105638504
26.2068595886
22.2412452698
22.1212711334
26.2728767395
26.3093090057
21.0629196167
21.8928127289
26.8284988403
25.7757225037
23.0340309143
25.7392559052
29.1994991302
26.6300621033
27.3463020325
32.2978172302
32.6419067383
30.4250278473
32.390083313
36.0808067322
38.4864311218
33.9969558716
34.3890075684
36.8069038391
35.9242095947
32.1633338928
29.7288455963
31.8142318726
28.5315532684
25.0034942627
26.3032226562
24.8295211792
21.5588760376
20.2447433472
20.4389858246
17.6906681061
14.9449243546
15.9942970276
15.4039859772
10.0908746719
11.0000534058
10.668211937
11.8018341064
6.18791246414
4.89817619324
6.33353662491
6.51226949692
5.74492120743
6.60336780548
9.84922790527
10.3918943405
10.0111093521
10.8717002869
13.4804401398
15.302441597
15.5181493759
18.1552963257
19.8857860565
52.6332015991
50.8057403564
47.1537399292
46.6034507751
49.7616004944
45.7605895996
41.753742218
43.4083824158
44.1869087219
40.6641998291
37.8044433594
40.0469436646
40.0121421814
35.2900772095
34.1567420959
32.4459190369
26.8974475861
30.7011165619
35.441204071
30.2238750458
29.5840244293
34.0134468079
35.7634849548
30.0334663391
33.0385513306
38.4903411865
36.0723419189
32.0801582336
37.1005973816
39.8056144714
37.0025062561
36.0373535156
33.1525497437
33.4804382324
29.350484848
25.928478241
26.1417942047
31.1650047302
31.3662528992
27.5105381012
31.2681465149
34.2870025635
31.9908828735
28.3128395081
34.0160064697
36.7686691284
33.8081474304
33.2465782166
37.6839103699
37.9133377075
37.0774040222
38.8984947205
42.3842887878
42.2227668762
44.9219512939
48.1045455933
52.0573387146
51.8343238831
54.0843162537
51.6570243835
46.9737014771
49.4316215515
50.5259284973
46.3070640564
44.6250267029
48.1392974854
45.4061889648
41.3234443665
43.8939857483
46.1446990967
42.43932724
39.6821861267
44.0185585022
44.7201004028
39.1066589355
39.8503837585
43.8183059692
41.5953788757
36.7602043152
39.519657135
42.369644165
35.9429473877
35.5957298279
38.6825675964
36.6059951782
39.0019454956
43.4966239929
45.9571380615
41.8618240356
42.7727546692
48.009552002
47.6596221924
45.1610336304
48.9626350403
52.25415802
56.117099762
54.8800201416
57.0140151978
54.821472168
49.5781860352
49.1058883667
52.599395752
50.2892456055
45.7965698242
48.541633606
50.6677207947
46.8150520325
47.0065574646
42.5439033508
42.2921562195
39.7408294678
41.2207641602
34.6787986755
38.8966712952
34.8800163269
32.0217208862
27.1068210602
27.9262866974
23.6301498413
21.2635059357
19.8955364227
19.3506736755
17.2999629974
12.6945056915
11.9026498795
8.48509120941
5.84893321991
9.63600349426
11.5025072098
10.6358337402
10.2451810837
13.4588527679
16.5676307678
17.1718845367
22.4762058258
17.7842178345
19.1733627319
22.833984375
21.9975852966
16.57579422
19.2713336945
23.4365539551
21.7002124786
19.7089424133
23.0689640045
25.5185375214
22.9346599579
24.6379985809
29.0929069519
28.6739292145
27.062877655
29.8366336823
32.9775161743
36.2221069336
31.8693332672
33.0195617676
35.2465209961
35.0782432556
31.4605579376
28.1700229645
31.1248550415
28.3950614929
24.382106781
25.265745163
25.1170063019
21.9687023163
19.071264267
20.3312606812
18.5585784912
14.6245231628
15.0839042664
16.0327339172
12.499420166
10.4275379181
9.975233078
13.8321466446
9.36292934418
9.34969329834
6.51226806641
6.03786945343
5.97733640671
7.41898727417
7.20838308334
8.06678104401
10.3787498474
11.4915885925
11.9086484909
13.4732484818
16.3107662201
17.444601059
18.0488357544
53.5521965027
51.0081863403
47.3530044556
47.8143348694
50.6590614319
45.6403312683
42.3550491333
44.8422927856
44.7967185974
40.7442245483
39.6419296265
41.8042221069
40.3106269836
35.5066757202
35.7144622803
35.0186080933
28.4343032837
30.8453426361
36.3241920471
31.4776382446
29.1220798492
33.3902397156
36.0064315796
30.2618122101
31.4553756714
37.2509422302
36.3898086548
31.2798690796
34.8264694214
39.0216255188
36.6538963318
34.5346984863
32.2543983459
33.648273468
30.1885986328
26.6541671753
28.3415126801
33.0473060608
32.0463600159
29.6388034821
34.349155426
36.5136680603
33.7217521667
31.8538303375
37.393825531
38.7898902893
36.1071166992
37.1549911499
40.786239624
40.6782836914
40.7133636475
42.9663925171
45.4512672424
45.3765525818
48.7118148804
51.5942230225
54.8625984192
53.7815208435
56.7216720581
55.1433944702
49.3641052246
51.5912704468
53.5700340271
49.8170051575
47.541847229
51.0922927856
49.2826881409
44.5374107361
46.3887252808
49.3227539062
46.3374900818
42.7191848755
46.3850021362
48.1821632385
42.9291648865
42.1782531738
46.6115531921
45.1613540649
39.9691047668
41.3946647644
44.9418334961
39.1986961365
37.6698951721
40.2341499329
37.2515830994
38.9790382385
42.9910926819
44.8643264771
42.1856193542
43.4791908264
47.8984909058
48.2199249268
46.6352272034
50.7007713318
53.5718688965
57.7432403564
57.2188072205
58.7166557312
55.97996521
51.5215187073
50.4470062256
53.3779144287
50.7511825562
46.5753593445
48.7666664124
50.2938690186
46.2119026184
45.5288925171
40.6506996155
40.4787712097
36.9902687073
39.094871521
32.3030395508
36.3158149719
32.7437744141
28.5220031738
25.0170898438
23.4538421631
21.1893959045
17.098733902
16.7119216919
18.1514968872
16.5575008392
13.3092679977
11.7919378281
13.2884378433
12.8923721313
16.8032875061
15.8602075577
16.3970527649
18.5387649536
21.5338439941
23.9342536926
23.4563579559
28.401473999
23.3819713593
23.4907169342
26.6239547729
25.5051193237
20.008140564
20.6401500702
24.3513622284
22.2958068848
18.7450351715
21.2256450653
24.6613178253
20.7908535004
20.9561748505
26.4803848267
26.9900722504
23.1304168701
24.9349727631
29.3773422241
31.7209377289
27.8445549011
28.3068466187
32.0311584473
31.0026340485
26.367609024
24.8467693329
28.561668396
24.3864879608
20.4075050354
23.6791973114
22.6539993286
18.3259086609
17.1416339874
19.665348053
16.9649467468
12.1494216919
16.004940033
17.2347984314
12.687245369
11.4880228043
14.5071287155
17.1507339478
12.8636579514
13.7725868225
10.0111093521
12.4015598297
10.3787479401
5.8490729332
6.15344762802
9.2115354538
5.14828395844
5.73778963089
6.84407424927
7.00730705261
7.51189994812
11.1830463409
11.5143785477
50.5627708435
48.3248176575
44.1964569092
45.049079895
48.2945671082
43.153301239
39.8225364685
42.8119888306
43.0157966614
38.8173179626
38.0569229126
40.7150650024
39.1199874878
34.1373291016
34.5218887329
33.7776908875
27.014793396
29.5326347351
34.1373558044
28.9879226685
26.6751060486
30.5891017914
32.9545135498
27.0430412292
27.7944946289
33.4647140503
32.6267585754
27.0520076752
30.3195171356
34.6731872559
31.966463089
29.4274234772
26.9309692383
28.8716201782
25.5599765778
22.496099472
24.5217952728
28.9592227936
27.9823246002
26.4478588104
31.043258667
33.0766944885
30.5784053802
29.5278263092
34.8498458862
35.9671020508
33.8777542114
35.5841636658
38.6254653931
38.9060249329
39.4710464478
41.2526817322
43.7106323242
44.1918487549
47.9025268555
50.2292938232
53.3403511047
51.8461532593
54.7293281555
53.297618866
47.5620918274
49.0876541138
51.2283935547
47.7977752686
45.1159706116
48.2803459167
46.8353118896
41.945514679
43.3383216858
46.1468505859
43.4039726257
39.4852180481
42.6215858459
44.6289482117
39.5696372986
38.159362793
42.516494751
41.2317237854
36.1057739258
36.8590583801
40.4405899048
35.0596199036
33.0745658875
35.2459716797
32.1852607727
33.7944068909
37.6027107239
39.5837402344
37.3370704651
38.4213752747
42.6560287476
43.3195075989
41.9326820374
45.9531784058
48.8669776917
53.0557937622
52.9339485168
54.4167709351
51.4291801453
47.2495498657
46.5423965454
49.0586471558
46.1204795837
42.1454429626
44.5514068604
45.7485122681
41.4109115601
40.8026237488
35.9558448792
35.3543167114
31.8222236633
33.6233558655
26.826751709
30.465057373
26.9376678467
22.5526237488
19.3272972107
17.4431858063
15.370885849
11.1649646759
11.0261688232
12.902097702
12.2529306412
9.98287582397
9.82185077667
12.5868225098
14.2302694321
16.9916172028
15.5449180603
17.7467670441
20.1661643982
21.8004455566
24.1057167053
24.312002182
28.0403957367
22.5009727478
23.4565830231
25.6212539673
23.4668674469
18.1960525513
19.7301616669
22.0065097809
18.9948596954
15.6990509033
18.3713035583
20.8465366364
16.2114162445
16.8596248627
22.1802978516
22.1740856171
17.7516212463
20.197637558
24.577999115
27.5753364563
24.2176494598
25.3581314087
29.5008792877
28.9997367859
24.2044620514
22.4911766052
27.5405731201
23.5851364136
19.2295398712
22.9356975555
23.1343975067
18.8190059662
16.5826263428
20.658164978
18.8908176422
13.1810455322
17.2235336304
19.8055515289
16.8329544067
13.8366498947
17.3738479614
21.2607765198
17.7577266693
19.1789340973
15.302444458
16.2735977173
13.4732570648
10.5160493851
10.6221208572
10.9087381363
6.13024234772
7.00730800629
8.71517562866
5.98794555664
8.23635196686
9.57274436951
7.11799621582
51.2876281738
48.194896698
44.8101158142
45.8289527893
48.2389602661
42.6948852539
40.0344734192
42.8766479492
42.2015075684
37.959022522
38.0555458069
39.9836997986
37.5657157898
32.9378700256
34.0338249207
34.1160469055
27.2863235474
28.4911575317
34.3690299988
30.1992340088
26.7362422943
30.7150783539
33.9105796814
28.6169834137
28.5853748322
34.3729057312
34.6975135803
29.3516674042
31.7803039551
36.7334709167
35.1014289856
32.5892906189
31.2771892548
32.8373146057
30.1589260101
26.4149398804
28.9766921997
33.1715965271
31.1466217041
29.5648670197
34.8097229004
36.1597671509
32.9561691284
32.2875442505
37.4349594116
37.7952728271
35.2212905884
37.2363510132
40.2655715942
39.7726097107
40.3243675232
42.9632110596
44.5843353271
44.4450569153
48.0881614685
50.7733268738
53.4903755188
51.9100837708
55.3015327454
54.3603477478
47.8960380554
50.1030578613
52.6463317871
49.2430076599
46.7223358154
50.3648452759
49.1972312927
44.1386985779
45.5623893738
49.0376777649
46.6418952942
42.603805542
45.9059562683
48.4725341797
43.6304168701
42.0672607422
46.8260345459
46.0844612122
40.7028541565
41.4506378174
45.5313034058
40.4248771667
38.2807388306
40.7561035156
37.040851593
38.1550559998
41.8090820312
42.9600601196
41.0816574097
42.9448509216
46.6656417847
47.1356315613
46.2346992493
50.4673576355
52.7767219543
57.0978622437
56.8276596069
57.7208862305
54.812210083
50.9200897217
49.0710678101
51.7616424561
49.2177238464
45.2704620361
46.7723846436
48.0439109802
44.1339073181
42.7614860535
37.7385978699
38.0108718872
34.053062439
36.8527908325
30.2702007294
34.4827346802
31.4330825806
26.838218689
24.3363704681
21.7879829407
21.3834056854
16.6007442474
17.7782268524
19.3395767212
17.2225227356
15.9545125961
13.287109375
17.6118545532
17.4922428131
20.9751014709
18.4060230255
19.3378257751
22.7267665863
25.6606674194
27.1907901764
25.8062057495
30.2812480927
25.6846923828
24.5877590179
27.1994571686
26.3814525604
21.5746116638
20.1887302399
23.4587306976
21.913848877
17.591211319
18.8326625824
23.0575389862
19.2638263702
17.8061161041
23.6258106232
25.2189159393
20.6166858673
20.9653453827
25.9564418793
27.1758823395
23.5219478607
23.2644824982
27.6050853729
25.9778823853
20.9978580475
20.7702445984
24.4962596893
19.6438922882
16.094499588
20.6477584839
19.1287536621
14.4917764664
14.8550806046
17.7901573181
15.0544776917
10.9186420441
15.9514436722
17.3102741241
13.9034194946
13.0315799713
17.2345714569
19.1643848419
16.4346008301
18.4480876923
15.5181455612
17.0755023956
16.3107681274
12.2173099518
10.2828264236
12.7534122467
9.925822258
7.51189756393
6.44994831085
7.30621910095
8.23635482788
7.14766407013
8.68944168091
45.7916526794
43.2755966187
39.1985702515
40.5369987488
43.5951766968
38.0921096802
35.1569824219
38.5437774658
38.4277381897
34.0753669739
34.2402420044
36.9142799377
34.716506958
29.8016262054
30.8274669647
30.6200561523
23.7109718323
25.4233627319
29.8702907562
25.1626110077
22.0686073303
25.6266689301
28.3100585938
22.7242679596
22.4395084381
28.095041275
28.1320285797
22.2980327606
24.7324848175
29.6469745636
27.5221233368
24.6869029999
23.1448783875
25.1192741394
22.6181182861
19.3452396393
22.2750663757
26.1088752747
24.1442947388
23.507982254
28.5482711792
29.7775688171
26.9804668427
27.196428299
32.0491905212
32.2202262878
30.3912010193
33.0628356934
35.4164047241
35.5095329285
36.6422653198
38.5742835999
40.324508667
40.943649292
44.9929656982
46.9683952332
49.6152534485
47.6437568665
50.8160743713
49.9032096863
43.7015075684
44.996471405
47.597568512
44.5359382629
41.5647735596
44.7049064636
43.8711433411
38.7130203247
39.6507797241
42.8840866089
40.7104148865
36.3915710449
39.1359825134
41.8529853821
37.2309036255
35.0153923035
39.6684455872
39.101776123
33.8148078918
33.91431427
38.0264968872
33.3382530212
30.7541942596
32.9192466736
29.0891609192
30.1008014679
33.6331977844
34.9625473022
33.3090286255
34.9711647034
38.6003074646
39.3176383972
38.5375061035
42.7188224792
45.0979652405
49.4158782959
49.4959602356
50.4467735291
47.3209342957
43.6312980652
42.2824211121
44.5777854919
41.7083892822
37.9193344116
39.7759666443
40.7732505798
36.56873703
35.4486503601
30.4799289703
30.2361087799
26.3672580719
28.770368576
22.125120163
26.1857261658
23.0957508087
18.6384925842
16.1383953094
13.8747053146
13.6959991455
9.05799198151
11.4344902039
12.3589468002
10.6890964508
11.3641347885
9.854596138
15.4841957092
17.2710151672
19.2993068695
16.2195072174
19.0614643097
22.5513401031
23.8398628235
25.1462841034
24.708984375
27.5522212982
22.445848465
22.5415019989
23.8603553772
21.733839035
17.4253311157
17.4055347443
18.6463031769
15.884721756
12.0428466797
13.7137117386
16.4451560974
11.7971286774
11.1502923965
16.6698799133
17.5245952606
12.5703248978
14.0081300735
18.6975193024
21.2165126801
18.0195503235
19.1565876007
23.6794376373
23.2234668732
18.3468990326
16.997253418
22.7166728973
18.7907810211
14.5186853409
18.9215545654
19.7056865692
15.6165122986
13.4665145874
18.4445114136
17.4415874481
12.148440361
16.3832302094
19.6104621887
18.306060791
14.804350853
19.0485363007
22.9113712311
20.8041038513
23.2346477509
19.8857860565
19.737077713
18.0488376617
15.6552734375
14.0894870758
13.372751236
10.6896419525
11.5143766403
10.6340427399
6.93679761887
7.11799669266
8.68944168091
6.2463593483
49.5392417908
46.685874939
42.846912384
44.3876342773
47.1426391602
41.3890419006
38.8105316162
42.2248764038
41.710357666
37.3047523499
37.9378547668
40.3231811523
37.6843948364
32.9377250671
34.3331108093
34.4519233704
27.4993133545
28.6318721771
33.6106834412
29.2681980133
25.6957073212
29.1874771118
32.2040634155
26.8615703583
26.0349674225
31.6482620239
32.2710800171
26.3782539368
28.1196861267
33.483001709
31.6250095367
28.4952793121
27.1670837402
29.4354858398
27.1176223755
23.9426841736
26.950378418
30.7153396606
28.5698394775
28.0882453918
33.2045211792
34.3042373657
31.3875637054
31.6939182281
36.5402069092
36.4866485596
34.5635299683
37.3084602356
39.6787872314
39.5396156311
40.6593971252
42.8513946533
44.3575401306
44.7636528015
48.7794113159
50.8946304321
53.3871002197
51.3305435181
54.7118682861
53.9929237366
47.5219268799
48.9946861267
51.7669334412
48.7430000305
45.7945594788
49.0296707153
48.3087615967
43.0990600586
43.9869537354
47.3749961853
45.3020401001
40.9374656677
43.604473114
46.4665222168
41.8983001709
39.5563850403
44.2312278748
43.7366714478
38.4648399353
38.3787307739
42.5195198059
37.9233169556
35.2412796021
37.2031364441
33.3457870483
34.1923370361
37.4829444885
38.6077804565
37.4634895325
39.1539916992
42.4962387085
43.4253540039
42.8725357056
47.0456466675
49.3222618103
53.6673622131
53.897102356
54.6960525513
51.4795227051
48.0044212341
46.468334198
48.6364440918
45.747631073
42.0935897827
43.712928772
44.5358543396
40.3583717346
38.9089355469
33.8841590881
33.7267684937
29.5458202362
32.1582641602
25.646686554
29.3366661072
26.5369796753
21.5142421722
19.8978691101
16.3147926331
17.0939922333
12.0888633728
14.0510721207
16.2280521393
15.1496591568
15.1755228043
13.626534462
18.7189483643
20.0164165497
22.7114696503
19.896987915
22.1041221619
25.5507831573
27.4334907532
28.9484329224
28.1909732819
31.6038017273
26.5997486115
26.2581195831
27.9492340088
26.1942768097
21.7377128601
21.0884189606
22.8401584625
20.4313793182
16.3517169952
17.4669208527
20.7250766754
16.1400299072
14.6607122421
20.3129310608
21.5940971375
15.9228820801
16.4454860687
21.7351150513
23.3607368469
20.5055274963
20.8213939667
25.9329376221
24.7342243195
19.4224967957
19.469209671
24.6706943512
19.9841709137
16.2177238464
21.4038562775
21.1068744659
16.6356391907
16.0973701477
20.4513206482
18.6630935669
13.9167118073
18.8643074036
21.3219585419
19.0072975159
16.755531311
21.1713180542
24.124704361
21.59815979
23.6755809784
20.2869377136
21.3065605164
19.6600246429
16.0366401672
14.7484178543
15.6481275558
12.0433664322
11.0547513962
10.828001976
8.89485740662
7.81794452667
6.67700815201
7.37933111191
5.20228624344
47.1403198242
44.5996246338
40.3628883362
42.338470459
45.4104385376
39.6029624939
37.1007080078
40.9698219299
40.6711540222
36.225528717
37.2720603943
40.0518379211
37.3422889709
32.5984802246
34.1702346802
34.2909469604
27.5094833374
28.574552536
32.4707336426
28.0943908691
24.6327342987
27.4965724945
30.1905994415
24.9933128357
23.4652385712
28.70353508
29.5346851349
23.3111820221
24.358921051
29.9310092926
27.8847923279
24.2383079529
22.976026535
25.8534698486
24.0268325806
21.5521297455
24.8983268738
28.0512657166
25.8131599426
26.453086853
31.2767467499
32.0642051697
29.5074462891
30.7674102783
35.1554450989
34.6993598938
33.4514656067
36.8105773926
38.4947433472
38.6980895996
40.3217086792
42.0475997925
43.4194068909
44.337436676
48.6299209595
50.1784553528
52.4450531006
49.9905281067
53.2945213318
52.7732963562
46.4119644165
47.1658630371
50.0979156494
47.4675750732
44.1678199768
46.9707145691
46.6790275574
41.4171142578
41.7841949463
45.04088974
43.3173332214
38.7189483643
40.739151001
43.8568572998
39.6437187195
36.5886116028
41.1256752014
40.9194908142
35.8324165344
34.9407691956
39.1145172119
35.1302757263
31.962053299
33.4312286377
29.4393253326
29.9755783081
32.8759269714
33.9460487366
33.4810295105
35.0248260498
37.9626922607
39.2779045105
39.0696372986
43.1509361267
45.3442993164
49.6766014099
50.3442649841
51.0363349915
47.5768356323
44.5198173523
43.2768669128
44.9453964233
41.7782745361
38.4370193481
40.1497993469
40.5617752075
36.1865577698
34.7194290161
29.7814826965
29.1968975067
24.9060993195
27.275396347
20.9645080566
24.1259860992
21.6262645721
16.3480052948
15.751127243
11.2722120285
13.6030273438
8.95140171051
12.0321731567
14.2378520966
14.2042093277
15.7677688599
15.292883873
20.6144962311
22.888589859
24.6939258575
21.7157382965
24.8243942261
28.2487697601
29.1572418213
30.4721450806
30.2130565643
32.5166969299
27.4158859253
27.6880607605
28.4400043488
25.9301624298
22.1601085663
22.1273288727
22.3304023743
19.2766971588
15.869301796
16.7271823883
18.6478404999
13.6769723892
12.4140834808
17.2561664581
18.0853900909
11.6048030853
12.4596529007
17.6603069305
19.8647193909
17.9621257782
19.0463867188
24.4938735962
23.9262561798
18.760351181
18.7648887634
25.0580978394
20.9668064117
17.2908668518
22.4053554535
23.2881717682
19.3470573425
17.9847507477
23.1109542847
22.2193946838
17.4469623566
21.8072376251
24.9961185455
23.6934089661
20.5522403717
24.8750858307
28.5151500702
26.3557739258
28.5941009521
25.086763382
25.4355678558
23.4209384918
20.5620536804
19.4672355652
19.1229572296
15.7718505859
15.9807310104
15.7758626938
12.5875892639
11.1018323898
12.2186517715
10.6292610168
6.41633081436
