22.2372074127
22.2229251862
21.5979557037
18.4066104889
17.5080356598
13.9001846313
16.6803073883
16.1882209778
19.6141300201
15.3511400223
12.6341209412
13.209482193
12.9273777008
8.09700107574
9.6917886734
14.4529857635
16.2598781586
19.2249088287
23.1335544586
23.317401886
26.843421936
24.5644989014
24.8584518433
22.6235027313
19.8546085358
16.7294235229
19.0250358582
14.3298063278
16.4017086029
17.5421562195
16.7458763123
12.5368299484
12.41888237
13.8092269897
10.7714576721
7.74642658234
11.3122940063
11.8142957687
8.53613471985
10.4383249283
6.44383335114
5.91753005981
6.95620775223
5.04435682297
5.37835836411
7.33300113678
7.36956167221
11.0427770615
13.2463750839
16.4509010315
20.2346763611
22.0120792389
24.3070812225
28.792678833
27.9826641083
31.0938549042
27.7389564514
23.1359481812
28.0423145294
27.7306499481
24.6769161224
21.2676963806
17.4491672516
17.4649772644
14.463224411
16.5765304565
17.4171142578
22.2352275848
20.8806152344
25.035161972
26.9806365967
26.0038490295
27.7518825531
24.5158672333
20.963558197
23.271194458
22.6618385315
18.2669086456
16.8033123016
19.6062355042
23.4084777832
19.1335525513
16.8738880157
12.7761898041
12.0297269821
9.97359752655
10.7379226685
9.72916412354
12.2033166885
10.3935194016
6.71378803253
6.56167316437
7.40624237061
6.98430728912
11.2766056061
12.0757064819
16.3130950928
18.8094825745
22.5505523682
26.4934597015
27.0747356415
22.3080120087
25.9088077545
27.8362464905
25.9602375031
21.3616847992
22.1342964172
25.7288360596
21.565158844
18.90807724
23.2882213593
23.6126976013
19.3254375458
18.7283992767
24.4539546967
24.2012500763
19.0701503754
21.7877445221
25.0159397125
23.1236972809
21.6258888245
24.1790161133
23.9005260468
21.0818691254
19.0368041992
16.6477966309
16.4809436798
13.480890274
12.7277984619
9.78651237488
13.5782747269
11.9714546204
17.145357132
17.0017490387
20.8689994812
22.4346122742
21.2108058929
22.8471870422
26.4464015961
24.1142940521
19.1705684662
24.8050098419
25.5197372437
22.9601402283
20.0288600922
23.4791641235
21.2357368469
17.4687042236
21.1865329742
21.8434085846
25.7142028809
26.0723209381
28.4292945862
28.2749538422
30.7707004547
31.2840251923
31.7032222748
35.0086364746
35.645690918
40.7081375122
38.7326126099
35.6739692688
39.9934005737
40.2498435974
36.1187438965
35.085308075
39.6519699097
36.7870941162
31.8936634064
35.3564224243
36.3044471741
35.0514678955
32.1637916565
31.6334400177
32.5708999634
30.7848014832
26.9374923706
24.7817707062
26.743555069
29.0384883881
30.7089881897
30.6690139771
31.6009578705
28.1882076263
30.4438362122
28.9391860962
33.3460006714
30.7032966614
30.6952705383
32.128993988
28.4440479279
26.455532074
23.9483261108
28.719953537
24.1259479523
22.9978160858
26.2865467072
25.5283489227
26.3513183594
29.3385982513
29.0653305054
33.1619110107
29.6691360474
26.062379837
30.1558475494
31.0496578217
27.2404918671
27.0319957733
31.7690582275
31.8485298157
34.292098999
31.2367897034
31.9230957031
34.2049293518
31.783372879
27.7518825531
26.5351696014
22.7713336945
22.6257038116
17.6010112762
18.4887161255
14.2971687317
15.0555477142
13.0768795013
16.5494651794
13.9051103592
13.5393857956
17.8217544556
17.9927616119
16.6271953583
18.2597560883
22.1392669678
21.7493019104
20.3446216583
21.9211215973
24.7579708099
20.7107810974
17.6537075043
14.0443134308
11.918964386
9.3196182251
8.8775434494
6.0204668045
7.23320436478
4.92357206345
7.35241031647
7.79463720322
7.37621688843
10.9337396622
11.8695793152
12.1921052933
11.4641294479
14.7241783142
16.4621696472
17.5652427673
21.4892883301
24.5826454163
27.3733234406
29.7037563324
29.480714798
32.5589294434
29.7941188812
27.8557796478
22.1870555878
22.3876037598
17.9877681732
19.8407421112
16.1120319366
18.327381134
18.2913684845
21.5674152374
23.6839752197
21.3286075592
21.6439418793
18.7047386169
15.5641269684
15.8959589005
17.9018306732
14.204864502
11.5752220154
15.8959112167
18.0488128662
10.8974552155
12.6366081238
18.2938289642
15.6611795425
12.9060945511
16.8010787964
20.6492843628
17.5547618866
17.2921180725
20.8276042938
25.2448005676
26.3616924286
26.829416275
24.3148555756
21.2544898987
18.6872348785
17.2772483826
22.4391174316
23.8939723969
19.7353839874
23.6200027466
21.427816391
23.1509952545
27.3307533264
25.1099472046
23.3704471588
23.2714920044
27.0360126495
28.7735958099
26.7088394165
28.0703964233
30.9533500671
32.4317893982
30.9398193359
30.6895008087
31.4872722626
28.8492050171
26.0580654144
24.324426651
24.7535629272
29.601858139
27.3001155853
25.4277248383
22.4517383575
23.7042999268
20.2873592377
24.1704273224
24.9381732941
27.8790569305
24.8569355011
21.5874595642
23.5691509247
20.8924999237
17.9950656891
17.8603420258
19.0462627411
14.7310647964
11.6338367462
16.6402053833
14.0770511627
33.3897361755
30.801158905
30.0237483978
30.5301036835
28.9836387634
24.9658432007
23.3001976013
25.2244358063
27.7669124603
28.8787097931
28.4800014496
29.2596492767
25.7988910675
27.5105018616
25.8998584747
30.3375110626
28.0093173981
28.0418262482
29.8364810944
26.4027862549
24.9403343201
22.5018348694
27.2417068481
22.8503723145
21.2145671844
24.0284767151
23.1527385712
23.3098087311
26.1615524292
25.7482280731
29.7507896423
26.3030834198
22.5119438171
26.5052680969
27.4457969666
23.6734600067
23.287853241
28.0324382782
28.2110939026
30.6973056793
27.8423900604
28.4877243042
30.9305210114
28.6829719543
24.5158653259
23.4483737946
19.6101760864
19.0755252838
14.0999269485
14.8147373199
10.8772602081
11.7065172195
10.3984146118
13.7912101746
12.3133239746
11.3324718475
16.0032653809
15.6100358963
13.3622484207
15.6491136551
19.2679080963
18.565530777
16.8412685394
18.2706985474
21.0032863617
16.9102134705
13.8680973053
10.2604131699
8.51053905487
5.8689031601
6.59982728958
5.29494953156
7.51606416702
4.92357301712
4.93519639969
7.66464805603
6.2493019104
7.89642000198
9.39317417145
11.1246557236
11.0692825317
13.1915817261
14.8073186874
14.9174365997
19.123998642
22.0798664093
24.6845245361
27.0718307495
27.2709522247
30.0089492798
26.929605484
25.1027393341
19.3984260559
19.3285312653
15.0369052887
16.5747203827
13.3396463394
15.1964797974
15.6857223511
19.1531620026
21.4750080109
18.9298534393
19.9234638214
17.5580062866
13.8505191803
13.8124389648
16.194360733
13.5505914688
9.91065788269
14.1344642639
17.1550598145
10.7809143066
11.3188724518
17.1709461212
15.8015575409
13.3663215637
15.9803781509
20.2410869598
18.0290565491
17.3792514801
20.4707641602
25.0718383789
25.990858078
26.0322570801
23.3709278107
19.9723873138
17.3360385895
15.1001634598
20.4508552551
21.3477993011
17.4071445465
20.8314323425
18.84167099
20.0698013306
24.6283988953
22.3728275299
20.4184684753
20.1061058044
24.3332843781
25.83852005
23.2796440125
24.8231582642
27.7544536591
29.1069850922
27.3950557709
27.1876678467
27.8195934296
25.1213207245
22.4853992462
20.7805156708
21.4974975586
26.2213115692
24.2421798706
22.6649856567
20.084487915
21.5090961456
18.6989498138
22.7186450958
23.2130241394
26.7282943726
23.6430778503
20.2255096436
23.0481281281
20.8437328339
17.3686618805
17.3130741119
19.5231990814
15.2560739517
11.2376146317
16.800579071
15.092373848
26.7104244232
24.9090671539
25.7098693848
24.068731308
20.9291152954
16.2950935364
16.3360004425
15.0777416229
19.8747901917
16.7157154083
16.1405467987
19.1304855347
18.6969833374
17.4418983459
18.927646637
24.4171276093
24.4239501953
27.1002922058
30.245223999
28.8906517029
30.7217235565
27.5218143463
28.8884620667
24.7062721252
22.8126583099
21.8862934113
24.5761508942
21.9065189362
25.1069564819
25.972032547
26.8864631653
22.3076915741
20.4577178955
23.2255363464
21.3231964111
17.1548442841
19.2034187317
21.47356987
18.8064441681
21.7239646912
17.8604679108
15.7597532272
16.7364387512
14.7996425629
12.0297279358
8.27134895325
7.26435184479
12.3375835419
11.5118541718
15.9879131317
16.5715522766
21.051738739
21.8661365509
25.525806427
27.9898796082
26.6168289185
31.0493793488
28.7570552826
23.5191459656
27.9368057251
29.7758846283
27.4019203186
23.6595096588
21.7982559204
22.0198535919
16.9522571564
17.914434433
16.2823390961
20.6475067139
17.912519455
22.5139141083
22.8941307068
21.5246257782
21.4892902374
19.1240005493
15.8329305649
16.1956100464
14.8416128159
12.3403530121
10.7358617783
11.4041805267
13.51085186
8.72568035126
6.36998510361
4.81638050079
3.9331882
6.8467965126
8.71465873718
9.04101371765
12.3082141876
10.351975441
11.837761879
7.12754774094
11.3387537003
11.9338693619
16.111328125
17.3300971985
21.7691764832
25.0109863281
29.6418590546
30.937877655
26.0312633514
28.7244434357
28.8754959106
26.3818206787
22.2652282715
23.4226455688
24.5333576202
19.6654205322
18.5288181305
22.7886180878
19.4598560333
15.365562439
16.4233760834
20.2265491486
17.6663742065
13.1718931198
17.4413337708
17.8096675873
14.65396595
14.1639375687
17.1634941101
20.020690918
17.5510616302
13.9217538834
12.2361555099
8.46999168396
8.96953296661
11.9157209396
13.4410409927
14.972738266
17.5438423157
21.3372993469
22.7276344299
27.4665603638
28.002910614
26.3291835785
27.2964839935
31.8909015656
30.8503417969
26.0246124268
30.6417045593
32.5468292236
31.2631587982
28.2470359802
30.3188381195
28.5247135162
24.7352676392
26.3169803619
25.0911331177
28.7127132416
31.2664966583
32.3869018555
32.2778892517
32.5442466736
33.9335632324
32.9731559753
36.923828125
37.3279266357
42.0678253174
39.227230072
35.7791099548
39.9120407104
38.7312393188
34.668762207
34.3132820129
37.7514839172
33.8901596069
29.2863903046
33.939540863
33.3670959473
25.5698928833
23.1635971069
21.424118042
23.2625827789
23.0845317841
20.8027591705
19.0190677643
22.4797992706
22.6303157806
25.9950714111
25.7075386047
24.8259181976
20.5745391846
24.7071857452
22.2321224213
25.0413703918
21.0691719055
20.1390380859
20.2360935211
16.0463962555
13.2439250946
10.8467683792
16.037563324
12.3671169281
11.7349662781
16.3692855835
14.5800876617
18.1353397369
21.08826828
21.7214202881
26.0386600494
23.0205402374
21.0868358612
25.5938129425
26.5647907257
23.7168998718
24.6835746765
29.1645793915
29.5940246582
30.5463428497
27.1931591034
30.436504364
32.0517845154
28.860578537
25.7288341522
27.0049247742
24.0518093109
21.5758419037
17.4023990631
16.7959308624
12.3793954849
13.3086433411
9.25537872314
13.6429691315
12.3791131973
16.5485782623
18.074016571
16.1102752686
18.1912899017
21.3454914093
22.2404880524
20.9035835266
20.5216064453
19.7988109589
24.6283740997
21.8478088379
18.5223331451
16.4492893219
14.8706998825
12.2880897522
10.6030817032
10.7994527817
8.08047008514
14.204864502
13.5505914688
11.7783107758
13.4987506866
16.5704498291
17.2189159393
15.1907711029
16.4449691772
20.6937389374
21.9008846283
21.3143405914
21.042634964
24.5333576202
26.3231372833
30.0232429504
30.707736969
30.064825058
31.7493877411
29.2503108978
24.7239513397
21.2213973999
19.2564601898
15.091791153
15.0161371231
10.3672075272
12.6846437454
10.9647598267
14.6993789673
14.4652023315
11.2353553772
9.68200588226
7.1350312233
7.85473442078
6.34294700623
6.15313243866
5.94616985321
7.64032173157
7.26258182526
7.91356086731
10.2033939362
12.771065712
10.8387908936
13.4563350677
15.8083105087
17.0306377411
17.7098560333
19.4410495758
21.0861854553
24.9665660858
22.3041782379
23.2809066772
22.511598587
18.8825492859
20.2016506195
16.7502841949
18.5411529541
18.8083515167
13.619799614
16.3143424988
11.9501028061
15.349234581
17.0755310059
15.8498439789
15.5966005325
18.6770057678
19.1036109924
20.4499721527
21.2537918091
23.7258682251
24.920835495
25.6886615753
25.8972148895
27.2289276123
28.9531993866
26.3212356567
24.3787937164
25.2996025085
25.3694763184
28.2206363678
25.9573135376
21.233417511
21.5654315948
19.6816120148
15.5379428864
19.0525569916
22.9501495361
25.6844272614
24.9309616089
22.0947685242
22.0613193512
22.3427333832
20.0907249451
16.1310043335
18.8272247314
17.7476806641
13.9316654205
13.4860200882
14.1374111176
47.1125030518
46.0427932739
42.9433822632
43.5370864868
45.1641693115
42.6796112061
42.4189605713
45.5523109436
46.3532142639
48.1276512146
46.5439796448
44.8565292358
40.3514595032
41.5359153748
37.8313331604
38.9083938599
36.5867233276
33.5860328674
34.0750236511
31.2814292908
28.4341392517
29.791387558
35.3131408691
34.7025299072
32.7751541138
35.5947189331
30.6686878204
31.434797287
31.0199356079
28.6506500244
33.5052185059
33.8141288757
30.4172286987
32.208026886
35.7349357605
34.9760551453
32.3169898987
36.2761039734
39.3179130554
40.1517753601
40.0939903259
42.7322540283
45.8188819885
44.5189399719
40.7081336975
42.1150054932
38.7052459717
34.2493286133
31.6198005676
27.9565525055
26.2246055603
21.4236164093
21.4354743958
17.3420772552
15.6735982895
16.5639362335
11.6701011658
13.7462778091
19.5014247894
16.7205276489
15.2026777267
17.4806632996
21.2175445557
24.1777305603
27.2210617065
28.7340583801
25.6209716797
26.1241073608
21.798664093
25.0001583099
21.3562412262
23.5063266754
27.5190181732
27.8790645599
26.7282905579
29.0776805878
32.917175293
32.5247497559
31.3452129364
33.1906509399
36.5067405701
37.3232421875
38.7325706482
39.8951454163
37.7440795898
42.0678215027
43.9258270264
45.6908416748
47.6771774292
49.1423988342
49.9049606323
45.8052711487
42.9437065125
39.2926826477
36.3578033447
33.0987014771
29.9224014282
28.0287780762
22.8170604706
20.0414276123
15.8344812393
17.999370575
22.820558548
22.6243400574
21.5153923035
19.1690711975
24.5055580139
26.4021778107
25.684425354
26.8496570587
30.2647609711
31.1893787384
31.0639762878
32.7216720581
36.8190155029
35.6705284119
36.6016731262
39.0763320923
41.6883735657
41.6835021973
42.3310050964
44.6333198547
49.0853385925
47.262752533
47.6550559998
46.1611328125
42.046245575
41.4942588806
37.1544456482
40.384929657
38.5683250427
34.4074401855
34.0285224915
28.6107349396
26.3507080078
27.5251865387
22.7774734497
21.8873767853
19.0556755066
18.804517746
22.6270637512
24.5478572845
20.0018463135
21.9561882019
26.3131122589
27.3505363464
24.1916828156
27.7923698425
28.5636901855
23.2504348755
23.7942714691
19.7804851532
21.9160423279
17.0763721466
14.3891649246
11.4285173416
10.0937995911
10.8884010315
8.03435134888
6.00375413895
5.29183578491
7.961124897
6.7191901207
10.4007844925
11.2117986679
11.3292121887
13.5843038559
15.7044916153
17.0192012787
15.4726467133
18.2808895111
