26.7337989807
30.4214344025
29.2084560394
29.2263832092
28.1721076965
24.6485500336
26.1189899445
23.7249679565
14.8524122238
13.9520397186
9.81313991547
14.8323926926
16.8473873138
15.7086381912
16.2104072571
19.048456192
22.0167427063
24.1317520142
24.1537036896
26.6706504822
22.9675369263
20.3180294037
24.1640701294
27.5204982758
32.7416114807
31.3924446106
29.208486557
32.664642334
35.7123794556
36.8765945435
22.0225944519
25.7303771973
24.3110084534
24.2853183746
23.2341575623
19.81848526
21.2839336395
18.8868331909
13.8456764221
13.5939626694
11.3283472061
15.3877220154
16.9402809143
16.8950862885
18.263502121
23.2009525299
27.1435852051
26.4400138855
26.4614238739
26.004365921
22.0123767853
22.8606052399
21.4236087799
13.9374046326
15.2861633301
11.565076828
14.3927049637
17.4004383087
17.6217746735
18.3225593567
28.3874549866
30.0713882446
32.2993125916
34.5751609802
33.9815406799
28.1987037659
32.183391571
33.04322052
33.7402381897
34.766960144
30.7645187378
33.9868927002
37.2594146729
36.9117851257
37.1780204773
8.81575584412
8.53620243073
10.8047304153
11.466676712
14.4701433182
13.2991685867
11.2604475021
16.4381008148
32.3530883789
35.7348518372
36.6615829468
36.0791244507
37.3482513428
40.4652786255
42.809589386
