28.3552131653
27.0807914734
25.1114578247
25.0772342682
23.2180213928
22.2788639069
21.294342041
19.7530937195
18.4460601807
16.1721401215
12.9640607834
8.82539749146
7.5919547081
6.74761104584
8.43845558167
11.4467315674
14.0842027664
16.934425354
20.0727577209
22.6478462219
20.5608253479
15.7546672821
18.1863937378
15.7509078979
19.9932441711
18.15832901
21.1407413483
22.1931056976
22.0424861908
24.1449546814
27.5457820892
26.8244075775
28.2949333191
26.0008964539
23.9051532745
26.1936130524
22.9292831421
22.993270874
27.4030418396
26.6694831848
22.1109790802
22.8944225311
19.2319812775
17.0623188019
18.2843837738
15.7311344147
21.0094718933
23.302904129
18.811258316
23.4794387817
20.7486801147
21.5376548767
17.8775787354
16.3992576599
14.0008792877
16.4394340515
15.7976703644
10.66609478
11.6926631927
14.9331665039
18.7363700867
17.98295784
14.1873455048
15.1032314301
12.1847267151
11.4416341782
9.42562389374
10.2451629639
10.3570289612
10.7979030609
14.8010816574
14.3365755081
14.1450777054
16.5814247131
20.6683044434
19.1048488617
24.0354156494
22.6981754303
23.3600559235
21.0283813477
18.1105232239
20.577419281
21.1045646667
17.1036186218
15.0732345581
20.9352302551
19.2258262634
14.6654338837
16.5705242157
16.7065200806
12.1676826477
10.9477157593
6.75134134293
8.33276939392
6.30239486694
8.75871658325
11.5222415924
14.1898469925
17.7017173767
19.0487995148
23.3583106995
25.4463577271
36.1728897095
35.2546386719
33.5179824829
33.7145271301
31.8557624817
30.7369880676
29.5187721252
27.137386322
25.4132499695
22.5543746948
19.1329536438
16.929599762
13.6646986008
11.44672966
6.9456076622
7.34205770493
5.73303127289
7.61831378937
9.84828948975
11.8407421112
9.9377040863
6.16974878311
8.04285049438
7.7328748703
12.603559494
12.7371559143
16.9354572296
19.3904514313
20.3334465027
23.8143005371
25.6496391296
23.7354068756
23.2054233551
22.8460445404
21.5606517792
22.7665710449
20.5034866333
23.4959793091
27.5399894714
28.0414123535
23.2930469513
23.2174034119
19.2754402161
15.4047641754
16.9015331268
11.3351554871
15.6046934128
16.1313152313
11.1472930908
14.0800428391
10.8451471329
13.4720153809
9.42534923553
6.66171789169
5.77867126465
9.68160915375
11.7546367645
7.42276382446
7.87502145767
13.5670604706
14.8148059845
15.9727048874
13.5457258224
16.9556427002
11.6659317017
15.7434568405
14.099943161
10.9571847916
10.670832634
14.7492465973
15.9956541061
17.6722068787
14.1414308548
19.7951431274
22.8286476135
19.0596809387
22.3572559357
18.6080856323
19.2111167908
18.9155235291
14.9195461273
14.772028923
16.2221107483
14.465669632
9.5903377533
13.2303514481
14.0196962357
10.4624185562
11.6496648788
9.41912937164
7.08807611465
5.5714006424
8.17892360687
6.94231653214
12.0957164764
11.2932224274
16.4851493835
17.0380592346
21.170003891
24.1436634064
27.6271305084
30.4888057709
39.2698249817
38.4918708801
36.804069519
37.1537704468
35.2427902222
34.0584907532
32.6912231445
30.0547943115
28.1815700531
25.8433685303
21.7881088257
21.1610450745
16.9548091888
16.3992576599
10.9094800949
11.4731960297
6.66171789169
7.48707342148
9.7638053894
8.25295639038
9.63994598389
9.11908149719
8.01529884338
6.0521068573
8.68548107147
12.492937088
14.883813858
18.4154014587
21.6485500336
23.4084720612
27.4338932037
28.485250473
26.1201267242
24.3866348267
24.4949836731
23.1268672943
23.0669345856
21.0128154755
25.3177261353
29.2714691162
30.5926246643
26.1107444763
26.415271759
22.5513648987
18.7438011169
19.0566310883
12.5534753799
15.3655719757
14.0244426727
8.51581954956
10.0831642151
5.77573299408
8.00960350037
4.21308469772
4.83600139618
6.37007236481
9.28416442871
8.26202583313
9.51328659058
13.8686752319
13.8068008423
16.6722354889
15.4135341644
20.3418922424
15.6899662018
20.4449729919
19.7799415588
16.7014274597
16.6702957153
20.8618888855
21.7314987183
23.2324695587
19.0372600555
24.5385246277
27.3103065491
23.5354919434
26.1591129303
21.1797180176
22.3945198059
23.2372188568
18.8495826721
17.5279712677
19.8854999542
19.30194664
13.7288694382
15.5002031326
18.1270103455
15.4412555695
15.9250564575
12.3032741547
11.4108181
11.0756015778
14.02759552
12.2663021088
17.3397521973
14.831952095
20.0346794128
18.767036438
23.55037117
26.3038272858
29.4150695801
32.3032531738
