143.345718384
48.4840393066
50.7199363708
45.7999076843
49.0670433044
42.0380935669
38.8456573486
40.8105812073
150.492584229
58.0498046875
60.3543319702
54.6229476929
55.8829193115
47.7224655151
47.3881072998
50.3862953186
48.6059265137
125.993995667
90.1154327393
90.7869338989
85.5516204834
82.8069458008
81.1129455566
82.9594802856
85.9762573242
86.9950485229
128.624313354
80.9132232666
82.4927902222
76.6906509399
75.2986068726
72.4244995117
74.8304138184
77.2013015747
78.5417251587
111.99760437
60.979183197
62.4049301147
55.882774353
56.6874237061
56.9869918823
58.9748039246
62.5575180054
64.9959030151
107.75769043
79.4888839722
80.4853134155
74.552482605
72.2292785645
72.9194030762
75.3277740479
78.2390670776
80.8698120117
117.039573669
79.3596115112
81.6543197632
75.1410217285
74.4145889282
73.5257034302
76.5863723755
77.7379608154
80.9579467773
116.217582703
66.3426513672
68.6934432983
61.7672042847
61.9081878662
60.9804153442
63.4657707214
65.8817443848
68.7055969238
98.151550293
69.8640823364
71.3481216431
64.9528045654
63.9140739441
66.9175262451
68.8134613037
71.6978225708
75.2289886475
98.4792404175
77.0355300903
79.03956604
72.3219680786
71.1517715454
73.5957717896
76.3992385864
77.7581634521
82.1530685425
133.780395508
61.030834198
61.1855659485
55.2259254456
54.1276779175
50.3986816406
51.2969017029
57.1386489868
56.5197143555
140.821136475
57.8333358765
58.9020729065
52.4594306946
52.1005859375
46.5016059875
48.0704994202
52.9755592346
52.4990310669
152.522140503
63.3463516235
64.3173522949
58.4054489136
57.9685783386
50.7346839905
51.3336410522
56.2634315491
54.3954086304
149.782669067
77.4889602661
77.7521743774
72.3799133301
70.5488739014
65.3275680542
65.7850952148
70.797744751
69.156463623
149.782669067
77.4889602661
77.7521743774
72.3799133301
70.5488739014
65.3275680542
65.7850952148
70.797744751
69.156463623
155.39201355
80.0866088867
80.0271835327
75.0213851929
73.2102813721
67.5752868652
67.2997131348
72.8298950195
70.3188323975
143.437225342
68.7366333008
69.8218688965
63.701789856
62.6082649231
57.4038124084
58.9046859741
63.0898704529
62.6516113281
146.452606201
66.551651001
67.4133682251
61.4310531616
60.4669570923
54.5782394409
55.6316795349
60.3664894104
59.260093689
145.73500061
62.1780395508
63.0205612183
56.9398269653
56.2572822571
50.101890564
51.1260719299
56.1656723022
54.9685707092
128.965805054
73.7563552856
73.5952224731
68.0664291382
65.5434799194
63.527633667
64.3816223145
69.7356491089
69.5471801758
123.638465881
74.9114227295
74.675819397
69.1700134277
66.3659744263
65.37525177
66.278793335
71.5500106812
71.7846832275
117.091766357
69.1100692749
69.0672454834
63.2666664124
60.9905319214
60.8611907959
61.8785018921
67.1356582642
67.9569091797
123.085411072
64.2174835205
64.2249145508
58.3277244568
56.7407455444
55.327583313
56.2679290771
61.8907241821
62.1714668274
120.403205872
62.4642982483
62.6934890747
56.595664978
55.2600822449
54.2425918579
55.4229888916
60.7903862
61.5073547363
