14.2727575302
16.9681987762
15.5006322861
18.531080246
17.1394786835
12.8229446411
16.1507129669
18.2007217407
14.3486003876
12.9326839447
18.1419067383
17.9143791199
16.4884223938
26.0684337616
24.1138057709
25.8579692841
24.9757099152
20.5470066071
20.5553665161
23.4318161011
19.0968990326
16.6231575012
19.2082176208
19.9064540863
15.1578559875
14.9480648041
20.0201339722
16.3256473541
11.7679519653
14.4115056992
16.8934383392
10.3099842072
11.4138250351
14.4767637253
16.3613510132
11.5165872574
14.3917970657
15.4636058807
11.9799404144
16.352771759
17.4039268494
14.7384233475
17.378156662
18.5515861511
18.1018447876
14.4404420853
13.7911071777
14.1129350662
12.5944747925
8.72148227692
9.77465057373
12.7584466934
8.30439662933
6.1865029335
10.7363681793
9.56754684448
6.35826301575
6.16485881805
10.6430025101
10.7272691727
9.44468402863
11.7912712097
14.6109409332
14.1783256531
15.1163053513
17.2845077515
19.0809135437
19.8245754242
24.5728302002
23.8648014069
28.7031135559
26.0878791809
22.6378650665
20.2236347198
20.8216743469
20.5698719025
19.3419952393
23.1074199677
24.3208427429
25.6423454285
25.7099094391
24.0324840546
26.9714756012
26.9592571259
30.3326091766
28.3243350983
25.781961441
27.8144931793
30.5867233276
27.730840683
26.5900783539
23.4092540741
24.2002429962
22.8566951752
18.9640598297
21.1969127655
22.5448532104
18.8212909698
16.7909984589
20.2309360504
20.2252922058
16.6881942749
14.0524778366
17.6707172394
20.0122909546
18.299533844
15.620598793
21.4611186981
21.954656601
18.5550308228
22.4972286224
15.1024217606
16.5342712402
15.4274291992
14.7070627213
13.8924789429
10.5649356842
9.2114276886
9.01741981506
7.24344730377
6.94864797592
5.91162633896
5.38300466537
5.33472824097
7.58720397949
6.90230560303
10.0779390335
10.82380867
10.9398441315
14.2813825607
16.1890659332
14.0249004364
17.9708023071
17.1932182312
15.0107746124
16.3177757263
14.8904666901
11.1994428635
12.4203939438
14.5601377487
12.002746582
8.34841442108
13.7446432114
14.6645860672
10.6123332977
12.3961076736
15.3154506683
15.5443964005
13.3079366684
17.4317951202
19.3691864014
18.1575870514
18.5218601227
21.8678207397
23.1541957855
22.335187912
21.5912570953
25.8905220032
28.0487594604
22.9002532959
22.4746704102
20.232006073
18.3446922302
15.1931943893
15.7206516266
17.1226978302
12.8845787048
11.2446680069
13.9750356674
12.840294838
7.93922138214
11.2465276718
11.8920297623
8.65456581116
9.24142456055
13.1963186264
13.3824701309
11.8912315369
13.634677887
17.1736507416
15.4270715714
15.1822576523
19.2857475281
20.7228355408
19.1524887085
21.1207904816
25.9948120117
24.8730449677
25.0730381012
28.1647586823
29.6876316071
29.9734077454
32.4045028687
34.1646537781
37.4695777893
34.6691322327
33.2040176392
36.2597160339
36.5079956055
46.8833007812
48.2093544006
45.5383911133
47.3472671509
46.2855682373
41.9953384399
41.7655906677
43.0426025391
39.3116798401
36.4299163818
39.3333015442
38.2479629517
34.3864555359
12.5893774033
11.9910526276
13.9605360031
16.6620063782
16.9060993195
17.3820419312
19.5389518738
21.8136787415
22.3884906769
22.9652042389
26.827287674
27.5826873779
27.0288295746
30.4703826904
32.3617897034
31.7605895996
35.4167518616
37.4885864258
35.8076972961
37.861831665
40.8677902222
41.692073822
41.3044433594
45.3629798889
47.2343864441
40.802116394
44.4178619385
47.0364227295
44.0845985413
44.4803657532
42.474281311
41.1088829041
41.064250946
39.6645469666
35.8854942322
35.9427261353
36.197479248
33.0114402771
29.1313247681
30.6660823822
29.9052696228
25.6856460571
24.8370418549
28.3187274933
30.0767211914
26.2235469818
24.7660865784
28.8251533508
28.9325561523
24.2313423157
26.8791332245
31.9102325439
28.2369689941
26.9909648895
31.1512298584
31.2284431458
26.5618495941
25.2661437988
23.4424972534
22.6986579895
21.8583030701
25.4230232239
22.1437473297
25.69231987
24.0609588623
25.2636070251
21.9905986786
22.7399749756
18.1775150299
19.93126297
18.9163265228
16.0541858673
13.542755127
13.0080223083
13.7729883194
9.40187454224
8.44841861725
9.41222476959
12.4022474289
14.7661209106
16.934223175
17.8324222565
18.0566711426
20.0942420959
22.5928401947
22.6696891785
23.593503952
26.2204494476
26.8827819824
27.5130500793
27.5998325348
29.8228969574
32.0149536133
32.0386123657
32.2153434753
35.3346061707
37.6894874573
39.2212371826
36.1872749329
39.7592010498
37.4346618652
41.4097366333
39.8217697144
35.0362701416
37.4223480225
39.4568977356
36.2178153992
33.6316261292
38.1018066406
38.2916984558
33.8320808411
36.3475608826
40.2429008484
36.5938873291
40.0006866455
37.2517471313
36.5915908813
36.1137161255
39.3149642944
40.5882644653
44.7815170288
46.674697876
44.221446991
47.4131813049
46.6432876587
42.9299278259
44.6720046997
47.7665596008
45.1788101196
41.204498291
47.0078239441
48.2175788879
43.6463890076
44.7469825745
47.8476333618
47.5248527527
43.7686500549
47.8151054382
50.0191841125
46.1748275757
46.2621612549
50.2270355225
51.5937652588
47.2709465027
45.943901062
51.337272644
50.4932441711
45.9642753601
47.9094161987
44.8031997681
42.4095802307
43.8396873474
41.6477622986
39.1086959839
38.3741188049
38.8744430542
36.8419570923
32.6671981812
33.5313949585
31.8306217194
28.4493026733
28.3875637054
29.5493946075
25.5247898102
23.2071743011
23.0429649353
23.6757392883
20.0003032684
18.8268508911
20.314666748
18.1162834167
14.2922153473
16.0563983917
17.4243202209
10.6556720734
10.0827255249
13.6679162979
12.9921092987
8.73017692566
10.6487894058
12.1776409149
10.2739171982
9.56890773773
6.71999931335
5.26670646667
5.36488056183
3.7825512886
