35.5755081177
37.1415596008
33.3348464966
33.5637283325
28.4021320343
34.6509017944
35.0589141846
38.3489189148
35.9030685425
33.4994087219
32.7427520752
30.9159641266
36.0738830566
30.3332653046
27.2974891663
28.9271392822
25.9204959869
25.7874393463
22.7018699646
29.4987335205
31.0515613556
34.9712638855
32.6675643921
29.9419689178
30.5364284515
27.6125621796
32.7889175415
27.2883358002
36.8411140442
39.9064102173
37.3839378357
39.338886261
35.4935302734
43.2029495239
45.0802955627
48.1910057068
46.6584701538
45.1099853516
44.0591583252
41.1561012268
46.6908683777
41.5402679443
26.2045764923
31.7015514374
30.931552887
32.4616737366
32.1810073853
39.2461280823
42.0464057922
46.3607940674
45.1107788086
44.0759429932
44.5872001648
40.2025604248
45.3202476501
41.1970481873
25.35455513
28.117980957
25.6626281738
27.4709758759
26.3164558411
32.921333313
35.9224243164
40.0882225037
38.8186798096
38.0559959412
38.7501945496
34.1207427979
39.5740661621
35.6157112122
33.6034584045
36.1205940247
31.5904846191
28.2777023315
29.0196838379
30.1905612946
33.1493034363
36.0923805237
37.1900749207
38.4687538147
40.7072296143
35.2285079956
40.7653961182
40.5076332092
32.9176445007
34.6319618225
30.4208908081
26.479757309
27.3868103027
29.7774372101
33.0111541748
36.2761230469
37.1748847961
37.655166626
39.5932273865
34.4610328674
39.4282951355
39.039691925
27.9258155823
30.044342041
25.4216556549
23.1491374969
23.8753986359
28.4379425049
32.5244903564
35.8179473877
36.3173599243
36.8158187866
38.155330658
32.4284133911
38.4896469116
36.6774520874
35.1252365112
37.4742088318
32.393196106
29.5464496613
28.4876537323
29.6749649048
32.4077186584
34.152633667
35.7700462341
37.345867157
39.1277656555
33.7462768555
40.2403526306
39.9653053284
43.8973197937
46.7526893616
42.0317878723
44.0843391418
36.9225769043
44.3921966553
45.5137138367
47.7302818298
47.8043403625
48.5744094849
45.9045791626
42.0994338989
50.2931671143
47.5077896118
42.6837615967
45.2961921692
40.0702400208
41.5706520081
34.5465240479
41.0505485535
42.3529396057
44.2100219727
44.6182785034
45.8116874695
43.6357307434
39.5156326294
47.5955963135
45.451335907
42.3064804077
44.3859100342
39.2680053711
40.0489082336
33.2560005188
39.2362937927
40.4906425476
41.8815116882
42.996547699
44.4711227417
42.5647277832
38.1754989624
45.9686126709
44.8954086304
61.2595062256
62.453754425
57.4605674744
57.3295631409
51.2743988037
53.8807296753
53.5807647705
53.8798828125
55.1115264893
57.0226860046
55.3790397644
52.905418396
59.6708908081
60.0254402161
53.2436141968
54.5079269409
49.0178794861
48.1238594055
43.3028106689
44.1016426086
44.4913978577
44.061668396
44.5433082581
46.462348938
46.070526123
43.2001609802
50.6363449097
49.6297950745
65.7297821045
66.3350906372
61.7182197571
60.8739128113
55.7145690918
56.7850456238
55.9058151245
55.7501411438
56.9087104797
58.5628356934
57.5613441467
56.0438423157
61.6617660522
62.8984146118
61.6504631042
62.4745254517
57.2545623779
55.4494590759
50.0191001892
50.7230796814
49.2049713135
48.6091842651
48.8172035217
48.9868850708
48.6415977478
48.6438217163
55.0341377258
54.8291778564
61.8822669983
62.8107528687
57.6055831909
56.7566566467
51.4712905884
52.3715057373
51.6229286194
51.2338676453
50.8759307861
51.6346549988
50.772808075
50.0533790588
56.8962173462
55.9868392944
54.8834381104
56.2302436829
50.6888275146
50.3293914795
43.9041748047
46.2939910889
45.8316459656
45.8726997375
45.9071044922
46.9569206238
45.2666053772
43.7927246094
51.4167823792
50.1944122314
62.7582626343
63.1496315002
58.853969574
58.4394111633
52.1451644897
54.9392166138
54.2969436646
53.6440429688
54.6164894104
55.8341140747
53.6649436951
52.3199386597
59.0788116455
59.044921875
56.9258804321
58.1925048828
52.9098167419
52.8105621338
44.8947677612
49.3297538757
48.5582847595
48.3708686829
48.8833312988
49.5407600403
46.7401580811
45.5286636353
53.7807884216
52.4385032654
66.852432251
67.5897521973
62.7697486877
62.450302124
55.3861656189
58.6447715759
57.6918525696
56.9436798096
57.5000076294
58.152256012
55.5629425049
55.1214370728
62.2090988159
61.4648590088
62.3368988037
63.8521118164
59.0874176025
59.8375434875
51.899269104
57.3244781494
56.6567382812
57.2034378052
57.4016647339
57.8660964966
54.5832710266
53.4019622803
61.0842552185
59.3895263672
60.4504203796
61.6739997864
57.4631500244
58.2235717773
51.9927825928
56.2125549316
56.3808441162
57.0598449707
58.3392372131
60.2370529175
57.8876838684
54.859046936
61.6243019104
61.6962852478
35.5296325684
37.462146759
31.8892002106
31.9951992035
26.1475009918
32.1775817871
34.9313163757
36.7444915771
38.2364616394
39.6239624023
39.0673675537
33.4363937378
40.9046783447
39.8135261536
35.7699127197
37.6795959473
32.3189582825
31.3729228973
27.3702087402
31.7312164307
34.8600883484
36.529258728
38.4577255249
40.0696792603
40.2445030212
34.4490623474
41.5071792603
40.9500160217
35.7266464233
38.0607872009
33.1757354736
32.1926040649
30.6713142395
34.1564178467
37.6779327393
40.1123847961
41.5243263245
43.345413208
44.1590957642
38.2424278259
44.2039031982
43.870716095
36.8913764954
39.7806587219
35.943775177
34.8139724731
35.6311645508
39.0592880249
42.4259414673
45.2901992798
46.6133384705
48.139995575
49.3512458801
43.7489395142
48.183506012
48.3077468872
36.8913764954
39.7806587219
35.943775177
34.8139724731
35.6311645508
39.0592880249
42.4259414673
45.2901992798
46.6133384705
48.139995575
49.3512458801
43.7489395142
48.183506012
48.3077468872
27.7446727753
30.6977062225
25.5302619934
27.1899585724
23.9907207489
31.2059707642
34.767250061
38.0673446655
38.4106712341
39.1528663635
39.1469345093
33.3013839722
40.1315879822
37.8686065674
36.6935348511
39.2391929626
34.4189300537
36.3280296326
27.2215766907
37.0025024414
37.7537078857
39.5231590271
37.6374588013
35.7172317505
31.7943668365
30.2671012878
39.8330421448
33.0466804504
33.2366523743
35.9124679565
31.6911716461
33.6072120667
25.5239200592
35.4903297424
36.4582672119
38.860370636
36.4116630554
33.6912651062
30.4287147522
29.0203151703
37.6992111206
30.0055389404
36.102558136
37.5370178223
32.4983139038
32.3248672485
23.4751491547
31.0041675568
30.2783813477
31.0935230255
27.6074790955
23.9716281891
19.6948032379
21.5627803802
30.8921127319
22.8578472137
36.3151130676
38.2043037415
32.3058433533
33.0801811218
23.0970840454
31.2732582092
31.7100448608
32.1977615356
31.5202693939
31.0973072052
27.2342681885
24.8094367981
35.7440567017
30.9829483032
33.3673439026
35.5028953552
29.6309719086
30.8211803436
20.9580612183
29.8709468842
30.8314285278
31.9631767273
31.3583106995
30.9695358276
27.4429416656
24.2012138367
34.8828659058
30.0316619873
35.3042869568
37.738697052
32.1705551147
33.8426322937
24.3119831085
33.5566749573
34.6174125671
35.9791221619
35.3191261292
34.8415908813
31.2005615234
28.1704483032
38.4413871765
33.4680404663
40.5629043579
42.5595054626
37.1024246216
35.5278625488
31.3912963867
33.5239868164
34.7073745728
35.4161300659
37.3530311584
39.3707237244
39.5767059326
35.0329017639
42.6381149292
42.8063621521
39.5678901672
41.2601737976
35.5429573059
33.3502922058
28.6040420532
30.5206336975
31.4265174866
31.2182750702
33.1003875732
34.5836524963
34.8944206238
30.9668827057
39.2574653625
38.8692169189
51.2148895264
52.7903213501
47.8541603088
46.612663269
42.9530982971
43.8607559204
44.0098838806
45.1601295471
47.0448570251
49.4726676941
49.7311325073
45.9007644653
51.7369918823
53.3603630066
43.0594978333
46.1980514526
42.3178634644
42.5770683289
41.3042488098
43.6632804871
45.6918945312
48.9343338013
50.3814506531
53.4698181152
53.9674034119
47.7833976746
53.1942100525
54.2024116516
52.4723587036
54.728302002
51.136013031
51.4843635559
49.944858551
51.1376991272
52.1111831665
55.3328285217
57.021697998
60.5484313965
60.957157135
55.3605690002
59.5980224609
62.0018997192
55.0322685242
56.9358863831
53.2562103271
53.2858924866
51.7184562683
52.1633834839
52.6514434814
55.7617835999
57.5584182739
61.1299324036
61.7176551819
56.5194244385
60.294418335
63.2457847595
56.6566543579
58.3854408264
54.682346344
54.5390968323
53.0363464355
53.0123519897
53.2255058289
56.3125114441
58.1398468018
61.7299728394
62.4593200684
57.49401474
60.93359375
64.1987380981
36.599647522
40.3489990234
36.1458892822
37.0108261108
34.2178611755
39.1897277832
41.8109436035
44.7675247192
46.0790519714
48.4124908447
48.027797699
41.811756134
48.751083374
48.198348999
42.0320968628
44.7861862183
40.1615028381
40.3547210693
36.7760505676
40.4122657776
42.1313667297
44.3821144104
46.1239547729
48.7569198608
48.339515686
42.7625617981
49.5539741516
49.9814949036
39.1547966003
41.9694290161
37.0081634521
37.2117996216
32.867149353
37.2762336731
39.1737976074
41.1404533386
42.8569602966
45.1942977905
44.496509552
38.9599723816
46.5061759949
46.3166847229
42.4553909302
45.1137580872
40.510269165
40.3525276184
37.3655395508
40.2002296448
41.8387451172
44.1466331482
45.9270515442
48.6797637939
48.670337677
43.0969429016
49.5012550354
50.2809829712
46.8478431702
50.0641288757
46.3501243591
47.8830718994
44.2726402283
49.2909736633
51.1579742432
54.01612854
55.3600540161
57.9278373718
56.8240737915
51.1171379089
57.5689964294
57.5567741394
51.9158630371
54.1628723145
50.0874862671
50.8366165161
46.7221336365
50.3252487183
51.2624053955
53.5015068054
55.29504776
58.1197929382
57.0990180969
52.1020317078
58.160533905
59.3048706055
53.4850349426
55.7157707214
51.9141044617
52.7410697937
49.1437187195
52.4039230347
53.3277320862
55.8183937073
57.6189231873
60.625541687
59.7837677002
54.649597168
60.2178192139
61.7045211792
69.327835083
70.6708602905
68.1474304199
69.2967071533
66.5019836426
68.7563323975
68.9574813843
71.6968688965
73.7750778198
77.2942886353
76.4055023193
71.5967407227
75.1989746094
78.3404922485
58.5798835754
61.7658729553
59.0475540161
61.3977394104
57.7993354797
63.4559707642
65.158706665
68.2178573608
69.2588500977
71.6778182983
70.0112533569
64.6022109985
70.5227279663
70.2777328491
62.3380012512
65.773765564
63.4712905884
66.1574554443
62.7468643188
68.8772583008
70.7500457764
73.9655914307
74.7163009644
76.8913269043
75.0959243774
69.7211303711
75.6027069092
74.8191986084
57.4367675781
61.6062011719
59.5574760437
62.4022064209
59.7498779297
66.2623825073
68.6774368286
72.2643127441
72.5925979614
74.4543151855
72.9842147827
67.300201416
73.2955322266
71.6694412231
52.7245941162
56.5000953674
54.028339386
56.2831802368
54.2019958496
59.3030738831
61.603351593
65.182258606
66.0333404541
68.6362075806
67.7462158203
61.6340332031
67.2041168213
66.8900909424
46.2942123413
50.5819015503
47.9180526733
50.1299819946
48.1140861511
53.7474250793
56.3981056213
60.0571060181
60.7304801941
63.0124855042
62.2330169678
56.0044364929
62.0269851685
61.0560874939
52.6489105225
56.126914978
53.2441596985
55.4224128723
52.3395004272
57.7646446228
59.7634849548
62.9999885559
64.0283737183
66.5306243896
65.2595825195
59.4884910583
65.4603424072
65.1807174683
50.448589325
54.4801559448
51.4274711609
54.2808074951
49.4711875916
57.3499183655
59.4544944763
62.4832611084
62.7331924438
63.9125823975
61.6369819641
56.6969871521
63.9850196838
61.4344215393
46.8307151794
51.9196853638
50.0818023682
52.6129493713
51.6117362976
57.7657279968
60.8889503479
64.9566879272
64.9723358154
66.7052078247
66.148109436
59.8742790222
65.7255172729
63.6477813721
55.0981788635
59.4797668457
57.9688606262
60.2909126282
60.4956092834
64.705406189
67.669303894
71.8724441528
72.1338500977
74.8281478882
74.8202438354
68.1117324829
72.8391571045
72.1529083252
51.728843689
55.7392807007
53.6324653625
55.6819877625
55.1884841919
59.2164573669
61.8599967957
65.8499603271
66.5201950073
69.4278411865
69.3037185669
62.6971855164
67.6109695435
67.5451202393
55.3121528625
58.9010467529
56.610004425
58.8299369812
57.1023025513
61.7106132507
63.9303398132
67.5705184937
68.4821472168
71.3059692383
70.5555114746
64.3757247925
69.561126709
69.6415176392
72.3320770264
74.8816375732
73.2716522217
75.6695709229
73.6789703369
77.7514419556
79.2841415405
82.6273574829
83.8857192993
87.0511932373
85.8761901855
80.1739349365
84.4013442993
85.5764846802
71.9015960693
74.4914627075
72.9740982056
75.3618164062
73.736289978
77.5629425049
79.1890716553
82.6376876831
83.8625106812
87.126953125
86.1298522949
80.275970459
84.3372650146
85.5901412964
68.2560577393
70.9825897217
68.5817947388
71.0341796875
67.1037750244
72.7200088501
74.0299224854
76.8881225586
78.0166549683
80.4385147095
78.4186096191
73.4298171997
79.02709198
79.0946731567
67.6824417114
70.2239151001
67.6115112305
69.9074478149
65.6516723633
71.1583404541
72.279876709
74.968536377
76.2152938843
78.6547393799
76.5630111694
71.7404403687
77.4209518433
77.6697235107
51.9777641296
54.8990516663
51.4655647278
53.1107063293
49.47133255
54.232875824
55.7920227051
58.6312026978
60.038848877
62.7446479797
61.4995231628
55.9897422791
62.0352973938
62.4307250977
51.737487793
53.8113174438
49.6400947571
49.9275779724
46.334815979
48.960319519
49.7265548706
51.9653282166
53.8637886047
56.8416938782
56.3007888794
51.3474464417
56.9929275513
58.6342353821
61.1447715759
62.988067627
60.5062713623
61.4221038818
61.4989356995
61.291469574
62.0628585815
66.0889282227
67.573135376
71.8091201782
72.6791229248
66.7568740845
69.1140670776
72.7052993774
55.9990768433
58.2524452209
55.1696052551
56.1101799011
54.3883399963
56.3059616089
57.3553581238
60.6587638855
62.3383483887
65.9134674072
65.8656158447
60.1680488586
64.3223724365
66.6763687134
50.8858604431
53.9633293152
51.1442260742
52.2161064148
52.1604614258
53.8051261902
55.7711982727
59.7200126648
60.8475074768
64.4807434082
65.1350479126
58.6188354492
62.7027015686
64.3274688721
51.111869812
54.2381401062
51.4287338257
52.6988677979
52.0322761536
54.4379577637
56.404045105
60.1842803955
61.3882064819
64.8501739502
65.1091079712
58.6988220215
63.1428451538
64.5153427124
53.5034866333
55.7867698669
51.6959724426
52.8337860107
47.7857284546
52.4271240234
53.3223419189
55.3458518982
56.9846305847
59.4851989746
57.8171958923
53.1256027222
59.737487793
60.2547187805
52.0162353516
54.8715782166
51.0607795715
52.870929718
47.8021507263
53.6479377747
55.027217865
57.4127197266
58.6798171997
60.8859481812
58.9302482605
53.9749221802
60.9029960632
60.4987716675
39.3468055725
43.3564109802
39.5087585449
41.4337997437
37.5448150635
44.1118774414
46.6220359802
49.6455688477
50.5588035583
52.4602279663
51.1945838928
45.3321151733
52.604637146
51.1772575378
31.9239826202
36.0778121948
31.7104206085
32.9071960449
29.5916748047
35.8978614807
38.9044342041
41.8920326233
42.9716758728
44.7853355408
44.143611908
37.906993866
45.4787940979
43.9866676331
36.3719024658
39.1525421143
33.6816253662
34.4127159119
27.9591121674
34.2819709778
36.2024459839
37.7265205383
39.121887207
40.8050689697
39.1291351318
33.9486122131
42.8775444031
41.3428344727
