3.39651989937
5.26121854782
8.59288692474
10.0636472702
12.7149028778
14.0211820602
16.0803489685
18.3992290497
20.3206062317
23.0232982635
25.394777298
27.4493865967
30.3941345215
31.8075828552
34.581615448
36.0049705505
35.245513916
36.4044761658
38.1569747925
37.5742721558
38.4523086548
40.4224281311
41.0456771851
42.259727478
44.6026687622
42.9622993469
44.9731140137
47.0221252441
46.3075523376
43.3237342834
45.1706123352
5.26121854782
2.14564442635
5.29300022125
6.61986398697
9.40416526794
11.0241413116
13.0976839066
15.7229967117
17.7629032135
20.3986473083
23.0838088989
25.0725212097
28.0084991455
29.5627326965
30.641500473
32.3706550598
33.7281417847
33.1238632202
34.1091880798
35.8246994019
35.3431892395
36.3337554932
38.1501617432
38.8171424866
39.9148483276
42.1709098816
40.5139389038
42.4454917908
44.4572792053
43.7826766968
40.9125099182
42.6854057312
8.59288692474
5.29300022125
3.34930229187
6.75801706314
8.28445625305
10.051568985
11.6788187027
14.4438152313
16.4144592285
19.0212669373
21.8480930328
23.8066062927
26.6324253082
28.3288612366
29.473608017
31.135559082
32.5132102966
31.9824886322
32.8469772339
34.6082420349
34.1925811768
35.2683830261
37.0537643433
37.6627502441
38.7903823853
41.0949630737
39.3721504211
41.3563346863
43.4125785828
42.7841796875
39.8479537964
41.6127433777
10.0636463165
6.61986398697
6.75801753998
3.3494515419
6.69821310043
8.30034351349
10.3807153702
13.2423992157
15.3732452393
17.8454475403
20.6843452454
22.6076488495
25.5172367096
27.0502128601
28.0561618805
29.6405487061
30.9633274078
30.4696083069
31.4968910217
33.0699234009
32.5058670044
33.6663665771
35.4771270752
36.0596389771
37.2576675415
39.6196060181
38.0442733765
40.0624809265
42.1172676086
41.5709190369
38.6055259705
40.2688941956
12.7149028778
9.40416622162
8.2844581604
6.69821310043
3.31878209114
6.61835336685
7.81113910675
10.4210071564
12.6231737137
14.7208652496
17.9055328369
19.6803855896
22.5411720276
24.3938865662
25.3864784241
27.085308075
28.4110107422
28.1696815491
28.9310817719
30.4134922028
30.0316619873
31.2523593903
32.9982337952
33.6002388
34.949546814
37.3498039246
35.6081542969
37.6875991821
39.8105392456
39.1988601685
36.1285018921
37.9443244934
14.0211839676
11.0241413116
10.051568985
8.30034351349
6.61835241318
3.36213636398
6.80380535126
8.12025928497
10.2762336731
12.8256406784
15.7572507858
17.8221797943
20.7153644562
22.4328937531
23.3025550842
24.9590511322
26.3083610535
26.2463436127
27.0998935699
28.605014801
28.2454013824
29.7209529877
31.1994514465
32.2929039001
33.6004562378
36.0616989136
34.0959396362
36.2695198059
38.4238395691
37.6747207642
34.4375534058
36.5000534058
16.0803489685
13.0976839066
11.67882061
10.3807134628
7.81113815308
6.80380535126
3.33762669563
6.78855037689
7.38715839386
10.2141094208
12.9456453323
14.8973722458
17.9233474731
19.6710262299
20.6199531555
22.420671463
23.9450798035
23.9536418915
24.5466461182
26.1805877686
26.0515346527
27.7109642029
29.2403964996
30.0088310242
31.3867301941
33.9736976624
32.0035934448
34.2667007446
36.526424408
35.8765678406
32.5851516724
34.5586128235
18.3992290497
15.7229967117
14.4438095093
13.242401123
10.42100811
8.1202583313
6.78854894638
3.35287737846
5.81824827194
8.35827922821
11.1155557632
13.4886245728
16.2702579498
18.2121124268
19.0711784363
20.9671421051
22.4084377289
22.5645065308
23.0888824463
24.7043628693
24.6492843628
26.3785133362
27.6704063416
28.6637992859
29.9837245941
32.5655555725
30.4046726227
32.6637496948
34.9623184204
34.1991386414
30.9102268219
33.0375862122
20.320602417
17.7629032135
16.4144554138
15.3732481003
12.623175621
10.2762355804
7.3871588707
5.81824922562
2.54849290848
5.95803403854
7.59554195404
10.1471853256
13.3037815094
15.0816345215
16.0876903534
18.3103752136
19.9303627014
20.2309589386
20.6678218842
22.327091217
22.4575252533
24.5067844391
25.642162323
26.7128791809
27.9545593262
30.6525058746
28.3276329041
30.7101097107
33.111328125
32.2847137451
28.855342865
31.1485958099
