29.1169891357
25.6597537994
28.3512821198
26.4324150085
22.7413806915
21.1519317627
18.9870624542
13.5882797241
16.4435386658
12.9207735062
12.0706338882
5.62383127213
6.61892986298
4.73056793213
5.4225320816
8.16825866699
9.69831943512
12.8678789139
12.3327922821
10.1730527878
10.6798019409
7.88472223282
9.01851940155
7.96123504639
11.9617776871
11.9120483398
15.6914701462
16.5910148621
16.055721283
19.2193508148
22.4676418304
26.2681007385
25.9249572754
28.6647033691
29.9036922455
31.093328476
31.4046783447
32.3711166382
32.3750267029
32.7417602539
25.8385009766
23.3473834991
20.5430545807
18.364030838
19.8937568665
16.6675815582
17.5077018738
19.7432804108
17.3961811066
20.9130039215
24.7748527527
27.1904354095
28.5883998871
30.7854251862
29.9036960602
26.7680091858
23.1908073425
23.6198253632
18.8559837341
18.6677761078
21.9775485992
21.0679969788
25.903799057
25.3853645325
28.7464332581
25.9686737061
22.3759269714
19.8202056885
17.6969814301
15.875585556
14.1401567459
12.6956748962
12.6109924316
8.48774719238
6.22745418549
5.91852712631
7.0370759964
9.08642482758
10.7669591904
13.2726488113
