33.6311225891
29.7661647797
28.488243103
24.5180072784
28.5209217072
22.8904132843
20.5597896576
26.633731842
27.9405536652
29.615240097
33.8367424011
29.7200336456
33.732673645
36.1940383911
36.0039367676
33.7739562988
31.3771858215
30.3968238831
27.432592392
26.5729866028
21.441526413
29.3025951385
28.7258892059
29.2610225677
29.6373748779
32.5170898438
31.877040863
35.8298149109
37.0637130737
33.6843338013
36.112537384
35.96043396
32.599861145
28.4149990082
29.6131877899
29.0830879211
35.4720039368
35.7425117493
34.2796630859
33.2009925842
31.8849163055
31.8629646301
34.6585845947
34.9060745239
36.5065383911
36.8645401001
34.4435806274
33.1534690857
28.4136314392
27.0644607544
28.1850090027
24.161190033
22.1954555511
25.5406684875
25.5216026306
24.4546012878
28.4853935242
25.5513095856
23.1541080475
20.6871376038
21.3879051208
22.6349143982
18.0977191925
19.3686447144
15.7044248581
15.7541027069
14.5505027771
22.8191413879
21.167848587
16.3685512543
19.6214561462
18.2801437378
22.2130832672
18.8074836731
19.2526321411
16.478471756
18.829498291
17.1937046051
14.9968318939
19.5792884827
20.9173107147
25.8825283051
21.2631587982
21.1534481049
23.3244056702
24.0069465637
21.7422809601
18.4730606079
14.6623277664
15.0184955597
15.3151607513
19.5167179108
19.6442909241
22.8907470703
25.9225311279
25.967130661
26.3187580109
25.7770690918
24.4615192413
20.1960086823
18.9800987244
15.6293449402
18.3602676392
17.1379337311
21.5073776245
21.9769744873
23.7658843994
29.2499694824
29.98985672
28.1218185425
26.6091136932
25.6491298676
21.7456436157
22.564748764
20.5309295654
19.0568504333
17.1525745392
17.7800807953
23.9918022156
20.2728996277
25.4360141754
26.6321125031
29.612657547
34.1615715027
32.9284515381
30.3648281097
32.0470314026
22.806016922
24.2410240173
22.262878418
26.7471866608
32.1722183228
30.4645309448
29.6441116333
26.7208042145
25.7789402008
27.7920913696
26.4230270386
22.4725112915
21.2444591522
24.2259120941
22.9987621307
19.5817966461
21.4743041992
25.0202217102
20.8650798798
23.5702457428
24.4574508667
24.7023239136
22.9746437073
25.7004184723
26.1098327637
21.733505249
24.0570983887
22.1074962616
21.2407588959
21.1185245514
22.2966365814
18.6805763245
16.5682163239
14.0456209183
18.4002342224
19.7271308899
21.4388980865
34.3568840027
37.0023536682
34.4084587097
35.755279541
39.0924301147
39.7460823059
38.7523765564
44.2133293152
42.8319511414
40.1682815552
37.4005508423
36.1556968689
37.919631958
35.6532707214
35.5362281799
38.6234855652
34.3935890198
37.479221344
41.1804046631
41.4655609131
43.6095657349
43.5081443787
41.2053146362
40.1794090271
35.6863861084
37.4022903442
32.7561073303
32.7860183716
33.3744392395
33.2132225037
34.8923492432
34.1300163269
31.5345401764
29.8538837433
29.4343681335
30.6044406891
31.502363205
34.9004364014
36.4441719055
39.6702842712
41.5270309448
45.98878479
47.5141334534
48.4616241455
45.5669631958
44.3578186035
46.4018592834
45.2929992676
46.9020500183
44.0939102173
40.3978500366
41.1531639099
42.2829284668
38.7805709839
36.6624755859
37.052154541
35.8434829712
33.9564971924
32.5864677429
32.8209228516
30.0335083008
26.5572395325
23.7740154266
20.4083404541
22.6946334839
26.4322147369
27.534992218
26.3972892761
31.2825756073
28.8622684479
33.6476821899
36.8715057373
39.8336486816
42.3604774475
45.0838241577
46.5992774963
44.2153091431
41.4686698914
39.0700035095
35.5381507874
32.8838729858
29.8787155151
26.2380466461
28.2877559662
26.4615936279
26.9757080078
26.254327774
29.043586731
31.1065502167
30.0495605469
34.3509025574
33.765209198
29.0424976349
32.3740921021
36.213722229
33.8995437622
34.081363678
30.3504524231
31.7639465332
35.1763381958
32.9739570618
29.4099330902
30.3052368164
30.1380825043
26.5768260956
25.598033905
28.8185043335
27.243478775
23.1155338287
25.8192825317
27.4711933136
25.1097736359
23.142950058
27.5455093384
27.6352024078
24.9335308075
26.873544693
30.3390464783
28.7369403839
27.8783168793
31.4364509583
32.7122077942
29.2405643463
32.142414093
36.1458435059
35.2479553223
37.2322349548
34.743057251
40.4457244873
37.4519462585
34.5370750427
36.4239692688
33.2179298401
34.2026748657
33.4657821655
29.6221008301
28.0129852295
25.7786312103
22.8967037201
21.1462879181
18.7488632202
22.4767494202
21.4390869141
24.2666625977
24.6460723877
28.5908508301
30.9511222839
34.2493362427
32.4092140198
37.3683929443
38.2670555115
40.8564605713
42.487663269
42.9807624817
44.6741600037
48.6160621643
49.5083351135
53.0355300903
52.0338668823
45.823600769
49.2044944763
51.043674469
49.0821304321
51.5840263367
49.7031898499
48.2940750122
46.5091247559
45.4461593628
42.584236145
45.8953094482
44.114151001
39.7406654358
43.3581619263
43.9983978271
47.1172027588
46.5074043274
45.9866752625
48.3409347534
51.4213523865
51.6020278931
47.8216438293
47.4269294739
43.2195739746
40.814956665
36.7438621521
39.2830352783
40.2525291443
36.610244751
36.5549201965
41.4522132874
37.3528900146
33.0158729553
36.6704444885
38.4997634888
33.7292366028
33.9422416687
37.4190979004
35.6918106079
31.822052002
34.9864273071
37.3856124878
35.9148635864
36.7852134705
40.0114021301
41.9682846069
41.9235076904
45.2047309875
46.1407814026
49.8992538452
49.6474266052
51.0207977295
48.5201148987
54.3237686157
52.9182510376
49.0157356262
50.460105896
54.2563323975
52.3620147705
48.8586463928
52.237411499
55.6808662415
50.5587043762
49.0492401123
46.3870162964
43.626914978
44.701084137
42.0579414368
40.1714401245
41.1271514893
38.72631073
37.5940971375
36.4269485474
40.6045150757
36.4614105225
34.6224784851
40.4271659851
39.5858001709
35.6919784546
38.005443573
41.4954566956
39.186542511
38.6089019775
41.4419212341
43.2384796143
48.9143867493
47.1436080933
43.9404182434
42.9863319397
43.7203598022
40.9967918396
36.6966934204
34.0966835022
31.8508796692
29.9707450867
32.8327026367
31.2737426758
25.9535884857
27.2963943481
30.9341316223
27.9194164276
23.5525074005
26.0777664185
30.0995159149
27.7984828949
28.62657547
25.8047771454
31.7852134705
28.6222839355
27.0916957855
23.6981887817
28.5283737183
23.0212097168
20.9688282013
27.8209133148
28.5130958557
31.0981750488
35.0231742859
30.4022388458
34.0899353027
36.9616470337
36.502986908
34.4924736023
31.3692016602
31.2208518982
27.8781204224
27.7156715393
22.3938598633
29.2365608215
29.1527900696
28.5186309814
29.0044384003
31.7204856873
30.8697910309
34.9921760559
35.6075897217
32.3723564148
34.8052482605
34.4940452576
31.4057426453
27.4356079102
28.954826355
27.5656070709
34.958366394
35.5139045715
34.1079292297
32.9444618225
31.562582016
32.1903686523
35.8267173767
35.2387771606
37.0002174377
37.159942627
34.2604293823
32.5569000244
27.8691520691
27.0341358185
26.8306789398
23.9191360474
22.1722316742
24.3666267395
24.6643733978
22.5901126862
26.9592590332
23.4771404266
20.8379974365
17.9415359497
19.5886516571
21.8297748566
16.8521709442
19.6586513519
14.6339550018
13.3280725479
15.067027092
21.6640434265
19.3903694153
16.2980995178
20.0451965332
18.58943367
23.1771373749
19.6561717987
21.1553955078
18.1426563263
20.7245979309
19.6113891602
17.8807926178
22.1654872894
23.4542140961
28.9975070953
24.1966686249
24.259979248
26.2141017914
26.5324344635
24.423992157
21.0413379669
15.9859886169
15.0184955597
14.0061836243
16.9275112152
17.7406311035
21.5612983704
23.9959087372
23.4948387146
22.9978981018
22.4230422974
21.6808395386
17.0590019226
17.9288730621
15.4543828964
19.6163425446
18.8525352478
24.1207180023
24.3752574921
26.2813014984
31.3126392365
32.3550567627
29.9004116058
28.1616306305
27.8250637054
24.1009941101
24.3282241821
22.6543560028
20.2568683624
17.7784309387
17.3984642029
22.0463294983
17.775554657
22.6368045807
23.1480560303
26.7011394501
30.6775302887
29.5153446198
26.9656524658
29.6924552917
19.7082920074
21.7201557159
20.9462661743
25.1915721893
30.5146503448
29.071313858
27.9039878845
24.2941303253
23.3345432281
24.9514045715
23.7662067413
19.5309333801
18.931476593
22.3891372681
21.0248336792
18.6062412262
21.0716247559
24.2205581665
20.0266208649
24.2120304108
24.5087337494
24.6758060455
23.6867294312
25.2550735474
26.0305938721
21.7592639923
24.9614582062
23.640083313
22.4746265411
21.8989334106
24.1427936554
20.9661750793
18.0393257141
16.5673751831
20.5748806
21.7894325256
23.3649482727
33.3754043579
36.0905990601
34.2953033447
34.7969360352
38.3857803345
39.5175552368
38.6118202209
43.718460083
43.4150390625
40.746295929
37.8959960938
37.2887306213
38.0579223633
36.6425361633
36.2302818298
38.3221817017
34.516204834
36.8695373535
39.9929046631
40.0749130249
41.9960212708
41.744102478
39.6973190308
38.944442749
35.0967407227
37.1271934509
33.447555542
33.4177360535
34.2056694031
33.4284706116
35.5382957458
35.3684310913
32.6459579468
30.6059112549
30.5356884003
30.9307994843
31.4501285553
34.5017051697
35.3837738037
38.4179077148
39.9196662903
44.1824760437
45.7630004883
46.5066223145
43.6249160767
42.4107704163
44.358379364
43.4272499084
44.7891082764
41.9821929932
38.6398239136
39.3077964783
40.0677719116
36.7807159424
34.9180030823
35.1252861023
33.8328056335
32.3316650391
31.0048561096
30.8345565796
28.4529705048
25.2556228638
22.9098644257
20.2574729919
22.6533050537
25.7061023712
27.086605072
25.7802352905
30.2605781555
28.4897174835
32.7776184082
35.7082519531
38.7409553528
40.8625144958
43.6597633362
44.9950485229
42.8706703186
39.9813270569
38.1526374817
34.4663124084
32.3060112
29.6246185303
26.3608055115
29.0871257782
27.1042938232
28.2680358887
27.7426872253
29.7154197693
31.4118499756
30.4640617371
34.4643936157
34.2461090088
30.2509040833
33.1116752625
36.7973709106
35.1667404175
35.9612808228
32.0032081604
33.1964149475
36.8048362732
34.9155387878
30.9359416962
31.9861698151
31.1140022278
27.8911876678
27.165561676
29.7196521759
27.8547821045
24.1028327942
26.6033229828
27.6084079742
25.1945381165
23.5651302338
27.311964035
26.9943141937
24.2921886444
26.0054092407
29.1813106537
27.339641571
26.3226413727
29.8098163605
30.8726711273
27.2968826294
30.0205478668
33.7973937988
33.3212013245
35.3173828125
33.334236145
38.5567817688
36.1019248962
33.5167884827
35.5300216675
32.9633483887
33.734828949
32.7283782959
29.4994125366
28.1884918213
26.7308864594
24.3095684052
23.1238136292
20.9817371368
24.1368618011
22.6102542877
24.8182601929
24.7917175293
27.9904155731
30.2047538757
33.111289978
31.1148204803
35.6116447449
36.5929908752
39.0121879578
40.3364105225
40.9265365601
42.6714935303
46.459854126
47.4437179565
50.8786621094
50.0502853394
43.9056968689
47.0176467896
48.9197120667
47.021446228
49.6591377258
47.971282959
46.7344589233
44.7950553894
43.7284202576
41.1284751892
44.3971214294
43.0349845886
38.7259712219
41.7789497375
42.2932891846
45.3065567017
44.4769058228
43.9757919312
46.3713111877
49.3234977722
49.3155212402
45.5628433228
45.1325569153
41.1587104797
38.7417793274
34.8877258301
37.3966064453
38.5034599304
35.0948295593
35.1708106995
40.0652770996
36.2043266296
32.2970809937
35.9052009583
37.710647583
33.3366584778
33.6839027405
37.1746635437
35.5440788269
32.1662101746
35.3400497437
37.6961708069
36.704574585
36.9724464417
40.1907310486
41.5669631958
41.3004188538
44.3222465515
45.6997489929
49.2597961426
48.7121162415
49.9301147461
47.2181510925
52.9045143127
51.6719589233
47.6894187927
48.7874069214
52.6126747131
51.0406723022
47.3813591003
50.4426116943
54.1026039124
49.1264533997
47.9838829041
45.1992263794
42.9373626709
44.2341423035
41.8816337585
40.2017097473
41.4801597595
39.4370117188
37.8526954651
36.6525688171
40.3571662903
36.1788978577
34.5163383484
39.9362945557
38.8044662476
34.9764671326
37.3691368103
40.4652748108
37.9743766785
37.3964729309
40.3529853821
41.6473121643
47.0045013428
45.0499191284
41.9050331116
40.7615013123
41.762802124
39.2735710144
35.1996307373
32.4528884888
30.5689373016
28.3578567505
31.5788822174
30.3644599915
25.2497138977
26.5453701019
30.3907032013
27.8151931763
23.5221195221
25.8535652161
30.2821140289
28.4613952637
28.7922229767
26.161283493
35.9573097229
34.7025222778
32.8779716492
31.8506317139
36.5961151123
32.3553466797
30.2420463562
37.4263763428
36.57006073
40.0142021179
42.9717292786
38.4243965149
40.6340026855
43.4950332642
42.5296783447
41.4007110596
38.7122268677
39.2645759583
35.8871421814
36.8885192871
32.7977027893
37.2387390137
37.3434524536
35.4875984192
35.2833633423
36.8957214355
35.5242424011
38.8840560913
39.0003204346
35.7965545654
37.6237792969
37.8817749023
34.8716812134
32.4666404724
34.9202003479
32.3759498596
39.578414917
41.4563522339
39.5016975403
39.5219497681
37.8502655029
39.2455978394
43.096282959
41.1893997192
42.8250007629
42.97082901
41.1006851196
37.8097648621
34.0813446045
34.2219772339
32.776638031
31.1598110199
30.5274944305
31.8627643585
31.7248973846
28.5130615234
33.0963821411
29.6553573608
26.9586791992
24.5549087524
26.5259857178
30.490234375
26.7346096039
30.8721218109
25.9154415131
21.919424057
25.0987071991
27.9219322205
21.8488578796
22.1802902222
24.208032608
21.2396621704
27.4671115875
25.4960975647
28.6975708008
24.5365810394
28.468832016
28.6963539124
27.8071060181
30.8033618927
33.9052848816
39.1796646118
35.0161972046
34.8453063965
36.9397468567
35.7586593628
34.4689254761
32.0223808289
27.3651046753
25.9671325684
23.4948425293
19.2697658539
19.4325065613
16.5369319916
19.3431072235
17.6220149994
16.2347316742
19.8001995087
20.1558380127
19.133764267
23.2755222321
23.5089550018
27.8613910675
27.0102882385
33.0213432312
32.3149261475
34.6244163513
37.5990447998
39.5069122314
35.9045333862
33.1533432007
35.5329551697
32.0205612183
30.8391990662
29.3114490509
26.1185722351
22.3688030243
21.769695282
19.9610462189
19.7889347076
18.0646686554
21.6747016907
24.1113796234
26.1810131073
27.2807312012
26.7908630371
30.4001350403
21.8390789032
21.2078113556
23.8696937561
26.2508907318
30.2263641357
30.3425502777
30.804227829
25.6366062164
27.4554443359
28.0405902863
29.1166801453
25.9696426392
26.9171600342
28.9076480865
27.605764389
28.3078384399
30.1131286621
30.6584796906
26.6596298218
33.3441696167
33.1613807678
31.9317073822
31.3033237457
30.322883606
31.2225551605
27.5107040405
31.0726222992
32.5862770081
31.9852657318
31.2306690216
34.931678772
32.6648597717
29.6745910645
28.0091876984
31.5500411987
32.2397193909
33.4522361755
38.2338485718
40.2682952881
40.7532196045
40.0356407166
44.3465805054
45.9116325378
45.5934257507
50.9468994141
50.9736862183
48.3433189392
46.4803237915
46.8331451416
47.8982772827
47.0531806946
47.0426330566
49.1325149536
44.7716636658
46.8854026794
49.9165420532
49.0205230713
50.0831489563
49.1906509399
48.6496162415
48.7827835083
44.5778236389
47.3493690491
43.7085762024
43.1380577087
43.4720191956
41.1791915894
43.2538909912
44.0736923218
41.3600654602
39.448474884
40.4322395325
39.9520645142
40.3589668274
43.4141349792
43.4323043823
47.1257286072
47.4889945984
52.4346733093
53.4363021851
53.1701927185
50.1780967712
48.0690612793
49.1656608582
48.495513916
48.3903961182
45.845905304
43.7986755371
43.4385910034
42.7172164917
40.1534042358
39.0773391724
38.222618103
36.3862304688
36.4676437378
34.9258079529
33.0436401367
31.5403118134
29.2084827423
26.6106929779
25.5814743042
27.8929386139
30.6071224213
33.6942176819
32.0808830261
36.2235069275
35.7002677917
39.2718696594
41.79063797
45.4160346985
46.5489807129
49.6067047119
51.7231216431
50.660484314
46.9424934387
46.0979881287
41.6542167664
39.8613052368
37.6188049316
34.4935493469
38.8985214233
36.1517181396
38.4788742065
37.7148857117
38.9647636414
40.0300941467
37.9729270935
42.4319381714
43.3699989319
39.1330833435
40.9600868225
45.5148849487
44.4948959351
45.9895248413
41.5431556702
41.7977714539
45.5848617554
43.6255836487
38.696762085
39.0643806458
36.0509262085
33.270362854
34.0629119873
35.5847625732
31.9675121307
29.4497642517
32.6943016052
31.697479248
28.5447845459
28.7062778473
31.6871490479
29.3075313568
26.745344162
28.9534702301
31.5335235596
27.9124851227
27.8996257782
31.3799037933
30.387014389
26.5098876953
30.2163085938
33.0377807617
35.2852058411
37.2502822876
37.2472610474
41.842628479
41.2599983215
37.8715744019
41.659160614
39.6661911011
41.0951499939
39.3310508728
36.175163269
36.0937042236
35.3502655029
33.4598464966
33.1573028564
30.3605709076
32.3200874329
30.5950279236
31.6000823975
31.7015457153
33.2969093323
36.3988418579
39.3713302612
35.8225440979
39.6939163208
41.939956665
43.7558135986
43.5738868713
45.35912323
48.0380439758
51.469619751
53.2487602234
55.9825592041
55.6516876221
49.1878814697
51.084148407
52.8951797485
50.5804290771
54.4451408386
53.9839820862
53.7174186707
51.8153305054
48.8695297241
46.5261650085
49.0336875916
48.2633399963
43.8401679993
45.3049087524
44.5984954834
47.1789932251
45.5838661194
46.1431770325
49.1833343506
51.3453979492
50.4325447083
47.4002723694
45.6690635681
43.3747177124
39.3803138733
35.3399047852
37.1409034729
40.147441864
37.3276481628
36.3732299805
42.2353248596
39.5512199402
35.2195472717
38.9676704407
41.7683334351
38.1618461609
37.4923553467
41.9141769409
41.5388336182
37.8975715637
40.6172142029
43.9577331543
44.1898117065
44.2475700378
46.9697303772
48.2582130432
46.9552345276
48.9309844971
51.5766105652
54.9870872498
53.9738845825
55.8741531372
53.033203125
58.3804359436
56.5326728821
51.9673652649
52.0715522766
55.6743507385
54.3449287415
49.9528388977
52.1638031006
56.1288223267
50.7691230774
51.0496406555
47.2718391418
46.6196022034
47.7472000122
45.2787971497
44.5160560608
46.6222724915
44.5498313904
41.7346992493
39.6723442078
42.1635055542
37.3003234863
36.9256095886
42.0921096802
39.2337684631
35.8763160706
39.6551742554
41.4235877991
37.6522827148
38.4100494385
42.3849830627
41.0349197388
46.8439102173
43.8600234985
41.267829895
38.7202110291
39.7100257874
39.0443878174
34.365196228
30.9997215271
31.3019351959
26.2070274353
29.8785247803
30.7647285461
25.9052181244
25.703578949
30.3315067291
29.6363506317
24.9457969666
25.5656356812
31.9162082672
30.9869308472
28.9450950623
26.6934986115
31.1289234161
29.1850242615
27.5820903778
25.9502124786
31.1371040344
26.3437156677
24.8623046875
32.2058868408
32.2074928284
35.5634231567
38.9282073975
34.6169509888
37.3403663635
40.3531761169
39.2614631653
37.5722579956
34.6599121094
34.8328514099
30.9834041595
31.472038269
26.5108890533
31.8291015625
31.7380828857
29.7862701416
30.3303947449
32.0409812927
31.1964530945
35.2036247253
35.9271697998
32.2023353577
34.7549476624
35.260055542
32.1059875488
29.2842216492
31.544298172
28.5650463104
35.9745559692
37.3530426025
35.1706886292
35.1200218201
32.8035774231
34.2045974731
38.2779998779
37.0250587463
38.9069519043
39.142288208
37.4720535278
34.5181274414
29.9228057861
29.9389648438
28.9851455688
26.6736717224
25.6343898773
26.8759326935
25.8455142975
22.7212715149
27.1738548279
23.1509399414
20.5067043304
17.431268692
19.9790935516
23.7142467499
19.3692054749
24.2522964478
18.5700454712
15.0576629639
19.3322124481
22.9570503235
19.5470638275
18.6803321838
22.3351821899
20.2855548859
26.4507274628
23.2968902588
25.2366199493
22.0288276672
25.8221549988
24.7757492065
23.4765720367
27.5429439545
30.0061168671
35.0623550415
30.314496994
30.0578403473
31.8432788849
31.3309726715
29.136592865
26.8044452667
21.2892742157
20.1960105896
17.0590057373
15.1354761124
15.7303714752
15.5196828842
20.2414741516
21.1465854645
19.1337623596
18.0904254913
18.3906078339
17.9554233551
18.5012931824
18.0175266266
23.4551181793
22.557264328
28.688835144
28.5681838989
31.0529575348
35.0154457092
36.8521118164
33.7210350037
31.4815158844
32.7895393372
28.9345626831
28.3382377625
26.2945899963
23.2262897491
19.8405056
18.1413021088
19.1994667053
14.9570770264
17.7799377441
18.1955833435
21.5905189514
25.2621459961
24.9310779572
23.3926410675
26.1525859833
16.0510559082
18.1018981934
19.9129524231
23.2933998108
27.7068538666
27.3956489563
26.6569805145
21.1986656189
21.7784347534
22.2807807922
22.4547176361
18.5488128662
19.4777908325
22.0290184021
21.2433376312
21.3470554352
23.2158679962
24.8221473694
21.0946407318
27.1189155579
26.9695587158
26.1845436096
26.1598472595
25.9211063385
27.7353534698
23.3346252441
27.5000743866
27.7961044312
26.315776825
25.3962745667
29.1429328918
26.7146873474
23.6350231171
22.2754955292
26.4809570312
27.0499801636
28.7232112885
35.6837272644
38.1511955261
38.0956611633
38.300983429
42.5312995911
43.6908607483
43.2433128357
48.9841995239
48.3606796265
45.5204849243
43.625038147
43.4410667419
45.1648139954
43.7966079712
44.0320243835
46.720741272
42.3249511719
44.9559135437
48.3690452576
47.912021637
49.4268112183
48.6452636719
47.3664283752
46.9935302734
42.5798568726
44.8691291809
40.644569397
40.0271949768
40.2153053284
38.2292022705
40.159450531
40.5928344727
37.6931266785
35.9348373413
36.8750953674
36.9836463928
37.834651947
41.120262146
41.9448738098
45.5121765137
46.431438446
51.4638671875
52.4761314392
52.7217826843
49.7776222229
47.7834243774
49.0325813293
48.0118751526
48.3793182373
45.9042663574
43.203502655
42.9015312195
42.918006897
40.2228507996
38.4630851746
37.6920280457
36.3888435364
35.9087600708
33.7750091553
32.5879440308
31.0767536163
27.7612342834
25.6771297455
23.7489089966
26.6796798706
29.6005325317
32.0703353882
29.9175109863
34.6350746155
33.1064033508
37.3352355957
40.2627792358
43.8414573669
45.4957008362
48.5102157593
50.7533988953
49.2240028381
45.7760009766
44.2612609863
40.1295394897
37.7145767212
35.2343711853
31.877948761
35.8284759521
33.5373573303
35.3471374512
34.8242721558
36.7573051453
38.4066238403
36.859992981
41.4468040466
41.7366371155
37.2241592407
39.8711471558
44.2422447205
42.6631011963
43.609249115
39.3065910339
40.1812744141
43.9585571289
41.8038406372
37.3158111572
37.9313163757
36.0642433167
32.7716255188
32.8076210022
35.1576080322
32.2143249512
28.7333984375
31.8980922699
31.9531021118
28.8602294922
27.9415359497
31.6757717133
30.1532154083
27.0885066986
29.1397781372
32.3581008911
29.2289524078
28.1914749146
32.2645874023
32.3745727539
27.9717502594
31.1918926239
34.8793754578
36.0686187744
38.4422149658
37.6516113281
42.7836112976
41.4908638
38.3589553833
41.5663299561
39.1662101746
40.3147087097
38.7185096741
35.2964439392
34.3771133423
33.1900138855
30.6855506897
29.6569404602
27.1166191101
30.1507263184
28.2710399628
30.164018631
29.9481334686
32.6762390137
35.5533447266
38.6907119751
35.4231262207
39.9064064026
41.684677124
44.0662612915
44.2892913818
45.5689086914
48.2230033875
51.73853302
53.5278244019
56.6051292419
56.2449913025
49.6810035706
52.0571708679
54.1044998169
51.9491691589
55.4643630981
54.4924316406
53.8078308105
51.742401123
49.5715827942
47.0623703003
50.0783958435
49.0520591736
44.444683075
46.6646194458
46.4790611267
49.3695526123
47.9531173706
48.0144500732
50.9287414551
53.5015220642
52.8606033325
49.3024711609
48.128288269
44.9555091858
41.488155365
37.3365097046
39.7254142761
42.0218429565
38.7358474731
38.3598403931
44.144657135
40.7300415039
36.3607597351
40.3365516663
42.8119354248
38.5692520142
38.3991317749
42.6276321411
41.5830192566
37.7937507629
40.91015625
43.9439239502
43.4558677673
43.7583961487
46.852394104
48.3308525085
47.4934158325
50.0560035706
52.167755127
55.7671585083
54.9621658325
56.5902557373
53.7124824524
59.3417472839
57.7650794983
53.3364677429
53.8400115967
57.6645851135
56.2345085144
52.0254859924
54.6311187744
58.6109046936
53.2988357544
52.9601478577
49.5013084412
48.0851974487
49.3026924133
46.7425308228
45.4982566833
47.2131538391
44.9429397583
42.7348594666
40.9666099548
44.2056083679
39.4562950134
38.4601516724
44.0482635498
41.8726463318
38.1255111694
41.4518470764
43.9336128235
40.5630378723
40.7096481323
44.4278335571
44.1917190552
49.9506263733
47.2465515137
44.2682228088
42.1574287415
43.3693580627
41.8549232483
37.2504882812
33.8624763489
33.0867004395
28.9951477051
32.9460716248
32.8524971008
27.3248176575
28.0239315033
32.665435791
30.9382553101
25.9252243042
27.5523376465
33.4157218933
31.8183631897
30.733007431
27.867181778
36.8093986511
33.5287017822
34.063495636
30.6149921417
35.5459747314
31.7991523743
30.4162921906
35.9045715332
37.8511047363
39.7680549622
44.3087081909
40.8252906799
43.8680229187
46.1861534119
45.602191925
43.5452270508
40.1681518555
39.2651023865
35.3003807068
33.2666778564
27.8546562195
34.732837677
34.2563552856
32.1511268616
35.014289856
36.2442054749
37.5628662109
41.185749054
44.4306602478
40.7464523315
43.739364624
45.3668785095
41.5066299438
39.0191307068
40.4083061218
37.6475296021
42.7901535034
43.5313339233
38.9598083496
39.1606483459
35.396282196
35.8285827637
40.0570487976
40.1640357971
42.3377227783
44.1605186462
43.7056846619
42.2738113403
37.0728797913
37.3854904175
38.6124382019
35.0550613403
32.6086959839
34.4450302124
31.4306697845
29.7608966827
31.4131240845
26.9482517242
27.0830993652
24.7047767639
28.3906288147
27.7344379425
22.4173030853
26.6997356415
21.1446285248
24.1844654083
26.6680526733
33.5054626465
32.6764678955
28.3815784454
32.5403900146
28.8591098785
35.1860809326
32.5250015259
32.6344070435
28.1784763336
32.6157302856
29.971408844
26.8084907532
30.8314552307
32.8027000427
36.1923027039
30.2881298065
30.2663059235
29.6477336884
27.1858215332
26.1616039276
26.5867080688
21.4906654358
25.0202159882
24.2205600739
25.1205730438
29.0195636749
27.1701583862
32.3298377991
32.5524673462
30.6584854126
32.0505256653
31.6507434845
30.280374527
24.8221416473
26.9179115295
20.4609870911
28.1873683929
22.5472221375
28.5395355225
26.3392295837
27.617181778
32.8751678467
33.7777023315
32.358631134
31.6040744781
32.9054679871
29.566576004
29.7943286896
29.40275383
24.1976585388
24.7976570129
19.3375816345
27.1410140991
21.0878334045
25.1745948792
26.1066532135
25.0803756714
32.0552024841
29.0031471252
28.8845405579
29.6763095856
20.1370277405
19.6646327972
19.4760951996
20.2165927887
25.7928085327
20.6437950134
21.0712280273
17.4213314056
18.0460300446
22.3471240997
24.0164241791
23.0828151703
20.1374988556
17.7313671112
19.0483932495
18.2303638458
15.1611938477
13.5356779099
18.5941848755
15.1336164474
12.9624013901
16.8651676178
16.2099819183
23.1332778931
18.7601413727
24.2315750122
21.9221839905
17.7820339203
20.4593811035
24.5682563782
24.4395065308
24.4391689301
24.6470394135
29.8439674377
31.8827934265
34.042339325
45.1904945374
47.6476745605
46.6880989075
48.8235626221
52.3548698425
52.7700386047
51.9400482178
58.2306060791
56.3063812256
53.3882484436
51.1022453308
49.5521850586
52.9474563599
50.2436599731
50.6382141113
54.3627662659
49.907081604
53.3943557739
57.3635940552
57.6953964233
59.8852729797
59.6450653076
57.3194313049
56.163143158
51.4223327637
52.9169502258
47.5635719299
47.2218894958
47.1318092346
46.2115287781
47.2434883118
46.6718177795
43.7017364502
42.8541526794
43.2533988953
44.9480667114
46.4834709167
50.04296875
52.0774230957
55.3917312622
57.2681808472
62.111164093
63.3963813782
64.3476638794
61.4325752258
59.8506317139
61.4792671204
60.0943450928
61.185962677
58.7741508484
55.2545623779
55.2478370667
56.2301330566
53.2813186646
50.9282493591
50.5106544495
49.7523880005
48.4552345276
46.0875816345
45.9533843994
44.1026153564
40.2133293152
38.0414123535
34.9550056458
37.5695304871
41.3083534241
42.6955909729
40.7486991882
45.8246917725
42.7913894653
47.7604904175
51.1362304688
54.3247756958
56.8326339722
59.6185455322
61.9011764526
59.6052970886
56.728313446
54.113986969
50.6959266663
47.503578186
44.6526412964
41.0445747375
43.0197486877
41.5603561401
41.6099357605
40.7830238342
44.3189735413
46.5731468201
45.2144203186
49.7341270447
49.0414237976
43.5970306396
47.0097236633
51.1185112
48.1039009094
47.3293876648
44.1895675659
45.4300003052
48.0855941772
45.0323486328
42.5371551514
42.0060386658
42.3542442322
38.5642700195
38.5021858215
42.3827552795
40.3695907593
36.8676185608
40.1941070557
41.6808624268
39.0826225281
37.760799408
42.3846473694
41.8515167236
39.1441688538
41.4370803833
44.8904380798
42.4760360718
41.6739692688
45.6617889404
46.1485519409
42.1702804565
45.4172134399
49.350692749
49.6001167297
51.853187561
49.9660682678
55.6608734131
53.0988578796
49.8278465271
52.1220054626
48.683971405
49.9419937134
49.1884231567
45.0785102844
43.4726791382
40.8346405029
37.6218032837
35.1670532227
32.549369812
36.6058692932
36.3274421692
39.3586654663
39.8455162048
43.8719215393
46.4756851196
49.8786468506
47.5420913696
52.5589332581
53.7263870239
56.4338264465
57.5059280396
58.2672767639
60.4553871155
64.2719192505
65.5947799683
69.0715026855
68.2196044922
61.7555580139
64.8876190186
66.7941131592
64.6437530518
67.5446472168
65.8801116943
64.5766372681
62.7775535583
61.3162612915
58.3908081055
61.5062942505
59.5714111328
55.1801261902
58.6364440918
58.8619041443
61.8297615051
61.0281791687
60.9825401306
63.599407196
66.4306793213
66.2890930176
62.7650413513
61.7913970947
58.1791610718
55.0858039856
50.8056640625
53.0021476746
54.8683319092
51.3488540649
50.7087211609
55.981086731
52.3082847595
47.4696083069
51.0552711487
53.3262367249
48.6482467651
48.1044769287
51.8149414062
50.636302948
46.1829986572
48.7048835754
51.5804443359
49.9139137268
51.7151260376
54.5134277344
57.2299766541
57.079750061
60.141620636
60.9991378784
64.9193191528
64.8672790527
66.7123718262
64.3552398682
70.213394165
68.3502960205
64.3052749634
65.6759796143
69.3234481812
67.1232681274
63.5083885193
66.7808303833
70.0450897217
64.5307846069
63.3228683472
60.3508605957
57.8135604858
58.267906189
54.9983024597
53.4663619995
54.1331787109
50.8226852417
50.1412582397
48.3635940552
52.3964996338
48.1331863403
47.2966079712
53.328163147
51.8008041382
48.5615768433
51.5619888306
54.6446762085
51.8617706299
52.3419456482
55.4514465332
56.1776046753
62.5139045715
60.3325538635
57.5112686157
55.8136024475
56.1682624817
54.5332832336
49.6879348755
46.9257926941
45.7202949524
42.2615318298
44.8622970581
44.4983558655
39.1649436951
39.3081703186
42.8958625793
40.8207054138
36.090057373
36.9707832336
41.4674339294
38.4127655029
37.2796669006
33.2233085632
39.9993515015
35.7108650208
36.023475647
31.4436511993
36.0293235779
31.3153972626
29.2467422485
33.8413619995
36.5150756836
37.1338424683
42.5576210022
38.7625427246
43.1480140686
45.3883743286
45.3345680237
42.7719573975
39.5277328491
37.9598731995
34.7350578308
31.7590675354
26.5421543121
35.4145889282
34.4508399963
34.1196289062
36.5058517456
38.4428710938
39.5289115906
43.5018920898
46.4815750122
42.5977478027
45.5042991638
46.6333847046
42.6440505981
38.7175827026
39.9977340698
38.7085342407
44.2554779053
44.3095321655
40.6451263428
39.8547935486
37.1159477234
36.6388969421
40.0527915955
41.1337242126
43.1804428101
44.8469963074
43.2288475037
42.8353004456
37.4305343628
36.5979957581
38.6457023621
34.178768158
31.4897670746
34.5861740112
32.5516204834
31.78881073
34.3027572632
30.1891117096
29.7191734314
27.2509441376
29.6706943512
28.8433628082
23.7062931061
26.1446552277
21.7891025543
24.8457431793
25.3622760773
33.445980072
32.30834198
26.9066162109
30.0032787323
25.7486286163
31.3793239594
29.5629405975
29.6659107208
24.1218776703
28.1001739502
26.5376873016
22.3768634796
25.577331543
27.2458953857
30.4557628632
24.9699306488
25.4403934479
24.7003078461
21.4803504944
22.0471172333
22.4468326569
19.5285930634
22.9746360779
23.6867275238
24.3063640594
28.886510849
26.2805614471
31.3424510956
32.2143592834
31.3033237457
33.3700790405
32.675327301
30.6620254517
26.1598472595
25.8317832947
18.7078742981
25.6033439636
19.0396289825
23.9317417145
20.2923336029
20.6695423126
26.5302009583
26.5293464661
25.9450302124
25.816444397
26.356880188
23.7038402557
24.3251171112
24.8910274506
19.3149299622
21.2670555115
16.7657108307
27.0339832306
22.1787452698
26.7405014038
28.9439620972
28.5658321381
35.4604568481
33.0363502502
32.3118782043
33.110874176
23.3230056763
21.6781158447
19.3158836365
21.2543048859
27.833984375
21.8887939453
23.9428653717
21.6402397156
22.5615463257
27.1315803528
27.9626617432
25.9745159149
23.4558963776
22.4459877014
22.1866588593
20.005853653
17.9218063354
16.8651638031
14.4707126617
19.1350727081
16.664478302
13.4043874741
14.9406929016
19.3470630646
15.2392616272
19.4896316528
16.2981719971
14.1325540543
19.0448207855
21.2984085083
21.0342769623
22.3649749756
21.6878223419
26.5137481689
29.0776996613
30.6873073578
45.3359603882
48.1275596619
45.0261535645
47.5940055847
50.7868270874
51.4539756775
50.2410087585
56.4353065491
54.3830604553
51.429145813
48.0912361145
45.847026825
49.0222053528
45.6506843567
45.4666862488
49.2737045288
44.7360725403
48.3935966492
52.4737854004
53.1012840271
55.5316047668
55.8228187561
53.184513092
51.8593101501
46.9518737793
48.469909668
42.8175086975
43.1318817139
43.568611145
43.9978599548
45.1953163147
43.6977958679
40.7779884338
39.7471733093
38.9442939758
41.3330955505
42.6648597717
46.4095115662
48.4523849487
51.8131904602
54.0923156738
58.5662841797
60.4305610657
61.5070343018
58.4235839844
57.3393440247
59.6070632935
58.4578742981
60.1495056152
57.2060203552
53.2881088257
54.0966072083
55.2523422241
51.5907440186
49.4050636292
49.7263259888
48.4886054993
46.5482788086
45.0105857849
45.2243385315
42.3984489441
38.7577476501
35.7211723328
32.1975250244
34.148273468
38.4241333008
39.3618583679
38.3609771729
43.5508918762
40.4172515869
45.7627105713
49.3254585266
52.3624687195
55.2550315857
58.0784835815
59.6574287415
56.9448242188
54.1963195801
51.3171882629
47.8024559021
44.7352104187
41.4019203186
37.5096435547
38.3099327087
36.9043960571
36.1465263367
34.9518013
38.8821411133
41.1060676575
39.6797065735
43.9489593506
42.9721946716
37.3460845947
40.7391014099
44.6213684082
41.1941642761
39.9366416931
37.3325996399
38.5131111145
40.6619148254
37.504196167
35.7602272034
34.9106330872
36.0225791931
32.3292770386
32.2137184143
36.3551864624
34.9190750122
31.7308559418
34.8514823914
36.862449646
34.7366676331
33.4520187378
38.144405365
38.166885376
35.9589996338
38.3768348694
41.7070350647
39.9075164795
39.7808647156
43.2959899902
43.8628997803
40.5940551758
44.1154212952
47.9329032898
47.531375885
49.3047065735
46.6701507568
52.6272544861
49.1725196838
45.7127037048
47.4738693237
43.5274734497
44.9603157043
44.8020591736
40.3867111206
38.8289871216
35.5429496765
32.4273529053
29.8221702576
27.2433795929
30.9584560394
31.6177940369
34.7548789978
35.9331092834
40.1996574402
42.7000045776
46.2712364197
44.6763763428
49.8530464172
50.805896759
53.3034133911
55.2043380737
55.8578948975
57.3609313965
61.6649436951
62.2006378174
65.8577041626
64.3788070679
58.1132049561
61.7869644165
63.3163528442
61.0927314758
63.5137062073
61.4753761292
59.8673477173
58.4792442322
57.1787872314
53.9809341431
56.9370307922
54.4407958984
50.344379425
54.473991394
54.9305305481
57.8736114502
57.6021156311
57.5430412292
59.869304657
62.813369751
63.1269264221
59.8328666687
58.9434432983
55.1631088257
52.340511322
48.0431938171
49.9626121521
51.4310913086
47.8938598633
46.9888343811
51.7159118652
48.0318336487
43.0706443787
46.2486419678
48.3220100403
43.6278686523
42.8770141602
46.1508674622
45.0034675598
40.4221687317
42.5428314209
45.2161941528
43.1740264893
45.5418701172
48.0716133118
51.2981414795
51.4628486633
54.6867637634
54.8778839111
58.8676338196
59.2172431946
61.2092514038
59.2581825256
65.1286087036
63.0313796997
59.2833938599
61.2028541565
64.6402053833
61.9797058105
58.811542511
62.4947509766
65.2278671265
59.7126045227
57.9706954956
55.3846626282
52.2437133789
52.3485908508
48.9054450989
47.2324256897
47.4391098022
43.9213867188
43.8673171997
42.2619438171
46.5798149109
42.7398910522
41.8211746216
47.817943573
46.8383598328
43.860874176
46.463092804
49.8548240662
47.6078033447
48.0993690491
50.7102355957
52.21144104
58.704662323
57.0360374451
54.331451416
53.1426811218
52.8849906921
50.9864082336
46.1774482727
43.988445282
42.4438400269
39.7531814575
41.3785667419
40.6448707581
35.776008606
35.7194061279
38.5152244568
36.2209434509
32.0763053894
32.753490448
36.1470718384
32.7437095642
32.1403999329
28.142364502
35.7640991211
30.8438110352
30.6581630707
25.3911857605
28.8722381592
24.0514411926
21.589132309
25.3078861237
27.9298057556
28.191827774
32.9895248413
29.5253391266
33.8406486511
35.716835022
36.2145957947
33.7864685059
31.3691482544
29.4671974182
27.1502094269
24.5788841248
19.6345024109
28.7741909027
27.8218078613
29.3108272552
30.4527816772
33.4829330444
33.7425994873
37.3693351746
39.5852432251
36.5841064453
39.0234336853
39.0079269409
35.6664276123
31.3225669861
31.6179237366
32.0387001038
36.9344367981
36.4791984558
34.5088920593
33.0734176636
31.699760437
30.7224979401
33.194480896
34.3499145508
35.9258880615
36.8792457581
34.6347122192
34.6448135376
29.9620361328
28.5200557709
31.1708850861
26.7500133514
23.6936130524
27.6928253174
27.425661087
27.3458156586
30.1653575897
27.5707626343
26.4408454895
24.9268722534
25.493888855
24.2023773193
19.8988571167
19.2324790955
18.1927757263
21.3065319061
19.6450557709
28.5298213959
28.1891212463
22.7994918823
25.7383003235
24.35131073
27.1172771454
24.0535564423
24.3920783997
20.7038612366
21.7418880463
19.5980567932
16.7359218597
20.2070331573
19.4658241272
22.9130096436
17.183391571
17.8439044952
17.8568611145
19.8767566681
18.3405647278
15.9415130615
15.2981214523
18.6805706024
20.9661808014
22.7248630524
26.5101470947
26.0583972931
29.9652767181
32.7751235962
32.6648635864
33.631565094
32.0363349915
30.3488540649
26.7147006989
25.1140918732
19.8103027344
23.1484928131
18.7470493317
20.8005847931
20.8298072815
21.0286598206
28.1514396667
27.8259143829
27.2801952362
27.156829834
24.4394664764
21.009563446
23.5238742828
23.146396637
21.3476657867
22.0405883789
21.5472316742
30.0386142731
25.4864826202
31.3220882416
31.8801174164
34.0934295654
39.4518127441
37.4118041992
34.7176628113
35.6287269592
27.1446933746
28.504983902
25.5629730225
29.5539665222
35.1473503113
32.1396560669
31.5100765228
29.3616600037
28.2119045258
30.4989185333
29.1488494873
26.4562854767
23.1903343201
25.4164237976
25.3921546936
20.1354064941
20.0605640411
24.4395027161
21.4864196777
20.7075901031
21.4219017029
22.4456596375
21.0342731476
25.5945968628
26.5222873688
22.6777095795
24.0919818878
19.181678772
17.1601066589
19.38788414
16.5507144928
14.2361440659
14.0884580612
17.4156112671
20.4439125061
21.886592865
36.5007247925
39.1693534851
35.3622817993
37.9456825256
40.2981414795
40.4620437622
38.9153366089
44.2184753418
42.1968193054
39.6706962585
36.5278739929
34.1917228699
36.4982643127
33.5919036865
33.6221389771
37.2265205383
33.5177612305
36.9956970215
40.8677978516
41.8743171692
44.5302009583
44.8109550476
41.5684890747
39.8310852051
35.597366333
36.2940139771
31.4096736908
31.6861038208
32.2025260925
33.2837905884
34.3663139343
32.7607002258
30.4702625275
29.3664875031
28.2830276489
30.4858055115
31.7506008148
34.8870429993
37.41223526
39.9557762146
42.6103973389
46.5681686401
48.1979789734
49.8638648987
47.2248916626
46.5369300842
48.8711891174
47.5019340515
49.8946609497
47.2294387817
42.9254188538
44.0899810791
46.1432380676
42.5739364624
40.0435943604
40.9204483032
40.2841720581
37.6932258606
36.3967132568
37.6686630249
34.8111114502
31.2758960724
29.1268424988
25.5389404297
27.2323188782
30.6191806793
30.37748909
29.5603866577
33.9981460571
30.6485729218
35.4330673218
38.6965904236
40.9442558289
44.1140556335
46.424533844
47.6544456482
44.6080207825
42.6953239441
39.4547843933
37.0159912109
34.0366744995
31.0932769775
27.8826065063
27.8833789825
27.2005634308
26.1990032196
25.6632003784
29.282371521
31.7919902802
31.5239467621
35.2181434631
33.6854896545
29.1146564484
33.0457229614
36.0757675171
33.0021476746
32.0610580444
29.3122596741
31.3555736542
34.0476150513
31.6579742432
29.6755084991
30.4651870728
32.2147674561
28.6891994476
26.9534492493
30.8975658417
30.6518268585
26.6170959473
28.5218276978
31.3493919373
29.798248291
27.2734355927
31.5786056519
32.7628746033
30.5173168182
32.0235557556
35.3371429443
34.7167510986
33.6618766785
36.7980003357
38.7492485046
35.810798645
38.0838394165
42.1332206726
40.0999183655
41.9564933777
38.6048126221
44.2944755554
40.402923584
38.0489883423
38.7496986389
35.2024765015
35.8068771362
35.7383575439
32.0214691162
29.6922779083
26.8228359222
23.7498092651
21.0492038727
19.6838321686
23.8691825867
23.8129329681
27.1715240479
27.6331882477
32.1765022278
33.7390213013
36.7439727783
36.0371437073
40.9743080139
41.0531921387
43.898349762
46.2339248657
46.0164031982
47.1642227173
51.0772666931
51.5702705383
55.365978241
54.1305084229
48.3420410156
52.2505149841
54.0632705688
52.3699188232
54.1189117432
51.6069450378
49.6629867554
47.973033905
48.0021820068
45.0769004822
48.595451355
46.4060516357
42.3645744324
46.7792129517
47.9821243286
51.147808075
50.9947433472
50.0544967651
51.9842758179
55.3236732483
55.9571380615
52.0303840637
52.2087516785
47.4376831055
45.862827301
42.0904541016
44.6651344299
44.7967529297
41.1105461121
41.3863639832
45.4959106445
41.108253479
37.1705284119
40.3621025085
41.6038208008
36.7272796631
37.2470283508
39.9141159058
37.6923713684
34.0512771606
36.9753608704
38.69764328
36.3038902283
37.746307373
40.9383621216
43.2337417603
43.8743209839
47.5939216614
47.574836731
51.3508605957
51.5238990784
52.6057090759
50.3943481445
56.1964111328
55.0362968445
51.6262588501
53.643081665
57.3599014282
55.23670578
52.3094978333
56.062122345
59.1075172424
54.2497673035
52.0011405945
49.9695472717
46.3844680786
47.2652053833
44.5896034241
42.3213424683
42.5345115662
39.9444160461
39.9150505066
39.1941337585
43.8483200073
40.352935791
38.1972198486
43.8473434448
43.8773651123
40.2053871155
41.7403793335
45.6988716125
44.1217727661
43.1992454529
45.3214225769
48.2348365784
53.6669578552
52.4419136047
49.2148513794
48.8596611023
49.3739471436
46.13904953
42.239692688
40.1613540649
37.30078125
36.6067314148
38.7909507751
36.6504478455
31.9312095642
33.3779983521
36.119102478
32.6888198853
29.1996231079
31.6530342102
34.1634101868
31.3271427155
32.9731788635
30.0609111786
25.8656978607
24.0159053802
20.6209411621
19.9342021942
22.3060779572
20.0537700653
16.0142860413
20.345659256
14.7752380371
18.7289505005
19.2365036011
13.6634912491
14.9672851562
18.3773880005
17.9108047485
17.3290328979
17.7442874908
18.1615753174
17.604227066
21.4573249817
21.6685066223
24.1294898987
22.7801856995
24.4805202484
19.9547119141
23.4955444336
19.8578987122
21.9257831573
19.7541427612
19.2510910034
19.1257247925
15.9888534546
14.5319433212
9.37199211121
9.83905315399
13.5832796097
19.1710929871
21.752286911
22.9588928223
22.588186264
23.6962947845
24.0164756775
26.3932952881
22.9677562714
23.8582935333
22.5238609314
19.5757007599
14.0539932251
12.7303295135
12.263469696
13.2484855652
12.5554866791
11.822634697
16.7912521362
21.4596538544
19.4669075012
25.0306186676
25.4028701782
22.030872345
24.2952957153
22.0870742798
24.2741069794
24.1525821686
25.1915225983
26.7804203033
21.7762107849
22.1961078644
24.9553756714
20.2736282349
21.8999061584
24.4112167358
28.1645927429
27.8254776001
21.6717147827
27.5726280212
26.3262004852
23.8416481018
23.8301677704
27.0734996796
29.224861145
28.4729537964
33.2283096313
28.8965187073
31.3342094421
34.7035217285
38.3012313843
34.5660552979
31.4263305664
29.3595809937
27.3145542145
26.4906768799
25.6320075989
24.4396858215
27.4078979492
28.2406425476
31.5500030518
32.0895576477
28.098783493
27.9940681458
30.8268566132
29.275094986
30.7934951782
31.4645671844
31.4074325562
32.0526237488
34.4998435974
37.1195449829
39.2533340454
43.1537857056
44.3491439819
40.8320159912
39.4693183899
36.0210113525
33.0710601807
34.7990188599
33.4062576294
33.9907073975
31.6319484711
34.185218811
35.0087471008
32.6700553894
35.8841972351
34.431312561
39.2268943787
40.2035636902
38.6868476868
34.6277961731
38.693107605
33.5813217163
37.7269020081
37.1213417053
40.1056365967
43.9464378357
45.3949813843
42.2881393433
40.0956764221
38.0687789917
36.2759780884
34.197517395
31.7868976593
29.9534626007
35.2660522461
35.0602989197
32.0238418579
33.7272987366
39.6410255432
35.8980064392
36.5199012756
38.2344055176
40.4723129272
38.7031822205
40.1286582947
37.7450942993
36.5637168884
37.5230941772
38.1010437012
36.586566925
35.1689796448
34.9412193298
30.4117889404
25.7160377502
23.7618293762
23.8865070343
21.9051055908
19.7041568756
12.0391769409
14.0337352753
14.1066389084
13.666510582
18.095495224
18.6810112
18.3541946411
24.3750858307
24.2625370026
21.4243412018
20.6425075531
22.4407634735
23.0620994568
23.551486969
25.2053661346
27.605381012
24.2764625549
26.3686408997
29.4842185974
28.9465084076
30.5062332153
28.6440238953
26.7968330383
26.1882781982
22.6451396942
24.0628623962
21.1564216614
18.8146953583
18.1027355194
13.818611145
16.2654914856
18.5055236816
16.1608715057
14.0297088623
17.4070701599
15.1107940674
16.4281921387
18.675994873
20.4873352051
23.1859550476
24.0370998383
29.6969203949
29.5846538544
30.4783267975
28.1250267029
25.6868839264
26.2770500183
24.2421875
25.3311710358
23.6895866394
20.0007839203
19.0895500183
21.3482227325
19.4385204315
15.6235904694
15.0527439117
16.4683055878
14.8811187744
10.6951436996
13.1172142029
13.4310150146
9.43257713318
14.6513786316
15.3919239044
17.6212539673
14.7358341217
14.2066078186
9.18929481506
11.530954361
9.38798904419
12.11186409
15.1073732376
18.6936531067
20.6345863342
23.5933914185
26.7762641907
25.2446899414
21.9826183319
20.1681499481
17.002363205
13.7899570465
13.1349077225
12.9142332077
18.1482753754
17.9602813721
21.289850235
23.6884632111
23.0358371735
25.123468399
26.5882225037
29.7602138519
29.4936161041
28.4815368652
31.5234107971
34.018611908
34.1235847473
36.4730453491
31.7761688232
34.0919113159
38.9713554382
38.8063278198
33.7024116516
37.5232315063
36.1501197815
34.0571098328
31.4290790558
31.9922180176
31.357257843
27.1964473724
26.7841033936
27.4922943115
25.9777584076
22.6054382324
23.6148967743
24.4248027802
21.3764247894
19.7178268433
22.4963912964
22.3548946381
17.035774231
20.3752250671
24.6544914246
21.1347141266
18.9601325989
23.5976600647
20.4891433716
24.1627807617
22.6734676361
26.8811798096
26.0061912537
26.0951938629
27.6475925446
27.2876415253
26.075006485
23.4421157837
22.8160400391
19.9936561584
22.1335525513
20.8825969696
21.4577732086
23.5578117371
25.352394104
20.3357505798
21.0334186554
16.8827495575
18.8810634613
19.0394878387
20.3375797272
17.4950294495
21.5253448486
21.6082248688
25.668794632
25.6036930084
25.0198860168
28.4766902924
30.8739509583
34.0102462769
37.3675384521
38.3365821838
31.927066803
34.1735229492
37.5121765137
36.4846153259
39.4260940552
38.0386695862
37.1753234863
33.8027305603
33.8804206848
32.2932662964
36.8247070312
37.2687568665
32.4490432739
34.2181434631
35.4436264038
38.8424682617
37.074420929
35.0600509644
37.5205497742
40.8790168762
40.3987884521
34.9656791687
36.2311401367
30.7403030396
30.054813385
27.4729213715
31.8626403809
31.1426277161
27.5670223236
30.6987686157
35.3159561157
30.4354610443
29.2475948334
33.2946395874
33.965549469
29.7686767578
32.8186416626
35.7864074707
32.5483436584
31.6024017334
36.3751907349
37.3987464905
36.8826332092
34.4327354431
38.8909873962
37.7207641602
37.39037323
40.6200561523
43.0990524292
46.0655326843
44.4431762695
44.1330986023
40.191318512
45.726474762
46.2053222656
42.1096725464
42.1141738892
46.7586898804
46.9345359802
42.80991745
45.0585021973
50.1713066101
46.3339881897
45.5362586975
42.9569969177
41.3849105835
44.4439163208
43.765827179
41.6668205261
43.7277069092
43.6296577454
41.1169815063
41.0938568115
44.2626266479
40.4863510132
37.3477478027
41.4705123901
41.0746994019
36.1982574463
37.2081375122
40.2727890015
38.203212738
35.1635665894
38.0309753418
40.1174354553
43.0377655029
40.9615249634
36.7675361633
36.2865447998
39.8110160828
35.5640983582
33.5570373535
30.3577842712
26.7177410126
27.8642501831
33.1529083252
30.2312984467
26.070306778
30.2448558807
34.2102432251
30.8038787842
28.3244628906
33.0599403381
36.4161949158
36.5450630188
39.0742149353
38.5373687744
37.5081863403
33.1671562195
32.9601821899
28.8543491364
29.8838100433
28.8248691559
25.9302597046
23.5644626617
20.3400402069
17.8698768616
17.8479957581
16.0941066742
17.2863368988
16.6348018646
20.2850646973
20.1146125793
22.4612102509
19.3849277496
23.9767990112
24.6345615387
27.8420772552
31.022649765
28.0594768524
33.3737602234
29.8288440704
33.7195396423
31.4776248932
31.9710865021
31.728345871
32.4081497192
32.2050247192
29.3521022797
29.0864505768
25.2495517731
21.9419002533
28.3164081573
28.3580474854
27.9118709564
30.1968402863
28.291009903
31.0097999573
29.0136680603
27.4161510468
27.1746997833
27.1064071655
26.1229400635
23.236410141
23.3719081879
24.3159770966
22.3676433563
27.1702270508
25.6234836578
23.1079235077
28.2208251953
32.6590995789
32.7555541992
36.3643569946
37.1516036987
35.9160728455
38.463092804
35.1119346619
34.0325546265
34.6428794861
33.231754303
37.322883606
35.5896759033
33.2950439453
35.4678878784
36.1561203003
35.2819671631
35.1021461487
39.4331474304
37.1687202454
33.350643158
35.6971244812
36.7196540833
30.8868846893
31.71849823
33.2002105713
34.0867652893
31.4947795868
33.0308074951
31.1500377655
34.6940879822
37.2669677734
42.9070930481
38.1355667114
36.3599624634
38.0315856934
36.1557044983
37.2887306213
39.5257263184
38.3939781189
40.7765655518
42.0366859436
45.9730262756
46.8331604004
45.5244522095
41.7876472473
42.2281341553
43.4410667419
40.6860084534
41.4204101562
39.7383384705
40.8929138184
39.6799545288
42.3302688599
43.8748321533
47.6345176697
46.9161529541
46.0287017822
46.6254348755
37.5380439758
38.9936790466
41.963973999
40.2888336182
42.4445075989
41.8159141541
46.1994285583
48.1356964111
46.0270843506
50.7866439819
48.3759078979
53.6065444946
54.9361610413
53.0895423889
47.8209228516
48.6405067444
46.916759491
51.6646194458
48.0851783752
52.2485809326
54.6969909668
56.1719856262
52.3522491455
53.7634506226
49.8880958557
47.9530830383
44.653553009
43.5183029175
40.5115089417
45.3852005005
45.7550582886
40.0969238281
41.7937011719
49.5521888733
47.3363189697
43.1660423279
44.7747879028
49.8762245178
45.8470191956
50.4964904785
44.4907112122
47.0226287842
46.0724372864
43.9249038696
42.5843238831
43.3967247009
39.3944969177
34.191734314
32.7997093201
31.2131309509
29.8448791504
27.9681873322
24.6145782471
22.5249404907
23.7818164825
18.8513031006
21.1141376495
19.8456707001
17.254529953
13.9878225327
16.6413440704
14.0078754425
12.5816736221
10.2704458237
8.2580280304
7.77387571335
11.9424915314
15.7278747559
15.9357614517
18.3705406189
21.324048996
23.2851409912
26.3268909454
25.7664451599
20.6499080658
17.3476715088
16.0350208282
12.3748397827
10.5956335068
8.05689048767
6.73900508881
11.1809129715
10.5767354965
8.28836154938
10.4669275284
10.8321275711
10.7770576477
11.0070734024
12.9339113235
11.929312706
17.8485164642
16.6832618713
20.7230205536
23.5634803772
23.6073913574
27.2708053589
26.3800506592
26.5242900848
28.2806415558
25.7948055267
30.1090698242
29.1391887665
23.9691047668
25.5716571808
30.7046794891
28.6918735504
25.0428371429
27.2282791138
29.5046291351
25.7390384674
24.8952713013
29.6181430817
28.5650234222
26.904712677
29.8979797363
29.2655792236
29.2898902893
26.786523819
22.3340187073
21.6756191254
20.3876037598
16.9220962524
16.8329792023
18.2225341797
16.9495735168
21.3443832397
21.7212276459
22.7375087738
18.5866966248
19.6209812164
14.3406028748
17.4833717346
14.5589570999
15.3936281204
18.1914196014
14.8683366776
19.1961803436
18.5227050781
22.5027236938
21.7234897614
24.3204116821
28.5634288788
28.9507312775
26.282043457
28.1529350281
31.654876709
30.9594707489
30.7263126373
31.7811470032
29.5104808807
33.144821167
36.6241378784
37.5853118896
35.2924995422
39.9318008423
41.4504127502
40.1249237061
36.0250816345
36.7106666565
38.9481620789
35.3652458191
32.9058799744
35.7362670898
36.1934318542
32.2023239136
32.4455528259
35.7998657227
34.3967399597
32.3337249756
34.0289955139
36.5878410339
32.938873291
33.8454170227
38.9354515076
37.7232055664
35.2913780212
38.6958885193
32.7052230835
34.7672462463
30.7321567535
33.8640632629
30.2553863525
32.4892311096
30.0221576691
29.5777111053
26.8036270142
26.4147930145
27.1519832611
22.9766178131
24.5336303711
24.2936153412
24.2955093384
29.1448841095
30.1455478668
27.111410141
28.0963764191
25.0149536133
27.4058609009
24.7809619904
24.2653579712
26.5059642792
28.9946117401
25.9547576904
29.9590129852
32.5894966125
29.4448852539
30.0288143158
31.8232593536
33.0751876831
36.9426231384
37.2287712097
33.2070732117
36.8896827698
39.8054580688
39.965385437
40.0036964417
36.7048225403
34.2516326904
31.2162094116
35.3576889038
34.0502815247
38.8895950317
38.5889129639
35.2889900208
38.8975753784
41.811832428
45.0291900635
44.7763938904
41.517375946
42.2749214172
46.168170929
47.2026748657
41.8227615356
44.9419288635
38.2706604004
40.4831390381
39.2097091675
43.0321960449
39.7867927551
36.6622810364
40.4044342041
42.2024650574
36.9869880676
37.4279251099
39.8493537903
38.617023468
34.8685493469
38.8834342957
39.3984794617
34.8428649902
35.5681304932
39.7378044128
38.5191574097
36.4100151062
34.0273857117
38.3989982605
36.8620605469
38.4127655029
42.5391998291
42.6330032349
45.073589325
44.305973053
42.5471496582
39.4316291809
44.3462104797
46.1560287476
43.8620147705
45.3099060059
49.4950218201
49.5049743652
47.2554702759
50.2468490601
54.1595878601
51.6528015137
48.9844779968
48.3935775757
44.9713439941
47.9377708435
47.9085960388
44.9746017456
45.591884613
46.1678123474
45.610244751
46.9514350891
50.709148407
48.6107330322
44.5785102844
47.6812515259
49.5465888977
45.219165802
44.0387458801
48.0190505981
47.9982719421
43.9340858459
44.6583442688
49.721950531
51.4234924316
51.1282424927
47.1178474426
48.5830955505
51.2762107849
45.6785926819
45.0857963562
43.570098877
38.6347160339
42.6879196167
45.8646125793
41.5628471375
39.1184959412
43.2183990479
45.1760177612
40.9285926819
40.3730163574
45.0710716248
45.4665794373
45.1893501282
49.6374588013
49.4754562378
30.7024974823
26.6825351715
25.716386795
22.4759731293
23.1703529358
22.5688896179
18.6558628082
17.1351089478
12.2078933716
10.3561706543
10.4879217148
7.953145504
9.25673389435
10.4256782532
13.7543058395
12.6453104019
15.3339118958
12.2930450439
15.9996643066
17.3793029785
20.831205368
24.4562454224
20.9940185547
26.0763225555
21.8538417816
25.8740596771
23.7583427429
24.410943985
25.0143661499
25.5510826111
25.6046142578
23.3392333984
22.3423290253
18.5625267029
15.1227874756
21.078578949
21.0975265503
21.7773647308
22.3658943176
21.6669006348
23.2336845398
21.3872871399
21.0507831573
19.4346313477
19.7847728729
19.6245536804
17.8270053864
15.9311466217
15.9259414673
15.2522363663
21.0733261108
19.0931739807
15.1257648468
21.8903751373
25.5047931671
25.0329990387
29.1945877075
30.199508667
28.4553413391
31.3639717102
28.716217041
27.3525161743
27.9734096527
27.7344875336
31.6055717468
29.4164791107
27.7602138519
30.6906642914
30.8696250916
29.7331771851
31.1828708649
35.1695632935
34.1678009033
29.0619354248
32.1439781189
32.1912269592
27.6208152771
27.1847248077
29.6631565094
31.262840271
29.1245803833
31.3091106415
27.4169502258
31.3156318665
34.1265525818
39.3176231384
34.2098503113
32.9537277222
33.3105506897
31.534538269
32.6459579468
33.8120918274
33.5940055847
35.3040542603
37.3561820984
40.9781303406
41.3600654602
39.8215179443
37.2940292358
38.2808036804
37.6931304932
36.4370689392
36.3801841736
35.9647521973
35.8498878479
36.2006912231
38.8999137878
40.6137390137
44.9984664917
44.9303092957
42.6754150391
43.2677459717
35.8016395569
35.3367881775
38.7693023682
36.9068107605
38.0932121277
37.5550117493
40.7678184509
43.1194038391
39.9687309265
44.8994827271
43.0293045044
47.2611694336
49.5711479187
47.4754562378
42.7790107727
43.9381790161
40.9462890625
45.5739326477
42.8115997314
46.3442115784
49.6824073792
51.1291313171
47.6567611694
47.2134437561
44.3404006958
42.3795585632
39.4782066345
37.9094390869
34.8456420898
39.6236801147
40.3746566772
35.2821502686
35.7254295349
43.7017364502
41.443687439
37.8821563721
40.1110305786
43.9555778503
40.7779922485
44.8666229248
40.7942466736
41.6774024963
41.5467720032
40.2902641296
38.2166366577
38.2576370239
35.59633255
30.4702701569
28.0316143036
25.5100650787
25.5317878723
23.064496994
19.8758945465
16.4296627045
18.2417201996
14.9479694366
18.2355575562
18.6520290375
15.9890842438
12.9363145828
19.2456264496
15.8990440369
12.8332042694
12.2784404755
10.4669294357
14.0990190506
12.4174118042
16.3979282379
20.900384903
19.1851482391
22.4684047699
26.0872173309
27.4488258362
30.3090305328
29.3156490326
24.8727855682
22.1434135437
19.3467903137
17.2744560242
13.1000928879
9.68361759186
6.64603090286
6.82751607895
5.67178821564
4.00591421127
4.51289081573
8.62381744385
9.60194015503
13.2590179443
14.3793592453
20.1117095947
20.5583171844
23.8882312775
28.0939445496
27.9604644775
30.9508666992
29.5432453156
28.6520957947
29.909822464
27.1470851898
30.4862766266
29.5563831329
24.4226589203
24.8650169373
29.6571750641
27.7987251282
23.5077419281
24.6362571716
27.2227935791
23.9185619354
21.341255188
25.8855018616
25.37408638
22.4259548187
26.0113697052
25.0982265472
26.1752090454
23.9961795807
20.2862854004
17.8075790405
18.0823707581
12.8143196106
14.7432355881
17.4404277802
17.9794826508
22.1903324127
23.4855308533
25.9694328308
22.4914302826
22.0244617462
17.1883888245
18.2264881134
13.6888332367
13.7197179794
15.4258012772
14.1679267883
17.9961795807
17.9691638947
21.9836444855
22.2165222168
25.3885269165
28.8989810944
30.640871048
28.3112354279
28.5244941711
32.6273651123
33.2086868286
32.4269599915
33.3717918396
30.2565116882
33.9327507019
37.9252510071
38.1649208069
35.1643829346
39.5092086792
40.6306037903
38.6455993652
34.7592086792
36.0709152222
37.4745330811
33.2065124512
31.6256542206
34.321647644
33.9846382141
29.7695770264
30.9576702118
33.7059516907
31.4986457825
29.7928733826
32.2505836487
33.8342285156
29.5189361572
31.5901184082
36.5373382568
34.2105560303
32.0916290283
36.2156600952
31.0673484802
33.8906021118
30.3746089935
34.3361129761
31.2868556976
32.609588623
31.4176864624
30.4747142792
28.2468833923
27.1999778748
26.9436206818
22.4788208008
23.6197814941
22.3096199036
21.6304836273
26.1379451752
28.2781867981
24.5505275726
26.2444286346
22.6738815308
26.0081062317
24.3453674316
24.7879161835
25.3893795013
28.9199924469
26.7572746277
31.1985588074
33.0055656433
30.5547809601
32.3120040894
34.3567810059
36.4507980347
40.3118896484
40.8564376831
35.7782897949
39.1735687256
42.3661193848
42.0810317993
43.129650116
40.3071784973
38.2190361023
34.9827613831
37.882724762
36.2735481262
41.2278785706
40.9273910522
36.8782615662
40.3054046631
42.7342453003
46.1623153687
45.4185447693
42.5532646179
43.9658470154
47.8152160645
48.3578071594
42.7991867065
45.2926445007
38.7968063354
39.9398918152
37.9718856812
42.1119804382
39.7773246765
36.2363166809
39.7305908203
42.7263031006
37.3305130005
36.809261322
39.9977149963
39.4927024841
35.1193161011
38.7916183472
40.2786560059
35.9613952637
35.6722602844
40.2223510742
39.8578987122
37.8272018433
35.8369636536
40.445602417
39.4466667175
40.5338172913
44.6505889893
45.3234405518
48.1847915649
47.2806587219
46.1043014526
42.7047805786
48.0833282471
49.3577537537
46.3762245178
47.5257301331
51.97082901
51.8473625183
48.9207801819
51.8726959229
56.2000312805
53.0223999023
50.7954406738
49.485660553
46.3605384827
49.254032135
48.7162284851
45.8917045593
46.8122520447
46.7961349487
45.8549346924
46.6654434204
50.6253356934
47.792766571
43.983215332
47.8923912048
49.025478363
44.372505188
44.0555686951
48.0224189758
47.231590271
43.5897293091
45.1227416992
49.3495674133
51.8319015503
50.8788032532
46.7091941833
47.4335021973
50.3411064148
45.1395797729
43.7427597046
41.5282707214
36.8763885498
39.7317466736
43.7033729553
39.7927322388
36.288936615
40.4224700928
43.2386627197
38.9961166382
37.3875923157
42.1991539001
43.7611732483
43.1815185547
47.020866394
46.3151512146
38.2014770508
33.7878646851
32.0785484314
27.1829071045
30.4326381683
24.3615226746
20.0663642883
24.8478870392
25.8342189789
26.3011837006
31.1367034912
25.7842636108
31.4828472137
33.9416809082
34.7183074951
32.2807579041
30.2038574219
29.1420898438
27.5574111938
26.7693481445
22.7518119812
31.653875351
30.8351688385
33.3268013
32.4471092224
36.4378318787
34.8519897461
38.6871681213
38.5318908691
35.9063415527
37.556137085
35.8366241455
32.9401435852
26.8639507294
27.4585132599
29.8642787933
36.8015022278
36.5662498474
37.1510848999
34.4932975769
35.2686004639
34.4734268188
36.413028717
36.8116531372
38.0347976685
37.6746673584
32.776008606
32.6282081604
28.5961990356
25.7446079254
27.3012294769
23.0964279175
20.7432136536
26.1784553528
29.2606182098
28.6908111572
33.7284049988
31.5779495239
28.8658008575
27.5752944946
26.3111152649
27.565946579
23.9709568024
22.6878185272
22.4436607361
21.4547157288
17.7518405914
26.1954612732
22.1507568359
17.4206733704
17.8530769348
17.6016178131
15.6398477554
12.9817991257
17.9932537079
12.5485019684
8.29973983765
11.8275489807
12.4560184479
12.234336853
10.5987625122
17.0644130707
13.7154970169
16.6494178772
21.0399799347
22.6211166382
23.6085700989
18.7870578766
19.6228656769
18.7488632202
20.9817371368
20.2106952667
23.0804481506
23.1484546661
24.349779129
28.484172821
30.3605709076
30.324432373
29.2093544006
28.6826705933
27.1166152954
24.4016723633
21.9124584198
22.2826213837
20.6156654358
21.3281803131
21.0506153107
20.0195064545
26.2141036987
25.2258300781
23.8903598785
22.8771114349
19.6806869507
16.0640487671
19.3843383789
19.482635498
19.8617095947
19.0790977478
23.0756816864
29.3262691498
27.7122707367
31.9948120117
33.2875900269
37.4119491577
40.6079940796
39.5365219116
35.778087616
38.6972732544
30.4316864014
31.7406539917
28.6956043243
33.5030860901
38.7606201172
36.8282318115
36.2188262939
35.1529655457
33.5829238892
35.4325523376
33.5981063843
30.2123012543
28.5006961823
32.1118850708
30.6552963257
26.3391704559
28.0501499176
32.549369812
27.9779682159
29.4790668488
29.946521759
31.1550827026
27.2433776855
31.4873523712
29.1371917725
26.6999950409
26.6585502625
23.9621906281
24.8328304291
26.6758384705
24.3874835968
19.6838321686
18.5653076172
14.7322826385
15.1493864059
16.3559551239
15.4811878204
32.0744972229
34.8165130615
29.6470317841
30.2863483429
33.1901435852
34.3486480713
33.0890769958
37.5577125549
37.4016304016
34.62707901
30.4123363495
29.1448822021
28.679397583
26.2608757019
24.2179355621
26.5347328186
21.4476699829
24.4920291901
28.3810577393
28.7334022522
31.135559082
31.8795909882
29.4270992279
28.6347885132
23.5527381897
26.4698524475
21.8736248016
23.4305076599
25.6963348389
27.3072319031
29.965473175
28.5674800873
26.1379489899
23.1389484406
20.2439804077
21.4188022614
21.0152778625
24.8794403076
25.4491271973
29.1795024872
31.3126964569
35.2938728333
37.8577384949
38.6577644348
35.3542175293
34.9458351135
38.1003990173
37.5825538635
40.0750045776
36.3381690979
32.1567230225
34.4712715149
35.7561149597
31.0091819763
29.4565238953
31.3868637085
29.2416172028
26.0858325958
26.8426933289
27.8176803589
23.1267776489
20.9043598175
16.5920391083
12.7994508743
12.3812599182
16.8676395416
16.6996593475
18.4682273865
23.0619754791
21.4323654175
26.3726806641
29.5997428894
32.3678512573
35.1318435669
37.9624481201
38.166809082
35.4453048706
32.5498733521
30.3526611328
26.0116176605
24.2185001373
20.1921787262
15.7608070374
16.3067836761
13.0241518021
12.8405790329
10.359872818
13.7438907623
15.6629247665
14.2864732742
18.7579479218
17.9697036743
12.2459173203
16.1880588531
20.2832202911
17.6653270721
18.4074287415
13.8279342651
15.4342813492
19.5502090454
17.8095321655
13.5142526627
16.0650157928
16.885055542
13.8301105499
10.7417097092
14.0587129593
14.6408481598
10.1164627075
10.9412593842
14.6345272064
13.9797086716
10.7222099304
15.0788993835
17.4082736969
16.0992527008
17.4518871307
20.461812973
21.0951766968
21.3244857788
23.2452087402
25.3951454163
23.9875011444
26.4287815094
29.9392871857
27.1391582489
28.0717811584
23.8283519745
30.0306549072
25.2094287872
22.0850200653
22.8140182495
18.4632740021
19.7981929779
20.098482132
15.3818330765
13.8101463318
9.79445075989
6.80045795441
5.69483089447
5.56659173965
6.41148138046
9.91252803802
12.2934083939
16.7953586578
18.8242969513
22.5925827026
22.4006290436
27.5330505371
28.0135650635
30.1337032318
33.3612213135
33.6319770813
34.0718994141
38.90599823
38.5033416748
42.3286895752
40.3575973511
34.2708892822
38.6102027893
39.8955230713
37.8500137329
39.6062240601
37.1182518005
35.2709960938
34.0503311157
33.1221466064
29.7184638977
33.0496940613
30.4566955566
26.221529007
31.2098503113
32.526512146
35.7852478027
36.0650939941
35.1772499084
36.9907951355
40.4406166077
41.4382362366
37.7894287109
37.8959312439
33.0359802246
31.5779247284
27.8009777069
30.1497154236
29.6857681274
25.903087616
26.0042724609
29.6959667206
25.0494613647
20.9289417267
24.0077075958
25.1309127808
19.8606567383
20.6183509827
23.2589588165
20.8542480469
16.8953533173
20.4552955627
22.2367954254
20.2002124786
21.2158355713
24.7974529266
27.1280021667
27.5693778992
31.4906177521
31.6474704742
35.6523590088
35.7693939209
37.1969070435
35.0022201538
41.1058692932
39.5166893005
35.8716468811
38.1649093628
41.8953552246
39.5301971436
36.5735473633
40.670211792
43.623500824
38.6473617554
36.1438713074
34.1780166626
30.2344818115
31.3833751678
28.9359416962
26.3841114044
26.9687690735
25.0045776367
24.3865299225
24.1671104431
28.9942703247
25.7230529785
22.6444740295
28.2217311859
28.9129638672
24.8828029633
25.7458095551
30.190366745
29.2032337189
27.6134624481
29.3942470551
33.345161438
38.6392555237
37.894203186
34.6154518127
35.0006713867
35.1776390076
31.2454452515
27.6618156433
26.2886924744
22.5607395172
23.8700218201
25.1279602051
21.786157608
18.0374088287
20.2497634888
22.0196609497
17.6816482544
15.8455505371
19.4827899933
20.2311229706
18.39087677
22.3013038635
21.4333877563
41.8437271118
39.7798423767
37.0363883972
34.2769927979
36.941280365
33.1175460815
29.4091720581
32.3408508301
29.0776767731
30.4785957336
31.3775215149
25.850725174
29.1024894714
31.3058986664
32.325717926
31.8573875427
31.1290721893
32.0422172546
33.2252616882
35.7551269531
35.2177810669
38.3227310181
38.2255249023
40.5755729675
37.3323516846
41.5732345581
37.754699707
39.90026474
35.8774261475
36.0082550049
35.4089317322
31.0648097992
31.0527000427
25.4219436646
25.4130268097
29.7970256805
36.388961792
36.784828186
40.8911323547
36.7954978943
41.0045089722
40.8246955872
41.7355232239
40.0783233643
40.4295883179
38.0518455505
31.782333374
30.3395652771
30.279750824
27.8741722107
26.6264762878
27.1854972839
26.5624275208
29.9537849426
37.2886924744
35.3713760376
40.9911193848
40.448928833
37.2669258118
38.1800804138
35.3977775574
38.4420204163
36.979347229
35.3761024475
36.9282836914
32.575302124
31.2135639191
34.1126556396
27.8577880859
29.2501049042
27.8845729828
30.8258571625
26.9213104248
24.3239097595
31.1817531586
29.0625972748
23.9207305908
28.7162132263
30.5171298981
30.2003746033
28.4003181458
34.030544281
32.9575195312
35.2463684082
38.9206008911
42.1964073181
41.0199165344
35.7469291687
35.8864212036
34.2493247986
33.1112937927
33.3048210144
31.5922794342
34.3209686279
33.070350647
36.8746681213
39.3713264465
36.0492172241
33.6807365417
36.9165000916
38.6907119751
37.0580482483
38.5615196228
36.0815200806
38.5378761292
38.6086158752
40.161239624
40.9218215942
43.9337425232
43.7072029114
41.6597862244
40.199131012
35.7894821167
34.8481636047
35.8627815247
35.973690033
37.3251876831
35.2608222961
40.6041221619
41.4004325867
41.9840888977
44.1892547607
43.3400497437
49.9089546204
48.8364067078
47.8353233337
42.0620117188
48.1312141418
43.7922401428
46.7812309265
44.7244720459
48.9111938477
52.083732605
52.9963188171
49.9321212769
51.0048294067
47.498626709
47.2808990479
44.4907264709
42.2184295654
41.3114128113
46.6177597046
44.478302002
41.1954498291
44.8923187256
49.8786468506
45.1771697998
46.4002685547
47.142326355
50.3584213257
46.2712249756
48.6522026062
43.0071411133
43.8554458618
43.1684761047
42.4553451538
43.6265068054
43.6152038574
41.0755195618
36.743976593
33.0302658081
31.9390354156
29.6767654419
29.804315567
26.9673728943
25.6164188385
27.1839141846
23.1050853729
18.398443222
20.7551116943
23.0140361786
22.5960121155
23.3442668915
26.9238643646
25.5656986237
21.9086513519
24.2653522491
18.9578742981
21.2319030762
19.0378227234
17.1556015015
14.3455820084
12.9746551514
14.1333351135
11.8329553604
12.3557252884
11.3598594666
11.5979881287
13.5513486862
10.9891529083
16.0552921295
17.2826271057
18.0239467621
20.8098258972
20.9505767822
24.6578540802
25.4164829254
24.7879161835
21.0047340393
19.5327663422
15.7993059158
12.3631038666
13.017493248
8.05511856079
12.1143054962
11.3494215012
15.6179609299
17.7926101685
17.1853847504
13.6416320801
13.0872678757
16.6319675446
17.2176990509
19.8286781311
15.5434770584
12.2845144272
16.1518917084
16.9890422821
11.9757099152
12.3069553375
16.1382961273
13.5801086426
9.90569210052
14.8079423904
16.4806938171
12.4696941376
15.2483720779
15.2377271652
17.0475883484
14.528845787
10.5668373108
8.39253902435
12.5092887878
10.289065361
14.672085762
13.9068117142
14.2739305496
16.2371501923
16.948141098
19.6315784454
18.4194927216
17.3295345306
13.4967870712
14.7973928452
9.30300807953
12.3400621414
11.4002609253
12.2660560608
15.1956243515
12.7964925766
16.7946052551
17.6962127686
13.1494464874
12.0277643204
13.7591247559
14.2514572144
15.7557249069
18.2892913818
18.4105224609
19.4506130219
22.213722229
26.6033535004
22.3265743256
23.2109546661
27.8173160553
29.4287567139
24.1836738586
28.8571472168
26.6782855988
26.8213615417
24.1765537262
21.8386173248
22.8067512512
21.2129268646
18.0485668182
17.8659248352
18.9859676361
16.9138736725
13.6076564789
16.251531601
16.5897922516
13.370262146
12.7056808472
16.7507038116
15.335811615
13.0064744949
17.7245731354
19.2803058624
16.8190879822
18.1910648346
11.793261528
11.8679180145
7.23509693146
10.7564878464
7.08140134811
9.66279602051
9.17375850677
11.1706342697
8.88543605804
5.89153385162
9.45424175262
9.65269947052
14.4017381668
16.8839797974
20.4553794861
22.59258461
20.2045097351
16.7801494598
13.9747495651
11.5402364731
8.04776668549
4.49605751038
5.85629701614
7.16927909851
6.32550096512
8.426197052
12.4216976166
11.7469911575
11.8855237961
16.6068687439
16.8604736328
20.5965919495
19.902677536
13.3264932632
17.2145061493
19.5362949371
18.4307575226
20.3635921478
18.4989261627
17.6073188782
14.779006958
14.464261055
12.6056003571
17.3900165558
18.0982589722
13.8893404007
15.8290224075
18.2188873291
21.587682724
21.0485153198
18.1161251068
19.544008255
23.4147129059
24.2100086212
19.0847377777
21.4764518738
14.9701528549
16.8770904541
16.1022701263
19.5531368256
15.8751974106
13.0211420059
17.2779541016
18.9326534271
13.9499206543
15.9512901306
18.1107063293
17.0969715118
14.550283432
19.0222969055
20.0294437408
16.4283981323
18.5244693756
22.7000141144
22.2483043671
23.0169944763
18.5250301361
22.5916385651
19.5828723907
19.1036968231
22.1608428955
24.8077831268
27.1350860596
25.2024707794
24.411485672
20.3646183014
25.8923511505
26.604473114
22.8560848236
23.2739524841
27.8484802246
28.1757583618
24.7367153168
27.3266010284
31.9871997833
29.053396225
27.640089035
26.1267871857
24.3252220154
28.053686142
28.8155384064
26.7263832092
29.0038566589
30.7623806
27.9942264557
29.1977443695
31.3391723633
29.2833251953
25.5021381378
27.2595977783
28.4728775024
24.2723464966
22.9703903198
25.908454895
25.7931022644
21.1988964081
22.2522850037
26.5489063263
27.6802558899
27.2775192261
23.2904338837
25.1791744232
27.9050178528
22.206987381
22.6137981415
21.8123283386
16.9638652802
22.9080276489
25.2247314453
20.8792972565
20.8991184235
24.9302082062
25.9933223724
22.7809238434
24.2450199127
28.5242404938
28.3229980469
30.0739936829
34.244052887
35.8861045837
54.0720100403
53.7247810364
50.5307617188
49.0245246887
51.0992774963
48.1218643188
45.3160324097
47.4662437439
44.0101585388
45.7497673035
45.0244674683
40.6315689087
42.2959213257
44.0552330017
44.8328018188
45.3398933411
44.522605896
46.5229110718
48.3208465576
51.6329841614
51.6583633423
52.022731781
53.168510437
54.812587738
51.4424209595
55.5511741638
51.1111335754
52.5284996033
46.4017715454
48.0324249268
46.5429344177
41.3572349548
43.1415939331
38.6056518555
38.7468414307
42.5592155457
48.8328323364
48.9408874512
54.7435302734
49.5355796814
55.4644203186
55.6650543213
56.1666526794
54.050239563
53.8757858276
50.6984939575
44.2469596863
42.8064956665
44.3457374573
42.3925094604
38.4445266724
42.0362052917
42.2586479187
43.33801651
52.1363983154
49.6576843262
54.7611923218
54.8047637939
51.5030632019
52.5895042419
49.7594184875
53.6912536621
52.5272407532
50.0204277039
51.9111328125
47.1341896057
46.4901199341
47.3401565552
40.3749427795
43.8991241455
41.4952163696
44.2498168945
39.8322792053
38.4935760498
44.8343696594
43.6308555603
38.9615592957
44.2121009827
45.8949356079
44.8022041321
42.7879066467
48.3748703003
49.1088066101
50.3830909729
53.6357727051
57.0072364807
56.2691955566
50.2237434387
50.3746910095
49.2044868469
47.0176467896
47.3948059082
44.4062957764
47.6445808411
45.2108650208
48.1281356812
51.0841407776
46.8547973633
44.6685295105
48.7180252075
52.0571670532
50.5102806091
53.3998031616
49.2040100098
53.5102310181
52.8722763062
54.8291740417
55.8740653992
57.2136497498
57.3793640137
55.3310203552
53.3908081055
49.8220558167
49.4245948792
48.9842453003
49.7998123169
51.6613998413
49.3119354248
55.0031318665
53.6741676331
55.9698677063
56.707244873
55.5620651245
62.8951187134
59.303440094
59.085231781
53.1952056885
60.1529922485
57.7194519043
60.4445991516
58.8539276123
62.6379127502
64.7610702515
66.6651000977
62.675994873
65.2514801025
60.7990036011
60.8084220886
57.4768867493
55.693813324
55.8998565674
61.3640975952
58.0767250061
56.0362167358
60.7460021973
64.8876190186
59.9710884094
61.7681922913
62.6600532532
66.01978302
61.7869644165
63.2006530762
56.7269210815
58.2377319336
56.9114570618
57.0030708313
59.2455253601
58.3327903748
55.538105011
52.2505187988
48.1691551208
48.1727523804
44.3951683044
45.6792831421
43.2156105042
36.6861152649
37.6942443848
35.0413513184
28.7195339203
29.2180767059
32.9693260193
32.4212417603
30.5080909729
35.8750190735
36.2132225037
33.6357002258
36.8896789551
30.1257839203
34.0753555298
31.865196228
27.61054039
27.5723571777
23.8662719727
21.4233093262
17.7177524567
14.3500452042
12.4531097412
18.0888023376
22.1547164917
23.5684947968
27.4457588196
31.4905891418
32.1012535095
34.4993972778
34.0866127014
37.3987121582
38.9074821472
39.1735687256
35.8854255676
34.9495239258
30.741689682
27.2997093201
25.8621387482
19.9250221252
20.6519260406
16.7251529694
16.4452209473
17.5024147034
13.3719615936
11.7871408463
12.3842668533
14.1774339676
17.6198959351
18.2994117737
14.8446397781
17.0680027008
20.3229789734
18.389881134
16.4051399231
20.1233043671
23.1476593018
20.4948692322
20.0629482269
25.5282688141
25.6369285583
23.8866405487
28.5359020233
29.0685100555
32.091003418
29.3896713257
25.2758636475
24.7664279938
27.9435348511
23.8832492828
29.396938324
26.0775852203
23.9227428436
24.0528755188
21.6587810516
22.802898407
19.3266201019
21.6180877686
19.0614070892
23.9006271362
21.1029815674
25.8428726196
26.8698711395
28.8368434906
31.2689380646
29.4326171875
32.9344444275
33.4874382019
28.4864673615
26.024564743
26.9109077454
25.0542640686
27.7756538391
32.0132904053
29.8635292053
29.3611373901
33.9208335876
38.8988304138
35.6808547974
35.3026008606
38.8523025513
41.3958282471
36.6253890991
40.7418022156
37.3397789001
38.9306678772
37.3339042664
33.4140014648
34.107509613
34.5179176331
31.2811584473
29.3633117676
31.0406284332
30.8147220612
26.029253006
27.1047115326
28.7916812897
25.6250915527
22.6431217194
26.3587741852
26.3409366608
21.9582138062
24.3105678558
28.0696849823
24.5513648987
22.3291664124
18.2146492004
15.5745410919
16.1379013062
10.5384111404
13.777961731
18.0530776978
17.3991355896
22.3327865601
20.678062439
18.9316043854
23.6663379669
25.7697620392
30.161359787
33.235912323
37.0012207031
38.6102027893
35.2890701294
32.7361297607
29.1714820862
27.6665096283
22.7129154205
20.3822650909
17.2145061493
18.7297306061
13.5451745987
13.3274393082
9.32198810577
10.0845451355
10.166686058
7.26608705521
8.09081459045
6.6556968689
6.61196899414
7.67974662781
5.9468331337
4.60397911072
6.3471698761
8.46219158173
10.3977451324
13.0857830048
11.2972364426
8.93839073181
11.9489984512
13.0712051392
17.6666545868
17.1787242889
13.0366325378
14.6860837936
15.6324005127
14.7825107574
10.8714437485
10.1341018677
12.4332323074
13.0894384384
8.92644309998
13.8935518265
10.3123817444
15.891084671
19.4018497467
20.6054477692
15.7870903015
17.2863140106
21.2369441986
19.05909729
18.2124423981
23.6713905334
23.2661342621
21.2161617279
23.2165260315
26.7439365387
26.0577125549
24.4690856934
28.754240036
30.9906024933
29.7295513153
32.3665657043
26.8636569977
28.8386611938
23.4806480408
21.9452075958
21.850528717
26.0019779205
25.8077659607
22.4699077606
20.2087726593
16.1339950562
18.0000648499
20.546421051
18.0537528992
15.4455308914
19.1804065704
22.5456924438
19.8802680969
19.5051994324
24.6033611298
24.6631641388
25.0675601959
24.5073490143
25.752532959
29.9243144989
32.7912521362
31.9551124573
34.744934082
38.2478752136
34.7999382019
36.3892784119
36.1081237793
35.5804634094
32.6832122803
31.1072235107
32.3610343933
29.8723640442
27.4647865295
27.8311100006
28.7415504456
23.9950466156
23.56980896
26.3062839508
22.8031787872
23.4103622437
20.7515258789
23.9442043304
27.2511882782
22.3742351532
26.4069747925
27.1588230133
24.4752941132
30.7811946869
31.7662258148
28.5736789703
31.4791526794
34.4924964905
34.1494255066
32.8227729797
35.8677597046
38.9194641113
37.7124099731
40.845954895
44.4728240967
47.3016052246
55.13048172
54.9397544861
51.4740982056
50.3176422119
53.4001922607
49.4151382446
46.3799285889
50.7156028748
47.6371994019
50.3808517456
50.7195281982
45.3220558167
47.6764640808
50.2635688782
50.2853736877
50.379119873
48.8257064819
50.9974403381
51.226776123
54.4618835449
52.9193763733
54.3161811829
55.8072853088
56.3172569275
53.4178161621
57.1343765259
52.8134651184
55.0583152771
49.2269134521
49.4914093018
48.4524383545
44.142665863
44.96509552
40.2739982605
41.8387718201
44.1752357483
52.2007789612
53.0059127808
57.6731185913
53.2942428589
57.7751235962
58.5779838562
60.2639389038
57.8819465637
58.1991996765
55.3456420898
48.9916381836
46.6376342773
46.8839187622
45.1058349609
40.802734375
43.3298568726
43.8575439453
45.0886535645
52.6266479492
49.4361724854
55.2266387939
54.2107162476
50.5296821594
50.6589660645
48.6983451843
53.6926879883
51.493434906
50.3789176941
50.365447998
44.9961166382
45.0433998108
46.5630264282
37.3839530945
41.010848999
38.5728874207
39.7262496948
36.4884109497
36.0464439392
43.4347190857
40.2585983276
37.3707389832
43.3023796082
44.3560447693
43.4606285095
43.2661361694
49.5226249695
49.5593528748
50.4109344482
53.8276481628
55.4475479126
55.757019043
49.7360267639
48.9280509949
47.4269256592
45.1325531006
43.5478057861
41.1667480469
43.1064186096
40.3833503723
42.4952430725
45.6690673828
41.3910369873
41.8007469177
45.5473747253
48.1282958984
47.6728134155
50.1141166687
47.4334945679
50.7560310364
51.6474609375
52.3809089661
53.1866989136
54.521030426
54.808681488
51.957649231
49.5497741699
48.3253860474
47.1939811707
46.2860717773
47.2419052124
47.807056427
45.0429229736
50.1677856445
48.8161315918
51.5121841431
50.9313011169
51.3359718323
57.7326545715
54.5166854858
55.0829620361
50.6753234863
57.8530845642
53.515712738
54.9179191589
54.4345932007
57.8736228943
60.5467796326
61.6571121216
59.3903808594
60.2416381836
57.4795265198
57.8865203857
55.7741775513
53.4062194824
54.120223999
58.9468231201
55.5727882385
54.4202919006
58.9396705627
61.7913856506
56.3301887512
60.4892959595
60.8244056702
62.7870101929
58.9434394836
59.4582328796
54.2679367065
54.5084838867
54.0010261536
54.9413490295
57.2594642639
56.5034217834
55.3068122864
52.2087516785
48.1355361938
47.457824707
45.1193809509
46.6272125244
44.8811683655
41.0306015015
42.2728614807
40.3562889099
33.9255447388
36.3143577576
40.6315231323
40.4738769531
40.3647499084
45.2624778748
44.7117042542
41.8583450317
44.9419326782
39.1911277771
42.1841278076
39.6845207214
36.3480911255
34.5225372314
31.8475017548
30.6465587616
27.0279960632
24.3736495972
23.151922226
28.074098587
31.8075351715
31.257856369
36.1781387329
38.4725074768
39.2209663391
41.7305335999
40.5764808655
44.3963279724
46.0214958191
45.292640686
41.5403022766
40.6809196472
36.7797813416
33.5190124512
33.6104774475
27.7075881958
30.3182411194
26.9027462006
28.4375896454
29.9194812775
26.1283950806
23.6195297241
22.8126544952
24.1997509003
27.1901569366
26.2310752869
22.3318901062
24.6653251648
26.836933136
22.7582435608
20.1461486816
24.5367984772
26.3600502014
21.7385902405
22.8245391846
27.961856842
25.7556819916
23.3478374481
28.2631263733
26.7737998962
30.1114883423
27.4932117462
24.8112182617
26.8148021698
29.9151496887
27.8716068268
33.5831604004
31.9326267242
30.8489570618
32.7265777588
30.5333766937
32.7716636658
30.7796611786
32.6802330017
28.8236618042
33.0292358398
28.232301712
32.1066818237
31.9122085571
32.0604438782
36.1120452881
32.6531028748
36.7409057617
36.1251144409
31.8834838867
29.1864261627
27.7791614532
27.5346870422
31.3788146973
33.4201393127
30.5800189972
32.0779418945
36.1568565369
41.2226371765
37.3587608337
35.866481781
39.4917564392
41.2467002869
35.6129341125
38.5058135986
33.2852516174
35.0402069092
34.9541549683
30.6931819916
29.5957260132
31.0415096283
29.1002731323
25.4043998718
26.437286377
27.9335231781
23.1819858551
22.0731334686
24.3039512634
22.1537647247
18.4604587555
20.530128479
22.7149467468
17.9602432251
17.1383247375
22.0377883911
20.3086719513
16.3134269714
16.3457489014
12.4188108444
15.9024686813
11.6200218201
16.3503952026
16.8785686493
19.8266849518
23.4999084473
23.8690814972
21.8192920685
24.5163707733
28.1102600098
31.6088733673
34.3101425171
38.084980011
37.8959274292
34.3903846741
32.3235397339
28.4351501465
28.0751800537
22.5731163025
22.6357002258
21.4764537811
20.4260215759
16.6327457428
19.4610786438
15.5937700272
14.6747055054
18.2567443848
17.9960517883
20.3611717224
19.8779087067
19.7207164764
19.2415428162
15.8988256454
13.8935499191
13.3288288116
10.8637170792
16.0877113342
19.1507644653
21.9629230499
21.3928546906
14.8723621368
15.9048709869
14.8587007523
18.5487060547
17.3828639984
11.3413324356
8.98354148865
8.90481376648
5.56411600113
6.08297109604
8.62383747101
8.54800701141
6.39347839355
5.52031469345
7.31107854843
7.57658576965
11.8242731094
10.7107315063
8.7659702301
12.3498811722
13.7592077255
12.651684761
14.5423927307
18.791847229
18.2569713593
18.1539783478
21.0333938599
22.5257587433
23.2648200989
23.9218082428
26.7076587677
28.1614875793
28.6226196289
32.4288902283
27.8842468262
29.037946701
25.1121788025
22.0225944519
20.3367156982
26.1762371063
26.4716358185
23.0465126038
23.4307937622
20.1294441223
22.2524757385
21.7370834351
17.6250762939
13.7597417831
17.0010032654
19.5377445221
14.9106140137
13.25578022
19.344329834
17.6609840393
20.5676307678
17.8399810791
21.7494678497
25.3377151489
27.7024803162
28.0386352539
31.7394790649
34.7017784119
30.029718399
30.5941429138
29.03383255
27.9825115204
26.3983478546
24.4438056946
23.7726364136
22.0056285858
21.0142440796
19.4693336487
19.1354980469
15.7411441803
16.6906700134
15.6089630127
11.8885765076
10.8324432373
8.68400096893
11.4425106049
14.9447498322
11.9848384857
16.5762615204
17.7658443451
17.6566200256
22.3590564728
22.4645080566
20.9740161896
25.049036026
26.7769908905
26.1852741241
26.5643539429
29.7570800781
31.5331420898
30.9732093811
34.7772827148
36.9548797607
40.2131767273
