14.9154615402
35.0296173096
37.3543739319
40.6734390259
43.6600990295
46.0917472839
48.6290245056
45.7707672119
42.4955825806
46.6159172058
20.8391857147
32.3628997803
35.6278495789
38.8397712708
41.9859085083
43.3743133545
45.8711357117
42.7491493225
39.9551734924
44.626701355
31.3403358459
16.6636295319
21.0272941589
23.7558612823
26.9817829132
27.2387313843
29.7905921936
26.7754440308
24.5048923492
29.6240749359
23.4452590942
21.9656333923
26.3003673553
27.3559799194
31.874212265
32.7559089661
36.0741043091
34.0075149536
31.4818763733
36.1485977173
23.0600566864
22.1672344208
25.3723812103
28.4419460297
31.6947174072
33.3404541016
35.9927024841
33.1467475891
30.1755847931
34.7670173645
20.374917984
22.2903614044
25.5629501343
27.7155818939
31.582862854
33.4642181396
36.4979896545
34.1743545532
31.1300506592
35.5087356567
20.7054157257
24.3958969116
28.2876205444
30.2900714874
34.3042640686
35.5449409485
38.591293335
36.1137886047
33.3646278381
38.0581283569
12.1534662247
33.6589317322
37.1467590332
38.4113502502
42.827003479
44.5752067566
47.9061851501
45.8942832947
42.9678688049
47.2759094238
24.0700759888
24.9717063904
25.0184059143
28.8422813416
30.6995162964
34.6314811707
36.7910118103
34.4582977295
30.6711578369
33.5637321472
14.8965320587
30.7151737213
33.0570526123
36.1660919189
39.3063278198
41.8138389587
44.470741272
41.7853317261
38.4632530212
42.5540885925
14.5593910217
32.2103767395
35.7475204468
37.8571624756
41.8305130005
43.4127845764
46.4524002075
43.9488830566
41.0461730957
45.598361969
33.8409194946
12.4605464935
13.5652275085
18.2638645172
19.8831100464
22.2956867218
24.2611312866
21.2577934265
17.8855724335
22.0016155243
45.549911499
7.96344900131
6.25928544998
6.09278345108
8.52080535889
11.4165458679
11.6141986847
9.53039646149
11.5392150879
37.9295806885
21.7684631348
18.3182220459
21.1675128937
21.0255146027
26.6445178986
28.1407108307
27.3276805878
23.5928630829
23.8544158936
29.3495597839
20.9304103851
20.8437347412
20.9635448456
24.3367023468
28.4575557709
31.5102844238
31.1066207886
27.7119560242
29.6854457855
18.8745212555
28.1317462921
29.5922603607
30.1282444
34.1403236389
37.5176239014
40.821434021
39.8282051086
36.4422264099
39.3408927917
16.0915317535
28.312746048
30.6533203125
31.3645076752
35.6711883545
38.4236412048
41.8135185242
40.4805412292
37.2462425232
40.7202301025
39.4316253662
15.7753839493
16.999048233
13.3197927475
18.1833019257
19.985496521
23.5484371185
24.2971725464
22.3059177399
24.3221111298
33.4231719971
27.6322937012
25.6313037872
26.4920139313
28.1247081757
33.382938385
35.7025375366
35.5457725525
31.9479465485
32.5488700867
49.6430206299
29.4296665192
24.4903202057
26.2397975922
23.9570655823
29.7719078064
30.0786170959
30.4658088684
27.5231151581
25.2413101196
53.5276374817
19.2774524689
14.3816509247
13.5875473022
9.65583992004
14.2742919922
14.1818943024
16.2194137573
14.7254648209
11.1926651001
50.7154273987
11.5279197693
10.3177471161
6.63416528702
6.62867212296
5.64291763306
8.07694149017
10.1530284882
10.1411294937
10.7672491074
