33.5990257263
33.8743057251
32.4250907898
29.5022449493
30.9187450409
28.4745845795
25.4421710968
23.26329422
12.5309247971
17.8782577515
19.6851272583
16.2007026672
31.7076778412
32.2811470032
30.6236133575
27.5594425201
29.6765556335
27.2857761383
23.6917858124
21.7660694122
14.6561698914
20.2760505676
21.8366012573
18.6266212463
28.9782485962
29.0650062561
27.4048538208
24.9130535126
26.4301643372
23.5414791107
20.4924564362
19.1211872101
11.0128135681
16.9067020416
17.8501052856
15.0011529922
29.0936317444
29.0857658386
27.8814048767
25.1162071228
25.9032268524
23.5025291443
20.9672088623
18.6201686859
9.04836559296
14.4021453857
16.2874832153
13.8999452591
27.6180934906
28.2471733093
26.9792308807
23.5423316956
25.2998447418
23.4983711243
20.0860176086
17.2617473602
13.6606683731
18.665971756
20.7989635468
18.713180542
24.3957481384
24.9650611877
23.4232063293
20.2818565369
22.3956069946
20.2107715607
16.5270347595
14.4981031418
14.0021162033
19.2043209076
20.5924053192
18.8951740265
