24.2153987885
21.91157341
23.3003787994
18.706445694
17.4927921295
16.822511673
13.1152038574
15.2412309647
12.4251842499
9.1377286911
6.22552013397
5.47462177277
8.63660621643
7.97266530991
7.68305444717
10.4530172348
11.8987674713
12.106762886
14.7925014496
16.3465690613
17.7545890808
18.6760902405
20.0591239929
20.9703445435
17.6853637695
15.8394346237
15.7928218842
12.1324977875
13.3003644943
9.04379463196
13.3375291824
11.8041133881
13.2614803314
13.5105075836
15.8589229584
15.7228946686
13.4552106857
15.4165773392
9.36226844788
12.5689516068
9.40596294403
12.9818496704
14.4308776855
16.9610404968
19.6152687073
21.6776332855
19.7273750305
19.3111991882
17.5330715179
21.7183666229
19.9372005463
16.2925052643
15.3371353149
10.7023906708
12.0140361786
7.1924123764
12.6904153824
10.5668020248
15.1981611252
16.3738651276
18.5703849792
22.9192390442
24.7640285492
28.1171607971
26.0201683044
24.9503860474
20.8134632111
19.5077095032
15.395863533
19.359708786
22.066947937
24.4418678284
24.5393466949
24.1987876892
25.1312446594
25.2652816772
22.270526886
17.7237453461
21.097536087
24.5759563446
20.9159564972
19.5521659851
24.9322757721
25.6683959961
23.2854061127
24.7097949982
26.0739784241
27.080083847
28.9960842133
31.1210517883
30.0996208191
29.5827579498
27.893579483
25.1791591644
23.6450996399
19.7973823547
20.2006034851
20.0220012665
20.0930747986
16.0273704529
15.2628660202
16.6362419128
14.8012256622
17.0750007629
14.0508451462
11.4325590134
9.41288375854
7.04284572601
8.54469108582
6.88572978973
5.92378473282
7.71011257172
9.04379367828
10.7820072174
10.6961078644
9.07518863678
12.1397838593
14.0530834198
12.3874635696
13.0803861618
18.7383594513
18.7988033295
17.9974193573
20.0740146637
19.7035236359
21.4157218933
17.22016716
14.8297595978
12.1218500137
8.97917366028
6.96415472031
5.84397935867
6.45930719376
9.31460475922
12.0768241882
11.7513065338
9.94988441467
9.14734649658
8.28992366791
5.28634357452
8.8045759201
8.00824546814
12.2711925507
16.0088768005
18.6729240417
22.3123016357
23.9892883301
22.7569141388
23.6553573608
22.1856365204
25.8630886078
24.5447864532
20.3093223572
18.7085838318
14.4034347534
14.5516338348
9.13403892517
11.8471364975
8.50191020966
10.7810583115
13.59562397
14.4254760742
19.1811599731
21.0773925781
23.5439605713
20.4094409943
20.2238826752
15.3753385544
16.6761512756
13.8797054291
18.1303596497
20.5639686584
23.4637031555
21.8673381805
20.4017982483
20.094953537
19.0514602661
15.4799118042
11.3234767914
14.0994491577
18.2483291626
16.1145629883
14.513671875
19.20936203
20.9746742249
19.9510860443
20.9861946106
21.6542167664
23.0835552216
24.9837532043
26.9415397644
25.9461669922
25.6903343201
24.0326576233
21.1141109467
19.3802528381
15.5711593628
17.8032627106
17.7278022766
16.0477790833
13.8200931549
11.8373203278
21.6558570862
19.7436485291
20.1550445557
16.2594795227
13.9962511063
14.9150714874
12.3497142792
15.7585582733
14.3176441193
9.78178882599
9.82804107666
7.1924123764
8.65539741516
11.0145368576
7.04601764679
6.85404586792
11.5783510208
11.1294946671
9.02304649353
13.0793199539
15.7586307526
15.4551086426
15.696182251
16.2930030823
16.141418457
12.3558712006
11.0692501068
10.7256269455
8.97170352936
9.99004554749
9.13403892517
13.3445615768
12.4222183228
15.4524250031
15.788269043
16.0246315002
15.8346557617
12.6498765945
13.2378063202
6.79035806656
7.45497274399
5.20072078705
7.19299840927
10.336643219
12.1844387054
16.1813240051
16.9139881134
14.936624527
15.3999404907
14.3386287689
18.2248020172
17.5650596619
13.2825107574
11.107172966
7.29413843155
6.82194900513
6.77465438843
7.57798528671
11.9186105728
14.2176685333
17.1689224243
21.2171554565
24.023891449
26.2370052338
24.1624565125
22.4332084656
18.2136230469
16.4717330933
10.993314743
15.4582500458
19.2887840271
20.2937164307
20.0446472168
20.734828949
20.8617591858
22.0811080933
19.0127410889
14.2542800903
17.1459884644
20.2850551605
16.3781070709
14.2828884125
19.6898155212
20.5099372864
17.4457378387
18.6111164093
20.1843299866
21.234161377
23.135017395
25.2838783264
24.306388855
23.9245414734
22.2295417786
19.5505867004
17.7865200043
14.5355806351
14.4886217117
15.875535965
16.184715271
13.0494213104
13.7175340652
20.8347358704
19.7936954498
19.5328636169
17.2270450592
13.4573059082
15.4294815063
14.6316204071
18.1082324982
17.5051841736
13.7075147629
15.2004089355
12.6904153824
14.6427631378
16.4345169067
11.706785202
12.0208187103
16.7778530121
15.0836086273
11.7939128876
16.383392334
19.5781784058
17.7277164459
17.3985176086
16.8544311523
15.2866315842
11.0175037384
10.8975896835
9.02071475983
10.5961055756
9.88982105255
11.8471355438
14.8179168701
14.0877094269
17.7714138031
17.8610954285
16.316110611
16.3383274078
12.7424669266
12.4578781128
7.97438526154
5.6492729187
7.36682891846
6.04757547379
11.6512994766
11.9813785553
17.2527427673
15.9159069061
13.7695865631
15.2104701996
15.5294780731
18.7016887665
19.5062561035
15.1876583099
11.7624483109
10.2667789459
6.53558826447
6.77465438843
7.2488822937
9.59889411926
12.4815940857
15.773443222
19.0651111603
22.574514389
23.6253128052
21.8013553619
19.4665565491
15.6313838959
13.4764041901
7.53414297104
11.7998867035
16.310300827
16.0465507507
15.318362236
16.9170322418
16.4021377563
18.7136993408
16.0145339966
11.6508541107
13.9733610153
16.1715373993
12.0048618317
9.77446460724
14.9334468842
15.3440246582
11.8312215805
13.1825742722
14.9076080322
16.0182914734
18.0243358612
20.3356952667
19.6608047485
19.7713680267
18.3255596161
15.7754335403
13.3368806839
11.8531827927
11.5804491043
15.5834884644
15.7193803787
14.4935274124
16.0350151062
21.2829170227
22.7431869507
22.3921470642
24.2778263092
18.5619106293
20.2343082428
22.7343006134
24.5224304199
25.1907196045
24.2789535522
27.2042427063
25.6684017181
28.2832736969
29.1158390045
24.6257820129
26.2319297791
30.3893680573
27.367975235
24.5865592957
30.1862030029
32.5477561951
29.0384254456
29.1993370056
26.8855705261
25.1082344055
21.07472229
21.4665107727
16.7720451355
20.9154262543
17.0125999451
20.9746742249
20.4094753265
20.420124054
23.8361053467
24.0803565979
19.3342247009
19.360704422
17.3700447083
15.3779172897
17.601556778
14.847287178
19.6237316132
18.1279067993
24.4103870392
23.956029892
29.4687538147
26.5836181641
25.1009922028
27.3761997223
28.7943210602
30.9131374359
32.7993392944
28.7064571381
25.0140666962
24.5544528961
19.8951835632
20.5099391937
15.3440265656
16.1703033447
12.3912324905
14.593038559
15.632311821
15.7427520752
19.6299934387
16.8921051025
15.5871305466
13.0916643143
12.001080513
12.2273693085
12.5419521332
12.3403806686
14.646566391
13.1642408371
8.84645271301
10.1405391693
6.08933877945
10.2799711227
10.3856086731
11.1951475143
10.1314325333
6.87320613861
6.45299816132
8.14710712433
6.63754653931
6.58352041245
9.08308887482
8.77157115936
10.6779003143
12.8828020096
15.1921672821
16.2208309174
18.194601059
18.1899013519
16.6271972656
12.748998642
16.4078121185
17.8886966705
23.7106285095
22.0757274628
24.2933692932
25.2826728821
