7.95561122894
11.4465436935
14.539191246
11.3516244888
15.6035861969
12.0503416061
17.3488140106
17.6907081604
12.3518190384
12.1317958832
15.1238622665
17.9293842316
16.5005302429
21.4086151123
17.9839706421
23.5541744232
24.183889389
18.7473583221
22.2926044464
25.2371749878
28.216588974
22.8068599701
23.8817310333
20.7266387939
22.5920772552
20.3825626373
17.6496963501
14.0587234497
16.8702716827
18.3470649719
18.2725887299
23.7474308014
21.2883987427
26.9094848633
27.6792221069
22.5560894012
5.76109313965
6.79190444946
9.63316440582
10.3679456711
15.0082168579
12.2466487885
17.8055667877
19.7205314636
14.8014230728
7.9172410965
7.0389995575
6.88253831863
10.8254308701
15.0888357162
14.1025333405
18.8494510651
21.26121521
17.386756897
13.1967010498
15.7507486343
19.4435825348
17.0475139618
20.879240036
16.6714115143
21.7457866669
22.2551269531
16.8083190918
20.6756877899
21.1297416687
23.1298694611
25.4328670502
30.2264099121
27.1969547272
32.7168159485
34.7836952209
29.4828777313
30.7303771973
27.5733547211
29.8487815857
30.1514186859
27.1915588379
25.726190567
23.8452091217
27.2195663452
27.1745014191
18.1062469482
15.4118976593
18.9454689026
20.3893203735
21.1428833008
17.7803649902
20.4462757111
23.9641876221
20.3719539642
25.8203773499
26.7060985565
30.7394886017
30.0109939575
33.2515296936
28.6341323853
33.1532783508
34.4879684448
29.186384201
26.8633136749
29.4156284332
32.6802558899
31.0807418823
35.4504585266
31.353105545
36.4519920349
36.6848945618
31.2439975739
29.8973731995
31.6254920959
35.5902290344
31.4441890717
32.1619873047
27.9842529297
29.7209377289
28.8864135742
25.7462177277
28.5341644287
30.3078613281
33.8796272278
29.0465736389
28.8734531403
25.285741806
25.9756755829
24.4806556702
22.4052028656
37.1635475159
39.1901054382
42.8963127136
41.2779502869
45.0275001526
40.5247802734
45.1198959351
45.4350738525
40.1624145508
24.2699699402
24.4084835052
28.7887535095
27.3752689362
29.0308475494
24.3293247223
27.5561065674
29.0292491913
24.5105838776
21.6968917847
21.1642055511
25.476184845
24.9228839874
26.6129436493
22.0633029938
25.4725952148
27.575799942
23.0114307404
