23.4437427521
19.963142395
17.9039554596
15.1230010986
13.3850059509
13.1816091537
16.6999797821
15.7526350021
20.1691055298
18.4299697876
13.8227930069
18.3894786835
20.6790523529
17.0060749054
14.8980264664
22.391204834
22.8267650604
18.5869255066
20.5900669098
25.9570407867
24.7574481964
22.5757637024
27.2469520569
30.4139404297
25.9298419952
27.8657455444
23.4176750183
21.7448234558
22.1548805237
18.6596107483
16.2706394196
12.7701797485
12.9559354782
17.2433204651
17.9903850555
15.446814537
18.3996353149
22.2133426666
21.7247638702
21.784450531
24.5179824829
26.0929546356
27.3547592163
28.0190162659
30.5077877045
32.8599128723
32.2681045532
34.1978492737
37.3505172729
37.4876899719
40.5136795044
43.5097503662
40.2083473206
36.0617523193
38.6628341675
42.6978416443
39.1281661987
38.4841270447
42.6621742249
43.5358963013
38.3034629822
42.8162384033
40.3967437744
39.7212104797
37.280456543
40.0984954834
40.3905143738
35.8686790466
35.8946685791
37.5697517395
39.8484153748
32.2108650208
35.3680000305
39.4070472717
36.5569419861
33.4747009277
37.8916511536
39.0659713745
34.5984153748
34.4113922119
42.3652000427
41.2927742004
37.5160713196
33.0629577637
33.6273345947
31.1203918457
32.4495735168
35.4213790894
28.3858757019
29.3028354645
31.5800762177
28.4988632202
24.7772064209
29.6141433716
32.0469551086
28.2616119385
27.9840717316
32.3912506104
32.8742866516
28.4464626312
30.5929813385
34.8267173767
32.6195526123
30.8448944092
36.0325889587
39.0289230347
35.9330558777
34.0666542053
41.5844917297
37.3745193481
38.7797470093
42.23878479
36.3679466248
33.851600647
32.0717658997
27.7866592407
24.6001033783
23.7993831635
27.4110832214
25.3715553284
21.1557922363
23.9605827332
28.3507499695
23.2437744141
19.8969402313
25.4556465149
28.2318840027
21.84217453
21.621471405
27.0862140656
26.6241130829
24.2200222015
27.4447727203
23.26770401
27.3890285492
21.8172340393
23.8389530182
23.9304561615
26.8624763489
34.3728866577
36.0957717896
37.5127906799
33.168888092
31.0821018219
34.4815673828
33.0352096558
28.0858039856
29.412405014
31.9499492645
28.5530185699
25.5330886841
27.5969562531
30.0799102783
24.8747653961
24.433965683
29.6066246033
30.5710849762
25.4791984558
27.1756210327
24.8311500549
21.0440235138
19.0474147797
18.4594898224
18.4415740967
13.9863157272
13.1056432724
13.1604938507
11.1642398834
8.86017608643
7.89617156982
9.62760925293
5.31537485123
7.46717739105
6.86051177979
5.17185211182
7.89425897598
5.71136426926
6.42176151276
10.7453632355
10.5151309967
9.77246570587
11.6815900803
14.2045650482
14.9545946121
16.4331912994
19.0307025909
19.9477462769
21.1772766113
25.7154579163
25.6655101776
25.1119670868
28.505897522
31.3576393127
27.7288398743
25.4875259399
24.6766815186
25.2692890167
21.0596141815
18.80560112
22.1139698029
20.4894924164
13.9605865479
15.4981784821
17.3236885071
15.7806692123
10.6345443726
15.1397657394
16.983953476
12.8916559219
12.678360939
17.5181388855
16.3420143127
15.2145557404
16.4169464111
13.1319475174
39.7225723267
34.750995636
34.7697868347
36.2181854248
30.1834163666
28.0388126373
27.8224811554
22.6175556183
22.1407680511
19.0008659363
19.4619102478
19.8894939423
15.7763671875
14.1766614914
17.9816188812
16.4537086487
11.4074449539
12.5153169632
16.4920768738
13.4744033813
8.28233146667
12.9693059921
14.7516841888
12.1606693268
11.5805997849
7.06677293777
10.0016183853
7.94832468033
8.31985855103
10.5526819229
13.5749034882
26.721282959
26.5589790344
29.9737796783
27.1607780457
22.8121681213
25.7427082062
27.2702922821
23.4216747284
20.9000282288
24.813955307
24.3937988281
21.5121173859
21.5424022675
25.9225959778
24.3653964996
21.4484786987
25.0331306458
29.7003440857
26.8225002289
26.4622840881
28.0498847961
24.9826488495
20.7174835205
20.1333599091
23.3631229401
20.5691719055
17.2194862366
19.5705833435
22.0396938324
16.8936004639
17.8457622528
13.9471549988
14.6056509018
12.8127813339
17.2236804962
17.9101047516
13.7952194214
17.5940380096
18.9236412048
19.60597229
17.0320549011
20.765291214
22.7479324341
20.5079708099
21.2948665619
25.7279472351
25.9428939819
24.8812446594
26.6206054688
32.0996360779
34.7345123291
32.859375
30.099357605
32.1502685547
32.5687255859
29.5923194885
29.8508453369
25.6253662109
24.9283866882
22.7100772858
20.4959526062
19.4917106628
18.6831607819
17.0732402802
13.8053798676
12.6225852966
14.691983223
12.8274450302
8.73028755188
9.63517856598
11.0953903198
6.89992189407
5.40343046188
9.88726997375
11.109336853
7.57221698761
6.51937675476
31.7559566498
28.2136878967
25.4797763824
25.5496444702
22.546163559
25.7516326904
23.670173645
26.9915790558
27.0913276672
30.4471416473
25.7565841675
22.383764267
25.7332458496
27.1495761871
21.7286243439
21.1903305054
26.2254276276
25.6021366119
20.5044765472
23.653459549
28.260597229
25.1008758545
24.3077259064
29.139749527
29.6229610443
33.1462898254
33.1422042847
30.8446369171
35.3519325256
31.6398944855
32.9227905273
19.0624771118
16.3866062164
12.5664577484
15.1767234802
17.4248733521
12.4039678574
11.1733779907
16.4633789062
15.6025571823
11.6830854416
14.2362585068
17.2729511261
16.5660648346
14.0674915314
19.6406002045
20.4178638458
18.5303440094
18.3873271942
22.3909645081
25.2148609161
28.8801326752
28.010717392
26.5211029053
29.6042919159
32.7582206726
32.3783721924
33.3254051208
37.2139320374
38.2926979065
35.684753418
41.6829986572
40.792427063
42.7317047119
43.169757843
46.2593765259
42.5599250793
38.9835891724
41.7592697144
40.020236969
38.6901168823
33.4276199341
36.1911277771
37.5791625977
32.9795265198
31.3668022156
35.1690711975
32.3481941223
27.5628433228
29.1848182678
35.0298538208
32.3424949646
29.4304332733
26.7523822784
23.169631958
19.0401859283
19.7062282562
23.9385318756
21.212474823
18.721534729
22.8578147888
25.6936721802
21.5377235413
22.4220142365
28.9342823029
27.6033058167
26.4236011505
28.1025619507
32.6570205688
30.3048305511
29.8800296783
33.8257408142
35.6773872375
34.0374717712
36.144859314
40.6517715454
41.6412811279
39.8955459595
