18.9004230499
20.3433895111
21.6775588989
25.4302749634
23.9208850861
22.8351020813
28.5882720947
26.0190811157
27.475233078
28.6895771027
26.5762367249
24.7482738495
23.1178302765
24.4104480743
19.8868770599
19.7535324097
14.5474653244
17.7920379639
20.0213031769
20.260471344
22.7426280975
26.0566291809
24.8453388214
29.2052154541
25.7420330048
28.7891750336
30.0333614349
29.1770782471
32.0849304199
25.9419841766
26.9897460938
22.7528152466
20.3086795807
18.839006424
15.0241746902
16.8576602936
13.4661903381
16.8176612854
12.9095106125
15.8451948166
16.5073242188
11.6183824539
14.870303154
6.30009317398
6.88497924805
7.38681793213
6.02104759216
7.03458833694
9.01115226746
7.78640794754
8.33515644073
10.6247110367
13.0372266769
12.651591301
13.8677463531
16.4383964539
20.5840854645
23.503162384
25.4709815979
24.9970932007
20.0740070343
19.0392971039
19.6808300018
14.0880241394
18.7952766418
14.1211252213
10.9427862167
15.1080799103
12.8463411331
17.0958423615
15.9900531769
17.4372711182
17.510011673
12.3900566101
15.6884527206
12.9079751968
16.7402954102
17.2671356201
21.5228157043
25.4945583344
25.3914012909
28.8937549591
30.8975696564
27.4018440247
26.7400150299
28.3506755829
28.4392528534
31.146314621
33.2988052368
33.168838501
33.4437255859
36.8538131714
37.7308807373
38.6693878174
39.2858848572
35.7848510742
40.1164932251
41.0045776367
40.0336685181
36.2327919006
34.8924369812
35.3046455383
34.2184410095
31.2275314331
30.7494258881
31.5139389038
29.191652298
25.7985305786
27.3189563751
27.5570964813
23.0799465179
22.6705608368
24.7882423401
21.5400104523
19.232378006
21.4974193573
22.0317993164
18.4483394623
19.1691818237
16.0358390808
16.5628128052
16.6655044556
16.0667057037
18.1574058533
21.3632831573
22.1263065338
25.6258926392
23.6464576721
20.0363445282
23.87799263
23.7605037689
28.2604351044
28.9367809296
31.7292518616
33.1436424255
31.7641582489
29.3033084869
26.722322464
23.8730773926
20.4215564728
17.870513916
15.1885461807
13.5677127838
10.9752655029
13.7025985718
11.5849151611
12.3824529648
12.7524614334
17.402671814
18.5755767822
16.6532459259
17.010269165
16.9633026123
20.0148830414
21.4446334839
23.378572464
25.1337356567
27.3056049347
25.119562149
22.8287906647
24.5359344482
27.4438533783
24.7739753723
21.09907341
24.8307991028
26.9936466217
22.7021198273
25.7358131409
23.1721725464
19.5478477478
22.0912818909
21.4324512482
25.6961688995
21.9719085693
21.8330307007
26.7385807037
28.0078792572
25.2631225586
27.9017009735
30.2781009674
29.1514186859
28.3558101654
32.7952384949
35.2238464355
31.5530738831
32.1482162476
37.4651031494
37.6519050598
35.4073257446
35.2794494629
31.7870769501
33.3718719482
32.224029541
33.4093360901
33.6847267151
35.4243621826
32.9382553101
27.3738059998
31.6020107269
34.7443389893
30.7734851837
29.3658599854
33.5568504333
35.5604324341
29.8957519531
31.9669303894
36.3668708801
34.8333320618
37.302318573
37.225276947
40.7986335754
40.9446792603
42.749546051
47.5220565796
43.9182243347
42.6617622375
43.7996444702
45.4392471313
41.84948349
39.4757804871
42.3476524353
40.2562637329
35.9924316406
35.4859466553
37.1666717529
37.1052360535
31.7118759155
32.4495887756
34.2620353699
31.8212242126
31.8239135742
28.5194549561
31.0160541534
34.4060516357
29.5454921722
31.8975753784
30.9689044952
28.502204895
32.6226730347
34.6814537048
32.827495575
33.3585548401
37.2625541687
38.7247428894
41.8234634399
39.6855926514
37.1064682007
40.6287307739
42.7464370728
40.9516448975
37.8609428406
7.33756256104
10.7865381241
13.042509079
15.6093187332
12.3440990448
11.1232595444
17.0344543457
16.5115356445
18.0597915649
20.2237319946
19.6529083252
17.4633369446
18.557056427
21.8943805695
19.473772049
22.2653427124
17.8411140442
16.7027549744
16.2419872284
13.9728136063
15.37109375
15.7888917923
13.3157253265
16.4551029205
12.3571243286
16.3901462555
16.8054676056
15.3017263412
18.4264297485
12.3737697601
14.3151159286
10.4974994659
9.99502658844
9.51187992096
10.2520208359
12.3156404495
12.8342533112
17.4305095673
16.2037525177
20.6429538727
20.800693512
18.0620727539
23.2014083862
17.6748218536
18.7125244141
16.3446483612
11.6440248489
14.1211242676
15.5905675888
10.7114934921
7.90853214264
10.3637304306
12.5524950027
9.21894264221
7.70068788528
11.2798709869
12.7462501526
12.7636413574
17.623249054
17.9584903717
19.1215019226
14.678440094
11.6599626541
9.58648872375
5.35267114639
6.05840444565
5.22585248947
7.41901540756
11.2557697296
14.2825546265
16.3257579803
17.4319782257
15.150765419
10.5525770187
9.416929245
6.22832250595
4.41915655136
7.56163358688
11.2189006805
14.9637651443
16.2588443756
18.9960308075
22.3679542542
20.3569812775
21.70262146
24.2173175812
25.8844470978
25.8989620209
27.9626064301
30.0614738464
30.1210098267
31.4370346069
32.9253311157
35.4974708557
36.5509490967
32.0726776123
35.7926826477
37.8341941833
34.8997039795
30.9609146118
31.7019939423
31.8156166077
29.3953151703
26.6664028168
28.4587631226
27.8988037109
24.251241684
23.4726600647
25.3702259064
24.0797176361
20.3310279846
22.2514152527
23.9587097168
18.9227924347
19.3455238342
23.4282970428
22.4819927216
18.7876358032
23.9647636414
18.9617443085
21.4658679962
18.6652469635
22.1960811615
20.9086036682
22.1821460724
22.7118759155
24.025434494
22.4064559937
18.605890274
20.5230903625
17.6421699524
21.0173931122
20.0204734802
21.5716781616
24.0267295837
23.8403244019
21.15483284
21.335439682
16.9343948364
17.0637321472
14.8174438477
14.7409410477
13.5683708191
15.2733316422
20.1390247345
16.7831668854
19.6332645416
19.8559761047
24.2867622375
26.8498592377
25.9755554199
27.4515399933
27.5017795563
27.7838764191
27.5263538361
27.7380065918
30.7785339355
30.6656284332
27.431930542
28.196855545
30.3455715179
34.1641464233
32.0084381104
28.6619644165
32.5889511108
35.6896133423
32.5145225525
34.6918067932
32.5164527893
27.549041748
28.3697109222
25.9010353088
30.0158596039
26.8909854889
24.5983638763
29.1268196106
31.9983081818
27.4535808563
28.2542991638
31.5088615417
30.8210697174
27.9936218262
32.2008323669
35.8944740295
31.1822280884
30.0062389374
35.8027572632
37.015712738
34.4974708557
35.9021034241
33.2882423401
35.7314224243
35.9784164429
35.8725357056
37.4913711548
39.318031311
38.3421096802
34.0765190125
38.5344390869
40.2047615051
36.0210838318
36.8408470154
40.0930709839
40.6699180603
35.5275878906
38.81483078
43.0761146545
39.8852653503
42.1553688049
40.2376365662
43.1606025696
42.1665306091
42.9701042175
47.470035553
42.6389923096
42.092792511
42.6405296326
45.2548217773
41.1124343872
38.9926948547
42.931098938
41.0896835327
36.2718811035
36.5543403625
39.4522018433
38.9773902893
33.7587852478
35.6530380249
38.5402374268
38.2990036011
38.0070152283
34.3645401001
36.4538383484
39.1858901978
33.7301979065
34.0176620483
32.5333557129
28.6426544189
32.1460609436
35.3372039795
32.3525390625
31.2344284058
35.5986289978
37.8407020569
40.177947998
37.6698913574
34.5894889832
37.3275337219
39.0923233032
37.0459327698
33.1736907959
39.9918899536
41.0895957947
39.1959571838
43.7055358887
41.3311271667
37.5036315918
37.962272644
34.6740226746
31.5528335571
26.4728946686
26.6045131683
23.6098251343
22.6606636047
23.1983318329
24.496761322
25.103395462
27.3422603607
27.4244880676
27.5717754364
25.7522373199
29.5160427094
29.1819419861
32.2231369019
36.8935966492
38.7189369202
41.6439971924
44.0909996033
40.1108436584
39.5428276062
34.8534698486
31.9637374878
31.1897563934
28.1899051666
30.9652385712
27.83177948
31.0725898743
30.858915329
32.5400352478
36.8732147217
35.7193984985
31.7553024292
32.7107658386
33.7918930054
35.4834632874
32.5609817505
29.2757492065
31.2472515106
35.4073219299
31.3184642792
27.9481105804
32.1850624084
33.3673934937
30.1255626678
28.1073646545
32.885799408
34.680770874
29.5485401154
33.059841156
26.7387599945
26.261762619
22.6568088531
24.5512504578
24.4396209717
30.4288654327
30.691652298
32.6856803894
34.4974708557
36.7317657471
37.6050643921
40.2746162415
40.5945510864
41.4667434692
39.2006416321
36.9974021912
34.5996017456
35.2546424866
30.7472648621
32.9409980774
28.1105232239
26.7578792572
25.873878479
22.560092926
23.4417171478
19.9209651947
17.773891449
14.578537941
11.6402435303
10.62022686
14.3868684769
11.8066501617
6.71630764008
9.67881679535
12.4546775818
10.3045597076
6.88211011887
6.4074640274
8.78456020355
12.6690130234
14.1559228897
16.9300765991
13.6776676178
11.7248468399
15.5949659348
17.2393436432
14.1973657608
15.2709341049
19.4559230804
19.3769245148
17.6613960266
20.8571643829
23.5360431671
22.9910373688
21.8752098083
26.0135726929
28.5865478516
26.5120697021
26.3354587555
31.0012817383
32.0756797791
31.7229309082
27.8420352936
25.3890323639
21.1199207306
22.9490070343
17.9084396362
15.916975975
13.6875724792
10.7070417404
13.0613164902
16.5028915405
14.795633316
18.3015575409
17.8841209412
21.7517547607
24.6905975342
23.0038719177
19.7162876129
21.7166137695
17.7407131195
21.2244033813
19.9905395508
20.303937912
21.2497024536
24.246925354
24.6848106384
23.4613552094
25.9479217529
28.4746761322
31.7849369049
30.9871520996
31.9951324463
30.0090503693
30.1465396881
28.8007411957
23.0022583008
19.746717453
15.7827510834
16.8911075592
11.81731987
11.9125852585
17.4760570526
19.2854919434
21.1585578918
23.8327293396
22.8204879761
21.9648628235
25.4965209961
27.8799228668
27.6925945282
30.7774085999
26.7607021332
27.0097293854
26.6007537842
23.9725284576
21.1441802979
20.0353298187
19.6840343475
16.694196701
14.7622976303
15.0310955048
12.519903183
10.6679592133
10.2819471359
10.0891122818
7.69646406174
5.3085193634
7.87526273727
7.59727334976
4.39838695526
4.56328821182
6.71917676926
9.47216510773
12.5266933441
9.20759105682
13.1606674194
15.5078859329
18.096414566
19.9794254303
21.5315113068
17.6084270477
15.6823625565
21.4506855011
19.9543743134
16.6648483276
17.1903686523
21.2656574249
22.3918800354
18.4317646027
17.3209381104
13.9175481796
12.9181318283
12.4113922119
10.1839799881
14.6737422943
10.3663377762
11.9537153244
15.1990737915
18.3827857971
17.4221115112
14.3740186691
15.1440954208
19.0194530487
16.7471466064
13.5555210114
17.3369846344
21.0746440887
17.3935680389
15.9770536423
21.4150104523
23.4971370697
26.1705265045
25.0011405945
27.6596679688
25.8003768921
22.2219257355
22.8885498047
26.4545879364
23.1832275391
26.0311794281
25.3577384949
20.9512939453
23.0001316071
25.9013500214
21.0327415466
22.8788280487
16.6745529175
19.217464447
23.2421569824
21.6369476318
18.5113220215
20.1523342133
49.5519142151
50.9160346985
49.8551139832
54.9092636108
52.9026145935
49.6676521301
52.3990783691
48.3878555298
46.6051254272
42.9862785339
41.5407524109
38.8124809265
36.1112518311
35.3688964844
33.7092437744
31.2904911041
32.5070953369
36.2343177795
38.4253692627
38.2699661255
42.4799232483
44.5548934937
46.5948371887
52.0586509705
51.9235877991
55.2816886902
57.5271453857
54.2629737854
55.1269035339
48.9080734253
47.3242797852
44.8692779541
41.1842193604
42.5908317566
37.3711547852
40.6265029907
38.0250434875
39.3709411621
41.1342430115
39.1058807373
35.8579673767
35.2795143127
33.9379043579
35.3022499084
31.026676178
29.8323860168
34.8089256287
36.3668670654
31.5153369904
33.1037902832
37.1076660156
36.8845405579
33.5729751587
35.3199272156
39.1913337708
39.52135849
36.0100364685
41.6450576782
36.3445320129
38.019744873
34.3358802795
34.2749938965
35.8489952087
41.0803070068
39.3025665283
43.5472183228
43.0761108398
43.1628456116
45.9202766418
45.9864730835
47.6943626404
46.8755607605
45.3979530334
44.7481117249
41.4178848267
44.0377044678
39.3709754944
43.3187255859
39.335723877
39.8115196228
41.5843544006
38.4905090332
40.861946106
38.5861167908
35.2346534729
31.6580352783
29.1427326202
27.6651325226
33.6133956909
32.2973632812
27.4199333191
29.7200965881
34.1263809204
32.2672767639
28.9058074951
27.291261673
28.5814437866
31.3166923523
29.2469863892
33.9144477844
32.4697380066
27.5449371338
29.2606163025
32.0649299622
30.2555408478
26.4499797821
30.5741081238
32.2737884521
27.5150566101
28.521982193
32.2379379272
30.8735122681
27.3328609467
30.4447002411
34.3847045898
30.3999423981
27.6423740387
33.1552772522
34.6583900452
29.5242938995
29.2786655426
24.8665142059
25.4632148743
22.1247081757
22.6415596008
22.8747272491
22.9975223541
24.8757019043
25.9218139648
27.1912460327
28.3129520416
33.1043891907
35.0746231079
38.5920715332
42.2146873474
40.5517082214
37.3061790466
37.5527610779
31.9031085968
34.7340965271
30.0362796783
30.3209171295
29.1333007812
30.3449554443
28.3612289429
24.0851192474
27.599193573
27.1293945312
30.0294551849
27.1287326813
25.7546539307
23.5294589996
22.1604137421
21.0916652679
19.547039032
19.1550655365
18.1932735443
13.9675760269
15.2475137711
17.99741745
15.1761198044
13.5790557861
10.4693803787
14.3955001831
15.966003418
12.0314302444
11.2609739304
16.089138031
14.4600582123
19.7096996307
20.0473995209
21.4720439911
24.3360404968
20.3576011658
18.6744556427
21.639383316
20.3223419189
13.6782922745
18.4444732666
21.4801940918
18.0195236206
16.7903728485
21.3960456848
21.4032306671
17.7574062347
20.8251304626
24.6053085327
23.9196643829
21.4218730927
22.3918800354
18.8091239929
16.7295875549
13.676109314
10.8766393661
15.6489896774
14.2675561905
16.8046894073
14.3295125961
14.445394516
12.8689603806
10.7566957474
10.5814275742
8.954829216
5.60282850266
7.76424407959
8.26799106598
5.50375986099
7.05163908005
6.68015909195
11.8370685577
14.1264104843
17.4380970001
20.5257148743
23.5300598145
24.9382419586
22.7409820557
25.3362903595
24.310760498
24.7923107147
22.6186923981
20.3933258057
21.4089870453
21.5958499908
18.0662517548
16.2374286652
20.1885910034
18.0234222412
13.5723381042
14.0183982849
10.1428756714
14.8477640152
16.372335434
19.1673793793
17.1393051147
17.1992874146
21.9388694763
26.268371582
26.6221694946
29.3762722015
26.5935497284
25.8864822388
30.1389217377
31.3778591156
26.7378177643
29.7351417542
27.2921981812
29.091178894
33.1394615173
33.3854026794
32.1806182861
33.6882972717
48.3944396973
50.3168296814
49.1005706787
53.6011886597
50.84998703
47.2641410828
48.5776672363
45.54139328
42.7357711792
37.9201316833
38.0440330505
34.6104888916
33.6394767761
34.2023544312
34.5177497864
34.2396659851
35.7574005127
37.2291221619
37.9513664246
36.0612831116
40.2409095764
39.9021759033
42.4932174683
47.1194076538
48.097869873
51.6745986938
53.4586524963
49.2147827148
49.2053604126
43.7918739319
41.6802825928
40.7143592834
37.7458152771
40.6796569824
36.9223251343
40.780002594
39.7706336975
41.920715332
45.1460609436
44.1091079712
40.332862854
40.3083343506
40.8539276123
41.4096336365
37.4058456421
34.5078048706
37.9386177063
40.9446792603
35.7052879333
34.4554595947
38.4523468018
38.5034255981
34.6888504028
34.3213233948
38.6296539307
39.3003463745
34.1171379089
38.1055374146
30.9102153778
31.3377914429
27.5950260162
30.0062618256
31.8294296265
37.2061386108
37.7549972534
40.3798446655
42.1665306091
44.1059646606
46.2441177368
48.3784103394
49.6918449402
50.1615562439
48.3948020935
46.5060958862
43.2217597961
44.413394928
39.113861084
41.4394607544
36.6450080872
34.8643302917
35.5618019104
31.9408588409
33.0110244751
29.6186695099
27.951002121
24.9981575012
21.1071128845
21.8155517578
26.0522212982
22.0593624115
17.6941642761
21.7067947388
23.4309749603
20.3481006622
17.203332901
14.0831775665
16.0746459961
16.5967102051
13.9520654678
19.6044654846
19.7314434052
15.0260248184
16.9639911652
20.3910808563
19.9273719788
17.0162181854
20.9924316406
23.384557724
20.9992313385
22.0294322968
25.3972549438
26.0496845245
23.8391532898
26.6419715881
31.1468734741
28.8142127991
26.8286800385
31.7845134735
34.1798248291
31.9183273315
30.1158714294
27.2328739166
25.4367141724
25.8989372253
23.3394851685
20.6043987274
20.9379043579
19.531124115
22.5922908783
24.4863262177
22.5834789276
27.0389785767
26.6600646973
29.9940910339
32.8449630737
30.1881103516
27.1500530243
28.573469162
23.97306633
28.3311786652
25.8254585266
27.5323123932
28.5692310333
29.9694232941
30.7229251862
28.3947467804
30.1572704315
31.1790180206
33.9547615051
31.3558044434
31.6812534332
30.6325836182
31.0412044525
30.5420417786
27.4778060913
25.1555976868
21.6712684631
19.9898605347
16.1998672485
16.9996681213
19.567155838
18.8632926941
18.8083648682
21.9431743622
23.5008163452
22.0452747345
23.5953350067
27.4140396118
25.3283081055
28.9391117096
26.6512298584
25.6895618439
26.075925827
21.6179122925
21.2167892456
21.1163101196
18.1100330353
14.7945537567
16.2212867737
15.6216487885
11.6472501755
12.1561756134
14.3928537369
10.9862556458
7.25375080109
12.6008520126
14.1345882416
10.0261392593
8.88360786438
12.4113950729
11.1049051285
11.8637571335
9.05287361145
11.6657514572
14.0215005875
16.7272834778
19.8483905792
21.2521038055
23.1644458771
23.3826580048
18.2701091766
17.0810108185
20.9508457184
17.7310962677
14.3571538925
15.6416902542
17.6955165863
17.4380931854
12.347076416
11.8466625214
6.68673419952
5.32066965103
5.43851566315
8.15362453461
8.96260166168
6.25775241852
9.11685752869
9.39894771576
10.6279172897
8.4989156723
5.75280189514
10.4746055603
11.4458789825
8.00737190247
8.85264205933
13.6349439621
13.1544246674
11.0104227066
14.4218482971
18.1336135864
20.3699836731
20.7803211212
22.3074798584
18.8484897614
17.9852027893
18.2415599823
22.8738594055
21.7749195099
23.2022838593
20.6768817902
18.1496067047
21.482875824
22.3349628448
15.8193435669
17.5742053986
13.466337204
17.2275295258
20.6528434753
19.2620353699
17.7986068726
20.9636421204
51.4362983704
54.058795929
53.3204078674
57.3510246277
54.1067276001
50.7124137878
51.9748802185
49.7212486267
46.8668670654
42.0555152893
42.8779258728
38.9817657471
38.9268493652
40.2714042664
40.7367515564
41.0774993896
41.9352226257
43.0758934021
43.4141120911
40.735660553
44.912273407
43.475982666
45.8100624084
49.8194313049
50.6143913269
54.585647583
55.6278495789
50.9814186096
51.011302948
45.7087669373
44.0139122009
43.6073608398
41.1896743774
44.7139816284
41.5449867249
45.8052558899
45.1162567139
47.8961486816
50.8116569519
50.5057182312
46.9008789062
46.3992156982
47.58070755
46.8349266052
42.6630516052
39.499797821
42.6876602173
45.439239502
39.8666191101
38.6207389832
42.073387146
41.6170082092
37.6675109863
37.2591133118
41.0717048645
41.2342529297
35.8008880615
38.8943099976
31.1622619629
31.43201828
28.1263256073
31.5947952271
34.3196411133
38.8640594482
40.5630493164
42.6046104431
45.2548179626
47.7365646362
50.2442054749
52.8929862976
54.6379203796
55.4478797913
54.0186157227
51.8327178955
48.1229438782
48.9115066528
43.1688919067
44.6459732056
39.8909339905
37.0153694153
38.1531677246
34.4360389709
34.9968719482
31.5933265686
31.0603981018
28.9077339172
24.5688495636
27.1533718109
30.3656959534
24.9283027649
22.0093536377
26.8328208923
26.7129898071
23.1637191772
21.3492774963
17.5643138885
18.1021404266
15.9280500412
11.3501243591
17.220079422
19.8810253143
15.3315219879
15.416179657
19.1092472076
20.8004608154
17.2878456116
19.7005290985
23.2044563293
22.2532367706
21.903875351
24.6641044617
26.8014507294
25.1827602386
26.5385360718
31.5643558502
30.2201137543
28.0821018219
32.0712471008
35.2338638306
33.6154327393
32.4151992798
30.4818248749
29.1963729858
30.6008892059
28.4685440063
24.7098884583
26.2812919617
24.373342514
28.0731391907
29.0343360901
26.0063667297
29.9791259766
28.6559009552
31.1794395447
33.3863105774
30.0441837311
27.6120109558
28.9975986481
25.2960586548
30.0721969604
28.3287506104
31.1042861938
33.0707969666
33.494720459
35.5684776306
33.9022254944
34.1991500854
34.9569473267
37.0474205017
34.0238723755
34.7002105713
34.7463188171
35.9789886475
36.240447998
34.6672439575
32.5105476379
28.9631385803
27.3988876343
23.5503616333
23.1644821167
25.7820930481
24.3463001251
24.493888855
26.6527137756
29.0864162445
28.6636829376
29.6425018311
33.1604995728
30.3295974731
32.9898605347
30.8409252167
28.5048122406
28.1448230743
23.6505088806
25.1012496948
24.1853942871
20.1145114899
19.6632461548
20.4806747437
17.9219226837
15.4404430389
17.5564670563
18.3716506958
13.6964216232
13.5053977966
18.1812210083
17.3112220764
12.4266624451
14.5114822388
18.3827857971
18.5140666962
19.2815856934
16.6496124268
19.3509197235
22.3147201538
25.3897266388
28.5931015015
29.9311485291
31.2525749207
31.8139228821
26.8753051758
25.2927780151
28.461938858
25.5089817047
22.5225944519
22.7379188538
24.3434562683
24.310760498
18.454656601
19.3459510803
13.645655632
13.3841495514
9.39894866943
11.1722345352
10.3872623444
11.1103715897
7.16861152649
4.95196723938
5.0775551796
6.58493804932
5.82184886932
7.32685518265
10.3606834412
10.5211381912
10.6416101456
12.314748764
14.9291954041
15.3135490417
16.7868041992
22.5531272888
23.0236740112
23.5161857605
23.5975837708
19.8806476593
20.0936794281
17.8385066986
21.7112827301
21.2226142883
20.8019351959
18.1092071533
16.397983551
18.8407821655
18.089258194
11.4133243561
11.4767036438
9.5795545578
13.7307024002
15.3608903885
13.5597734451
13.5620613098
17.6297130585
45.0899429321
47.3599090576
47.1382064819
51.8067474365
49.2655220032
46.3732872009
49.8254508972
46.498374939
45.0516433716
41.8613777161
40.7981033325
37.3535690308
35.3649787903
35.6870231628
33.4904098511
31.7797584534
31.4028148651
35.2969245911
37.3739089966
36.3933486938
40.9018211365
42.3320236206
43.7695999146
48.9496574402
47.9565849304
51.9358177185
53.3633079529
49.9288063049
51.3451652527
44.6225662231
43.83436203
41.3198471069
37.9413490295
39.7095794678
34.6199989319
38.5870056152
35.9004249573
38.3654785156
39.1295394897
38.3281707764
35.4955596924
33.6854476929
33.3947715759
32.1139526367
27.2534160614
25.7724075317
30.9737148285
31.8212203979
26.1964836121
28.6592636108
32.0263595581
30.9399604797
27.3769836426
29.9287567139
33.1734199524
32.7430038452
29.3454647064
34.9221305847
29.7218952179
31.9366321564
28.5661525726
28.4201507568
31.1348724365
35.5174674988
34.184425354
38.5242042542
38.2990036011
38.5442008972
42.2397079468
42.4686317444
45.1421737671
44.5198249817
43.7457923889
42.8987159729
38.5942802429
41.1085014343
35.6824417114
39.1248550415
35.3436470032
35.3392753601
38.3730659485
35.2116737366
37.7750930786
36.0103797913
32.9708786011
29.9273548126
27.0797386169
27.5137290955
33.2577476501
31.0855331421
27.1321468353
30.5306930542
34.1176338196
32.0915184021
29.9125900269
27.8147220612
27.2092227936
29.4473571777
26.7905673981
30.6792869568
29.8726902008
24.4704170227
24.9699687958
27.5715312958
26.5739078522
21.4890003204
24.7576026917
26.9144172668
21.9288978577
21.7568264008
25.3243179321
24.1636371613
20.3754062653
22.4877109528
26.82072258
22.9333686829
19.5042285919
24.6850185394
26.6907310486
21.0554237366
21.9004096985
17.9098148346
20.1309337616
17.0467243195
19.2038497925
18.5909538269
20.8635044098
23.1069965363
24.7882480621
24.3258399963
25.0150814056
29.7942237854
31.8965206146
34.780921936
38.323184967
36.4784927368
33.5582237244
33.0591430664
27.4174995422
30.1309890747
24.9820766449
26.1970920563
25.5993690491
25.2638263702
24.473110199
20.7742118835
22.1487560272
20.8299789429
22.9747600555
19.1569499969
17.8817958832
16.9646472931
16.9700031281
17.47306633
19.7994670868
19.898979187
18.8527698517
14.8614273071
15.9219303131
16.447511673
12.6596813202
8.93946361542
6.03677463531
7.69010734558
11.6846637726
10.8018321991
8.87198257446
12.5568151474
8.85469818115
12.6850767136
13.2095632553
13.0017642975
15.9129095078
11.6954784393
11.8663702011
14.976808548
12.9720506668
8.85946655273
13.7831659317
16.1580753326
14.089589119
14.3590869904
18.3704814911
18.4490756989
17.5705051422
20.3314399719
22.5996055603
22.8257865906
22.2470760345
23.4971389771
20.931684494
17.9079246521
14.6487989426
12.5171852112
19.2417507172
19.4389266968
22.8987216949
20.3675670624
18.0072822571
18.7897357941
17.5045394897
14.7434520721
12.1478185654
11.8798618317
13.6519079208
9.170794487
7.18234348297
10.1428747177
7.2822136879
11.7373085022
12.6928529739
17.1397132874
18.1336116791
22.3958415985
25.6061286926
25.8708076477
22.5376739502
23.7757701874
22.5531330109
21.4855098724
19.7650089264
19.3567142487
17.2393836975
16.6798324585
14.7639636993
12.3581581116
14.0429964066
11.8622493744
9.21153640747
7.08606815338
5.56029605865
7.00549983978
9.61122226715
8.62024021149
8.76609611511
13.7876205444
17.5160579681
18.7535076141
21.2560482025
18.5841464996
18.9143772125
23.1396961212
24.1273593903
21.0076618195
24.2965183258
23.3879795074
23.7486839294
27.5117492676
28.8253688812
28.2403316498
28.7701759338
39.1188583374
42.9890556335
43.9611778259
47.4471282959
43.8137626648
41.4578552246
45.0756835938
43.525806427
42.2138137817
39.4549598694
39.7515220642
35.2881355286
35.3964195251
37.7327804565
35.9939613342
36.370262146
34.3263435364
36.7173309326
37.6526794434
34.7447395325
39.1739311218
38.3173828125
38.9161300659
42.8367271423
41.0651702881
45.9322357178
45.720916748
41.6411323547
43.4709243774
36.6999282837
37.0876312256
35.4540557861
33.3107643127
36.290802002
32.8106460571
37.660369873
36.0432472229
40.1670227051
40.3674163818
41.758354187
39.440448761
36.6721534729
38.7430725098
34.0617637634
29.5406093597
26.8229141235
30.2588596344
30.9689025879
25.0603218079
26.2652492523
28.0344810486
25.8838996887
22.1350135803
24.0996932983
26.0407562256
24.5124473572
20.4618434906
24.0713672638
18.1759166718
20.626291275
18.410572052
19.6723842621
24.4429397583
26.7317619324
27.872800827
30.9083557129
32.5333442688
34.2252006531
38.6263847351
40.3492164612
43.9229774475
44.3777542114
44.4401550293
42.706451416
37.4798698425
38.7529830933
32.3934822083
33.660484314
30.1682395935
28.0038909912
32.444694519
29.3039512634
31.3002738953
30.2533187866
28.9080295563
27.5915336609
24.3156909943
28.4515304565
32.2629165649
28.2122364044
26.9260902405
31.6717605591
32.5763015747
30.3851413727
30.6830883026
28.1133117676
24.5281238556
24.8558483124
21.8940258026
23.1106204987
24.0547599792
19.3292655945
16.9961681366
18.4957180023
19.9766483307
13.9805374146
13.7730302811
16.9133148193
13.951177597
10.4432163239
12.5832643509
13.712059021
11.3812208176
9.46102142334
14.9936361313
13.591340065
10.2336568832
12.6087503433
16.6064796448
14.2841920853
15.4304428101
15.2592639923
17.6108818054
18.9237976074
20.5311908722
17.1563129425
22.125038147
22.9503612518
25.8313961029
23.1100234985
21.4760379791
24.9374866486
25.8888130188
26.993314743
29.6112060547
27.2022857666
25.4394721985
23.9502639771
19.84765625
22.5392456055
18.7286643982
22.3021793365
24.1035346985
21.3280010223
24.5061378479
23.807723999
20.5973949432
19.5704364777
19.7507343292
16.019613266
17.2934494019
19.655538559
22.6658935547
24.8510951996
28.7940292358
28.3307189941
26.3968715668
24.8247852325
23.5472202301
20.8462123871
20.110168457
17.3256645203
18.8213233948
16.8482818604
19.8801078796
22.9753894806
23.0664596558
23.4784564972
20.6805667877
19.3505344391
17.1958465576
12.5766096115
10.7412796021
8.71206951141
13.4751415253
12.1325206757
8.59982872009
14.9863948822
14.6075410843
12.1565074921
14.4680547714
17.4743862152
17.4538154602
16.810377121
21.0577030182
22.4115467072
20.7116012573
22.0300559998
24.9708213806
26.4545860291
26.4289054871
23.8366031647
21.8232212067
22.4292678833
27.88671875
30.290933609
34.1567764282
32.9269599915
30.0332183838
32.6350708008
30.9424095154
26.9298534393
26.60105896
27.0664825439
27.1129016876
21.9365787506
23.0458240509
26.2683696747
20.4094486237
24.9186038971
21.0984077454
25.3799133301
22.8738594055
26.7017498016
29.3996982574
27.413526535
23.6020488739
22.1286010742
21.7112865448
17.7790927887
17.6012802124
21.0251598358
15.1113138199
12.5542078018
15.4743022919
15.111866951
11.2916603088
10.6807041168
14.828412056
13.6298208237
17.5160617828
14.0346593857
11.9520330429
10.3740339279
11.6278076172
9.67884063721
5.31060552597
5.65006828308
5.43752861023
5.41797828674
7.46889972687
9.51529693604
9.914478302
12.1672382355
14.8355798721
17.0375328064
13.929766655
15.926651001
19.1933021545
19.8951816559
18.1957778931
46.2371368408
49.7542572021
49.892616272
53.276424408
49.5090904236
46.6016082764
48.4407577515
47.1423034668
44.7343215942
40.6427574158
41.9186477661
37.4574661255
38.3173446655
40.7229919434
40.7169151306
41.7740364075
41.2500343323
42.2208633423
42.2968215942
38.8148994446
42.9919548035
40.7129020691
42.2682495117
45.6536827087
45.5596847534
50.0827674866
50.1072311401
45.301525116
45.8791046143
40.3155517578
39.5945358276
39.364780426
37.5820236206
41.4723892212
38.9087028503
43.6101341248
43.0957603455
46.7987289429
48.7959976196
49.6794052124
46.5997848511
45.1606483459
47.321056366
44.4803733826
40.3414421082
36.9507446289
39.6053199768
41.8234519958
36.18542099
35.0522384644
37.5336532593
36.4164466858
32.5739707947
32.3027954102
35.1865234375
34.6876907349
29.3836994171
31.4672527313
23.8076477051
24.2660045624
21.7483005524
25.7227039337
29.556760788
32.6887931824
35.3700790405
36.9454879761
40.1779441833
43.0438728333
46.1725349426
49.16065979
51.6522903442
52.7673416138
52.0230636597
49.6394882202
45.2452697754
45.6728439331
39.4967956543
40.0231628418
35.7017440796
32.0092353821
34.4152030945
30.8396511078
31.3845691681
28.8327274323
29.0174198151
27.9036617279
23.6534252167
28.3247108459
30.8472499847
24.850030899
23.8394870758
29.2183074951
28.0976982117
24.9006004333
25.1761627197
21.7074813843
19.0885295868
16.2674465179
11.8578968048
14.2190876007
18.1022415161
13.9125051498
11.0637283325
13.9022216797
17.5608577728
13.0678911209
12.7631874084
17.1725597382
17.4012088776
15.2260913849
16.8883838654
20.30402565
19.564031601
19.0388584137
24.0683326721
23.9583492279
22.1002292633
24.495262146
28.1654777527
27.8600215912
27.0393390656
26.6159706116
25.9875965118
28.6077423096
27.2452526093
22.7434673309
26.0081634521
24.338924408
28.2581691742
27.4011058807
23.757516861
26.9445323944
25.4787712097
26.7521057129
28.4951896667
24.8976955414
23.2724285126
23.6501426697
20.8299770355
25.2661972046
23.9812908173
27.7975597382
30.6145477295
29.5367851257
33.1279335022
32.5904922485
30.7788524628
31.2758865356
32.3947639465
29.4524307251
30.8356704712
32.1053848267
34.4250450134
35.5957565308
36.120426178
34.3656845093
31.0870456696
30.0231380463
26.524810791
24.4272899628
26.7057056427
24.888885498
26.0857162476
26.444890976
29.054807663
30.5162658691
31.4272155762
33.5784111023
30.6712436676
31.447687149
28.8277950287
25.1739501953
23.5038757324
20.1912937164
23.1246147156
21.0304985046
16.8653926849
20.4330329895
19.6726341248
15.4500703812
15.8553142548
19.140794754
18.2342643738
14.3365373611
18.1828517914
20.8854103088
17.9116344452
15.7509078979
20.0096111298
22.8788204193
23.9761390686
23.5170497894
21.516462326
24.0059242249
27.7796039581
31.2170963287
34.8580245972
35.4689712524
34.9964790344
36.7793197632
32.9806442261
30.0095348358
32.2254867554
30.7214851379
28.7022380829
26.325504303
28.1869449615
29.7351417542
23.0422706604
25.8088741302
19.8839588165
21.8230056763
17.5742092133
19.9574775696
20.6482448578
18.7795772552
15.1566705704
11.6294994354
11.4767036438
7.60880422592
9.81883811951
13.808131218
9.12012577057
9.07013225555
13.0080595016
13.7803344727
10.9074792862
13.8214054108
17.3421592712
17.8808746338
24.2965183258
22.6892108917
22.0487556458
21.0368442535
18.8347606659
18.2180118561
13.2778863907
14.8355808258
14.2988967896
12.0127820969
10.5955591202
9.44958400726
9.90134334564
7.80055713654
4.46623039246
6.82002830505
6.48376369476
5.75827264786
6.67677545547
9.07814121246
10.7006549835
